# discard: [11]
# discarded: [9, 2, 6, 10, 12]
# [ 0  1  3  4  5  7  8 13] 
0 4.51133e-02 4.62652e-02 
1 4.23252e-02 4.20656e-02 
2 4.21400e-02 4.19879e-02 
3 4.24733e-02 4.25094e-02 
4 4.28974e-02 4.28240e-02 
5 4.43763e-02 4.44553e-02 
6 4.39189e-02 4.41851e-02 
7 4.15755e-02 4.14085e-02 
8 4.20475e-02 4.19000e-02 
9 9.77555e-02 1.00272e-01 
10 4.32380e-02 4.34556e-02 
11 4.40591e-02 4.43154e-02 
12 4.17054e-02 4.13202e-02 
13 4.27648e-02 4.29058e-02 
14 4.19443e-02 4.18608e-02 
15 4.28175e-02 4.27126e-02 
16 4.41950e-02 4.45725e-02 
17 4.28199e-02 4.27556e-02 
18 4.21233e-02 4.17668e-02 
19 4.33677e-02 4.37016e-02 
20 4.27251e-02 4.28134e-02 
21 4.28638e-02 4.28089e-02 
22 4.14892e-02 4.11187e-02 
23 4.46698e-02 4.49445e-02 
24 4.17568e-02 4.15408e-02 
25 4.10694e-02 4.06586e-02 
26 4.13788e-02 4.10691e-02 
27 4.13167e-02 4.09842e-02 
28 4.13672e-02 4.10084e-02 
29 8.87852e-02 8.91300e-02 
30 4.13077e-02 4.09321e-02 
31 4.12682e-02 4.09700e-02 
32 4.97579e-02 4.97188e-02 
33 4.10635e-02 4.06408e-02 
34 4.10909e-02 4.06453e-02 
35 4.09078e-02 4.05016e-02 
36 4.09075e-02 4.05058e-02 
37 4.07068e-02 4.02531e-02 
38 4.06987e-02 4.02548e-02 
39 4.06882e-02 4.02260e-02 
40 4.07088e-02 4.03217e-02 
41 4.07026e-02 4.02862e-02 
42 4.10188e-02 4.07533e-02 
43 4.05630e-02 3.99715e-02 
44 4.05096e-02 3.99430e-02 
45 4.06078e-02 4.00939e-02 
46 4.06848e-02 4.01799e-02 
47 4.07087e-02 4.01865e-02 
48 4.07156e-02 4.02840e-02 
49 4.05547e-02 4.00996e-02 
50 4.06450e-02 4.01563e-02 
51 4.05665e-02 4.00828e-02 
52 4.05878e-02 4.00464e-02 
53 4.06267e-02 4.01640e-02 
54 4.07014e-02 4.01660e-02 
55 4.04918e-02 3.99880e-02 
56 4.09742e-02 4.06046e-02 
57 4.05600e-02 4.00698e-02 
58 4.06184e-02 4.01569e-02 
59 4.08498e-02 4.03530e-02 
60 4.07342e-02 4.03521e-02 
61 4.05229e-02 4.00012e-02 
62 4.06042e-02 4.00843e-02 
63 4.15396e-02 4.11745e-02 
64 4.08144e-02 4.04109e-02 
65 5.94126e-02 5.94326e-02 
66 4.08789e-02 4.04598e-02 
67 4.06706e-02 4.01681e-02 
68 4.08072e-02 4.02778e-02 
69 4.04671e-02 3.99098e-02 
70 4.05528e-02 4.00817e-02 
71 4.06844e-02 4.02360e-02 
72 4.03435e-02 3.97580e-02 
73 4.03480e-02 3.97586e-02 
74 4.03373e-02 3.97523e-02 
75 4.03591e-02 3.97713e-02 
76 4.03673e-02 3.97338e-02 
77 4.03372e-02 3.97476e-02 
78 4.03282e-02 3.97429e-02 
79 4.03385e-02 3.97642e-02 
80 4.03514e-02 3.98284e-02 
81 4.03094e-02 3.97686e-02 
82 4.03366e-02 3.97385e-02 
83 5.09452e-02 5.05523e-02 
84 4.04511e-02 3.99311e-02 
85 4.04212e-02 3.98534e-02 
86 4.05176e-02 4.00298e-02 
87 4.03167e-02 3.97331e-02 
88 4.03478e-02 3.97928e-02 
89 4.04752e-02 3.98598e-02 
90 5.39045e-02 5.35585e-02 
91 4.03861e-02 3.98076e-02 
92 4.03251e-02 3.97522e-02 
93 4.03743e-02 3.98124e-02 
94 4.03289e-02 3.97148e-02 
95 4.08942e-02 4.04250e-02 
96 4.03737e-02 3.98084e-02 
97 4.04502e-02 3.98640e-02 
98 4.03168e-02 3.97490e-02 
99 4.08846e-02 4.04584e-02 
