# discard: [1]
# discarded: [9, 2, 6, 10, 12, 8, 3, 5]
# [ 0  4  7 11 13] 
0 6.10024e-02 6.23449e-02 
1 4.88630e-02 4.89478e-02 
2 5.07284e-02 5.13714e-02 
3 5.05199e-02 5.09719e-02 
4 5.08159e-02 5.09326e-02 
5 5.13062e-02 5.22176e-02 
6 5.29870e-02 5.43596e-02 
7 5.02809e-02 5.08626e-02 
8 5.07173e-02 5.11989e-02 
9 4.99346e-02 5.00554e-02 
10 7.03493e-02 7.16400e-02 
11 5.08477e-02 5.12366e-02 
12 4.91589e-02 4.93584e-02 
13 4.98934e-02 4.98932e-02 
14 5.00960e-02 5.03571e-02 
15 5.07326e-02 5.11003e-02 
16 5.22346e-02 5.34494e-02 
17 4.93204e-02 4.94599e-02 
18 4.88280e-02 4.89133e-02 
19 4.90271e-02 4.91955e-02 
20 5.17576e-02 5.27615e-02 
21 4.87682e-02 4.89128e-02 
22 5.06242e-02 5.14626e-02 
23 1.13318e-01 1.13777e-01 
24 5.30037e-02 5.44798e-02 
25 4.90556e-02 4.92345e-02 
26 4.89374e-02 4.91255e-02 
27 4.85547e-02 4.84924e-02 
28 4.87662e-02 4.87918e-02 
29 4.85365e-02 4.84426e-02 
30 4.86406e-02 4.84840e-02 
31 4.86104e-02 4.84729e-02 
32 4.86696e-02 4.85370e-02 
33 4.85738e-02 4.84438e-02 
34 4.89012e-02 4.88208e-02 
35 4.85458e-02 4.84580e-02 
36 4.84940e-02 4.84103e-02 
37 4.94649e-02 4.93958e-02 
38 4.86856e-02 4.86125e-02 
39 4.84519e-02 4.84533e-02 
40 4.92697e-02 4.92482e-02 
41 4.87192e-02 4.86246e-02 
42 4.84708e-02 4.83983e-02 
43 4.84469e-02 4.83076e-02 
44 4.87887e-02 4.89481e-02 
45 4.83900e-02 4.82918e-02 
46 4.84500e-02 4.84021e-02 
47 4.82823e-02 4.82326e-02 
48 4.82644e-02 4.82823e-02 
49 4.82161e-02 4.82163e-02 
50 4.82017e-02 4.82003e-02 
51 4.82701e-02 4.82097e-02 
52 4.81635e-02 4.81482e-02 
53 4.81860e-02 4.81772e-02 
54 4.81274e-02 4.81093e-02 
55 4.82281e-02 4.82035e-02 
56 9.02015e-02 9.05589e-02 
57 4.88409e-02 4.87823e-02 
58 5.41431e-02 5.45150e-02 
59 4.92953e-02 4.95440e-02 
60 4.81569e-02 4.81416e-02 
61 4.82706e-02 4.82204e-02 
62 9.54700e-02 9.56920e-02 
63 4.84351e-02 4.84646e-02 
64 6.97668e-02 6.96520e-02 
65 4.83555e-02 4.83541e-02 
66 4.82356e-02 4.82210e-02 
67 5.35546e-02 5.39586e-02 
68 4.90548e-02 4.91225e-02 
69 5.19306e-02 5.24205e-02 
70 4.91654e-02 4.94505e-02 
71 4.82863e-02 4.82472e-02 
72 4.82093e-02 4.81741e-02 
73 4.82945e-02 4.82655e-02 
74 4.81393e-02 4.81332e-02 
75 4.81765e-02 4.80984e-02 
76 4.81481e-02 4.81201e-02 
77 4.81481e-02 4.81693e-02 
78 4.81505e-02 4.81027e-02 
79 4.81950e-02 4.81677e-02 
80 4.81971e-02 4.82157e-02 
81 4.81882e-02 4.81725e-02 
82 4.87826e-02 4.88240e-02 
83 4.85472e-02 4.85095e-02 
84 6.25594e-02 6.24235e-02 
85 4.85756e-02 4.85624e-02 
86 4.83059e-02 4.83083e-02 
87 5.21481e-02 5.20446e-02 
88 4.80893e-02 4.80974e-02 
89 4.82796e-02 4.82724e-02 
90 4.96296e-02 4.94286e-02 
91 5.00182e-02 4.99678e-02 
92 4.81703e-02 4.81195e-02 
93 4.81489e-02 4.81226e-02 
94 5.67749e-02 5.80069e-02 
95 4.81029e-02 4.81075e-02 
96 4.80774e-02 4.80889e-02 
97 4.82399e-02 4.82415e-02 
98 5.00549e-02 5.00451e-02 
99 4.80858e-02 4.80662e-02 
