# discard: [4]
# discarded: [9, 2, 6, 10, 12, 8, 3, 5, 0]
# [ 1  7 11 13] 
0 8.87441e-02 8.85047e-02 
1 8.55862e-02 8.47331e-02 
2 8.55368e-02 8.46068e-02 
3 8.61735e-02 8.56073e-02 
4 8.50829e-02 8.37331e-02 
5 8.56715e-02 8.44064e-02 
6 8.58458e-02 8.49564e-02 
7 8.47713e-02 8.35036e-02 
8 8.59721e-02 8.49396e-02 
9 8.61664e-02 8.50081e-02 
10 8.51253e-02 8.38402e-02 
11 8.51355e-02 8.39262e-02 
12 1.02539e-01 1.02448e-01 
13 8.59350e-02 8.51199e-02 
14 8.49801e-02 8.36997e-02 
15 8.54203e-02 8.43849e-02 
16 8.69790e-02 8.66783e-02 
17 8.47939e-02 8.35739e-02 
18 8.59602e-02 8.52915e-02 
19 8.49525e-02 8.37169e-02 
20 9.03782e-02 9.03715e-02 
21 8.52926e-02 8.41093e-02 
22 9.24720e-02 9.25366e-02 
23 8.63593e-02 8.55425e-02 
24 8.61709e-02 8.55029e-02 
25 8.54243e-02 8.45209e-02 
26 8.55181e-02 8.46476e-02 
27 8.48136e-02 8.35578e-02 
28 8.48011e-02 8.36239e-02 
29 8.56408e-02 8.47339e-02 
30 8.49148e-02 8.37794e-02 
31 8.48153e-02 8.35650e-02 
32 8.55029e-02 8.46246e-02 
33 8.54586e-02 8.45681e-02 
34 8.48176e-02 8.36446e-02 
35 8.48518e-02 8.36049e-02 
36 8.48969e-02 8.36577e-02 
37 8.48556e-02 8.35187e-02 
38 8.54985e-02 8.46262e-02 
39 8.55163e-02 8.46650e-02 
40 8.47263e-02 8.35226e-02 
41 8.47490e-02 8.35244e-02 
42 8.47301e-02 8.35104e-02 
43 8.47011e-02 8.34901e-02 
44 8.46969e-02 8.34817e-02 
45 8.47343e-02 8.34737e-02 
46 8.47106e-02 8.34932e-02 
47 8.47136e-02 8.35200e-02 
48 8.49683e-02 8.37721e-02 
49 8.46981e-02 8.34636e-02 
50 1.05773e-01 1.04883e-01 
51 8.46936e-02 8.34755e-02 
52 8.46746e-02 8.34502e-02 
53 8.46719e-02 8.34580e-02 
54 8.46633e-02 8.34378e-02 
55 8.46700e-02 8.34510e-02 
56 8.46732e-02 8.34482e-02 
57 8.46862e-02 8.34489e-02 
58 1.09513e-01 1.08860e-01 
59 8.47110e-02 8.34645e-02 
60 8.68817e-02 8.59481e-02 
61 8.46991e-02 8.34882e-02 
62 8.46801e-02 8.34634e-02 
63 8.51141e-02 8.40279e-02 
64 8.46868e-02 8.34600e-02 
65 8.52701e-02 8.40898e-02 
66 8.47017e-02 8.35992e-02 
67 8.97251e-02 8.86531e-02 
68 8.47216e-02 8.34700e-02 
69 8.46866e-02 8.34478e-02 
70 8.50215e-02 8.38161e-02 
71 8.46924e-02 8.34444e-02 
72 8.47823e-02 8.35462e-02 
73 8.78798e-02 8.67569e-02 
74 8.46909e-02 8.34383e-02 
75 8.47213e-02 8.34817e-02 
76 8.47158e-02 8.35259e-02 
77 8.47757e-02 8.36015e-02 
78 8.46745e-02 8.34669e-02 
79 9.84775e-02 9.74622e-02 
80 8.47167e-02 8.35377e-02 
81 8.46841e-02 8.34319e-02 
82 8.47193e-02 8.34323e-02 
83 8.46758e-02 8.34989e-02 
84 8.48457e-02 8.37003e-02 
85 8.47833e-02 8.34989e-02 
86 8.46515e-02 8.34697e-02 
87 8.47620e-02 8.36442e-02 
88 8.51434e-02 8.38189e-02 
89 8.46805e-02 8.34497e-02 
90 8.46912e-02 8.34894e-02 
91 8.46796e-02 8.34866e-02 
92 8.47109e-02 8.35443e-02 
93 8.46979e-02 8.35025e-02 
94 8.46871e-02 8.34665e-02 
95 8.47426e-02 8.35322e-02 
96 8.47605e-02 8.36214e-02 
97 8.97559e-02 8.87931e-02 
98 8.47320e-02 8.34872e-02 
99 8.47106e-02 8.35242e-02 
