# discard: [3]
# discarded: []
# [ 0  1  2  4  5  6  7  8  9 10 11 12 13] 
0 4.01693e-02 4.01996e-02 
1 3.97208e-02 3.96088e-02 
2 4.19869e-02 4.19578e-02 
3 4.07221e-02 4.07150e-02 
4 6.59956e-02 6.70917e-02 
5 4.05179e-02 4.04485e-02 
6 4.16757e-02 4.17317e-02 
7 4.10373e-02 4.10808e-02 
8 4.12398e-02 4.13341e-02 
9 4.26294e-02 4.31080e-02 
10 4.13324e-02 4.14995e-02 
11 4.11581e-02 4.11560e-02 
12 4.39079e-02 4.47411e-02 
13 4.04416e-02 4.02976e-02 
14 3.90802e-02 3.89339e-02 
15 3.97676e-02 3.97287e-02 
16 4.19931e-02 4.20709e-02 
17 4.16874e-02 4.16180e-02 
18 4.40883e-02 4.43741e-02 
19 4.36739e-02 4.41011e-02 
20 7.36231e-02 7.58076e-02 
21 4.10048e-02 4.10945e-02 
22 4.04927e-02 4.04660e-02 
23 4.29358e-02 4.32075e-02 
24 4.08004e-02 4.08397e-02 
25 3.97007e-02 3.95609e-02 
26 4.75338e-02 4.76823e-02 
27 3.97606e-02 3.96342e-02 
28 3.99260e-02 3.99568e-02 
29 3.97644e-02 3.96308e-02 
30 3.96095e-02 3.95995e-02 
31 3.96787e-02 3.96281e-02 
32 3.96465e-02 3.95802e-02 
33 3.97664e-02 3.96390e-02 
34 3.96356e-02 3.95956e-02 
35 4.02360e-02 4.03341e-02 
36 4.01448e-02 3.99395e-02 
37 4.00512e-02 3.98820e-02 
38 4.02829e-02 4.03719e-02 
39 3.92875e-02 3.91636e-02 
40 3.95013e-02 3.93002e-02 
41 3.98393e-02 3.96603e-02 
42 3.93801e-02 3.92276e-02 
43 3.94818e-02 3.92584e-02 
44 3.95565e-02 3.93634e-02 
45 3.99608e-02 3.98449e-02 
46 3.98496e-02 3.98029e-02 
47 3.94978e-02 3.93823e-02 
48 3.95885e-02 3.93950e-02 
49 3.99578e-02 3.98412e-02 
50 4.00675e-02 4.00912e-02 
51 3.94366e-02 3.93829e-02 
52 3.94254e-02 3.92608e-02 
53 3.94621e-02 3.92327e-02 
54 3.96210e-02 3.94624e-02 
55 3.94307e-02 3.92829e-02 
56 3.94008e-02 3.92540e-02 
57 3.94253e-02 3.92803e-02 
58 3.94381e-02 3.93775e-02 
59 3.94064e-02 3.92285e-02 
60 3.95970e-02 3.94454e-02 
61 3.95539e-02 3.95192e-02 
62 3.93050e-02 3.92224e-02 
63 3.97458e-02 3.98800e-02 
64 3.92472e-02 3.90722e-02 
65 3.95161e-02 3.94008e-02 
66 3.96321e-02 3.96058e-02 
67 4.00462e-02 3.99623e-02 
68 3.96555e-02 3.97404e-02 
69 3.94792e-02 3.93836e-02 
70 3.96449e-02 3.96146e-02 
71 3.93302e-02 3.91929e-02 
72 3.98217e-02 3.96724e-02 
73 3.94007e-02 3.92757e-02 
74 6.14418e-02 6.15817e-02 
75 3.93424e-02 3.91789e-02 
76 3.98008e-02 3.98853e-02 
77 3.94145e-02 3.92798e-02 
78 3.91439e-02 3.89868e-02 
79 3.89902e-02 3.87606e-02 
80 3.89578e-02 3.87669e-02 
81 3.90033e-02 3.87541e-02 
82 3.89375e-02 3.87766e-02 
83 3.89885e-02 3.87145e-02 
84 3.90084e-02 3.88294e-02 
85 3.90724e-02 3.89704e-02 
86 3.90406e-02 3.89432e-02 
87 3.91011e-02 3.89497e-02 
88 4.18506e-02 4.17842e-02 
89 3.89657e-02 3.87588e-02 
90 3.89970e-02 3.88194e-02 
91 3.89647e-02 3.88097e-02 
92 3.89905e-02 3.87614e-02 
93 3.90717e-02 3.89008e-02 
94 3.89929e-02 3.88151e-02 
95 3.90088e-02 3.87668e-02 
96 3.97754e-02 3.97909e-02 
97 3.91231e-02 3.89516e-02 
98 5.52982e-02 5.52523e-02 
99 3.90491e-02 3.88193e-02 
