# discard: [3]
# discarded: [9, 2, 6, 10]
# [ 0  1  4  5  7  8 11 12 13] 
0 4.14421e-02 4.10159e-02 
1 4.05237e-02 4.03247e-02 
2 4.14879e-02 4.11839e-02 
3 4.29641e-02 4.31400e-02 
4 4.15246e-02 4.12962e-02 
5 4.22061e-02 4.20642e-02 
6 4.04726e-02 4.02082e-02 
7 4.18125e-02 4.13888e-02 
8 6.45524e-02 6.49448e-02 
9 4.11908e-02 4.10537e-02 
10 4.19963e-02 4.16771e-02 
11 4.17122e-02 4.16415e-02 
12 4.05151e-02 4.01228e-02 
13 4.18932e-02 4.16836e-02 
14 4.36139e-02 4.41862e-02 
15 4.02710e-02 3.98288e-02 
16 4.26662e-02 4.26658e-02 
17 4.39613e-02 4.38781e-02 
18 4.15740e-02 4.12302e-02 
19 4.18296e-02 4.13978e-02 
20 4.03796e-02 3.99066e-02 
21 4.05069e-02 4.02296e-02 
22 4.23279e-02 4.23595e-02 
23 4.18433e-02 4.17098e-02 
24 9.73826e-02 9.79200e-02 
25 3.97040e-02 3.93191e-02 
26 3.96275e-02 3.93088e-02 
27 1.22437e-01 1.23112e-01 
28 3.96703e-02 3.93191e-02 
29 3.96097e-02 3.91960e-02 
30 3.95700e-02 3.92356e-02 
31 3.95838e-02 3.92671e-02 
32 3.95582e-02 3.92342e-02 
33 3.95443e-02 3.91839e-02 
34 3.95503e-02 3.91930e-02 
35 4.47319e-02 4.44996e-02 
36 3.95910e-02 3.91453e-02 
37 3.97726e-02 3.93506e-02 
38 5.79573e-02 5.81609e-02 
39 3.97221e-02 3.93950e-02 
40 3.97535e-02 3.92995e-02 
41 3.96133e-02 3.92852e-02 
42 3.97391e-02 3.94839e-02 
43 3.97022e-02 3.93644e-02 
44 3.94884e-02 3.90776e-02 
45 3.95062e-02 3.90300e-02 
46 3.95021e-02 3.90332e-02 
47 3.95869e-02 3.91882e-02 
48 3.94810e-02 3.90583e-02 
49 3.94721e-02 3.89395e-02 
50 3.97122e-02 3.92964e-02 
51 3.95295e-02 3.90249e-02 
52 3.96393e-02 3.92194e-02 
53 3.94953e-02 3.90831e-02 
54 3.98036e-02 3.93530e-02 
55 3.94759e-02 3.90047e-02 
56 3.95353e-02 3.91310e-02 
57 3.95917e-02 3.92058e-02 
58 3.97695e-02 3.93157e-02 
59 4.10728e-02 4.08458e-02 
60 3.95165e-02 3.90343e-02 
61 3.94969e-02 3.90413e-02 
62 3.96862e-02 3.92838e-02 
63 3.99355e-02 3.94959e-02 
64 3.93960e-02 3.90010e-02 
65 3.94280e-02 3.90121e-02 
66 3.95104e-02 3.91412e-02 
67 3.94549e-02 3.90231e-02 
68 3.94842e-02 3.90990e-02 
69 3.97285e-02 3.93385e-02 
70 4.11531e-02 4.10468e-02 
71 4.02973e-02 4.00010e-02 
72 3.94620e-02 3.90219e-02 
73 3.94669e-02 3.90886e-02 
74 3.95061e-02 3.90906e-02 
75 3.93965e-02 3.89775e-02 
76 3.94613e-02 3.90625e-02 
77 3.94718e-02 3.90759e-02 
78 3.95404e-02 3.91197e-02 
79 5.05116e-02 5.03576e-02 
80 3.94934e-02 3.91204e-02 
81 3.97690e-02 3.94960e-02 
82 3.94571e-02 3.90012e-02 
83 3.94567e-02 3.90480e-02 
84 3.99203e-02 3.96037e-02 
85 3.95055e-02 3.90803e-02 
86 3.99353e-02 3.96810e-02 
87 3.97432e-02 3.93991e-02 
88 3.95055e-02 3.91372e-02 
89 4.04463e-02 4.00495e-02 
90 3.95653e-02 3.91691e-02 
91 3.94646e-02 3.90902e-02 
92 3.95839e-02 3.91991e-02 
93 3.96587e-02 3.94184e-02 
94 3.94338e-02 3.90315e-02 
95 1.06073e-01 1.06542e-01 
96 3.99116e-02 3.96189e-02 
97 3.96082e-02 3.91490e-02 
98 4.01954e-02 3.97639e-02 
99 4.04987e-02 4.02080e-02 
