3.559856489878782115e-01 7.352937166665626592e+02
6.031648866026231293e-01 1.369718906150624775e+02
8.579160745827347778e-01 7.594886527391501829e+01
1.113464310595710716e+00 5.065647569076116241e+01
1.374039914321364408e+00 2.979588275040826417e+01
1.619154704570298309e+00 2.133208161931118241e+01
1.870686673430271840e+00 1.424591514859221597e+01
2.123290040706380832e+00 1.080088453145043914e+01
2.378144976376236119e+00 7.889644531377671299e+00
2.630489925835516996e+00 6.044842471471327805e+00
2.878653162679494670e+00 5.116467550070714410e+00
3.131144366275339319e+00 3.961140231759869845e+00
3.388159578333816313e+00 3.452278025536504646e+00
3.638741848210948149e+00 2.752927322038243307e+00
3.888315910732085268e+00 2.330028014775880951e+00
4.139052155837465996e+00 1.938371547482039325e+00
4.390305777018236988e+00 1.684408527016620027e+00
4.642172339120373081e+00 1.466348444121231775e+00
4.894678666149941293e+00 1.285332275523649148e+00
5.147269052361176378e+00 1.157854310324159863e+00
5.398003206656323272e+00 1.016360133192730775e+00
5.647798235368590269e+00 9.066845174010895736e-01
5.900534302989873581e+00 8.099204232889838373e-01
6.151460297009074374e+00 7.155515230462315968e-01
6.402630176204441526e+00 6.533225130247141133e-01
6.655964674748322096e+00 5.949026346680895694e-01
6.908782583105771202e+00 5.205730923310870617e-01
7.159060853508338873e+00 4.892291693023219090e-01
7.409414762591408632e+00 4.482520339223456940e-01
7.659227149364629561e+00 4.049110424916146367e-01
7.911559474606142395e+00 3.781017695907855081e-01
8.163750941790897997e+00 3.494207199146077136e-01
8.415757210439384295e+00 3.103510490257588295e-01
8.667638839289207198e+00 2.961980908727067652e-01
8.918801124864609520e+00 2.708702610788998322e-01
9.170480108345369530e+00 2.534247269749074771e-01
9.420566033467249412e+00 2.359824216653218509e-01
9.671642335271435797e+00 2.196610696273403329e-01
9.923426157758477473e+00 2.080188163256716793e-01
1.017396902749181820e+01 1.944328979362608401e-01
1.042533700753922155e+01 1.834502954366085681e-01
1.067702948358784276e+01 1.722949922893250163e-01
1.092969337256462303e+01 1.616701103442222953e-01
1.118211872033766419e+01 1.491688367082916467e-01
1.143346516925797296e+01 1.417443221319518165e-01
1.168350508557724687e+01 1.348205115258696574e-01
1.193379937775929100e+01 1.266338984099681653e-01
1.218553055762879112e+01 1.202588427389162107e-01
1.243711650801278878e+01 1.135588942232485937e-01
1.268867268647359303e+01 1.089719330706481887e-01
1.294075027177769144e+01 1.027435598736486377e-01
1.319267287020158363e+01 9.760735242675799839e-02
1.344470571782862756e+01 9.316584846073300286e-02
1.369480150283709641e+01 8.872595326773197177e-02
1.394591277066507828e+01 8.459669465271485445e-02
1.419764645764527167e+01 8.025953617857255196e-02
1.444766774168416212e+01 7.668123574876528625e-02
1.469906835825429070e+01 7.332568543970613417e-02
1.495059118111036511e+01 6.939905605839163938e-02
1.520261612590052991e+01 6.702445739347362430e-02
1.545415944503929495e+01 6.420393385464695513e-02
1.570456072545780124e+01 6.117044990112038144e-02
1.595705800128773966e+01 5.901834704395457487e-02
1.620829297830731619e+01 5.680366557730261862e-02
1.645966591028190962e+01 5.413953609349896751e-02
1.671125708846596325e+01 5.165180160231789414e-02
1.696160259490052624e+01 4.970857437915991023e-02
1.721370276108077135e+01 4.875565862243436827e-02
1.746543424102250341e+01 4.632128494164031163e-02
1.771598473288305442e+01 4.491118814061678677e-02
1.796653767411944003e+01 4.294885447252873301e-02
1.821765658501893270e+01 4.160883404546912578e-02
1.847053788120423334e+01 3.981144868520161695e-02
1.872257696809484173e+01 3.846877248017294137e-02
1.897394097105746269e+01 3.722436406036267603e-02
1.922542454726159988e+01 3.597525047924392261e-02
1.947607703355479103e+01 3.464673525833346368e-02
1.972678839839982601e+01 3.317824553210586835e-02
1.997802698857814363e+01 3.272720523783771707e-02
2.022863620534168660e+01 3.137647046018984115e-02
2.047969598507238231e+01 3.052196929193376485e-02
2.073250439107362553e+01 2.964514422783720918e-02
2.098435855211640089e+01 2.815597450569298429e-02
2.123502923393334640e+01 2.760269662829592519e-02
2.148629411178690773e+01 2.678866674975934753e-02
2.173831825513516591e+01 2.605155457837833935e-02
2.198972260956887226e+01 2.517939634600138699e-02
2.223974971000711420e+01 2.429007767859147141e-02
2.249141870643862973e+01 2.348899716231925977e-02
2.274404614890906373e+01 2.298662702236414432e-02
2.299521835768831579e+01 2.214212679284299767e-02
2.324620084136223852e+01 2.171710655491818423e-02
2.349757798664387209e+01 2.104437683683139937e-02
2.374870488118759937e+01 2.032359654806260504e-02
2.399988781917473091e+01 2.000824743288020027e-02
2.425071646049711305e+01 1.930813604094067104e-02
2.450187830577813841e+01 1.880790472869049018e-02
2.475391093216606109e+01 1.810994248791577763e-02
2.500524226975159792e+01 1.764073877851493957e-02
2.525610980153284402e+01 1.738162489132367636e-02
2.550801425092822328e+01 1.688443530786361974e-02
2.575943113325822864e+01 1.634222338703247845e-02
2.601074166866445125e+01 1.594357804810780932e-02
2.626234447079615464e+01 1.547344554223489647e-02
2.651347712943701751e+01 1.519717651388511129e-02
2.676474177984877656e+01 1.480258962502263576e-02
2.701628079430242479e+01 1.432443358686595961e-02
2.726734205837282232e+01 1.410701865854156745e-02
2.751837013544679422e+01 1.376732575514278724e-02
2.776937726815812724e+01 1.343604049604393835e-02
2.802070160973895341e+01 1.307727602217739933e-02
2.827249982643487058e+01 1.272870858545113552e-02
2.852407603869968966e+01 1.247678924187962946e-02
2.877567300468570721e+01 1.214251638204137673e-02
2.902733523039245256e+01 1.189625959574233324e-02
2.927861073083739996e+01 1.157159265238530757e-02
2.953003196193969160e+01 1.136106967460630626e-02
2.978106336846375157e+01 1.103142711537800219e-02
3.003148440777084716e+01 1.084395687816010374e-02
3.028303386126418673e+01 1.066592368294337970e-02
3.053456493440382857e+01 1.041247821118444425e-02
3.078585183944906944e+01 1.008261599694782081e-02
3.103757946070165730e+01 9.882269548691662367e-03
3.128931656795834826e+01 9.723207798776712513e-03
3.154125974608096428e+01 9.491948824229498941e-03
3.179158626791808828e+01 9.282117421325526002e-03
3.204196438636942190e+01 9.080368045054108134e-03
3.229344668057169798e+01 8.915017678783330665e-03
3.254489998018084407e+01 8.686930079264293739e-03
3.279660140319880668e+01 8.527338467188172455e-03
3.304772754686901237e+01 8.390802630571134527e-03
3.329949953441923327e+01 8.227929085517244473e-03
3.355173249539067371e+01 8.021843102223773572e-03
3.380235474142784824e+01 7.888156433198094050e-03
3.405292218889088218e+01 7.693769225921385374e-03
3.430455901572810262e+01 7.589166169364817797e-03
3.455605119154291316e+01 7.392357226424640763e-03
3.480708698418615654e+01 7.260564091160941376e-03
3.505823042281740243e+01 7.156445686790714571e-03
3.530983122122644602e+01 6.981631713933512430e-03
3.556111974160763367e+01 6.896403698676379507e-03
3.581195885960364933e+01 6.764640725116021630e-03
3.606348577968052638e+01 6.622131279985473892e-03
3.631495136683125935e+01 6.479874260497379794e-03
3.656646781331610185e+01 6.366475508377678408e-03
3.681800948534306173e+01 6.266138567783099272e-03
3.706942350460822411e+01 6.133334008097434016e-03
3.732119977997001570e+01 6.018233932376287725e-03
3.757249197135423202e+01 5.915871955596941484e-03
3.782324055213251057e+01 5.784979559577845855e-03
3.807430609684078604e+01 5.722584007762410684e-03
3.832526519371521090e+01 5.570470510913141764e-03
3.857704530181875668e+01 5.540834681544436029e-03
3.882896255048217427e+01 5.400330853864035961e-03
3.907976684424035341e+01 5.304360047282630219e-03
3.933085588900704010e+01 5.189504495987120464e-03
3.958184533965361140e+01 5.121997739101579079e-03
3.983320492881626507e+01 5.050422937289507884e-03
4.008506787586624398e+01 4.971574815046076942e-03
4.033569471078550350e+01 4.900384571454662920e-03
4.058701345074587863e+01 4.798567812788906602e-03
4.083916815834436420e+01 4.677680080134533590e-03
4.108978611092747713e+01 4.626965093620938503e-03
4.134119394692694271e+01 4.579785949417301133e-03
4.159372926482761557e+01 4.497059661477322001e-03
4.184480996230068683e+01 4.419914634173812036e-03
4.209495048714620680e+01 4.339674543199231217e-03
4.234568601474854432e+01 4.261884036994329980e-03
4.259794184898333214e+01 4.221847075220548466e-03
4.284922176444433717e+01 4.156441115361066488e-03
4.309982534096671003e+01 4.052541895835655439e-03
4.335153475414617930e+01 4.005757271649467224e-03
4.360374984514007224e+01 3.921977259806440352e-03
4.385432838732079830e+01 3.878274351044025143e-03
4.410529766549178277e+01 3.829847577682378001e-03
4.435675536456894008e+01 3.789539119196649267e-03
4.460756668584335927e+01 3.704420539323696315e-03
4.485812369927145937e+01 3.656149838291350863e-03
4.510933196139897206e+01 3.601707776234874554e-03
4.536097672816924131e+01 3.538508061600347324e-03
4.561261869099184452e+01 3.523114531411171944e-03
4.586346064304911607e+01 3.463934864026622495e-03
4.611435299895526185e+01 3.417125332327489336e-03
4.636610302009028572e+01 3.332738758587922966e-03
4.661726081402038346e+01 3.306010266270311207e-03
4.686748045926628237e+01 3.237993314722162601e-03
4.712001000143001761e+01 3.186753315555168001e-03
4.737334269293729960e+01 3.153225801460625682e-03
4.762357272554871912e+01 3.084866674716061578e-03
4.787295862859781437e+01 3.074310627428200344e-03
4.812686710231834297e+01 3.008039387331000285e-03
4.837988354528783930e+01 2.938438249669416032e-03
4.862698975964909209e+01 2.892955917003979700e-03
4.887931961662670233e+01 2.885755070041154564e-03
4.913512531690142282e+01 2.843062653494530558e-03
4.938486646957150583e+01 2.773775592190764767e-03
4.963073103205424985e+01 2.747261808835751388e-03
4.988316058859187763e+01 2.720762301660445154e-03
5.013927392651110893e+01 2.630090962245749519e-03
5.038898445289544270e+01 2.671336868566980341e-03
5.063791314200675941e+01 2.627511410842594229e-03
5.089234515763529032e+01 2.587375477176282260e-03
5.114529266359630810e+01 2.524453578758330610e-03
5.138952878242714206e+01 2.486259606623073600e-03
5.163945178601188246e+01 2.416370251344280174e-03
5.190206698624180603e+01 2.384523500445683963e-03
5.215590084722179398e+01 2.391064808333064583e-03
5.238680673191466042e+01 2.399984861195335068e-03
5.263532591009818873e+01 2.316347470133059937e-03
5.290823119436031874e+01 2.503277795661579524e-03
5.316882575050344428e+01 2.183235930310528216e-03
5.338513341050097694e+01 2.265349821848574707e-03
5.363212510227822349e+01 2.253043145832244430e-03
5.391615723351310407e+01 2.093151479291606096e-03
5.419187693011466678e+01 2.091937819398933564e-03
5.439722241285236493e+01 2.186966352217230899e-03
5.462806064877949552e+01 2.407444136276884646e-03
5.491241494336609463e+01 1.921579926979227184e-03
5.519421446932921782e+01 2.300576069419806632e-03
5.543046826972861396e+01 1.885206381800547072e-03
5.561137265256709128e+01 1.909693079865338585e-03
