3.559856489878782115e-01 6.765428466745662490e+02
6.031648866026231293e-01 1.473107116035484978e+02
8.579160745827347778e-01 8.468529874972247740e+01
1.113464310595710716e+00 4.518797663914646989e+01
1.374039914321364408e+00 3.133306842858882391e+01
1.619154704570298309e+00 1.888130633022731431e+01
1.870686673430271840e+00 1.335799590489273747e+01
2.123290040706380832e+00 1.149815497700448219e+01
2.378144976376236119e+00 7.571580768484954760e+00
2.630489925835516996e+00 5.815408220303793563e+00
2.878653162679494670e+00 4.789435159939353426e+00
3.131144366275339319e+00 4.140728993293087079e+00
3.388159578333816313e+00 3.373280162589039843e+00
3.638741848210948149e+00 2.771050213706867993e+00
3.888315910732085268e+00 2.350435626106635034e+00
4.139052155837465996e+00 1.954067359363716783e+00
4.390305777018236988e+00 1.687855247872831033e+00
4.642172339120373081e+00 1.500818784715983956e+00
4.894678666149941293e+00 1.304508260450054857e+00
5.147269052361176378e+00 1.111692297989074651e+00
5.398003206656323272e+00 1.028597900734772752e+00
5.647798235368590269e+00 8.768431133437638580e-01
5.900534302989873581e+00 7.881594758052240524e-01
6.151460297009074374e+00 7.098230810776416932e-01
6.402630176204441526e+00 6.542805271690148583e-01
6.655964674748322096e+00 5.882238466414492217e-01
6.908782583105771202e+00 5.358196282501542784e-01
7.159060853508338873e+00 4.897291453992301258e-01
7.409414762591408632e+00 4.435701146301825881e-01
7.659227149364629561e+00 4.044399822676954526e-01
7.911559474606142395e+00 3.744832012161264378e-01
8.163750941790897997e+00 3.499445269897017985e-01
8.415757210439384295e+00 3.186320797380554071e-01
8.667638839289207198e+00 3.010233225516883437e-01
8.918801124864609520e+00 2.787375799734737591e-01
9.170480108345369530e+00 2.591213058088170373e-01
9.420566033467249412e+00 2.363280345527663528e-01
9.671642335271435797e+00 2.227829824875085518e-01
9.923426157758477473e+00 2.071258028701346288e-01
1.017396902749181820e+01 1.926237168115541021e-01
1.042533700753922155e+01 1.794706465212918545e-01
1.067702948358784276e+01 1.702408961630881845e-01
1.092969337256462303e+01 1.597311399954486066e-01
1.118211872033766419e+01 1.509370067154898742e-01
1.143346516925797296e+01 1.414090426004810386e-01
1.168350508557724687e+01 1.348434512972431776e-01
1.193379937775929100e+01 1.267892339448916383e-01
1.218553055762879112e+01 1.204492117671894374e-01
1.243711650801278878e+01 1.131774886333144908e-01
1.268867268647359303e+01 1.103068935866599737e-01
1.294075027177769144e+01 1.026660915256323858e-01
1.319267287020158363e+01 9.655436380434606614e-02
1.344470571782862756e+01 9.330340473141338076e-02
1.369480150283709641e+01 8.926137780669389510e-02
1.394591277066507828e+01 8.383489812733385671e-02
1.419764645764527167e+01 7.940928727918220020e-02
1.444766774168416212e+01 7.662117774477410215e-02
1.469906835825429070e+01 7.355729836877850092e-02
1.495059118111036511e+01 7.083196167364635976e-02
1.520261612590052991e+01 6.758183012960757019e-02
1.545415944503929495e+01 6.442781790651648521e-02
1.570456072545780124e+01 6.165303427627174399e-02
1.595705800128773966e+01 5.844061856589824466e-02
1.620829297830731619e+01 5.620027465086041563e-02
1.645966591028190962e+01 5.423549494837660856e-02
1.671125708846596325e+01 5.204322573208217118e-02
1.696160259490052624e+01 5.011915901306291526e-02
1.721370276108077135e+01 4.816944717148896604e-02
1.746543424102250341e+01 4.584136271396917206e-02
1.771598473288305442e+01 4.474149032663559539e-02
1.796653767411944003e+01 4.357734786199072424e-02
1.821765658501893270e+01 4.159783758115279118e-02
1.847053788120423334e+01 4.030541865382673838e-02
1.872257696809484173e+01 3.809764158306452181e-02
1.897394097105746269e+01 3.726880457301531835e-02
1.922542454726159988e+01 3.589263600640112822e-02
1.947607703355479103e+01 3.498599321820310137e-02
1.972678839839982601e+01 3.339725149597123216e-02
1.997802698857814363e+01 3.258908600662263622e-02
2.022863620534168660e+01 3.143080004990524839e-02
2.047969598507238231e+01 3.047351193326827690e-02
2.073250439107362553e+01 2.945342117392522191e-02
2.098435855211640089e+01 2.818895977394830082e-02
2.123502923393334640e+01 2.778943361008797200e-02
2.148629411178690773e+01 2.668346307191156105e-02
2.173831825513516591e+01 2.591125627216708457e-02
2.198972260956887226e+01 2.515863232025789334e-02
2.223974971000711420e+01 2.444955083556032971e-02
2.249141870643862973e+01 2.344623144346097768e-02
2.274404614890906373e+01 2.304534553812141728e-02
2.299521835768831579e+01 2.224589370458891768e-02
2.324620084136223852e+01 2.169784962274932602e-02
2.349757798664387209e+01 2.113243154677790434e-02
2.374870488118759937e+01 2.036396760244902834e-02
2.399988781917473091e+01 1.985856592515265751e-02
2.425071646049711305e+01 1.921852581545701114e-02
2.450187830577813841e+01 1.873014882562625341e-02
2.475391093216606109e+01 1.831482648115312362e-02
2.500524226975159792e+01 1.768901901255405529e-02
2.525610980153284402e+01 1.728204379858018502e-02
2.550801425092822328e+01 1.676569564027310943e-02
2.575943113325822864e+01 1.646471208197815284e-02
2.601074166866445125e+01 1.600298251061821331e-02
2.626234447079615464e+01 1.561488649817527503e-02
2.651347712943701751e+01 1.519304552033288840e-02
2.676474177984877656e+01 1.484522967287019157e-02
2.701628079430242479e+01 1.450002865221507869e-02
2.726734205837282232e+01 1.409336689288953441e-02
2.751837013544679422e+01 1.370024038969096941e-02
2.776937726815812724e+01 1.337252884971959835e-02
2.802070160973895341e+01 1.311443056708970663e-02
2.827249982643487058e+01 1.270119165198438024e-02
2.852407603869968966e+01 1.238032684322336145e-02
2.877567300468570721e+01 1.214887570351847433e-02
2.902733523039245256e+01 1.181347886343579040e-02
2.927861073083739996e+01 1.157992399430318384e-02
2.953003196193969160e+01 1.138156246036466090e-02
2.978106336846375157e+01 1.108337093965282467e-02
3.003148440777084716e+01 1.086585345982733590e-02
3.028303386126418673e+01 1.059327791887525183e-02
3.053456493440382857e+01 1.037153352728099193e-02
3.078585183944906944e+01 1.010018327356641474e-02
3.103757946070165730e+01 9.889370990323598926e-03
3.128931656795834826e+01 9.681647490983413470e-03
3.154125974608096428e+01 9.520881226856162463e-03
3.179158626791808828e+01 9.306504901947291325e-03
3.204196438636942190e+01 9.071123031104350379e-03
3.229344668057169798e+01 8.899396442482407008e-03
3.254489998018084407e+01 8.741394958235474896e-03
3.279660140319880668e+01 8.535250115997603318e-03
3.304772754686901237e+01 8.379793235406451241e-03
3.329949953441923327e+01 8.159233660833186894e-03
3.355173249539067371e+01 8.064453574518345297e-03
3.380235474142784824e+01 7.868632073998960141e-03
3.405292218889088218e+01 7.674773597476915350e-03
3.430455901572810262e+01 7.563932960617416115e-03
3.455605119154291316e+01 7.427139908829704339e-03
3.480708698418615654e+01 7.265351324141932667e-03
3.505823042281740243e+01 7.157108260351333941e-03
3.530983122122644602e+01 7.002227650006387881e-03
3.556111974160763367e+01 6.879233771166345414e-03
3.581195885960364933e+01 6.724676007003856440e-03
3.606348577968052638e+01 6.598921059445726767e-03
3.631495136683125935e+01 6.482443150968420983e-03
3.656646781331610185e+01 6.346325948781173301e-03
3.681800948534306173e+01 6.205837349693510765e-03
3.706942350460822411e+01 6.112534957776743529e-03
3.732119977997001570e+01 6.009394925112672599e-03
3.757249197135423202e+01 5.922206392570825845e-03
3.782324055213251057e+01 5.813458239082959673e-03
3.807430609684078604e+01 5.673823830531748123e-03
3.832526519371521090e+01 5.590054126871626602e-03
3.857704530181875668e+01 5.469785659203097068e-03
3.882896255048217427e+01 5.412267329510961171e-03
3.907976684424035341e+01 5.288772528500696075e-03
3.933085588900704010e+01 5.226977507972147691e-03
3.958184533965361140e+01 5.130627242398786390e-03
3.983320492881626507e+01 5.052627525355784556e-03
4.008506787586624398e+01 4.973321023236546533e-03
4.033569471078550350e+01 4.860597238240347076e-03
4.058701345074587863e+01 4.790151244168815679e-03
4.083916815834436420e+01 4.729506666280862588e-03
4.108978611092747713e+01 4.642352898641502988e-03
4.134119394692694271e+01 4.571486493835879780e-03
4.159372926482761557e+01 4.492187122518108422e-03
4.184480996230068683e+01 4.398154651170101820e-03
4.209495048714620680e+01 4.338298504265956229e-03
4.234568601474854432e+01 4.242281532351615571e-03
4.259794184898333214e+01 4.175774530392768920e-03
4.284922176444433717e+01 4.135530328355683898e-03
4.309982534096671003e+01 4.075450414738863471e-03
4.335153475414617930e+01 4.005256923211250944e-03
4.360374984514007224e+01 3.954979070397266101e-03
4.385432838732079830e+01 3.878441485674355167e-03
4.410529766549178277e+01 3.810595370168650461e-03
4.435675536456894008e+01 3.721848662468287081e-03
4.460756668584335927e+01 3.716461112691212595e-03
4.485812369927145937e+01 3.658947414228297997e-03
4.510933196139897206e+01 3.547274348328761668e-03
4.536097672816924131e+01 3.506996798366562602e-03
4.561261869099184452e+01 3.479227725486931481e-03
4.586346064304911607e+01 3.460930915123085899e-03
4.611435299895526185e+01 3.387169502748966360e-03
4.636610302009028572e+01 3.312965164601380016e-03
4.661726081402038346e+01 3.269722094302747982e-03
4.686748045926628237e+01 3.260102005017700630e-03
4.712001000143001761e+01 3.154954390266363675e-03
4.737334269293729960e+01 3.137349435184436444e-03
4.762357272554871912e+01 3.081725488677037640e-03
4.787295862859781437e+01 3.048228422292605880e-03
4.812686710231834297e+01 2.986748296278639650e-03
4.837988354528783930e+01 2.957543855111868444e-03
4.862698975964909209e+01 2.926897747850418664e-03
4.887931961662670233e+01 2.937522137474709270e-03
4.913512531690142282e+01 2.844662842279807070e-03
4.938486646957150583e+01 2.819335797410061229e-03
4.963073103205424985e+01 2.799502743718934247e-03
4.988316058859187763e+01 2.734566014184257841e-03
5.013927392651110893e+01 2.725098521421386120e-03
5.038898445289544270e+01 2.627619080915384511e-03
5.063791314200675941e+01 2.674907996037922953e-03
5.089234515763529032e+01 2.620298876619858372e-03
5.114529266359630810e+01 2.510641284621005238e-03
5.138952878242714206e+01 2.536033334966912318e-03
5.163945178601188246e+01 2.498224242734840318e-03
5.190206698624180603e+01 2.445174359904451773e-03
5.215590084722179398e+01 2.394247835249263805e-03
5.238680673191466042e+01 2.371978724548817058e-03
5.263532591009818873e+01 2.254336118299022067e-03
5.290823119436031874e+01 2.265837478213843671e-03
5.316882575050344428e+01 2.316660624937561669e-03
5.338513341050097694e+01 2.380200543716204289e-03
5.363212510227822349e+01 2.149915397158324096e-03
5.391615723351310407e+01 2.298540648582486287e-03
5.419187693011466678e+01 2.128357077766118190e-03
5.439722241285236493e+01 2.267812259439959226e-03
5.462806064877949552e+01 2.242012159400182548e-03
5.491241494336609463e+01 1.952388085458263943e-03
5.519421446932921782e+01 1.681349701125206238e-03
5.543046826972861396e+01 1.327918359714145386e-03
5.561137265256709128e+01 4.137091964461418574e-03
