3.559856489878782115e-01 7.435516849007716473e+02
6.031648866026231293e-01 2.018374814123894225e+02
8.579160745827347778e-01 1.016774128778330777e+02
1.113464310595710716e+00 5.377796038679196755e+01
1.374039914321364408e+00 2.918109488791707307e+01
1.619154704570298309e+00 1.962249047636158394e+01
1.870686673430271840e+00 1.434328002615098363e+01
2.123290040706380832e+00 1.014120454565119012e+01
2.378144976376236119e+00 7.844528393812462141e+00
2.630489925835516996e+00 6.321383215757188978e+00
2.878653162679494670e+00 4.850340328340138285e+00
3.131144366275339319e+00 4.067343926968725931e+00
3.388159578333816313e+00 3.204219555771363304e+00
3.638741848210948149e+00 2.712743221365152113e+00
3.888315910732085268e+00 2.241505365633907676e+00
4.139052155837465996e+00 1.976719119221912901e+00
4.390305777018236988e+00 1.803488095922147538e+00
4.642172339120373081e+00 1.460724755745984149e+00
4.894678666149941293e+00 1.277975596937628300e+00
5.147269052361176378e+00 1.156609554668327489e+00
5.398003206656323272e+00 1.017553816221594465e+00
5.647798235368590269e+00 8.699116220014885270e-01
5.900534302989873581e+00 7.982205825395027876e-01
6.151460297009074374e+00 7.047310136411593096e-01
6.402630176204441526e+00 6.509713272974847476e-01
6.655964674748322096e+00 5.993763439105368462e-01
6.908782583105771202e+00 5.375496338825541676e-01
7.159060853508338873e+00 4.885987088106983345e-01
7.409414762591408632e+00 4.414869105899195678e-01
7.659227149364629561e+00 4.078377091961850054e-01
7.911559474606142395e+00 3.777655318438742915e-01
8.163750941790897997e+00 3.399630031671886932e-01
8.415757210439384295e+00 3.218964315700507117e-01
8.667638839289207198e+00 3.010291805751746375e-01
8.918801124864609520e+00 2.772197454003069716e-01
9.170480108345369530e+00 2.558509855284051837e-01
9.420566033467249412e+00 2.359824116372401803e-01
9.671642335271435797e+00 2.244257618799015419e-01
9.923426157758477473e+00 2.083661752086919117e-01
1.017396902749181820e+01 1.937129515086364606e-01
1.042533700753922155e+01 1.835294964528689232e-01
1.067702948358784276e+01 1.686366605423157694e-01
1.092969337256462303e+01 1.595399461461973478e-01
1.118211872033766419e+01 1.490145056459006301e-01
1.143346516925797296e+01 1.409989236692396897e-01
1.168350508557724687e+01 1.324484577921654915e-01
1.193379937775929100e+01 1.271958494783397842e-01
1.218553055762879112e+01 1.224253499739244438e-01
1.243711650801278878e+01 1.146492664415326990e-01
1.268867268647359303e+01 1.086299642455589853e-01
1.294075027177769144e+01 1.020895833568312705e-01
1.319267287020158363e+01 9.825702344724329684e-02
1.344470571782862756e+01 9.307035250746890920e-02
1.369480150283709641e+01 8.901723658621248092e-02
1.394591277066507828e+01 8.321408863222945484e-02
1.419764645764527167e+01 8.054947918062199674e-02
1.444766774168416212e+01 7.720278460188791103e-02
1.469906835825429070e+01 7.253399879960277519e-02
1.495059118111036511e+01 7.061359958094515221e-02
1.520261612590052991e+01 6.710788652458954395e-02
1.545415944503929495e+01 6.445366692108910056e-02
1.570456072545780124e+01 6.218794568393869876e-02
1.595705800128773966e+01 5.927674417700502796e-02
1.620829297830731619e+01 5.624840665940026435e-02
1.645966591028190962e+01 5.478709751920709387e-02
1.671125708846596325e+01 5.194524799873329046e-02
1.696160259490052624e+01 4.909939454631567085e-02
1.721370276108077135e+01 4.867008761433328640e-02
1.746543424102250341e+01 4.601979015637275294e-02
1.771598473288305442e+01 4.484056620056508374e-02
1.796653767411944003e+01 4.328635427869480939e-02
1.821765658501893270e+01 4.161447317498973009e-02
1.847053788120423334e+01 4.009148481133772285e-02
1.872257696809484173e+01 3.851741350920178525e-02
1.897394097105746269e+01 3.702561346489623151e-02
1.922542454726159988e+01 3.615436522845272282e-02
1.947607703355479103e+01 3.473273063083143208e-02
1.972678839839982601e+01 3.334303568464385553e-02
1.997802698857814363e+01 3.250919938641345930e-02
2.022863620534168660e+01 3.132696712019629459e-02
2.047969598507238231e+01 3.031940821499445882e-02
2.073250439107362553e+01 2.946200289007529574e-02
2.098435855211640089e+01 2.864600092094661890e-02
2.123502923393334640e+01 2.748600510791644747e-02
2.148629411178690773e+01 2.668783358717423393e-02
2.173831825513516591e+01 2.607812865605621880e-02
2.198972260956887226e+01 2.519570048764515832e-02
2.223974971000711420e+01 2.445286972964361843e-02
2.249141870643862973e+01 2.375494087033425822e-02
2.274404614890906373e+01 2.287741787699996282e-02
2.299521835768831579e+01 2.214652571773389686e-02
2.324620084136223852e+01 2.160053600741897173e-02
2.349757798664387209e+01 2.105065977073057246e-02
2.374870488118759937e+01 2.031041242406079333e-02
2.399988781917473091e+01 1.972299202484600542e-02
2.425071646049711305e+01 1.928772557914202462e-02
2.450187830577813841e+01 1.883613394803365648e-02
2.475391093216606109e+01 1.820390263915340825e-02
2.500524226975159792e+01 1.781161890468680939e-02
2.525610980153284402e+01 1.735559202992459013e-02
2.550801425092822328e+01 1.681414744903654904e-02
2.575943113325822864e+01 1.648016057067728038e-02
2.601074166866445125e+01 1.587873287447651507e-02
2.626234447079615464e+01 1.558775322478830709e-02
2.651347712943701751e+01 1.510394409268225532e-02
2.676474177984877656e+01 1.472780198527262434e-02
2.701628079430242479e+01 1.445035258946398421e-02
2.726734205837282232e+01 1.416086291787396582e-02
2.751837013544679422e+01 1.373996730902166639e-02
2.776937726815812724e+01 1.344552438637995270e-02
2.802070160973895341e+01 1.301158757530646547e-02
2.827249982643487058e+01 1.279506900044159214e-02
2.852407603869968966e+01 1.245113290467568350e-02
2.877567300468570721e+01 1.211219172461620343e-02
2.902733523039245256e+01 1.188437583085609310e-02
2.927861073083739996e+01 1.161387198244009412e-02
2.953003196193969160e+01 1.130631763532568591e-02
2.978106336846375157e+01 1.109474744449089230e-02
3.003148440777084716e+01 1.086172582336994083e-02
3.028303386126418673e+01 1.066484269869648858e-02
3.053456493440382857e+01 1.037411131241569064e-02
3.078585183944906944e+01 1.016819168259629723e-02
3.103757946070165730e+01 9.900923164889111755e-03
3.128931656795834826e+01 9.748115741194942133e-03
3.154125974608096428e+01 9.460966726253862077e-03
3.179158626791808828e+01 9.316665313076587240e-03
3.204196438636942190e+01 9.090475552444592447e-03
3.229344668057169798e+01 8.950721358593921942e-03
3.254489998018084407e+01 8.738363831304812174e-03
3.279660140319880668e+01 8.500416649975249192e-03
3.304772754686901237e+01 8.369889871530771311e-03
3.329949953441923327e+01 8.212507843672780042e-03
3.355173249539067371e+01 8.043022798872234355e-03
3.380235474142784824e+01 7.868997303164150872e-03
3.405292218889088218e+01 7.705571165566304191e-03
3.430455901572810262e+01 7.553195322529900751e-03
3.455605119154291316e+01 7.444034481284594190e-03
3.480708698418615654e+01 7.268782936890657610e-03
3.505823042281740243e+01 7.108345620877813860e-03
3.530983122122644602e+01 7.049037243178704788e-03
3.556111974160763367e+01 6.859964953853860126e-03
3.581195885960364933e+01 6.720396899111560386e-03
3.606348577968052638e+01 6.553610038755552231e-03
3.631495136683125935e+01 6.495864466642450007e-03
3.656646781331610185e+01 6.348266378957029797e-03
3.681800948534306173e+01 6.250213907689765487e-03
3.706942350460822411e+01 6.101302452065518120e-03
3.732119977997001570e+01 6.034566621340838911e-03
3.757249197135423202e+01 5.853798132992249492e-03
3.782324055213251057e+01 5.785149051264985159e-03
3.807430609684078604e+01 5.676353396449583533e-03
3.832526519371521090e+01 5.609417810324692118e-03
3.857704530181875668e+01 5.517103531624366689e-03
3.882896255048217427e+01 5.427293028153883439e-03
3.907976684424035341e+01 5.306610125999105046e-03
3.933085588900704010e+01 5.236254826904011492e-03
3.958184533965361140e+01 5.134863458078539437e-03
3.983320492881626507e+01 5.050858735554678014e-03
4.008506787586624398e+01 4.983815443101759224e-03
4.033569471078550350e+01 4.853673256996197949e-03
4.058701345074587863e+01 4.810580843066938374e-03
4.083916815834436420e+01 4.705194844245088118e-03
4.108978611092747713e+01 4.637871201691787411e-03
4.134119394692694271e+01 4.545609459640464513e-03
4.159372926482761557e+01 4.462289495653479557e-03
4.184480996230068683e+01 4.423667643451718173e-03
4.209495048714620680e+01 4.305997938356433130e-03
4.234568601474854432e+01 4.254147537066000836e-03
4.259794184898333214e+01 4.200867871086924436e-03
4.284922176444433717e+01 4.122378150669101654e-03
4.309982534096671003e+01 4.072421574471400685e-03
4.335153475414617930e+01 4.001321375458257758e-03
4.360374984514007224e+01 3.957381361232264853e-03
4.385432838732079830e+01 3.894196326795154248e-03
4.410529766549178277e+01 3.851971286196521384e-03
4.435675536456894008e+01 3.764212879487382948e-03
4.460756668584335927e+01 3.730531645483422826e-03
4.485812369927145937e+01 3.640018061031965145e-03
4.510933196139897206e+01 3.588309713176623689e-03
4.536097672816924131e+01 3.589528395774613852e-03
4.561261869099184452e+01 3.482049428130158577e-03
4.586346064304911607e+01 3.435319324587891767e-03
4.611435299895526185e+01 3.419189357641092084e-03
4.636610302009028572e+01 3.335636881191639518e-03
4.661726081402038346e+01 3.263966849680091566e-03
4.686748045926628237e+01 3.249327730460125317e-03
4.712001000143001761e+01 3.146815034525607055e-03
4.737334269293729960e+01 3.168440632187208630e-03
4.762357272554871912e+01 3.104430781995147059e-03
4.787295862859781437e+01 3.051670599380533738e-03
4.812686710231834297e+01 3.028381789734451140e-03
4.837988354528783930e+01 2.979946437862609262e-03
4.862698975964909209e+01 2.914825281548222031e-03
4.887931961662670233e+01 2.864097421280365104e-03
4.913512531690142282e+01 2.813409235348552501e-03
4.938486646957150583e+01 2.836260289002436302e-03
4.963073103205424985e+01 2.739207100587077309e-03
4.988316058859187763e+01 2.748428608469757027e-03
5.013927392651110893e+01 2.727840496466653851e-03
5.038898445289544270e+01 2.672201148488708225e-03
5.063791314200675941e+01 2.592488856055666022e-03
5.089234515763529032e+01 2.532343754407219687e-03
5.114529266359630810e+01 2.516917347201478531e-03
5.138952878242714206e+01 2.468359211266797290e-03
5.163945178601188246e+01 2.507060711857516701e-03
5.190206698624180603e+01 2.462610182986060825e-03
5.215590084722179398e+01 2.425737126540721770e-03
5.238680673191466042e+01 2.384966478096770155e-03
5.263532591009818873e+01 2.300918143084725812e-03
5.290823119436031874e+01 2.353250761604318547e-03
5.316882575050344428e+01 2.201275396633946540e-03
5.338513341050097694e+01 2.254129101442499481e-03
5.363212510227822349e+01 2.290508298716158273e-03
5.391615723351310407e+01 2.177803162304420195e-03
5.419187693011466678e+01 2.277911992240063636e-03
5.439722241285236493e+01 2.276880243022150804e-03
5.462806064877949552e+01 2.215251322845916346e-03
5.491241494336609463e+01 2.104335893833883791e-03
5.519421446932921782e+01 2.276768789270555357e-03
5.543046826972861396e+01 3.055938930916257939e-03
5.561137265256709128e+01 2.452333602343814267e-03
