3.559856489878782115e-01 7.705391111325229758e+02
6.031648866026231293e-01 2.076226657862254967e+02
8.579160745827347778e-01 1.166422383112173691e+02
1.113464310595710716e+00 4.939912480050777077e+01
1.374039914321364408e+00 3.085060503449360780e+01
1.619154704570298309e+00 2.079432925998541748e+01
1.870686673430271840e+00 1.329752445532139404e+01
2.123290040706380832e+00 9.318095269758936539e+00
2.378144976376236119e+00 7.476023051631220717e+00
2.630489925835516996e+00 5.989255880093237394e+00
2.878653162679494670e+00 4.728717476477809711e+00
3.131144366275339319e+00 3.973429605306074919e+00
3.388159578333816313e+00 3.377502924198390044e+00
3.638741848210948149e+00 2.683829258837330034e+00
3.888315910732085268e+00 2.255786771500999599e+00
4.139052155837465996e+00 1.917147845461939282e+00
4.390305777018236988e+00 1.721221526358827303e+00
4.642172339120373081e+00 1.463297476264686203e+00
4.894678666149941293e+00 1.315763810532349920e+00
5.147269052361176378e+00 1.130429097898354662e+00
5.398003206656323272e+00 1.005444090686198777e+00
5.647798235368590269e+00 9.179004515484573412e-01
5.900534302989873581e+00 8.151117640764389272e-01
6.151460297009074374e+00 7.109261893940513888e-01
6.402630176204441526e+00 6.351444209499770288e-01
6.655964674748322096e+00 5.709202054915168967e-01
6.908782583105771202e+00 5.180837702280295387e-01
7.159060853508338873e+00 4.782402528049043422e-01
7.409414762591408632e+00 4.386118611971898673e-01
7.659227149364629561e+00 4.054083671358587604e-01
7.911559474606142395e+00 3.723019670697421124e-01
8.163750941790897997e+00 3.482854328865738758e-01
8.415757210439384295e+00 3.155381252970658190e-01
8.667638839289207198e+00 2.959109704660251028e-01
8.918801124864609520e+00 2.682848759038353736e-01
9.170480108345369530e+00 2.561302749682944357e-01
9.420566033467249412e+00 2.374632243857396630e-01
9.671642335271435797e+00 2.202062718024286880e-01
9.923426157758477473e+00 2.111164346637241784e-01
1.017396902749181820e+01 1.922515418674712873e-01
1.042533700753922155e+01 1.844684367821406157e-01
1.067702948358784276e+01 1.704614150014276408e-01
1.092969337256462303e+01 1.623218170874518307e-01
1.118211872033766419e+01 1.500670915106301351e-01
1.143346516925797296e+01 1.439432526040172744e-01
1.168350508557724687e+01 1.351993245594418358e-01
1.193379937775929100e+01 1.284800460935378585e-01
1.218553055762879112e+01 1.208413147582080016e-01
1.243711650801278878e+01 1.148463574448495145e-01
1.268867268647359303e+01 1.100250014105305235e-01
1.294075027177769144e+01 1.032919052715507852e-01
1.319267287020158363e+01 9.872998503852496721e-02
1.344470571782862756e+01 9.336001270534695362e-02
1.369480150283709641e+01 8.967077895150551980e-02
1.394591277066507828e+01 8.262137815010092701e-02
1.419764645764527167e+01 8.032706938155308174e-02
1.444766774168416212e+01 7.731900291942821191e-02
1.469906835825429070e+01 7.410396365006281794e-02
1.495059118111036511e+01 7.081372362260675291e-02
1.520261612590052991e+01 6.726937723261419699e-02
1.545415944503929495e+01 6.402284403029051552e-02
1.570456072545780124e+01 6.181275730414223513e-02
1.595705800128773966e+01 5.948008386549173687e-02
1.620829297830731619e+01 5.665961392170954652e-02
1.645966591028190962e+01 5.473419854093519721e-02
1.671125708846596325e+01 5.184933246051959266e-02
1.696160259490052624e+01 5.039584238178611286e-02
1.721370276108077135e+01 4.807713160235257965e-02
1.746543424102250341e+01 4.607404993419025874e-02
1.771598473288305442e+01 4.485027563228962538e-02
1.796653767411944003e+01 4.309555559355012638e-02
1.821765658501893270e+01 4.123350883856811283e-02
1.847053788120423334e+01 4.010982509760303155e-02
1.872257696809484173e+01 3.813916587845491563e-02
1.897394097105746269e+01 3.719108355649598796e-02
1.922542454726159988e+01 3.582256380953444813e-02
1.947607703355479103e+01 3.467137060731517728e-02
1.972678839839982601e+01 3.353250788450662379e-02
1.997802698857814363e+01 3.231438339444551305e-02
2.022863620534168660e+01 3.166100737775425639e-02
2.047969598507238231e+01 3.016840485187304369e-02
2.073250439107362553e+01 2.930257719318501985e-02
2.098435855211640089e+01 2.845132853380437365e-02
2.123502923393334640e+01 2.757838148824044364e-02
2.148629411178690773e+01 2.651654316439883141e-02
2.173831825513516591e+01 2.587926204330408611e-02
2.198972260956887226e+01 2.506722600259242428e-02
2.223974971000711420e+01 2.445537780384120577e-02
2.249141870643862973e+01 2.362842020165350707e-02
2.274404614890906373e+01 2.280474899943743528e-02
2.299521835768831579e+01 2.230504815153988921e-02
2.324620084136223852e+01 2.141982718991864570e-02
2.349757798664387209e+01 2.112823252994502909e-02
2.374870488118759937e+01 2.033450381939277268e-02
2.399988781917473091e+01 1.997253704161050872e-02
2.425071646049711305e+01 1.936788343871480300e-02
2.450187830577813841e+01 1.883361284092840288e-02
2.475391093216606109e+01 1.833211108038653586e-02
2.500524226975159792e+01 1.762624595626461482e-02
2.525610980153284402e+01 1.735946538620007987e-02
2.550801425092822328e+01 1.685513395368908388e-02
2.575943113325822864e+01 1.641415271228073569e-02
2.601074166866445125e+01 1.600436176878394096e-02
2.626234447079615464e+01 1.563709947010749265e-02
2.651347712943701751e+01 1.515091087060647240e-02
2.676474177984877656e+01 1.484965793494366984e-02
2.701628079430242479e+01 1.446246923912358588e-02
2.726734205837282232e+01 1.397707504006594215e-02
2.751837013544679422e+01 1.366313067409294195e-02
2.776937726815812724e+01 1.338532056215166119e-02
2.802070160973895341e+01 1.305616994415259406e-02
2.827249982643487058e+01 1.278251738279552636e-02
2.852407603869968966e+01 1.245703665748724466e-02
2.877567300468570721e+01 1.214090620138362497e-02
2.902733523039245256e+01 1.197241102183222924e-02
2.927861073083739996e+01 1.161671288877321427e-02
2.953003196193969160e+01 1.137116815630803343e-02
2.978106336846375157e+01 1.106224047334170013e-02
3.003148440777084716e+01 1.084365415264303481e-02
3.028303386126418673e+01 1.061319310501033890e-02
3.053456493440382857e+01 1.041163762027492827e-02
3.078585183944906944e+01 1.010887765937627629e-02
3.103757946070165730e+01 9.930027497267073996e-03
3.128931656795834826e+01 9.694052211431415655e-03
3.154125974608096428e+01 9.549294176102922013e-03
3.179158626791808828e+01 9.326926720973360146e-03
3.204196438636942190e+01 9.083768524924875146e-03
3.229344668057169798e+01 8.873902010291607328e-03
3.254489998018084407e+01 8.676797407907218401e-03
3.279660140319880668e+01 8.578697323331387417e-03
3.304772754686901237e+01 8.367485543950423793e-03
3.329949953441923327e+01 8.221748870387889443e-03
3.355173249539067371e+01 8.060272511646116370e-03
3.380235474142784824e+01 7.884919718625527790e-03
3.405292218889088218e+01 7.724979647957979680e-03
3.430455901572810262e+01 7.556949711476530773e-03
3.455605119154291316e+01 7.380808934036748974e-03
3.480708698418615654e+01 7.286950116672723937e-03
3.505823042281740243e+01 7.142346743069061948e-03
3.530983122122644602e+01 6.961117926228247918e-03
3.556111974160763367e+01 6.836648055188057106e-03
3.581195885960364933e+01 6.684888103849547826e-03
3.606348577968052638e+01 6.605842794282730523e-03
3.631495136683125935e+01 6.484647553314975936e-03
3.656646781331610185e+01 6.357561022952612322e-03
3.681800948534306173e+01 6.224910821973292548e-03
3.706942350460822411e+01 6.141867426573688338e-03
3.732119977997001570e+01 6.035708876044376670e-03
3.757249197135423202e+01 5.912505205885563130e-03
3.782324055213251057e+01 5.811426712622476398e-03
3.807430609684078604e+01 5.721362183621478067e-03
3.832526519371521090e+01 5.598003262944587811e-03
3.857704530181875668e+01 5.537072645139981888e-03
3.882896255048217427e+01 5.401190954323458089e-03
3.907976684424035341e+01 5.292424527588134205e-03
3.933085588900704010e+01 5.245961346678986240e-03
3.958184533965361140e+01 5.160751205295223409e-03
3.983320492881626507e+01 5.038631292504070457e-03
4.008506787586624398e+01 4.945205481360286093e-03
4.033569471078550350e+01 4.898133891646491711e-03
4.058701345074587863e+01 4.803379933145247686e-03
4.083916815834436420e+01 4.730542105902128987e-03
4.108978611092747713e+01 4.601223153672162440e-03
4.134119394692694271e+01 4.554308067097857619e-03
4.159372926482761557e+01 4.438149436490522286e-03
4.184480996230068683e+01 4.403583966159137046e-03
4.209495048714620680e+01 4.357029210626969969e-03
4.234568601474854432e+01 4.253679415321011750e-03
4.259794184898333214e+01 4.223927797033667948e-03
4.284922176444433717e+01 4.138699374515521917e-03
4.309982534096671003e+01 4.075829571563446309e-03
4.335153475414617930e+01 4.027383824512204002e-03
4.360374984514007224e+01 3.936155449380269317e-03
4.385432838732079830e+01 3.874729968709063419e-03
4.410529766549178277e+01 3.812249921713969231e-03
4.435675536456894008e+01 3.775342727426443841e-03
4.460756668584335927e+01 3.729840121598082623e-03
4.485812369927145937e+01 3.652419870229015649e-03
4.510933196139897206e+01 3.552594004139588476e-03
4.536097672816924131e+01 3.556394926273244352e-03
4.561261869099184452e+01 3.458982292802910159e-03
4.586346064304911607e+01 3.438126039174641511e-03
4.611435299895526185e+01 3.370233071993320850e-03
4.636610302009028572e+01 3.318302592993357947e-03
4.661726081402038346e+01 3.254922089222413249e-03
4.686748045926628237e+01 3.212682773121442858e-03
4.712001000143001761e+01 3.208289636924253375e-03
4.737334269293729960e+01 3.120209586118803322e-03
4.762357272554871912e+01 3.072857740833247198e-03
4.787295862859781437e+01 3.069591315077144483e-03
4.812686710231834297e+01 2.999658075557269741e-03
4.837988354528783930e+01 2.957189956102057593e-03
4.862698975964909209e+01 2.999409641428787011e-03
4.887931961662670233e+01 2.904505953255901232e-03
4.913512531690142282e+01 2.837917638721297771e-03
4.938486646957150583e+01 2.801521957960548519e-03
4.963073103205424985e+01 2.788970825276571031e-03
4.988316058859187763e+01 2.723938890056558371e-03
5.013927392651110893e+01 2.700444170831413013e-03
5.038898445289544270e+01 2.602082585032571352e-03
5.063791314200675941e+01 2.569367060773874566e-03
5.089234515763529032e+01 2.505350796738781659e-03
5.114529266359630810e+01 2.594723938318595300e-03
5.138952878242714206e+01 2.506390756155522145e-03
5.163945178601188246e+01 2.534077636766508042e-03
5.190206698624180603e+01 2.495171097377496712e-03
5.215590084722179398e+01 2.378057866151810258e-03
5.238680673191466042e+01 2.436765737464893430e-03
5.263532591009818873e+01 2.316914465207495135e-03
5.290823119436031874e+01 2.275638048347712519e-03
5.316882575050344428e+01 2.317562905514527084e-03
5.338513341050097694e+01 2.276448515342257076e-03
5.363212510227822349e+01 2.202526925511253796e-03
5.391615723351310407e+01 2.177264038965258473e-03
5.419187693011466678e+01 2.008767847568175210e-03
5.439722241285236493e+01 2.205862374407344811e-03
5.462806064877949552e+01 2.217382306779819377e-03
5.491241494336609463e+01 2.142648840941798003e-03
5.519421446932921782e+01 2.088477144954778691e-03
5.543046826972861396e+01 1.316609694301957125e-03
5.561137265256709128e+01 2.064631841041690216e-03
