3.559856489878782115e-01 5.456386858435881777e+02
6.031648866026231293e-01 2.572585975096404241e+02
8.579160745827347778e-01 9.261950038746961411e+01
1.113464310595710716e+00 5.173025448114556468e+01
1.374039914321364408e+00 3.265984608367759989e+01
1.619154704570298309e+00 2.260679532649708534e+01
1.870686673430271840e+00 1.439519887726455316e+01
2.123290040706380832e+00 9.977869456335930920e+00
2.378144976376236119e+00 8.248915894564497364e+00
2.630489925835516996e+00 6.499761178205063494e+00
2.878653162679494670e+00 4.959933023695196397e+00
3.131144366275339319e+00 3.931585040233606332e+00
3.388159578333816313e+00 3.165760300814481010e+00
3.638741848210948149e+00 2.829709651187636510e+00
3.888315910732085268e+00 2.268441973369457632e+00
4.139052155837465996e+00 1.992504224188141215e+00
4.390305777018236988e+00 1.680850900142861759e+00
4.642172339120373081e+00 1.472348594198168659e+00
4.894678666149941293e+00 1.302370127418916779e+00
5.147269052361176378e+00 1.153087947880629738e+00
5.398003206656323272e+00 1.002781073915535837e+00
5.647798235368590269e+00 9.064044171774480185e-01
5.900534302989873581e+00 8.059483151174463567e-01
6.151460297009074374e+00 7.217672069147773595e-01
6.402630176204441526e+00 6.458195076058518280e-01
6.655964674748322096e+00 5.950103657380435562e-01
6.908782583105771202e+00 5.283064125736709471e-01
7.159060853508338873e+00 4.827653655128495425e-01
7.409414762591408632e+00 4.509526505374442107e-01
7.659227149364629561e+00 4.043605081230579046e-01
7.911559474606142395e+00 3.613795470087226014e-01
8.163750941790897997e+00 3.484047730028243528e-01
8.415757210439384295e+00 3.177745056714713079e-01
8.667638839289207198e+00 2.911592238147688305e-01
8.918801124864609520e+00 2.687856964523486214e-01
9.170480108345369530e+00 2.524643202315136614e-01
9.420566033467249412e+00 2.404043300033649466e-01
9.671642335271435797e+00 2.173608446279587936e-01
9.923426157758477473e+00 2.096892826998439097e-01
1.017396902749181820e+01 1.931740292669338888e-01
1.042533700753922155e+01 1.821808594456445218e-01
1.067702948358784276e+01 1.718095319070462312e-01
1.092969337256462303e+01 1.597712427450984629e-01
1.118211872033766419e+01 1.491245397007950613e-01
1.143346516925797296e+01 1.442633424559030264e-01
1.168350508557724687e+01 1.340985844112695669e-01
1.193379937775929100e+01 1.278089679590313499e-01
1.218553055762879112e+01 1.213801779492943017e-01
1.243711650801278878e+01 1.143634388572000310e-01
1.268867268647359303e+01 1.108519499761904809e-01
1.294075027177769144e+01 1.030495875396538891e-01
1.319267287020158363e+01 9.788594716692124165e-02
1.344470571782862756e+01 9.190467928696656463e-02
1.369480150283709641e+01 8.783668370312920637e-02
1.394591277066507828e+01 8.455238314222586482e-02
1.419764645764527167e+01 8.107947414742999737e-02
1.444766774168416212e+01 7.698281508579067622e-02
1.469906835825429070e+01 7.286081208150484156e-02
1.495059118111036511e+01 7.056550793710546221e-02
1.520261612590052991e+01 6.685898128477024693e-02
1.545415944503929495e+01 6.484472374433787600e-02
1.570456072545780124e+01 6.155753266377674698e-02
1.595705800128773966e+01 5.921316174163564899e-02
1.620829297830731619e+01 5.593669567397701464e-02
1.645966591028190962e+01 5.427877988111176610e-02
1.671125708846596325e+01 5.269979201735847107e-02
1.696160259490052624e+01 5.066244009060014153e-02
1.721370276108077135e+01 4.856308454634299110e-02
1.746543424102250341e+01 4.642121119470331986e-02
1.771598473288305442e+01 4.473136437759825390e-02
1.796653767411944003e+01 4.287345747270301932e-02
1.821765658501893270e+01 4.124227277252948132e-02
1.847053788120423334e+01 3.966028725844885500e-02
1.872257696809484173e+01 3.850369232256761060e-02
1.897394097105746269e+01 3.711498638875210254e-02
1.922542454726159988e+01 3.601468553410395318e-02
1.947607703355479103e+01 3.447101106598551151e-02
1.972678839839982601e+01 3.340897686383318549e-02
1.997802698857814363e+01 3.264646467933197266e-02
2.022863620534168660e+01 3.148090141864948177e-02
2.047969598507238231e+01 3.028585331249104839e-02
2.073250439107362553e+01 2.929808095677010477e-02
2.098435855211640089e+01 2.855025169959993919e-02
2.123502923393334640e+01 2.745724169752703989e-02
2.148629411178690773e+01 2.656232111992718262e-02
2.173831825513516591e+01 2.578681142668839618e-02
2.198972260956887226e+01 2.506765094164718419e-02
2.223974971000711420e+01 2.449475395627638552e-02
2.249141870643862973e+01 2.359696441459662938e-02
2.274404614890906373e+01 2.290784424975863404e-02
2.299521835768831579e+01 2.230046468613311808e-02
2.324620084136223852e+01 2.141149323870833801e-02
2.349757798664387209e+01 2.106643512905038637e-02
2.374870488118759937e+01 2.042738795553469128e-02
2.399988781917473091e+01 1.988817256629995395e-02
2.425071646049711305e+01 1.923827257549196035e-02
2.450187830577813841e+01 1.869093617484112249e-02
2.475391093216606109e+01 1.816373274444471955e-02
2.500524226975159792e+01 1.773282928534533967e-02
2.525610980153284402e+01 1.728267173735803866e-02
2.550801425092822328e+01 1.681900004365504547e-02
2.575943113325822864e+01 1.641345407702413800e-02
2.601074166866445125e+01 1.593961809973407778e-02
2.626234447079615464e+01 1.555990170940293495e-02
2.651347712943701751e+01 1.510793465341218889e-02
2.676474177984877656e+01 1.475152185427088501e-02
2.701628079430242479e+01 1.438704014186210564e-02
2.726734205837282232e+01 1.396063070926581093e-02
2.751837013544679422e+01 1.370149075757369495e-02
2.776937726815812724e+01 1.344800129138354512e-02
2.802070160973895341e+01 1.303589506321199513e-02
2.827249982643487058e+01 1.273758941237934650e-02
2.852407603869968966e+01 1.244517365593929455e-02
2.877567300468570721e+01 1.219659473039448605e-02
2.902733523039245256e+01 1.183826557850889763e-02
2.927861073083739996e+01 1.155749174086622040e-02
2.953003196193969160e+01 1.137535131237672227e-02
2.978106336846375157e+01 1.112448070312270498e-02
3.003148440777084716e+01 1.084483798451718259e-02
3.028303386126418673e+01 1.062034206915548826e-02
3.053456493440382857e+01 1.040030336968199298e-02
3.078585183944906944e+01 1.020423452078135507e-02
3.103757946070165730e+01 9.914642370856112732e-03
3.128931656795834826e+01 9.712633558101610096e-03
3.154125974608096428e+01 9.554838005732453968e-03
3.179158626791808828e+01 9.334010689075125308e-03
3.204196438636942190e+01 9.078722692020511215e-03
3.229344668057169798e+01 8.880149874863532689e-03
3.254489998018084407e+01 8.770069239960322574e-03
3.279660140319880668e+01 8.557410237948866877e-03
3.304772754686901237e+01 8.355426074684304746e-03
3.329949953441923327e+01 8.197222419875098767e-03
3.355173249539067371e+01 8.023552177305014188e-03
3.380235474142784824e+01 7.833096365159629426e-03
3.405292218889088218e+01 7.684177364568963928e-03
3.430455901572810262e+01 7.570864021453326161e-03
3.455605119154291316e+01 7.458656005321825586e-03
3.480708698418615654e+01 7.218606845337036289e-03
3.505823042281740243e+01 7.118002428264358014e-03
3.530983122122644602e+01 6.999881058206092188e-03
3.556111974160763367e+01 6.889742743548730314e-03
3.581195885960364933e+01 6.723052171731747073e-03
3.606348577968052638e+01 6.601283554431031791e-03
3.631495136683125935e+01 6.462124633918206636e-03
3.656646781331610185e+01 6.376562555621357632e-03
3.681800948534306173e+01 6.227807633885570036e-03
3.706942350460822411e+01 6.122462731570402737e-03
3.732119977997001570e+01 6.030873225107337247e-03
3.757249197135423202e+01 5.871866310026362980e-03
3.782324055213251057e+01 5.785033882998840901e-03
3.807430609684078604e+01 5.700168415443504499e-03
3.832526519371521090e+01 5.570043854540980728e-03
3.857704530181875668e+01 5.483662311190334177e-03
3.882896255048217427e+01 5.374148413282396619e-03
3.907976684424035341e+01 5.287808062304848525e-03
3.933085588900704010e+01 5.233111661486349563e-03
3.958184533965361140e+01 5.127650055854658662e-03
3.983320492881626507e+01 5.023528405101878452e-03
4.008506787586624398e+01 4.938522092925669640e-03
4.033569471078550350e+01 4.884335665118417005e-03
4.058701345074587863e+01 4.796674297276799434e-03
4.083916815834436420e+01 4.690018631199215950e-03
4.108978611092747713e+01 4.618831224677597165e-03
4.134119394692694271e+01 4.558308719878797696e-03
4.159372926482761557e+01 4.458527688569419688e-03
4.184480996230068683e+01 4.417934049534116489e-03
4.209495048714620680e+01 4.326028461516326015e-03
4.234568601474854432e+01 4.255518475408256833e-03
4.259794184898333214e+01 4.220160376107790455e-03
4.284922176444433717e+01 4.135184236875349278e-03
4.309982534096671003e+01 4.038040156701225465e-03
4.335153475414617930e+01 4.010813147046233054e-03
4.360374984514007224e+01 3.924491803897415219e-03
4.385432838732079830e+01 3.888780909834097053e-03
4.410529766549178277e+01 3.791105767669935775e-03
4.435675536456894008e+01 3.760553241438658809e-03
4.460756668584335927e+01 3.726364927912730399e-03
4.485812369927145937e+01 3.612021538343689487e-03
4.510933196139897206e+01 3.623692400298567703e-03
4.536097672816924131e+01 3.589513254110575802e-03
4.561261869099184452e+01 3.468699882301046027e-03
4.586346064304911607e+01 3.433224933661588492e-03
4.611435299895526185e+01 3.377461552068861117e-03
4.636610302009028572e+01 3.332780772579302647e-03
4.661726081402038346e+01 3.295376768554657450e-03
4.686748045926628237e+01 3.209530151859044805e-03
4.712001000143001761e+01 3.131753747179442156e-03
4.737334269293729960e+01 3.146804775995937654e-03
4.762357272554871912e+01 3.081069762511272087e-03
4.787295862859781437e+01 3.018991322558178900e-03
4.812686710231834297e+01 3.002726652411250290e-03
4.837988354528783930e+01 3.007199893704263268e-03
4.862698975964909209e+01 2.922550855516615771e-03
4.887931961662670233e+01 2.889979820456861723e-03
4.913512531690142282e+01 2.804477181996989192e-03
4.938486646957150583e+01 2.822516256318103201e-03
4.963073103205424985e+01 2.830119871924181157e-03
4.988316058859187763e+01 2.679867343180470859e-03
5.013927392651110893e+01 2.728808905619357818e-03
5.038898445289544270e+01 2.706435992867131917e-03
5.063791314200675941e+01 2.653008093665770555e-03
5.089234515763529032e+01 2.641106065982254652e-03
5.114529266359630810e+01 2.494376906872852826e-03
5.138952878242714206e+01 2.581488855954161988e-03
5.163945178601188246e+01 2.509282324363217975e-03
5.190206698624180603e+01 2.452060349123993000e-03
5.215590084722179398e+01 2.439994357252301977e-03
5.238680673191466042e+01 2.367024847590789779e-03
5.263532591009818873e+01 2.306999754836534106e-03
5.290823119436031874e+01 2.319908757923637346e-03
5.316882575050344428e+01 2.298235331400859047e-03
5.338513341050097694e+01 2.254021659619216168e-03
5.363212510227822349e+01 2.190350351484420758e-03
5.391615723351310407e+01 2.081092654543407420e-03
5.419187693011466678e+01 2.197250829554613788e-03
5.439722241285236493e+01 2.447591277411359772e-03
5.462806064877949552e+01 2.194272060419442602e-03
5.491241494336609463e+01 2.146408276851845525e-03
5.519421446932921782e+01 2.135796494446404528e-03
5.543046826972861396e+01 1.862198254221502161e-03
5.561137265256709128e+01 2.148429945459251998e-03
