3.559856489878782115e-01 5.366906994793977219e+02
6.031648866026231293e-01 2.396227433291135753e+02
8.579160745827347778e-01 1.009510242685795305e+02
1.113464310595710716e+00 4.521111193593839772e+01
1.374039914321364408e+00 3.404829343556907872e+01
1.619154704570298309e+00 2.060749816684442948e+01
1.870686673430271840e+00 1.535827556196444199e+01
2.123290040706380832e+00 1.012938896654129550e+01
2.378144976376236119e+00 7.720410409936577345e+00
2.630489925835516996e+00 6.092791939252558464e+00
2.878653162679494670e+00 4.875903632392386555e+00
3.131144366275339319e+00 3.981141839272309024e+00
3.388159578333816313e+00 3.156377542839085670e+00
3.638741848210948149e+00 2.686791677975970405e+00
3.888315910732085268e+00 2.221081081784844091e+00
4.139052155837465996e+00 2.034424569179700715e+00
4.390305777018236988e+00 1.753477187551501837e+00
4.642172339120373081e+00 1.503131750999025185e+00
4.894678666149941293e+00 1.296172276899156595e+00
5.147269052361176378e+00 1.129282515720596347e+00
5.398003206656323272e+00 1.022218879996838359e+00
5.647798235368590269e+00 8.750612219609350539e-01
5.900534302989873581e+00 7.999486156142517901e-01
6.151460297009074374e+00 7.343617776996942403e-01
6.402630176204441526e+00 6.348652460846593293e-01
6.655964674748322096e+00 5.844264646301260413e-01
6.908782583105771202e+00 5.267827670080559299e-01
7.159060853508338873e+00 4.829529263944863371e-01
7.409414762591408632e+00 4.463480557000509830e-01
7.659227149364629561e+00 4.110595155066986139e-01
7.911559474606142395e+00 3.751217242887807668e-01
8.163750941790897997e+00 3.469586598952729140e-01
8.415757210439384295e+00 3.172278486034678657e-01
8.667638839289207198e+00 2.882720085628464046e-01
8.918801124864609520e+00 2.716748411006127406e-01
9.170480108345369530e+00 2.564176147589367627e-01
9.420566033467249412e+00 2.394982774438325912e-01
9.671642335271435797e+00 2.196881952006192185e-01
9.923426157758477473e+00 2.080085188113885430e-01
1.017396902749181820e+01 1.942478949475727190e-01
1.042533700753922155e+01 1.808444054544456614e-01
1.067702948358784276e+01 1.710603105384255196e-01
1.092969337256462303e+01 1.614541371998051977e-01
1.118211872033766419e+01 1.546414951048366293e-01
1.143346516925797296e+01 1.406603812196835779e-01
1.168350508557724687e+01 1.346649153593424131e-01
1.193379937775929100e+01 1.259010935175882695e-01
1.218553055762879112e+01 1.188667294873181624e-01
1.243711650801278878e+01 1.143958011433932054e-01
1.268867268647359303e+01 1.097887508281214508e-01
1.294075027177769144e+01 1.023440745515069583e-01
1.319267287020158363e+01 9.765153393613336397e-02
1.344470571782862756e+01 9.366119274855043420e-02
1.369480150283709641e+01 8.853257985152233889e-02
1.394591277066507828e+01 8.392741095119655992e-02
1.419764645764527167e+01 8.075186407879385297e-02
1.444766774168416212e+01 7.692245877446673985e-02
1.469906835825429070e+01 7.344465625739327042e-02
1.495059118111036511e+01 6.890187409319148415e-02
1.520261612590052991e+01 6.696726724970551714e-02
1.545415944503929495e+01 6.465515207885381976e-02
1.570456072545780124e+01 6.102091665699214268e-02
1.595705800128773966e+01 5.917347451726159141e-02
1.620829297830731619e+01 5.657457110338784401e-02
1.645966591028190962e+01 5.407199871442514710e-02
1.671125708846596325e+01 5.266170511856071990e-02
1.696160259490052624e+01 5.041794263507504148e-02
1.721370276108077135e+01 4.854639508717358692e-02
1.746543424102250341e+01 4.632306787866639908e-02
1.771598473288305442e+01 4.489008098552696446e-02
1.796653767411944003e+01 4.318407644758924524e-02
1.821765658501893270e+01 4.120525135163340125e-02
1.847053788120423334e+01 3.997585805146743054e-02
1.872257696809484173e+01 3.845909437328955127e-02
1.897394097105746269e+01 3.710616337065831410e-02
1.922542454726159988e+01 3.568645022067915701e-02
1.947607703355479103e+01 3.497262596515148675e-02
1.972678839839982601e+01 3.354168038613758451e-02
1.997802698857814363e+01 3.262180280879976163e-02
2.022863620534168660e+01 3.128812654852398956e-02
2.047969598507238231e+01 3.023425248285283723e-02
2.073250439107362553e+01 2.939872275095910953e-02
2.098435855211640089e+01 2.833419538541770075e-02
2.123502923393334640e+01 2.771377736715415277e-02
2.148629411178690773e+01 2.681361162501467651e-02
2.173831825513516591e+01 2.598335055549539849e-02
2.198972260956887226e+01 2.521314633284928858e-02
2.223974971000711420e+01 2.422305755183520523e-02
2.249141870643862973e+01 2.359780795469746534e-02
2.274404614890906373e+01 2.296906313981464040e-02
2.299521835768831579e+01 2.230717394112729721e-02
2.324620084136223852e+01 2.158056199936733699e-02
2.349757798664387209e+01 2.100714341196769155e-02
2.374870488118759937e+01 2.044700064746017912e-02
2.399988781917473091e+01 1.969300254058651764e-02
2.425071646049711305e+01 1.933582201313878424e-02
2.450187830577813841e+01 1.883622183535661049e-02
2.475391093216606109e+01 1.825488604865879716e-02
2.500524226975159792e+01 1.780923962879150599e-02
2.525610980153284402e+01 1.727787278302092208e-02
2.550801425092822328e+01 1.687284313806389907e-02
2.575943113325822864e+01 1.640647970834941197e-02
2.601074166866445125e+01 1.592402724343926212e-02
2.626234447079615464e+01 1.567504184861671923e-02
2.651347712943701751e+01 1.514063072137730379e-02
2.676474177984877656e+01 1.480444563349196489e-02
2.701628079430242479e+01 1.439395043056398461e-02
2.726734205837282232e+01 1.409273402855063147e-02
2.751837013544679422e+01 1.377810515042846538e-02
2.776937726815812724e+01 1.347063009096246058e-02
2.802070160973895341e+01 1.309295529959976501e-02
2.827249982643487058e+01 1.277060726151689994e-02
2.852407603869968966e+01 1.251490043863750373e-02
2.877567300468570721e+01 1.220191572975954340e-02
2.902733523039245256e+01 1.196524362563788565e-02
2.927861073083739996e+01 1.165159878003275279e-02
2.953003196193969160e+01 1.134212841876553780e-02
2.978106336846375157e+01 1.112470287646959675e-02
3.003148440777084716e+01 1.077107932349084980e-02
3.028303386126418673e+01 1.059345924345056998e-02
3.053456493440382857e+01 1.035296421739769802e-02
3.078585183944906944e+01 1.013207508445239900e-02
3.103757946070165730e+01 9.916403166030408889e-03
3.128931656795834826e+01 9.687265419684298190e-03
3.154125974608096428e+01 9.504706892618232719e-03
3.179158626791808828e+01 9.254427782951183887e-03
3.204196438636942190e+01 9.128902844409349238e-03
3.229344668057169798e+01 8.881514749573739959e-03
3.254489998018084407e+01 8.730679521775539312e-03
3.279660140319880668e+01 8.551648556067638351e-03
3.304772754686901237e+01 8.385847726021605775e-03
3.329949953441923327e+01 8.168625145708860447e-03
3.355173249539067371e+01 8.076490484090556241e-03
3.380235474142784824e+01 7.873823707426595014e-03
3.405292218889088218e+01 7.672338844433715561e-03
3.430455901572810262e+01 7.593506865758977396e-03
3.455605119154291316e+01 7.430837446039046008e-03
3.480708698418615654e+01 7.252704573747294041e-03
3.505823042281740243e+01 7.102593265785912303e-03
3.530983122122644602e+01 7.012544251299966842e-03
3.556111974160763367e+01 6.846451084894219184e-03
3.581195885960364933e+01 6.752536064762915471e-03
3.606348577968052638e+01 6.602669004137610639e-03
3.631495136683125935e+01 6.450675076705656916e-03
3.656646781331610185e+01 6.376904992149848468e-03
3.681800948534306173e+01 6.217272664385349069e-03
3.706942350460822411e+01 6.101495164337271404e-03
3.732119977997001570e+01 6.018052090449162346e-03
3.757249197135423202e+01 5.929830003424908444e-03
3.782324055213251057e+01 5.813878433110473455e-03
3.807430609684078604e+01 5.718532731464382249e-03
3.832526519371521090e+01 5.601632532624573405e-03
3.857704530181875668e+01 5.507361717461771097e-03
3.882896255048217427e+01 5.384616847967377794e-03
3.907976684424035341e+01 5.335841869383854859e-03
3.933085588900704010e+01 5.205880880524036032e-03
3.958184533965361140e+01 5.102599748947687051e-03
3.983320492881626507e+01 5.043873434984963780e-03
4.008506787586624398e+01 4.954543750265975703e-03
4.033569471078550350e+01 4.887217745022646997e-03
4.058701345074587863e+01 4.781474979310751383e-03
4.083916815834436420e+01 4.713942429878274949e-03
4.108978611092747713e+01 4.632273521978662670e-03
4.134119394692694271e+01 4.531678173502144864e-03
4.159372926482761557e+01 4.482166688036514149e-03
4.184480996230068683e+01 4.448450252859804770e-03
4.209495048714620680e+01 4.352779713260620034e-03
4.234568601474854432e+01 4.282414223756638230e-03
4.259794184898333214e+01 4.210934711156715492e-03
4.284922176444433717e+01 4.111472452751108002e-03
4.309982534096671003e+01 4.079367709009976140e-03
4.335153475414617930e+01 4.013881457938805325e-03
4.360374984514007224e+01 3.949053185949330698e-03
4.385432838732079830e+01 3.882362177011184235e-03
4.410529766549178277e+01 3.813024440121818692e-03
4.435675536456894008e+01 3.761499280099239555e-03
4.460756668584335927e+01 3.684295597331030750e-03
4.485812369927145937e+01 3.691095343330352135e-03
4.510933196139897206e+01 3.597786153594588823e-03
4.536097672816924131e+01 3.526472479263824053e-03
4.561261869099184452e+01 3.477969415783790236e-03
4.586346064304911607e+01 3.426527673890901807e-03
4.611435299895526185e+01 3.396133418487268674e-03
4.636610302009028572e+01 3.384117581477089423e-03
4.661726081402038346e+01 3.341951861427939520e-03
4.686748045926628237e+01 3.230967831319035699e-03
4.712001000143001761e+01 3.230982294727100228e-03
4.737334269293729960e+01 3.126447642428678477e-03
4.762357272554871912e+01 3.054325957330602040e-03
4.787295862859781437e+01 3.075407861131394544e-03
4.812686710231834297e+01 2.992563083891930462e-03
4.837988354528783930e+01 2.938434459691289125e-03
4.862698975964909209e+01 2.929529448856758346e-03
4.887931961662670233e+01 2.911153765582088701e-03
4.913512531690142282e+01 2.854083750253277353e-03
4.938486646957150583e+01 2.811138766572093047e-03
4.963073103205424985e+01 2.725722572560194869e-03
4.988316058859187763e+01 2.716540934677437805e-03
5.013927392651110893e+01 2.683886909350574352e-03
5.038898445289544270e+01 2.701621207429794232e-03
5.063791314200675941e+01 2.502262198144225309e-03
5.089234515763529032e+01 2.533053238630189347e-03
5.114529266359630810e+01 2.573348766562102898e-03
5.138952878242714206e+01 2.532035134383744772e-03
5.163945178601188246e+01 2.482335993356165563e-03
5.190206698624180603e+01 2.435931786342480400e-03
5.215590084722179398e+01 2.455663002105370422e-03
5.238680673191466042e+01 2.317599221797316672e-03
5.263532591009818873e+01 2.387498436579986189e-03
5.290823119436031874e+01 2.310702393804817296e-03
5.316882575050344428e+01 2.196712017164743989e-03
5.338513341050097694e+01 2.136158654790993542e-03
5.363212510227822349e+01 2.239609941929788552e-03
5.391615723351310407e+01 2.328481604451107523e-03
5.419187693011466678e+01 2.072825009828035449e-03
5.439722241285236493e+01 2.006914051166556502e-03
5.462806064877949552e+01 1.948124374659657978e-03
5.491241494336609463e+01 1.880286456446326809e-03
5.519421446932921782e+01 2.174751408898261112e-03
5.543046826972861396e+01 1.369554173003806850e-03
5.561137265256709128e+01 5.856933334928312012e-04
