3.559856489878782115e-01 4.014177757990792657e+02
6.031648866026231293e-01 1.670900005349870128e+02
8.579160745827347778e-01 1.070487856863484950e+02
1.113464310595710716e+00 5.518148040085929296e+01
1.374039914321364408e+00 2.870482055492281503e+01
1.619154704570298309e+00 2.225407830694669187e+01
1.870686673430271840e+00 1.516379201620015493e+01
2.123290040706380832e+00 1.047186845293244595e+01
2.378144976376236119e+00 7.147419848283629307e+00
2.630489925835516996e+00 6.510639650696366409e+00
2.878653162679494670e+00 5.146334105456222829e+00
3.131144366275339319e+00 3.886778522713591144e+00
3.388159578333816313e+00 3.319869686346850202e+00
3.638741848210948149e+00 2.789230741147644022e+00
3.888315910732085268e+00 2.366819476343989148e+00
4.139052155837465996e+00 2.040163502823921782e+00
4.390305777018236988e+00 1.658590041742187271e+00
4.642172339120373081e+00 1.492752787182028529e+00
4.894678666149941293e+00 1.300477618325443396e+00
5.147269052361176378e+00 1.160947206110399588e+00
5.398003206656323272e+00 9.634366426480260870e-01
5.647798235368590269e+00 8.925016708598839665e-01
5.900534302989873581e+00 8.025050545452745432e-01
6.151460297009074374e+00 7.307407234650096228e-01
6.402630176204441526e+00 6.464670159355488943e-01
6.655964674748322096e+00 5.848949071071822825e-01
6.908782583105771202e+00 5.380472587441371690e-01
7.159060853508338873e+00 4.746812413600664526e-01
7.409414762591408632e+00 4.406830832481079541e-01
7.659227149364629561e+00 4.102052986653734190e-01
7.911559474606142395e+00 3.720908674918051440e-01
8.163750941790897997e+00 3.446173351535694040e-01
8.415757210439384295e+00 3.176229706544889675e-01
8.667638839289207198e+00 2.927854714126058577e-01
8.918801124864609520e+00 2.726737520006242699e-01
9.170480108345369530e+00 2.512002346929548824e-01
9.420566033467249412e+00 2.361638845802330744e-01
9.671642335271435797e+00 2.210213181039380748e-01
9.923426157758477473e+00 2.035618680226756183e-01
1.017396902749181820e+01 1.900153336595155618e-01
1.042533700753922155e+01 1.809734256221141591e-01
1.067702948358784276e+01 1.707193957773205650e-01
1.092969337256462303e+01 1.623760300678960544e-01
1.118211872033766419e+01 1.549280848548501011e-01
1.143346516925797296e+01 1.418031625593741685e-01
1.168350508557724687e+01 1.335431772819840879e-01
1.193379937775929100e+01 1.278221721734019711e-01
1.218553055762879112e+01 1.196335008744959932e-01
1.243711650801278878e+01 1.125278590601100359e-01
1.268867268647359303e+01 1.079318061496192110e-01
1.294075027177769144e+01 1.030665942501406973e-01
1.319267287020158363e+01 9.758500680993302534e-02
1.344470571782862756e+01 9.303206803802520353e-02
1.369480150283709641e+01 8.893992874147911565e-02
1.394591277066507828e+01 8.387867533525368569e-02
1.419764645764527167e+01 8.007231581613823146e-02
1.444766774168416212e+01 7.709342985986636365e-02
1.469906835825429070e+01 7.336839290882640752e-02
1.495059118111036511e+01 7.048318811666332007e-02
1.520261612590052991e+01 6.710821950264363178e-02
1.545415944503929495e+01 6.421910696184289502e-02
1.570456072545780124e+01 6.155938584752030512e-02
1.595705800128773966e+01 5.928965382663328038e-02
1.620829297830731619e+01 5.751107658096629022e-02
1.645966591028190962e+01 5.432524492592005066e-02
1.671125708846596325e+01 5.211481765713250197e-02
1.696160259490052624e+01 5.064119343185829319e-02
1.721370276108077135e+01 4.784775924858421237e-02
1.746543424102250341e+01 4.644624856854055045e-02
1.771598473288305442e+01 4.451353085084103212e-02
1.796653767411944003e+01 4.356101419523613488e-02
1.821765658501893270e+01 4.156230908813133423e-02
1.847053788120423334e+01 3.978471998431890033e-02
1.872257696809484173e+01 3.838608150836168159e-02
1.897394097105746269e+01 3.759226455154125041e-02
1.922542454726159988e+01 3.583993672093527955e-02
1.947607703355479103e+01 3.463669734905973352e-02
1.972678839839982601e+01 3.343441067930080085e-02
1.997802698857814363e+01 3.243903567234442814e-02
2.022863620534168660e+01 3.138413651347999461e-02
2.047969598507238231e+01 3.035602520423587303e-02
2.073250439107362553e+01 2.945527171468032002e-02
2.098435855211640089e+01 2.833828902649137768e-02
2.123502923393334640e+01 2.770220618226620218e-02
2.148629411178690773e+01 2.667626200169512588e-02
2.173831825513516591e+01 2.571898492155889893e-02
2.198972260956887226e+01 2.526241896535793771e-02
2.223974971000711420e+01 2.413342327851339050e-02
2.249141870643862973e+01 2.355132927582504615e-02
2.274404614890906373e+01 2.285202991625617450e-02
2.299521835768831579e+01 2.224870437361627096e-02
2.324620084136223852e+01 2.163246845964916787e-02
2.349757798664387209e+01 2.081710475494858575e-02
2.374870488118759937e+01 2.040498750728415162e-02
2.399988781917473091e+01 1.992096470158937274e-02
2.425071646049711305e+01 1.937875052829312814e-02
2.450187830577813841e+01 1.868989987378279899e-02
2.475391093216606109e+01 1.834600065522143039e-02
2.500524226975159792e+01 1.771102655930724412e-02
2.525610980153284402e+01 1.729986150408304585e-02
2.550801425092822328e+01 1.691731697273121324e-02
2.575943113325822864e+01 1.640428890427696879e-02
2.601074166866445125e+01 1.597465610822967549e-02
2.626234447079615464e+01 1.546038568904561407e-02
2.651347712943701751e+01 1.515248189698639031e-02
2.676474177984877656e+01 1.484887347849770008e-02
2.701628079430242479e+01 1.442828084212764532e-02
2.726734205837282232e+01 1.410794683350136483e-02
2.751837013544679422e+01 1.364856518981251259e-02
2.776937726815812724e+01 1.329438269378304012e-02
2.802070160973895341e+01 1.310107209271881706e-02
2.827249982643487058e+01 1.277758783773056198e-02
2.852407603869968966e+01 1.248721970893275877e-02
2.877567300468570721e+01 1.216208216061514212e-02
2.902733523039245256e+01 1.194840239346216422e-02
2.927861073083739996e+01 1.175144936534288156e-02
2.953003196193969160e+01 1.135652979062374071e-02
2.978106336846375157e+01 1.106355422749492542e-02
3.003148440777084716e+01 1.093025862343808760e-02
3.028303386126418673e+01 1.059809064739879875e-02
3.053456493440382857e+01 1.042062853544068086e-02
3.078585183944906944e+01 1.015198255678366815e-02
3.103757946070165730e+01 9.925523756074923487e-03
3.128931656795834826e+01 9.679147182044024744e-03
3.154125974608096428e+01 9.460687254400102289e-03
3.179158626791808828e+01 9.303011478897458067e-03
3.204196438636942190e+01 9.094658363750002597e-03
3.229344668057169798e+01 8.921604795812517960e-03
3.254489998018084407e+01 8.735620093059046076e-03
3.279660140319880668e+01 8.518708216952625839e-03
3.304772754686901237e+01 8.337883847944704829e-03
3.329949953441923327e+01 8.199555371350227342e-03
3.355173249539067371e+01 8.069072062009175622e-03
3.380235474142784824e+01 7.918946171596719097e-03
3.405292218889088218e+01 7.731387679748652486e-03
3.430455901572810262e+01 7.556541038587092675e-03
3.455605119154291316e+01 7.431372176420066381e-03
3.480708698418615654e+01 7.290087666644674141e-03
3.505823042281740243e+01 7.127881024045911069e-03
3.530983122122644602e+01 6.958698193380663186e-03
3.556111974160763367e+01 6.841389150602626527e-03
3.581195885960364933e+01 6.749740368912005711e-03
3.606348577968052638e+01 6.582806611380233840e-03
3.631495136683125935e+01 6.525119221945566324e-03
3.656646781331610185e+01 6.350671117940369717e-03
3.681800948534306173e+01 6.245258501045326816e-03
3.706942350460822411e+01 6.152288623847522800e-03
3.732119977997001570e+01 6.057198308240052155e-03
3.757249197135423202e+01 5.865084136689758046e-03
3.782324055213251057e+01 5.786736440477118978e-03
3.807430609684078604e+01 5.681470978360362439e-03
3.832526519371521090e+01 5.664501642767548993e-03
3.857704530181875668e+01 5.467254947706754603e-03
3.882896255048217427e+01 5.394801861541032376e-03
3.907976684424035341e+01 5.335418906418201539e-03
3.933085588900704010e+01 5.202446349264863018e-03
3.958184533965361140e+01 5.131700387691410549e-03
3.983320492881626507e+01 5.061701403433968571e-03
4.008506787586624398e+01 4.950592632912250574e-03
4.033569471078550350e+01 4.847316521414167870e-03
4.058701345074587863e+01 4.789723636100478785e-03
4.083916815834436420e+01 4.740544593002319305e-03
4.108978611092747713e+01 4.609557458463918109e-03
4.134119394692694271e+01 4.551831814468733882e-03
4.159372926482761557e+01 4.512818895724835487e-03
4.184480996230068683e+01 4.436475764322017623e-03
4.209495048714620680e+01 4.336084960529837558e-03
4.234568601474854432e+01 4.279757821314527158e-03
4.259794184898333214e+01 4.238587942516521684e-03
4.284922176444433717e+01 4.125747116313652207e-03
4.309982534096671003e+01 4.072905996652943263e-03
4.335153475414617930e+01 4.050183219240968864e-03
4.360374984514007224e+01 3.956683723801917608e-03
4.385432838732079830e+01 3.870560116509242678e-03
4.410529766549178277e+01 3.791491500213174399e-03
4.435675536456894008e+01 3.754373372453632257e-03
4.460756668584335927e+01 3.722259758457553171e-03
4.485812369927145937e+01 3.655608011715174264e-03
4.510933196139897206e+01 3.611051403299508477e-03
4.536097672816924131e+01 3.518623499054604736e-03
4.561261869099184452e+01 3.473978301754338926e-03
4.586346064304911607e+01 3.469971143791840060e-03
4.611435299895526185e+01 3.377354259102570942e-03
4.636610302009028572e+01 3.347227848632343579e-03
4.661726081402038346e+01 3.258353340326997343e-03
4.686748045926628237e+01 3.228967924480257226e-03
4.712001000143001761e+01 3.186518690833136519e-03
4.737334269293729960e+01 3.176071324953310283e-03
4.762357272554871912e+01 3.071499872129066985e-03
4.787295862859781437e+01 3.076067068653614081e-03
4.812686710231834297e+01 3.030370644282875860e-03
4.837988354528783930e+01 2.927383247311184100e-03
4.862698975964909209e+01 2.956469405343476430e-03
4.887931961662670233e+01 2.850168227794465728e-03
4.913512531690142282e+01 2.832661462524574836e-03
4.938486646957150583e+01 2.827978990180191401e-03
4.963073103205424985e+01 2.824988239985931800e-03
4.988316058859187763e+01 2.697386780327899920e-03
5.013927392651110893e+01 2.712324911595323431e-03
5.038898445289544270e+01 2.623361235045524112e-03
5.063791314200675941e+01 2.625789747343948346e-03
5.089234515763529032e+01 2.574320826363901520e-03
5.114529266359630810e+01 2.589603801035687651e-03
5.138952878242714206e+01 2.552971684443307385e-03
5.163945178601188246e+01 2.551715224545179732e-03
5.190206698624180603e+01 2.422457839016029651e-03
5.215590084722179398e+01 2.405635606173845212e-03
5.238680673191466042e+01 2.459454505852707185e-03
5.263532591009818873e+01 2.335114695884104793e-03
5.290823119436031874e+01 2.318982707537278146e-03
5.316882575050344428e+01 2.335566789848401818e-03
5.338513341050097694e+01 2.358816645506239731e-03
5.363212510227822349e+01 2.161684723847916590e-03
5.391615723351310407e+01 2.045976424150595420e-03
5.419187693011466678e+01 2.033683485235743618e-03
5.439722241285236493e+01 2.115385112596384048e-03
5.462806064877949552e+01 2.188997991064001516e-03
5.491241494336609463e+01 1.668656146786485226e-03
5.519421446932921782e+01 2.233163921275195703e-03
5.543046826972861396e+01 1.474588301616958606e-03
5.561137265256709128e+01 1.102793927275270373e-03
