3.559856489878782115e-01 8.453970989776128135e+02
6.031648866026231293e-01 2.444602615171345974e+02
8.579160745827347778e-01 1.009965719271057480e+02
1.113464310595710716e+00 4.003745142904551102e+01
1.374039914321364408e+00 3.117385206139229581e+01
1.619154704570298309e+00 2.129905891750578206e+01
1.870686673430271840e+00 1.501159855635052232e+01
2.123290040706380832e+00 1.025520196717146781e+01
2.378144976376236119e+00 8.011202106666091893e+00
2.630489925835516996e+00 6.444584375004225762e+00
2.878653162679494670e+00 4.735527963318022948e+00
3.131144366275339319e+00 4.108958985619729276e+00
3.388159578333816313e+00 3.253307492784193400e+00
3.638741848210948149e+00 2.820531879451071866e+00
3.888315910732085268e+00 2.367709148905151828e+00
4.139052155837465996e+00 2.018526800416375888e+00
4.390305777018236988e+00 1.707264027222129110e+00
4.642172339120373081e+00 1.452577549025925396e+00
4.894678666149941293e+00 1.292800233011872413e+00
5.147269052361176378e+00 1.143890560755711494e+00
5.398003206656323272e+00 1.022596380168995900e+00
5.647798235368590269e+00 8.875199010851322345e-01
5.900534302989873581e+00 8.156335657575567444e-01
6.151460297009074374e+00 7.389946762066706976e-01
6.402630176204441526e+00 6.401188141802384157e-01
6.655964674748322096e+00 5.900536819540045386e-01
6.908782583105771202e+00 5.208002054099277744e-01
7.159060853508338873e+00 4.949137070745005529e-01
7.409414762591408632e+00 4.408967402629441201e-01
7.659227149364629561e+00 4.062033809965557851e-01
7.911559474606142395e+00 3.733286513084042579e-01
8.163750941790897997e+00 3.453866267699092774e-01
8.415757210439384295e+00 3.167595114326363648e-01
8.667638839289207198e+00 2.940767258634745529e-01
8.918801124864609520e+00 2.721678979097079676e-01
9.170480108345369530e+00 2.537252011739863922e-01
9.420566033467249412e+00 2.361456971939812355e-01
9.671642335271435797e+00 2.222839506458248182e-01
9.923426157758477473e+00 2.066320158409885588e-01
1.017396902749181820e+01 1.905987618355405588e-01
1.042533700753922155e+01 1.837090418838166483e-01
1.067702948358784276e+01 1.681811168934570777e-01
1.092969337256462303e+01 1.602188479856377912e-01
1.118211872033766419e+01 1.531231680498088832e-01
1.143346516925797296e+01 1.413825471401083111e-01
1.168350508557724687e+01 1.347685041158024066e-01
1.193379937775929100e+01 1.271297898907214896e-01
1.218553055762879112e+01 1.207431928735488574e-01
1.243711650801278878e+01 1.145996203249866480e-01
1.268867268647359303e+01 1.097932077855365146e-01
1.294075027177769144e+01 1.017620230907309853e-01
1.319267287020158363e+01 9.809301525737378069e-02
1.344470571782862756e+01 9.284541375030315458e-02
1.369480150283709641e+01 8.944942343067829871e-02
1.394591277066507828e+01 8.462264529034263516e-02
1.419764645764527167e+01 8.005758844928020923e-02
1.444766774168416212e+01 7.620355761569808095e-02
1.469906835825429070e+01 7.325266023604576349e-02
1.495059118111036511e+01 6.991179140457667862e-02
1.520261612590052991e+01 6.725616626024184808e-02
1.545415944503929495e+01 6.470907404421466502e-02
1.570456072545780124e+01 6.162379150632692204e-02
1.595705800128773966e+01 5.875934981864942147e-02
1.620829297830731619e+01 5.660390621459487209e-02
1.645966591028190962e+01 5.409756570186673164e-02
1.671125708846596325e+01 5.263111144904859817e-02
1.696160259490052624e+01 4.966734740204552245e-02
1.721370276108077135e+01 4.800555408174330546e-02
1.746543424102250341e+01 4.654354020307410050e-02
1.771598473288305442e+01 4.439771518970674069e-02
1.796653767411944003e+01 4.268492041300798318e-02
1.821765658501893270e+01 4.156926079225884557e-02
1.847053788120423334e+01 4.041083111249538229e-02
1.872257696809484173e+01 3.866450820267397503e-02
1.897394097105746269e+01 3.724729196614733062e-02
1.922542454726159988e+01 3.566956958167229186e-02
1.947607703355479103e+01 3.494085226703699115e-02
1.972678839839982601e+01 3.363800367504118233e-02
1.997802698857814363e+01 3.236551562631266588e-02
2.022863620534168660e+01 3.119069040551412236e-02
2.047969598507238231e+01 3.041902371370043198e-02
2.073250439107362553e+01 2.962799624412697924e-02
2.098435855211640089e+01 2.830836307577858785e-02
2.123502923393334640e+01 2.730260557265770660e-02
2.148629411178690773e+01 2.668807495965964602e-02
2.173831825513516591e+01 2.593871820496219255e-02
2.198972260956887226e+01 2.520545784436302450e-02
2.223974971000711420e+01 2.429238129547992009e-02
2.249141870643862973e+01 2.346580535571236512e-02
2.274404614890906373e+01 2.274700817308019513e-02
2.299521835768831579e+01 2.213958281805654058e-02
2.324620084136223852e+01 2.147444988301512592e-02
2.349757798664387209e+01 2.102332633817259253e-02
2.374870488118759937e+01 2.046348640686721648e-02
2.399988781917473091e+01 1.974247587267890028e-02
2.425071646049711305e+01 1.930965863268704202e-02
2.450187830577813841e+01 1.874364549074802530e-02
2.475391093216606109e+01 1.816296748789519161e-02
2.500524226975159792e+01 1.787233841511190469e-02
2.525610980153284402e+01 1.709150722067249301e-02
2.550801425092822328e+01 1.693792685433551104e-02
2.575943113325822864e+01 1.641337550951011554e-02
2.601074166866445125e+01 1.590409583572095428e-02
2.626234447079615464e+01 1.557521354885807625e-02
2.651347712943701751e+01 1.521728866945671124e-02
2.676474177984877656e+01 1.479893247913937303e-02
2.701628079430242479e+01 1.447869750929808505e-02
2.726734205837282232e+01 1.402820747644443686e-02
2.751837013544679422e+01 1.370861596869413744e-02
2.776937726815812724e+01 1.344160637019321640e-02
2.802070160973895341e+01 1.303190573389508000e-02
2.827249982643487058e+01 1.279770544524079859e-02
2.852407603869968966e+01 1.239525576249191595e-02
2.877567300468570721e+01 1.214076360739835790e-02
2.902733523039245256e+01 1.190361010680277692e-02
2.927861073083739996e+01 1.150826742911813076e-02
2.953003196193969160e+01 1.136806223152458245e-02
2.978106336846375157e+01 1.106767376873806462e-02
3.003148440777084716e+01 1.078887569969707791e-02
3.028303386126418673e+01 1.061989049361377127e-02
3.053456493440382857e+01 1.035577213702818140e-02
3.078585183944906944e+01 1.017139100255012515e-02
3.103757946070165730e+01 9.918223887111761103e-03
3.128931656795834826e+01 9.744620816471897748e-03
3.154125974608096428e+01 9.548630440446518458e-03
3.179158626791808828e+01 9.282015210319091367e-03
3.204196438636942190e+01 9.075790230096804703e-03
3.229344668057169798e+01 8.942854648229477121e-03
3.254489998018084407e+01 8.721929034448962573e-03
3.279660140319880668e+01 8.524200603420213976e-03
3.304772754686901237e+01 8.366415117863750320e-03
3.329949953441923327e+01 8.156986889160829785e-03
3.355173249539067371e+01 8.008717199983049484e-03
3.380235474142784824e+01 7.822837739162267004e-03
3.405292218889088218e+01 7.665299104954887213e-03
3.430455901572810262e+01 7.600467183465002378e-03
3.455605119154291316e+01 7.445253407725083497e-03
3.480708698418615654e+01 7.280381469020115980e-03
3.505823042281740243e+01 7.149064443654396320e-03
3.530983122122644602e+01 6.990912824147211581e-03
3.556111974160763367e+01 6.862108657288108066e-03
3.581195885960364933e+01 6.756273529736949758e-03
3.606348577968052638e+01 6.624893147310324283e-03
3.631495136683125935e+01 6.502008186781290180e-03
3.656646781331610185e+01 6.342735430823353941e-03
3.681800948534306173e+01 6.184465074263695121e-03
3.706942350460822411e+01 6.141398424429516008e-03
3.732119977997001570e+01 6.016038238054896570e-03
3.757249197135423202e+01 5.883458742884838978e-03
3.782324055213251057e+01 5.769903960791269298e-03
3.807430609684078604e+01 5.721770220782779366e-03
3.832526519371521090e+01 5.615943500827367402e-03
3.857704530181875668e+01 5.494038596598733656e-03
3.882896255048217427e+01 5.369855538147993816e-03
3.907976684424035341e+01 5.320075901216390207e-03
3.933085588900704010e+01 5.243273782715434685e-03
3.958184533965361140e+01 5.159913172141682332e-03
3.983320492881626507e+01 5.005046822368146645e-03
4.008506787586624398e+01 4.991415628193849284e-03
4.033569471078550350e+01 4.875587735195045271e-03
4.058701345074587863e+01 4.772966102079580913e-03
4.083916815834436420e+01 4.684673423593883369e-03
4.108978611092747713e+01 4.605120028607584057e-03
4.134119394692694271e+01 4.539020898662610853e-03
4.159372926482761557e+01 4.482076684792182797e-03
4.184480996230068683e+01 4.473571227286409283e-03
4.209495048714620680e+01 4.314889781226285623e-03
4.234568601474854432e+01 4.284426451975227243e-03
4.259794184898333214e+01 4.203099749950537506e-03
4.284922176444433717e+01 4.157733514128625352e-03
4.309982534096671003e+01 4.094057093453848731e-03
4.335153475414617930e+01 3.947790097872693957e-03
4.360374984514007224e+01 3.918800139702273248e-03
4.385432838732079830e+01 3.846412240264208277e-03
4.410529766549178277e+01 3.831155193580492498e-03
4.435675536456894008e+01 3.728580470390899845e-03
4.460756668584335927e+01 3.704895297387262101e-03
4.485812369927145937e+01 3.657853035291047401e-03
4.510933196139897206e+01 3.556916297727902472e-03
4.536097672816924131e+01 3.522043359497930431e-03
4.561261869099184452e+01 3.455873131241714476e-03
4.586346064304911607e+01 3.451935543931817282e-03
4.611435299895526185e+01 3.372433201079051614e-03
4.636610302009028572e+01 3.341207937181438908e-03
4.661726081402038346e+01 3.270905389778294876e-03
4.686748045926628237e+01 3.208309980738413992e-03
4.712001000143001761e+01 3.161136897290065320e-03
4.737334269293729960e+01 3.173797324206078553e-03
4.762357272554871912e+01 3.111637912082936084e-03
4.787295862859781437e+01 3.075171013156153925e-03
4.812686710231834297e+01 3.001431623431839290e-03
4.837988354528783930e+01 2.970591106441399388e-03
4.862698975964909209e+01 2.939696766901448918e-03
4.887931961662670233e+01 2.883639321529263624e-03
4.913512531690142282e+01 2.818311908716393793e-03
4.938486646957150583e+01 2.847006838814114971e-03
4.963073103205424985e+01 2.760620671303514167e-03
4.988316058859187763e+01 2.735999596759710901e-03
5.013927392651110893e+01 2.704614212007304657e-03
5.038898445289544270e+01 2.569673023137384986e-03
5.063791314200675941e+01 2.607226543513698272e-03
5.089234515763529032e+01 2.570388097028696115e-03
5.114529266359630810e+01 2.526929933160177843e-03
5.138952878242714206e+01 2.567780135418708774e-03
5.163945178601188246e+01 2.488523124623785113e-03
5.190206698624180603e+01 2.440187422643218945e-03
5.215590084722179398e+01 2.499259970936158499e-03
5.238680673191466042e+01 2.292222322173050400e-03
5.263532591009818873e+01 2.463560580130058197e-03
5.290823119436031874e+01 2.348441503105971103e-03
5.316882575050344428e+01 2.246448352723047232e-03
5.338513341050097694e+01 2.125729296660468573e-03
5.363212510227822349e+01 2.294097193944705498e-03
5.391615723351310407e+01 2.133218791015198314e-03
5.419187693011466678e+01 2.059951004949219389e-03
5.439722241285236493e+01 2.201433631151988781e-03
5.462806064877949552e+01 2.296674092422501361e-03
5.491241494336609463e+01 1.962359984354803289e-03
5.519421446932921782e+01 2.065547752612293710e-03
5.543046826972861396e+01 3.121487080872553926e-03
5.561137265256709128e+01 1.223798730350298151e-03
