3.559856489878782115e-01 4.497037457431435428e+02
6.031648866026231293e-01 1.620968550853183388e+02
8.579160745827347778e-01 8.817756549149994783e+01
1.113464310595710716e+00 4.529020797349659233e+01
1.374039914321364408e+00 3.208870277009882699e+01
1.619154704570298309e+00 2.130806490176391321e+01
1.870686673430271840e+00 1.429407267575044926e+01
2.123290040706380832e+00 1.086773490760866423e+01
2.378144976376236119e+00 7.225995172912023534e+00
2.630489925835516996e+00 6.587411700012220983e+00
2.878653162679494670e+00 4.953920050607335313e+00
3.131144366275339319e+00 4.204457001720201426e+00
3.388159578333816313e+00 3.136005097085538651e+00
3.638741848210948149e+00 2.697589452145284117e+00
3.888315910732085268e+00 2.337414772076816583e+00
4.139052155837465996e+00 1.973680147086253278e+00
4.390305777018236988e+00 1.640289773914481941e+00
4.642172339120373081e+00 1.470849043837262338e+00
4.894678666149941293e+00 1.271005232898249293e+00
5.147269052361176378e+00 1.157905594801959204e+00
5.398003206656323272e+00 1.043641389826253763e+00
5.647798235368590269e+00 8.883542184644784845e-01
5.900534302989873581e+00 7.918177328658352332e-01
6.151460297009074374e+00 7.225074610849869794e-01
6.402630176204441526e+00 6.424538233578503954e-01
6.655964674748322096e+00 5.993811556085457681e-01
6.908782583105771202e+00 5.358931361015468742e-01
7.159060853508338873e+00 4.892415501367045061e-01
7.409414762591408632e+00 4.495090894804912307e-01
7.659227149364629561e+00 4.167597599155957178e-01
7.911559474606142395e+00 3.739659059073063840e-01
8.163750941790897997e+00 3.446499179892926756e-01
8.415757210439384295e+00 3.199972913433591915e-01
8.667638839289207198e+00 2.951882986795177355e-01
8.918801124864609520e+00 2.767729306127679201e-01
9.170480108345369530e+00 2.519897056580854278e-01
9.420566033467249412e+00 2.378284223342182757e-01
9.671642335271435797e+00 2.223776518175161754e-01
9.923426157758477473e+00 2.046348172644752994e-01
1.017396902749181820e+01 1.927778982186713341e-01
1.042533700753922155e+01 1.799969137587426049e-01
1.067702948358784276e+01 1.708098760031107610e-01
1.092969337256462303e+01 1.581045170710495551e-01
1.118211872033766419e+01 1.516310617100690150e-01
1.143346516925797296e+01 1.429328444979317547e-01
1.168350508557724687e+01 1.337576424764278793e-01
1.193379937775929100e+01 1.293192825293504600e-01
1.218553055762879112e+01 1.207324381784054129e-01
1.243711650801278878e+01 1.147266835874661689e-01
1.268867268647359303e+01 1.080529019720033873e-01
1.294075027177769144e+01 1.043566738597348637e-01
1.319267287020158363e+01 9.840457221870997639e-02
1.344470571782862756e+01 9.207287978453751465e-02
1.369480150283709641e+01 8.762097686369070548e-02
1.394591277066507828e+01 8.473730245816768480e-02
1.419764645764527167e+01 8.057147189159429013e-02
1.444766774168416212e+01 7.714444515991233930e-02
1.469906835825429070e+01 7.374682526367945523e-02
1.495059118111036511e+01 7.071758508288067402e-02
1.520261612590052991e+01 6.726375618783499155e-02
1.545415944503929495e+01 6.463664233713850571e-02
1.570456072545780124e+01 6.159474336925396809e-02
1.595705800128773966e+01 5.861636210080135856e-02
1.620829297830731619e+01 5.679904647246625943e-02
1.645966591028190962e+01 5.448884002922343983e-02
1.671125708846596325e+01 5.231855957194288947e-02
1.696160259490052624e+01 5.063709237487915016e-02
1.721370276108077135e+01 4.757573565731510606e-02
1.746543424102250341e+01 4.649553154898255353e-02
1.771598473288305442e+01 4.502057359119351204e-02
1.796653767411944003e+01 4.291197259825287741e-02
1.821765658501893270e+01 4.118257255849230164e-02
1.847053788120423334e+01 3.984216384416485596e-02
1.872257696809484173e+01 3.907362058663110815e-02
1.897394097105746269e+01 3.740545558551826993e-02
1.922542454726159988e+01 3.604730960059093769e-02
1.947607703355479103e+01 3.485891966128926850e-02
1.972678839839982601e+01 3.358163592726724073e-02
1.997802698857814363e+01 3.244807241150193811e-02
2.022863620534168660e+01 3.131667283949273600e-02
2.047969598507238231e+01 3.048697795353179363e-02
2.073250439107362553e+01 2.940508077959317831e-02
2.098435855211640089e+01 2.852853100092125546e-02
2.123502923393334640e+01 2.722753454312135807e-02
2.148629411178690773e+01 2.660307478207717125e-02
2.173831825513516591e+01 2.570333463980337477e-02
2.198972260956887226e+01 2.505380912695756579e-02
2.223974971000711420e+01 2.424420559730900565e-02
2.249141870643862973e+01 2.367515473525270628e-02
2.274404614890906373e+01 2.287972459639782061e-02
2.299521835768831579e+01 2.225822507049151841e-02
2.324620084136223852e+01 2.162352837967971425e-02
2.349757798664387209e+01 2.098991764715150976e-02
2.374870488118759937e+01 2.046019922669728777e-02
2.399988781917473091e+01 1.993346617101138946e-02
2.425071646049711305e+01 1.925215720325827370e-02
2.450187830577813841e+01 1.889680203834020328e-02
2.475391093216606109e+01 1.837899506120765220e-02
2.500524226975159792e+01 1.767277308017868587e-02
2.525610980153284402e+01 1.721517691816990686e-02
2.550801425092822328e+01 1.693408661403239188e-02
2.575943113325822864e+01 1.627937724004537706e-02
2.601074166866445125e+01 1.601637253219581267e-02
2.626234447079615464e+01 1.558847331367664742e-02
2.651347712943701751e+01 1.511897312012932919e-02
2.676474177984877656e+01 1.474275435165536829e-02
2.701628079430242479e+01 1.443572909942457058e-02
2.726734205837282232e+01 1.415525621216618540e-02
2.751837013544679422e+01 1.372650664522502735e-02
2.776937726815812724e+01 1.340470722643910192e-02
2.802070160973895341e+01 1.313515635790909498e-02
2.827249982643487058e+01 1.269659274073673370e-02
2.852407603869968966e+01 1.246843658101073546e-02
2.877567300468570721e+01 1.219771774100909291e-02
2.902733523039245256e+01 1.185652162546110139e-02
2.927861073083739996e+01 1.158360870424232809e-02
2.953003196193969160e+01 1.145362013795419784e-02
2.978106336846375157e+01 1.110135341842799148e-02
3.003148440777084716e+01 1.084337150435992804e-02
3.028303386126418673e+01 1.061250444365663403e-02
3.053456493440382857e+01 1.042106252795622391e-02
3.078585183944906944e+01 1.010520239088842469e-02
3.103757946070165730e+01 9.869896953571719381e-03
3.128931656795834826e+01 9.683064506326432078e-03
3.154125974608096428e+01 9.459523405162647419e-03
3.179158626791808828e+01 9.293188570029033493e-03
3.204196438636942190e+01 9.077252100340743590e-03
3.229344668057169798e+01 8.906889950982590717e-03
3.254489998018084407e+01 8.748614670652511000e-03
3.279660140319880668e+01 8.532274651354412529e-03
3.304772754686901237e+01 8.384335441126896868e-03
3.329949953441923327e+01 8.183631446168314338e-03
3.355173249539067371e+01 8.025229244525845795e-03
3.380235474142784824e+01 7.849365608705582975e-03
3.405292218889088218e+01 7.682961772102426569e-03
3.430455901572810262e+01 7.511225379372707574e-03
3.455605119154291316e+01 7.417571947611799332e-03
3.480708698418615654e+01 7.254532169384960219e-03
3.505823042281740243e+01 7.106728330362307479e-03
3.530983122122644602e+01 7.000987257900007955e-03
3.556111974160763367e+01 6.856819755582486443e-03
3.581195885960364933e+01 6.719313054538589985e-03
3.606348577968052638e+01 6.584777490259497053e-03
3.631495136683125935e+01 6.456480444914659486e-03
3.656646781331610185e+01 6.357003328874194330e-03
3.681800948534306173e+01 6.224679835167518799e-03
3.706942350460822411e+01 6.117085873864796901e-03
3.732119977997001570e+01 6.050257981616822406e-03
3.757249197135423202e+01 5.923026900620149277e-03
3.782324055213251057e+01 5.797679300798249183e-03
3.807430609684078604e+01 5.722189368372287456e-03
3.832526519371521090e+01 5.540035058308355118e-03
3.857704530181875668e+01 5.496071389618067786e-03
3.882896255048217427e+01 5.407097872976831913e-03
3.907976684424035341e+01 5.308938518412918521e-03
3.933085588900704010e+01 5.240971905397818868e-03
3.958184533965361140e+01 5.149259426719928270e-03
3.983320492881626507e+01 5.049004278916222749e-03
4.008506787586624398e+01 4.961953949723119442e-03
4.033569471078550350e+01 4.860819625875245457e-03
4.058701345074587863e+01 4.787369628336446761e-03
4.083916815834436420e+01 4.748220347394752766e-03
4.108978611092747713e+01 4.653453662558568009e-03
4.134119394692694271e+01 4.553815314941376050e-03
4.159372926482761557e+01 4.471975151769428183e-03
4.184480996230068683e+01 4.411568341281889294e-03
4.209495048714620680e+01 4.352292023686769352e-03
4.234568601474854432e+01 4.296508685953487686e-03
4.259794184898333214e+01 4.182906875511188845e-03
4.284922176444433717e+01 4.131045131181669550e-03
4.309982534096671003e+01 4.086304153086846823e-03
4.335153475414617930e+01 3.978579386701254668e-03
4.360374984514007224e+01 3.911509133075278741e-03
4.385432838732079830e+01 3.883511401646533821e-03
4.410529766549178277e+01 3.822475732712070362e-03
4.435675536456894008e+01 3.783182138289178237e-03
4.460756668584335927e+01 3.700023745925063237e-03
4.485812369927145937e+01 3.614818115859956722e-03
4.510933196139897206e+01 3.606538217295455779e-03
4.536097672816924131e+01 3.512076197568423687e-03
4.561261869099184452e+01 3.466766609880759641e-03
4.586346064304911607e+01 3.396508396273998330e-03
4.611435299895526185e+01 3.387241085467478617e-03
4.636610302009028572e+01 3.358934516651874112e-03
4.661726081402038346e+01 3.293171468245259092e-03
4.686748045926628237e+01 3.233142199782631458e-03
4.712001000143001761e+01 3.166021916290717546e-03
4.737334269293729960e+01 3.151893161280753305e-03
4.762357272554871912e+01 3.106648870986002120e-03
4.787295862859781437e+01 3.095436662725169034e-03
4.812686710231834297e+01 3.012041503936847570e-03
4.837988354528783930e+01 2.958871743284614917e-03
4.862698975964909209e+01 2.899674570705271324e-03
4.887931961662670233e+01 2.858183468878733834e-03
4.913512531690142282e+01 2.830366435692449958e-03
4.938486646957150583e+01 2.761794923372535692e-03
4.963073103205424985e+01 2.771631463586230696e-03
4.988316058859187763e+01 2.739716426513134385e-03
5.013927392651110893e+01 2.601885227247892340e-03
5.038898445289544270e+01 2.671980011498919453e-03
5.063791314200675941e+01 2.658662986148894753e-03
5.089234515763529032e+01 2.564561573552883497e-03
5.114529266359630810e+01 2.514617995496186160e-03
5.138952878242714206e+01 2.599333655684270446e-03
5.163945178601188246e+01 2.425398450226158055e-03
5.190206698624180603e+01 2.461845530150632861e-03
5.215590084722179398e+01 2.288971581004533868e-03
5.238680673191466042e+01 2.360842490649486466e-03
5.263532591009818873e+01 2.384180225674009494e-03
5.290823119436031874e+01 2.325600620721200284e-03
5.316882575050344428e+01 2.123973431664268052e-03
5.338513341050097694e+01 2.381869058416672107e-03
5.363212510227822349e+01 2.148386473456565578e-03
5.391615723351310407e+01 2.273310427404920658e-03
5.419187693011466678e+01 2.269875419831945875e-03
5.439722241285236493e+01 2.089686738681820893e-03
5.462806064877949552e+01 2.259055428821463846e-03
5.491241494336609463e+01 2.283883693566557925e-03
5.519421446932921782e+01 2.006459565624543230e-03
5.543046826972861396e+01 1.806505784617886204e-03
5.561137265256709128e+01 2.451009442407244172e-03
