3.559856489878782115e-01 8.648796827737646709e+02
6.031648866026231293e-01 1.754406823484320626e+02
8.579160745827347778e-01 8.087517388653182593e+01
1.113464310595710716e+00 4.919358364927808225e+01
1.374039914321364408e+00 2.990028255571799676e+01
1.619154704570298309e+00 2.074662261756863657e+01
1.870686673430271840e+00 1.413510419353307235e+01
2.123290040706380832e+00 1.025072928531787220e+01
2.378144976376236119e+00 8.185432396637169816e+00
2.630489925835516996e+00 6.063289606784155517e+00
2.878653162679494670e+00 5.010527892489327506e+00
3.131144366275339319e+00 4.099013196195230080e+00
3.388159578333816313e+00 3.118243418053494143e+00
3.638741848210948149e+00 2.775196802427309262e+00
3.888315910732085268e+00 2.410927279219542640e+00
4.139052155837465996e+00 2.036351957744894747e+00
4.390305777018236988e+00 1.714443401048583171e+00
4.642172339120373081e+00 1.531548580341442589e+00
4.894678666149941293e+00 1.336792964055715460e+00
5.147269052361176378e+00 1.119901421758514370e+00
5.398003206656323272e+00 1.012997400152253924e+00
5.647798235368590269e+00 9.099886355016338912e-01
5.900534302989873581e+00 8.117219947452659623e-01
6.151460297009074374e+00 6.936712794265208482e-01
6.402630176204441526e+00 6.413481409005040712e-01
6.655964674748322096e+00 6.020351681090326812e-01
6.908782583105771202e+00 5.436477987688462798e-01
7.159060853508338873e+00 4.830946118208313544e-01
7.409414762591408632e+00 4.478340123096037351e-01
7.659227149364629561e+00 4.154722684519578380e-01
7.911559474606142395e+00 3.739032850397075447e-01
8.163750941790897997e+00 3.431616399707091980e-01
8.415757210439384295e+00 3.209443371062782879e-01
8.667638839289207198e+00 2.956608953219357905e-01
8.918801124864609520e+00 2.752876279017823502e-01
9.170480108345369530e+00 2.518640862289187043e-01
9.420566033467249412e+00 2.337387127730207181e-01
9.671642335271435797e+00 2.169586366743631312e-01
9.923426157758477473e+00 2.100478067238030211e-01
1.017396902749181820e+01 1.915606790995170172e-01
1.042533700753922155e+01 1.788148510766054688e-01
1.067702948358784276e+01 1.731378979565555143e-01
1.092969337256462303e+01 1.619683945104524736e-01
1.118211872033766419e+01 1.515162871104502595e-01
1.143346516925797296e+01 1.422585872753811820e-01
1.168350508557724687e+01 1.335292413010705503e-01
1.193379937775929100e+01 1.279839385648670891e-01
1.218553055762879112e+01 1.202643488520409171e-01
1.243711650801278878e+01 1.143971216466389690e-01
1.268867268647359303e+01 1.076947261397525335e-01
1.294075027177769144e+01 1.013269415781246352e-01
1.319267287020158363e+01 9.846386924242322980e-02
1.344470571782862756e+01 9.389943843733607187e-02
1.369480150283709641e+01 8.791690197626421399e-02
1.394591277066507828e+01 8.428732514872569470e-02
1.419764645764527167e+01 8.145079748543689047e-02
1.444766774168416212e+01 7.697481323351086646e-02
1.469906835825429070e+01 7.339841943814535974e-02
1.495059118111036511e+01 7.002380893571798215e-02
1.520261612590052991e+01 6.715853700868529286e-02
1.545415944503929495e+01 6.417703378466986519e-02
1.570456072545780124e+01 6.192423980390610733e-02
1.595705800128773966e+01 5.885305582049124573e-02
1.620829297830731619e+01 5.682645135511762979e-02
1.645966591028190962e+01 5.422698672822712923e-02
1.671125708846596325e+01 5.225241953384093807e-02
1.696160259490052624e+01 5.004778639026793985e-02
1.721370276108077135e+01 4.820664209395774530e-02
1.746543424102250341e+01 4.629616471922319565e-02
1.771598473288305442e+01 4.428416750536365298e-02
1.796653767411944003e+01 4.281845472014055715e-02
1.821765658501893270e+01 4.193411748960929053e-02
1.847053788120423334e+01 3.998976651043986003e-02
1.872257696809484173e+01 3.866261986655512156e-02
1.897394097105746269e+01 3.718282086277199111e-02
1.922542454726159988e+01 3.610993533821751228e-02
1.947607703355479103e+01 3.484921158175922906e-02
1.972678839839982601e+01 3.371480903426941900e-02
1.997802698857814363e+01 3.245317188191712554e-02
2.022863620534168660e+01 3.153737797377888924e-02
2.047969598507238231e+01 3.026871384930884812e-02
2.073250439107362553e+01 2.948108079152402319e-02
2.098435855211640089e+01 2.827201323225727106e-02
2.123502923393334640e+01 2.755244529918243063e-02
2.148629411178690773e+01 2.652249139172414491e-02
2.173831825513516591e+01 2.578004193580522851e-02
2.198972260956887226e+01 2.517183926511160075e-02
2.223974971000711420e+01 2.441099204186959748e-02
2.249141870643862973e+01 2.377716678745001380e-02
2.274404614890906373e+01 2.286601481646105549e-02
2.299521835768831579e+01 2.227414287805905974e-02
2.324620084136223852e+01 2.158211143995782816e-02
2.349757798664387209e+01 2.104292614678500428e-02
2.374870488118759937e+01 2.047976502654775058e-02
2.399988781917473091e+01 1.975028648686423874e-02
2.425071646049711305e+01 1.919854554073337216e-02
2.450187830577813841e+01 1.876761419777452783e-02
2.475391093216606109e+01 1.828082476377911741e-02
2.500524226975159792e+01 1.786895984592151709e-02
2.525610980153284402e+01 1.728587855816665630e-02
2.550801425092822328e+01 1.687883649986209739e-02
2.575943113325822864e+01 1.646426294921853745e-02
2.601074166866445125e+01 1.604501614470709922e-02
2.626234447079615464e+01 1.556659232129849885e-02
2.651347712943701751e+01 1.508543105948062686e-02
2.676474177984877656e+01 1.476763146671857332e-02
2.701628079430242479e+01 1.442738226288400351e-02
2.726734205837282232e+01 1.399310117038585558e-02
2.751837013544679422e+01 1.367971148533517374e-02
2.776937726815812724e+01 1.345022842641234971e-02
2.802070160973895341e+01 1.300469576771953392e-02
2.827249982643487058e+01 1.278513368494972775e-02
2.852407603869968966e+01 1.241306758488729123e-02
2.877567300468570721e+01 1.216847262152036084e-02
2.902733523039245256e+01 1.189164515470239082e-02
2.927861073083739996e+01 1.158295633022617122e-02
2.953003196193969160e+01 1.136227897270540924e-02
2.978106336846375157e+01 1.103236694809187068e-02
3.003148440777084716e+01 1.086022094484247885e-02
3.028303386126418673e+01 1.064554660589397614e-02
3.053456493440382857e+01 1.041435201116352842e-02
3.078585183944906944e+01 1.014252171246703832e-02
3.103757946070165730e+01 9.938601243556350467e-03
3.128931656795834826e+01 9.757898142021947246e-03
3.154125974608096428e+01 9.420387917794637717e-03
3.179158626791808828e+01 9.344911641916650927e-03
3.204196438636942190e+01 9.095987628969947128e-03
3.229344668057169798e+01 8.956748227222914582e-03
3.254489998018084407e+01 8.696619004384897877e-03
3.279660140319880668e+01 8.535015826781127898e-03
3.304772754686901237e+01 8.432038566760382756e-03
3.329949953441923327e+01 8.224565166024721402e-03
3.355173249539067371e+01 8.043341368736535088e-03
3.380235474142784824e+01 7.859882338748930275e-03
3.405292218889088218e+01 7.734107265817352986e-03
3.430455901572810262e+01 7.549299053569126332e-03
3.455605119154291316e+01 7.439261938827815800e-03
3.480708698418615654e+01 7.278938658113746213e-03
3.505823042281740243e+01 7.148840135520239183e-03
3.530983122122644602e+01 6.968353625026038785e-03
3.556111974160763367e+01 6.840696892169924152e-03
3.581195885960364933e+01 6.726437798706103900e-03
3.606348577968052638e+01 6.614896771724205690e-03
3.631495136683125935e+01 6.470015605244508992e-03
3.656646781331610185e+01 6.383126145852206432e-03
3.681800948534306173e+01 6.216570881564741601e-03
3.706942350460822411e+01 6.132182796730174801e-03
3.732119977997001570e+01 6.064098549616325079e-03
3.757249197135423202e+01 5.906697912812738406e-03
3.782324055213251057e+01 5.807132486364762272e-03
3.807430609684078604e+01 5.760805173228500907e-03
3.832526519371521090e+01 5.609796026304440623e-03
3.857704530181875668e+01 5.522481420613861540e-03
3.882896255048217427e+01 5.385109615538079611e-03
3.907976684424035341e+01 5.329058120755517797e-03
3.933085588900704010e+01 5.225762530423386752e-03
3.958184533965361140e+01 5.128686584811746260e-03
3.983320492881626507e+01 5.012587874048927625e-03
4.008506787586624398e+01 4.967378690807077064e-03
4.033569471078550350e+01 4.866725601954408759e-03
4.058701345074587863e+01 4.797863690121788142e-03
4.083916815834436420e+01 4.721815621479647125e-03
4.108978611092747713e+01 4.637897314865527948e-03
4.134119394692694271e+01 4.554784268747214676e-03
4.159372926482761557e+01 4.472339327828234699e-03
4.184480996230068683e+01 4.400487908049465283e-03
4.209495048714620680e+01 4.337269055464728663e-03
4.234568601474854432e+01 4.256171869997831154e-03
4.259794184898333214e+01 4.186652889032684184e-03
4.284922176444433717e+01 4.187976029682993415e-03
4.309982534096671003e+01 4.079502719882461409e-03
4.335153475414617930e+01 4.009767345840875054e-03
4.360374984514007224e+01 3.942372597527102861e-03
4.385432838732079830e+01 3.903691756770922335e-03
4.410529766549178277e+01 3.833870562985022389e-03
4.435675536456894008e+01 3.725765208788365743e-03
4.460756668584335927e+01 3.691094103613443578e-03
4.485812369927145937e+01 3.646784669598235069e-03
4.510933196139897206e+01 3.593347521972134560e-03
4.536097672816924131e+01 3.548903612494415816e-03
4.561261869099184452e+01 3.527659443674710082e-03
4.586346064304911607e+01 3.454807392917238953e-03
4.611435299895526185e+01 3.375311016114540454e-03
4.636610302009028572e+01 3.341894087901732969e-03
4.661726081402038346e+01 3.298931455021638596e-03
4.686748045926628237e+01 3.243976692547674134e-03
4.712001000143001761e+01 3.198497202004204829e-03
4.737334269293729960e+01 3.135382234560998155e-03
4.762357272554871912e+01 3.070501806716422616e-03
4.787295862859781437e+01 3.050270781788923420e-03
4.812686710231834297e+01 3.020211892480039600e-03
4.837988354528783930e+01 2.992502685079550997e-03
4.862698975964909209e+01 2.957485248107695128e-03
4.887931961662670233e+01 2.832323118031700605e-03
4.913512531690142282e+01 2.840490093979163196e-03
4.938486646957150583e+01 2.732068290569699201e-03
4.963073103205424985e+01 2.705917474033972189e-03
4.988316058859187763e+01 2.777467710519958884e-03
5.013927392651110893e+01 2.704190771446061525e-03
5.038898445289544270e+01 2.679048311655422236e-03
5.063791314200675941e+01 2.540951671860627089e-03
5.089234515763529032e+01 2.544849097860709623e-03
5.114529266359630810e+01 2.552583238052700144e-03
5.138952878242714206e+01 2.488866651362281988e-03
5.163945178601188246e+01 2.444636332219109025e-03
5.190206698624180603e+01 2.522379205008293702e-03
5.215590084722179398e+01 2.344591066422410577e-03
5.238680673191466042e+01 2.288151964406233679e-03
5.263532591009818873e+01 2.372305802654135765e-03
5.290823119436031874e+01 2.419002931235842303e-03
5.316882575050344428e+01 2.343189572788030844e-03
5.338513341050097694e+01 2.165262493124554908e-03
5.363212510227822349e+01 2.130779312971424998e-03
5.391615723351310407e+01 2.139574550957284993e-03
5.419187693011466678e+01 2.138590782672894052e-03
5.439722241285236493e+01 2.389518461943059523e-03
5.462806064877949552e+01 2.233467245062014349e-03
5.491241494336609463e+01 1.951547339490786919e-03
5.519421446932921782e+01 1.985849153892023725e-03
5.543046826972861396e+01 2.112021449814120364e-03
5.561137265256709128e+01 2.150214055592051046e-03
