3.559856489878782115e-01 6.961789849070421496e+02
6.031648866026231293e-01 2.716413980105221526e+02
8.579160745827347778e-01 1.049538115187465763e+02
1.113464310595710716e+00 4.464939514226312411e+01
1.374039914321364408e+00 3.072846728213827916e+01
1.619154704570298309e+00 1.849752033992982803e+01
1.870686673430271840e+00 1.383473338597416102e+01
2.123290040706380832e+00 1.065396632365046692e+01
2.378144976376236119e+00 8.214041380177157237e+00
2.630489925835516996e+00 6.274981494175699837e+00
2.878653162679494670e+00 5.325000197253971557e+00
3.131144366275339319e+00 3.970422007260949737e+00
3.388159578333816313e+00 3.238538378397242123e+00
3.638741848210948149e+00 2.702734793777187061e+00
3.888315910732085268e+00 2.289576758095309028e+00
4.139052155837465996e+00 2.084314263634430286e+00
4.390305777018236988e+00 1.685322578317517639e+00
4.642172339120373081e+00 1.454362550614575422e+00
4.894678666149941293e+00 1.261127724230170166e+00
5.147269052361176378e+00 1.123433142163615228e+00
5.398003206656323272e+00 1.006134343881448290e+00
5.647798235368590269e+00 9.171116834324071210e-01
5.900534302989873581e+00 7.994938628713607054e-01
6.151460297009074374e+00 7.042621612332021774e-01
6.402630176204441526e+00 6.619903933497457427e-01
6.655964674748322096e+00 5.725701161579137555e-01
6.908782583105771202e+00 5.295929238510961312e-01
7.159060853508338873e+00 4.806979912765019791e-01
7.409414762591408632e+00 4.480649541388602164e-01
7.659227149364629561e+00 4.214897191875635052e-01
7.911559474606142395e+00 3.674625728484108844e-01
8.163750941790897997e+00 3.428855894502948476e-01
8.415757210439384295e+00 3.223890500801601111e-01
8.667638839289207198e+00 2.946944144890057959e-01
8.918801124864609520e+00 2.740077624510357523e-01
9.170480108345369530e+00 2.508897833796752685e-01
9.420566033467249412e+00 2.345048866698297430e-01
9.671642335271435797e+00 2.286154748410267334e-01
9.923426157758477473e+00 2.056364973279811714e-01
1.017396902749181820e+01 1.945470967799469153e-01
1.042533700753922155e+01 1.820065917670161126e-01
1.067702948358784276e+01 1.675381139681014764e-01
1.092969337256462303e+01 1.612562282496717014e-01
1.118211872033766419e+01 1.509226396984058582e-01
1.143346516925797296e+01 1.411808966006702637e-01
1.168350508557724687e+01 1.351013298995069611e-01
1.193379937775929100e+01 1.269295361827003921e-01
1.218553055762879112e+01 1.207011882150346022e-01
1.243711650801278878e+01 1.143530324569061174e-01
1.268867268647359303e+01 1.091052368093731739e-01
1.294075027177769144e+01 1.016734210187560800e-01
1.319267287020158363e+01 9.749239125598450906e-02
1.344470571782862756e+01 9.359017326534876946e-02
1.369480150283709641e+01 8.839023785816660372e-02
1.394591277066507828e+01 8.490783870834331393e-02
1.419764645764527167e+01 8.026743476014885914e-02
1.444766774168416212e+01 7.697064457959824912e-02
1.469906835825429070e+01 7.353917871561052588e-02
1.495059118111036511e+01 6.963415258484596804e-02
1.520261612590052991e+01 6.777778002241754973e-02
1.545415944503929495e+01 6.446449864060498081e-02
1.570456072545780124e+01 6.099490722931899533e-02
1.595705800128773966e+01 5.908840130436642663e-02
1.620829297830731619e+01 5.678281083339564717e-02
1.645966591028190962e+01 5.435956530622021443e-02
1.671125708846596325e+01 5.241516410025066908e-02
1.696160259490052624e+01 4.963406351203904221e-02
1.721370276108077135e+01 4.791971768573949353e-02
1.746543424102250341e+01 4.600860752438543783e-02
1.771598473288305442e+01 4.478524420634824588e-02
1.796653767411944003e+01 4.333032324085465264e-02
1.821765658501893270e+01 4.134422469407668388e-02
1.847053788120423334e+01 4.005710899669435304e-02
1.872257696809484173e+01 3.860453664324515338e-02
1.897394097105746269e+01 3.713520956903691717e-02
1.922542454726159988e+01 3.595582011004629791e-02
1.947607703355479103e+01 3.455203210837528432e-02
1.972678839839982601e+01 3.335665433993592610e-02
1.997802698857814363e+01 3.219787794438487560e-02
2.022863620534168660e+01 3.137668334864324865e-02
2.047969598507238231e+01 3.011591396783239866e-02
2.073250439107362553e+01 2.922635480760716817e-02
2.098435855211640089e+01 2.820892886518111542e-02
2.123502923393334640e+01 2.742748382902457024e-02
2.148629411178690773e+01 2.673631956579293478e-02
2.173831825513516591e+01 2.596114192282726954e-02
2.198972260956887226e+01 2.511918832910744678e-02
2.223974971000711420e+01 2.427251924608947106e-02
2.249141870643862973e+01 2.355824022648924168e-02
2.274404614890906373e+01 2.300679924606231080e-02
2.299521835768831579e+01 2.209061180323165091e-02
2.324620084136223852e+01 2.181290923412977645e-02
2.349757798664387209e+01 2.095874697021966188e-02
2.374870488118759937e+01 2.045881254113293343e-02
2.399988781917473091e+01 1.983395677673959606e-02
2.425071646049711305e+01 1.938295227989686453e-02
2.450187830577813841e+01 1.869643814272162544e-02
2.475391093216606109e+01 1.838416577115793010e-02
2.500524226975159792e+01 1.778426924953328825e-02
2.525610980153284402e+01 1.743200899387186906e-02
2.550801425092822328e+01 1.687515329241966178e-02
2.575943113325822864e+01 1.630599033271969492e-02
2.601074166866445125e+01 1.596950927881342699e-02
2.626234447079615464e+01 1.566349763282337201e-02
2.651347712943701751e+01 1.520005275814349105e-02
2.676474177984877656e+01 1.478111104007075009e-02
2.701628079430242479e+01 1.442918389962819826e-02
2.726734205837282232e+01 1.408880856807885606e-02
2.751837013544679422e+01 1.378067697731467402e-02
2.776937726815812724e+01 1.340350730473062815e-02
2.802070160973895341e+01 1.314679059409441450e-02
2.827249982643487058e+01 1.269191737896915341e-02
2.852407603869968966e+01 1.256281886268032465e-02
2.877567300468570721e+01 1.217285017835072897e-02
2.902733523039245256e+01 1.191814426723704530e-02
2.927861073083739996e+01 1.162536442506028472e-02
2.953003196193969160e+01 1.135558917271501864e-02
2.978106336846375157e+01 1.105954396093591051e-02
3.003148440777084716e+01 1.083765759182674267e-02
3.028303386126418673e+01 1.065385435437714301e-02
3.053456493440382857e+01 1.037772276420424918e-02
3.078585183944906944e+01 1.015358740484435460e-02
3.103757946070165730e+01 9.862972924057512164e-03
3.128931656795834826e+01 9.659973620920737220e-03
3.154125974608096428e+01 9.468814548523196359e-03
3.179158626791808828e+01 9.264189006081656810e-03
3.204196438636942190e+01 9.131019549230045759e-03
3.229344668057169798e+01 8.876959327283122717e-03
3.254489998018084407e+01 8.761241861047968510e-03
3.279660140319880668e+01 8.505194276272292145e-03
3.304772754686901237e+01 8.416510575535196201e-03
3.329949953441923327e+01 8.196254156450526185e-03
3.355173249539067371e+01 8.040617295713047702e-03
3.380235474142784824e+01 7.886032488100748472e-03
3.405292218889088218e+01 7.707406835810804227e-03
3.430455901572810262e+01 7.574571640042424871e-03
3.455605119154291316e+01 7.383909765059987716e-03
3.480708698418615654e+01 7.240734194682975008e-03
3.505823042281740243e+01 7.139689529327499645e-03
3.530983122122644602e+01 6.985374619991930982e-03
3.556111974160763367e+01 6.873077096164625747e-03
3.581195885960364933e+01 6.715787682375456459e-03
3.606348577968052638e+01 6.590470329170607620e-03
3.631495136683125935e+01 6.509494106310931630e-03
3.656646781331610185e+01 6.348239055560649276e-03
3.681800948534306173e+01 6.253874551910470862e-03
3.706942350460822411e+01 6.159885440058956649e-03
3.732119977997001570e+01 6.023853070106450179e-03
3.757249197135423202e+01 5.919195184095632327e-03
3.782324055213251057e+01 5.811898659824410625e-03
3.807430609684078604e+01 5.725502422229741123e-03
3.832526519371521090e+01 5.592825639203626714e-03
3.857704530181875668e+01 5.473516644522277014e-03
3.882896255048217427e+01 5.425642404699423764e-03
3.907976684424035341e+01 5.284905637421299235e-03
3.933085588900704010e+01 5.195002126200576678e-03
3.958184533965361140e+01 5.108434922827030308e-03
3.983320492881626507e+01 5.034078778034872630e-03
4.008506787586624398e+01 4.927310790040284778e-03
4.033569471078550350e+01 4.851367435911314516e-03
4.058701345074587863e+01 4.777138608081613058e-03
4.083916815834436420e+01 4.681117667904483720e-03
4.108978611092747713e+01 4.647521512326939497e-03
4.134119394692694271e+01 4.545636227453346556e-03
4.159372926482761557e+01 4.465446095822622058e-03
4.184480996230068683e+01 4.377208607723267163e-03
4.209495048714620680e+01 4.348157698383829130e-03
4.234568601474854432e+01 4.263820320277232449e-03
4.259794184898333214e+01 4.175645027451651593e-03
4.284922176444433717e+01 4.138973308131262477e-03
4.309982534096671003e+01 4.071344960241206172e-03
4.335153475414617930e+01 4.008444541035808065e-03
4.360374984514007224e+01 3.922452233429622737e-03
4.385432838732079830e+01 3.863710913332743871e-03
4.410529766549178277e+01 3.794406675536417771e-03
4.435675536456894008e+01 3.747053645780937161e-03
4.460756668584335927e+01 3.702512934924154404e-03
4.485812369927145937e+01 3.618090541588739589e-03
4.510933196139897206e+01 3.596445398609213542e-03
4.536097672816924131e+01 3.558827326627787835e-03
4.561261869099184452e+01 3.515820060862462435e-03
4.586346064304911607e+01 3.437627301900469425e-03
4.611435299895526185e+01 3.377483074251791915e-03
4.636610302009028572e+01 3.315843795517277228e-03
4.661726081402038346e+01 3.261480064562614998e-03
4.686748045926628237e+01 3.280879807481822293e-03
4.712001000143001761e+01 3.233662737684338088e-03
4.737334269293729960e+01 3.150372065267171250e-03
4.762357272554871912e+01 3.112103573402161000e-03
4.787295862859781437e+01 3.073494492178595588e-03
4.812686710231834297e+01 3.036847698234036198e-03
4.837988354528783930e+01 2.979868770616803542e-03
4.862698975964909209e+01 2.884233710226907603e-03
4.887931961662670233e+01 2.825867234722684133e-03
4.913512531690142282e+01 2.864737186779616092e-03
4.938486646957150583e+01 2.783099044358525349e-03
4.963073103205424985e+01 2.778426318049895521e-03
4.988316058859187763e+01 2.718336815939803586e-03
5.013927392651110893e+01 2.679284581215339838e-03
5.038898445289544270e+01 2.639229865792931586e-03
5.063791314200675941e+01 2.612823083209604366e-03
5.089234515763529032e+01 2.605407983776482708e-03
5.114529266359630810e+01 2.590915299009046314e-03
5.138952878242714206e+01 2.565201633647384589e-03
5.163945178601188246e+01 2.452672021619842126e-03
5.190206698624180603e+01 2.329351369924976840e-03
5.215590084722179398e+01 2.406522635740680500e-03
5.238680673191466042e+01 2.368481245430778537e-03
5.263532591009818873e+01 2.341771599098748345e-03
5.290823119436031874e+01 2.332696946163950128e-03
5.316882575050344428e+01 2.284845432434734480e-03
5.338513341050097694e+01 2.277518027348607831e-03
5.363212510227822349e+01 2.176966381998029360e-03
5.391615723351310407e+01 2.239270307012576188e-03
5.419187693011466678e+01 2.209116827633898598e-03
5.439722241285236493e+01 2.111427980897440018e-03
5.462806064877949552e+01 2.031922896879316716e-03
5.491241494336609463e+01 1.893599530911495906e-03
5.519421446932921782e+01 1.853352289360707655e-03
5.543046826972861396e+01 1.732403680258979553e-03
5.561137265256709128e+01 1.651024240662864271e-03
