3.559856489878782115e-01 8.237757888427244097e+02
6.031648866026231293e-01 2.349492257833380222e+02
8.579160745827347778e-01 9.558818864907107127e+01
1.113464310595710716e+00 5.450677364794494650e+01
1.374039914321364408e+00 3.202156894738368464e+01
1.619154704570298309e+00 1.736260203691752579e+01
1.870686673430271840e+00 1.503360694351685822e+01
2.123290040706380832e+00 1.021095464108281803e+01
2.378144976376236119e+00 8.508332030980797711e+00
2.630489925835516996e+00 6.347187931511688141e+00
2.878653162679494670e+00 4.868080422961850395e+00
3.131144366275339319e+00 3.893117119743353616e+00
3.388159578333816313e+00 3.262057759530619716e+00
3.638741848210948149e+00 2.710334801402366267e+00
3.888315910732085268e+00 2.373810527245696633e+00
4.139052155837465996e+00 1.964165316186489374e+00
4.390305777018236988e+00 1.713213509632163456e+00
4.642172339120373081e+00 1.507019557031767931e+00
4.894678666149941293e+00 1.275903788721148846e+00
5.147269052361176378e+00 1.115344288143314211e+00
5.398003206656323272e+00 1.021133098284108254e+00
5.647798235368590269e+00 8.782686453418598882e-01
5.900534302989873581e+00 7.859209658264814102e-01
6.151460297009074374e+00 7.033055562878718359e-01
6.402630176204441526e+00 6.548533110296147486e-01
6.655964674748322096e+00 5.774076281910490716e-01
6.908782583105771202e+00 5.294957602037441147e-01
7.159060853508338873e+00 4.870156562213897589e-01
7.409414762591408632e+00 4.372998653729213703e-01
7.659227149364629561e+00 4.115969688574316887e-01
7.911559474606142395e+00 3.714276525253261685e-01
8.163750941790897997e+00 3.339741441952959189e-01
8.415757210439384295e+00 3.148041301083991939e-01
8.667638839289207198e+00 2.960839532545720965e-01
8.918801124864609520e+00 2.778013865304142516e-01
9.170480108345369530e+00 2.567719996345045885e-01
9.420566033467249412e+00 2.400186656758390435e-01
9.671642335271435797e+00 2.191807799586011074e-01
9.923426157758477473e+00 2.069212418472223258e-01
1.017396902749181820e+01 1.934943015132484512e-01
1.042533700753922155e+01 1.830929982902156361e-01
1.067702948358784276e+01 1.711829815013180822e-01
1.092969337256462303e+01 1.625672663982270227e-01
1.118211872033766419e+01 1.498208273492920850e-01
1.143346516925797296e+01 1.406721074721958842e-01
1.168350508557724687e+01 1.347313134902489995e-01
1.193379937775929100e+01 1.278961295753718863e-01
1.218553055762879112e+01 1.215661213412618236e-01
1.243711650801278878e+01 1.147816439756849938e-01
1.268867268647359303e+01 1.080628753894871813e-01
1.294075027177769144e+01 1.027986482836348997e-01
1.319267287020158363e+01 9.701516649517330504e-02
1.344470571782862756e+01 9.310033300099816722e-02
1.369480150283709641e+01 8.935010646128976886e-02
1.394591277066507828e+01 8.394757496415274078e-02
1.419764645764527167e+01 8.146758941833698309e-02
1.444766774168416212e+01 7.678362364575197496e-02
1.469906835825429070e+01 7.330506473523304423e-02
1.495059118111036511e+01 7.040650590579324020e-02
1.520261612590052991e+01 6.752305807644971847e-02
1.545415944503929495e+01 6.429505086346930243e-02
1.570456072545780124e+01 6.154115286588696804e-02
1.595705800128773966e+01 5.927045864596207358e-02
1.620829297830731619e+01 5.697976288928423283e-02
1.645966591028190962e+01 5.411043833119368041e-02
1.671125708846596325e+01 5.257040311860336490e-02
1.696160259490052624e+01 5.003325663398011658e-02
1.721370276108077135e+01 4.810489164033384529e-02
1.746543424102250341e+01 4.629888817790596411e-02
1.771598473288305442e+01 4.439217006945887778e-02
1.796653767411944003e+01 4.331757645410508339e-02
1.821765658501893270e+01 4.147442719101007008e-02
1.847053788120423334e+01 4.006741794136200324e-02
1.872257696809484173e+01 3.859464926248155903e-02
1.897394097105746269e+01 3.727745357878753385e-02
1.922542454726159988e+01 3.601712164556163109e-02
1.947607703355479103e+01 3.476827564861779268e-02
1.972678839839982601e+01 3.340774826499251504e-02
1.997802698857814363e+01 3.230779647215728523e-02
2.022863620534168660e+01 3.124207915562650026e-02
2.047969598507238231e+01 3.018431345591438345e-02
2.073250439107362553e+01 2.943649358167379354e-02
2.098435855211640089e+01 2.845133459601599524e-02
2.123502923393334640e+01 2.748299401061685826e-02
2.148629411178690773e+01 2.682382598178627980e-02
2.173831825513516591e+01 2.599519904076478052e-02
2.198972260956887226e+01 2.515821653137167990e-02
2.223974971000711420e+01 2.435606707661605932e-02
2.249141870643862973e+01 2.350666860495917790e-02
2.274404614890906373e+01 2.285004643138712280e-02
2.299521835768831579e+01 2.233900819481768329e-02
2.324620084136223852e+01 2.155547439719717254e-02
2.349757798664387209e+01 2.088591961344714656e-02
2.374870488118759937e+01 2.027267231074466117e-02
2.399988781917473091e+01 1.984653722258810163e-02
2.425071646049711305e+01 1.926635227965658656e-02
2.450187830577813841e+01 1.866574941271574931e-02
2.475391093216606109e+01 1.820514132090145579e-02
2.500524226975159792e+01 1.787438207028558060e-02
2.525610980153284402e+01 1.728339208514456313e-02
2.550801425092822328e+01 1.688916437897314618e-02
2.575943113325822864e+01 1.637986292747890468e-02
2.601074166866445125e+01 1.600301923859726722e-02
2.626234447079615464e+01 1.557320338313328625e-02
2.651347712943701751e+01 1.512791655799739128e-02
2.676474177984877656e+01 1.482248285914790700e-02
2.701628079430242479e+01 1.444058006112260324e-02
2.726734205837282232e+01 1.409899131593779151e-02
2.751837013544679422e+01 1.380410177886553721e-02
2.776937726815812724e+01 1.342154088781091596e-02
2.802070160973895341e+01 1.314360535218160771e-02
2.827249982643487058e+01 1.272174444234394977e-02
2.852407603869968966e+01 1.247326676181629776e-02
2.877567300468570721e+01 1.207115065691417854e-02
2.902733523039245256e+01 1.189252616703028245e-02
2.927861073083739996e+01 1.164674954720234905e-02
2.953003196193969160e+01 1.135673864273955766e-02
2.978106336846375157e+01 1.103102641183608540e-02
3.003148440777084716e+01 1.084186613312041608e-02
3.028303386126418673e+01 1.061433369869831285e-02
3.053456493440382857e+01 1.034521230980722448e-02
3.078585183944906944e+01 1.016194492683799785e-02
3.103757946070165730e+01 9.981742145256598461e-03
3.128931656795834826e+01 9.661656063588324947e-03
3.154125974608096428e+01 9.497701759332758883e-03
3.179158626791808828e+01 9.229285758839918252e-03
3.204196438636942190e+01 9.099119613514495414e-03
3.229344668057169798e+01 8.912103328943269537e-03
3.254489998018084407e+01 8.710674475376411693e-03
3.279660140319880668e+01 8.521820881933693873e-03
3.304772754686901237e+01 8.369347743530179337e-03
3.329949953441923327e+01 8.216397794679928049e-03
3.355173249539067371e+01 8.057424853654944139e-03
3.380235474142784824e+01 7.894946146813162230e-03
3.405292218889088218e+01 7.705023608680700541e-03
3.430455901572810262e+01 7.571068543553025748e-03
3.455605119154291316e+01 7.381170114345111770e-03
3.480708698418615654e+01 7.263596793652676332e-03
3.505823042281740243e+01 7.099956724623360596e-03
3.530983122122644602e+01 7.003657339769618628e-03
3.556111974160763367e+01 6.854191262718256801e-03
3.581195885960364933e+01 6.725387158621999421e-03
3.606348577968052638e+01 6.612865812887715362e-03
3.631495136683125935e+01 6.457873931942128762e-03
3.656646781331610185e+01 6.330509259849659807e-03
3.681800948534306173e+01 6.240596882307215300e-03
3.706942350460822411e+01 6.146792298277652458e-03
3.732119977997001570e+01 5.990139377229797106e-03
3.757249197135423202e+01 5.905796306953178636e-03
3.782324055213251057e+01 5.815669128542582701e-03
3.807430609684078604e+01 5.703599338025461089e-03
3.832526519371521090e+01 5.588586185782421119e-03
3.857704530181875668e+01 5.483399964995226868e-03
3.882896255048217427e+01 5.436714323794475216e-03
3.907976684424035341e+01 5.297371425913729136e-03
3.933085588900704010e+01 5.197764250587548658e-03
3.958184533965361140e+01 5.123689274736002025e-03
3.983320492881626507e+01 5.064681343154317159e-03
4.008506787586624398e+01 4.939934549821289184e-03
4.033569471078550350e+01 4.886391549482341917e-03
4.058701345074587863e+01 4.781641751787266657e-03
4.083916815834436420e+01 4.707980601955417434e-03
4.108978611092747713e+01 4.636700839747946203e-03
4.134119394692694271e+01 4.574687217294340531e-03
4.159372926482761557e+01 4.485565439655263970e-03
4.184480996230068683e+01 4.440586492445236337e-03
4.209495048714620680e+01 4.325734769687886692e-03
4.234568601474854432e+01 4.255536165715540116e-03
4.259794184898333214e+01 4.205553254091996471e-03
4.284922176444433717e+01 4.117067391176342482e-03
4.309982534096671003e+01 4.037824153903131312e-03
4.335153475414617930e+01 4.017582955371977287e-03
4.360374984514007224e+01 3.970015734440336154e-03
4.385432838732079830e+01 3.849044598925065175e-03
4.410529766549178277e+01 3.800998695627602706e-03
4.435675536456894008e+01 3.768222409905153548e-03
4.460756668584335927e+01 3.688733487045521564e-03
4.485812369927145937e+01 3.638783782763042787e-03
4.510933196139897206e+01 3.625914569703798072e-03
4.536097672816924131e+01 3.527907779281587008e-03
4.561261869099184452e+01 3.481452020358532032e-03
4.586346064304911607e+01 3.401293914860088405e-03
4.611435299895526185e+01 3.371705392369054796e-03
4.636610302009028572e+01 3.331511852278000452e-03
4.661726081402038346e+01 3.270883499033966964e-03
4.686748045926628237e+01 3.270322937433558716e-03
4.712001000143001761e+01 3.212079391131713885e-03
4.737334269293729960e+01 3.130696260710616376e-03
4.762357272554871912e+01 3.104559004927047276e-03
4.787295862859781437e+01 3.067766854735771292e-03
4.812686710231834297e+01 2.984791088530315984e-03
4.837988354528783930e+01 2.975749510724152828e-03
4.862698975964909209e+01 2.911352427705616013e-03
4.887931961662670233e+01 2.885986889592904222e-03
4.913512531690142282e+01 2.876654527133810750e-03
4.938486646957150583e+01 2.832409927576015271e-03
4.963073103205424985e+01 2.766533664256177246e-03
4.988316058859187763e+01 2.656506725446773718e-03
5.013927392651110893e+01 2.718836590966511053e-03
5.038898445289544270e+01 2.642124391545071574e-03
5.063791314200675941e+01 2.607026494810287930e-03
5.089234515763529032e+01 2.680948495019533882e-03
5.114529266359630810e+01 2.576375694508331593e-03
5.138952878242714206e+01 2.498457648348384897e-03
5.163945178601188246e+01 2.499910963305251692e-03
5.190206698624180603e+01 2.489577213438969819e-03
5.215590084722179398e+01 2.449795175799905286e-03
5.238680673191466042e+01 2.268929349356965056e-03
5.263532591009818873e+01 2.399616120267117694e-03
5.290823119436031874e+01 2.330693418954985288e-03
5.316882575050344428e+01 2.356113972871062313e-03
5.338513341050097694e+01 2.337950010910427607e-03
5.363212510227822349e+01 2.208240584239020646e-03
5.391615723351310407e+01 2.282874552049393019e-03
5.419187693011466678e+01 2.000401316046085311e-03
5.439722241285236493e+01 2.288290173107673277e-03
5.462806064877949552e+01 1.914879986965438820e-03
5.491241494336609463e+01 2.481623519175581941e-03
5.519421446932921782e+01 1.879910066088979819e-03
5.543046826972861396e+01 1.787557887711998476e-03
5.561137265256709128e+01 1.243381679262721808e-03
