3.559856489878782115e-01 5.081225748172341241e+02
6.031648866026231293e-01 2.325741524022942315e+02
8.579160745827347778e-01 1.063220269840125667e+02
1.113464310595710716e+00 4.924619841841574441e+01
1.374039914321364408e+00 3.127576673906572680e+01
1.619154704570298309e+00 2.269142589728332382e+01
1.870686673430271840e+00 1.364447970833436941e+01
2.123290040706380832e+00 1.020029855307755895e+01
2.378144976376236119e+00 7.758803892804260194e+00
2.630489925835516996e+00 6.142067805204387554e+00
2.878653162679494670e+00 4.648343888714752126e+00
3.131144366275339319e+00 3.952108975124953183e+00
3.388159578333816313e+00 3.202587136963161107e+00
3.638741848210948149e+00 2.752649731832315538e+00
3.888315910732085268e+00 2.336880681540459914e+00
4.139052155837465996e+00 2.041166825637354520e+00
4.390305777018236988e+00 1.657303437127225942e+00
4.642172339120373081e+00 1.450213709268625362e+00
4.894678666149941293e+00 1.346045997579137898e+00
5.147269052361176378e+00 1.115801162312334727e+00
5.398003206656323272e+00 9.918880022819993592e-01
5.647798235368590269e+00 8.948296531350355965e-01
5.900534302989873581e+00 8.067415445767781579e-01
6.151460297009074374e+00 6.937411819537547819e-01
6.402630176204441526e+00 6.448021505129877262e-01
6.655964674748322096e+00 5.813392883479074902e-01
6.908782583105771202e+00 5.423163844956653268e-01
7.159060853508338873e+00 4.958456104542897647e-01
7.409414762591408632e+00 4.328767060083138496e-01
7.659227149364629561e+00 4.153358068470945907e-01
7.911559474606142395e+00 3.695274145117227738e-01
8.163750941790897997e+00 3.474277137600376153e-01
8.415757210439384295e+00 3.150088195206647290e-01
8.667638839289207198e+00 2.952882692545457655e-01
8.918801124864609520e+00 2.742880265885145330e-01
9.170480108345369530e+00 2.578208017452869316e-01
9.420566033467249412e+00 2.318802083660135849e-01
9.671642335271435797e+00 2.186161398789931154e-01
9.923426157758477473e+00 2.038705956644951967e-01
1.017396902749181820e+01 1.918851918891151809e-01
1.042533700753922155e+01 1.823405267979754663e-01
1.067702948358784276e+01 1.725425117174092526e-01
1.092969337256462303e+01 1.596664193689896483e-01
1.118211872033766419e+01 1.515007564847590249e-01
1.143346516925797296e+01 1.422840820311084276e-01
1.168350508557724687e+01 1.337691952462659317e-01
1.193379937775929100e+01 1.268196748877524205e-01
1.218553055762879112e+01 1.200803058683897889e-01
1.243711650801278878e+01 1.142424923485089033e-01
1.268867268647359303e+01 1.078843469558449508e-01
1.294075027177769144e+01 1.025800312476586595e-01
1.319267287020158363e+01 9.793521344027471265e-02
1.344470571782862756e+01 9.242049858764861403e-02
1.369480150283709641e+01 8.845325075077765942e-02
1.394591277066507828e+01 8.446194254786441868e-02
1.419764645764527167e+01 7.978834971269169185e-02
1.444766774168416212e+01 7.779893365241974390e-02
1.469906835825429070e+01 7.311803729525191697e-02
1.495059118111036511e+01 7.111562334510378169e-02
1.520261612590052991e+01 6.746350948582548190e-02
1.545415944503929495e+01 6.417034621257539095e-02
1.570456072545780124e+01 6.178267279176803684e-02
1.595705800128773966e+01 5.907966019358475152e-02
1.620829297830731619e+01 5.645669761821052457e-02
1.645966591028190962e+01 5.375251773516767639e-02
1.671125708846596325e+01 5.210658067331298132e-02
1.696160259490052624e+01 5.014371834266419942e-02
1.721370276108077135e+01 4.802925742716232516e-02
1.746543424102250341e+01 4.677449028484378241e-02
1.771598473288305442e+01 4.453040709044086415e-02
1.796653767411944003e+01 4.348437235499036380e-02
1.821765658501893270e+01 4.118876664651973524e-02
1.847053788120423334e+01 3.991123595135453311e-02
1.872257696809484173e+01 3.836653533945642847e-02
1.897394097105746269e+01 3.707650495292157122e-02
1.922542454726159988e+01 3.580308817179364556e-02
1.947607703355479103e+01 3.445423608616363792e-02
1.972678839839982601e+01 3.367272413561499950e-02
1.997802698857814363e+01 3.236638244018833627e-02
2.022863620534168660e+01 3.097655213107307001e-02
2.047969598507238231e+01 3.030807224840722028e-02
2.073250439107362553e+01 2.942430122980332907e-02
2.098435855211640089e+01 2.847163001836573032e-02
2.123502923393334640e+01 2.752688842446415415e-02
2.148629411178690773e+01 2.645028632196365359e-02
2.173831825513516591e+01 2.588047589475469742e-02
2.198972260956887226e+01 2.490444964208788151e-02
2.223974971000711420e+01 2.424251036137889045e-02
2.249141870643862973e+01 2.357339483029512531e-02
2.274404614890906373e+01 2.284518911866336224e-02
2.299521835768831579e+01 2.227839773607917864e-02
2.324620084136223852e+01 2.153108865421643828e-02
2.349757798664387209e+01 2.112010664190694040e-02
2.374870488118759937e+01 2.034127353324930235e-02
2.399988781917473091e+01 1.983106171273766455e-02
2.425071646049711305e+01 1.928921655732852847e-02
2.450187830577813841e+01 1.878427446743081985e-02
2.475391093216606109e+01 1.827723100272489118e-02
2.500524226975159792e+01 1.786749855320909908e-02
2.525610980153284402e+01 1.722266941095071738e-02
2.550801425092822328e+01 1.674763315299097194e-02
2.575943113325822864e+01 1.637802968705734732e-02
2.601074166866445125e+01 1.591000824780168174e-02
2.626234447079615464e+01 1.557283243262156704e-02
2.651347712943701751e+01 1.511888287219041206e-02
2.676474177984877656e+01 1.472655450661655881e-02
2.701628079430242479e+01 1.450316884603145180e-02
2.726734205837282232e+01 1.406766539496660633e-02
2.751837013544679422e+01 1.370945977435639000e-02
2.776937726815812724e+01 1.348371054210097120e-02
2.802070160973895341e+01 1.319091958698321611e-02
2.827249982643487058e+01 1.274066582908264453e-02
2.852407603869968966e+01 1.248956152975518041e-02
2.877567300468570721e+01 1.213066871525867590e-02
2.902733523039245256e+01 1.193449589009965353e-02
2.927861073083739996e+01 1.159752103109271647e-02
2.953003196193969160e+01 1.135207632740910591e-02
2.978106336846375157e+01 1.108088757532641085e-02
3.003148440777084716e+01 1.090102239421212628e-02
3.028303386126418673e+01 1.058234925703694512e-02
3.053456493440382857e+01 1.041098339718174622e-02
3.078585183944906944e+01 1.012685307243301955e-02
3.103757946070165730e+01 9.916461593892774914e-03
3.128931656795834826e+01 9.703382896940218258e-03
3.154125974608096428e+01 9.499276692590610804e-03
3.179158626791808828e+01 9.339528508351020719e-03
3.204196438636942190e+01 9.086386066623864527e-03
3.229344668057169798e+01 8.943065019360905282e-03
3.254489998018084407e+01 8.706557461729843780e-03
3.279660140319880668e+01 8.596606330658994669e-03
3.304772754686901237e+01 8.335716694620782727e-03
3.329949953441923327e+01 8.181667002031180885e-03
3.355173249539067371e+01 8.031358189466604458e-03
3.380235474142784824e+01 7.866980946989428694e-03
3.405292218889088218e+01 7.700508188453630311e-03
3.430455901572810262e+01 7.541150922752700575e-03
3.455605119154291316e+01 7.416399305334205570e-03
3.480708698418615654e+01 7.276560232236477938e-03
3.505823042281740243e+01 7.127565482812837222e-03
3.530983122122644602e+01 6.962629300084117838e-03
3.556111974160763367e+01 6.820689208044067656e-03
3.581195885960364933e+01 6.714502041026719145e-03
3.606348577968052638e+01 6.597153931722827061e-03
3.631495136683125935e+01 6.474743067646424738e-03
3.656646781331610185e+01 6.369783739429639435e-03
3.681800948534306173e+01 6.196794147860925153e-03
3.706942350460822411e+01 6.123868207484020609e-03
3.732119977997001570e+01 6.024376832235305533e-03
3.757249197135423202e+01 5.907336956496029960e-03
3.782324055213251057e+01 5.803054147732029065e-03
3.807430609684078604e+01 5.717218437756058438e-03
3.832526519371521090e+01 5.616651120645202444e-03
3.857704530181875668e+01 5.520030582360250723e-03
3.882896255048217427e+01 5.389724752814029247e-03
3.907976684424035341e+01 5.307376202377669244e-03
3.933085588900704010e+01 5.225569106194211631e-03
3.958184533965361140e+01 5.141978597207886616e-03
3.983320492881626507e+01 5.031204305801990559e-03
4.008506787586624398e+01 4.958233504465068067e-03
4.033569471078550350e+01 4.868283413624576589e-03
4.058701345074587863e+01 4.798642046498493088e-03
4.083916815834436420e+01 4.684651484288507479e-03
4.108978611092747713e+01 4.602381253699595193e-03
4.134119394692694271e+01 4.564430738516208653e-03
4.159372926482761557e+01 4.484821830793550221e-03
4.184480996230068683e+01 4.423482105048066014e-03
4.209495048714620680e+01 4.342765321502476718e-03
4.234568601474854432e+01 4.285186523603984679e-03
4.259794184898333214e+01 4.169570335891947116e-03
4.284922176444433717e+01 4.128657279307934407e-03
4.309982534096671003e+01 4.068159192595952219e-03
4.335153475414617930e+01 4.007968053212103768e-03
4.360374984514007224e+01 3.972186320392107756e-03
4.385432838732079830e+01 3.860627271122291006e-03
4.410529766549178277e+01 3.820096946109829191e-03
4.435675536456894008e+01 3.739929741216753683e-03
4.460756668584335927e+01 3.694269741859969747e-03
4.485812369927145937e+01 3.608237449451063856e-03
4.510933196139897206e+01 3.592659775685324349e-03
4.536097672816924131e+01 3.545123523568212507e-03
4.561261869099184452e+01 3.445428951244019697e-03
4.586346064304911607e+01 3.391262989010844931e-03
4.611435299895526185e+01 3.358542893371092766e-03
4.636610302009028572e+01 3.277129464018425399e-03
4.661726081402038346e+01 3.296876103315844395e-03
4.686748045926628237e+01 3.258812777933022941e-03
4.712001000143001761e+01 3.195390318690710316e-03
4.737334269293729960e+01 3.151494408470395872e-03
4.762357272554871912e+01 3.076761074950206971e-03
4.787295862859781437e+01 2.998920031596602042e-03
4.812686710231834297e+01 3.054677060860006704e-03
4.837988354528783930e+01 2.976965688135462494e-03
4.862698975964909209e+01 2.909845081285970456e-03
4.887931961662670233e+01 2.946522738053281715e-03
4.913512531690142282e+01 2.869989801322272299e-03
4.938486646957150583e+01 2.808938498488911580e-03
4.963073103205424985e+01 2.703819412224923134e-03
4.988316058859187763e+01 2.741187406498436872e-03
5.013927392651110893e+01 2.616794676486365601e-03
5.038898445289544270e+01 2.650231549516522851e-03
5.063791314200675941e+01 2.668475453080888793e-03
5.089234515763529032e+01 2.586306353286590542e-03
5.114529266359630810e+01 2.518926948356658719e-03
5.138952878242714206e+01 2.475332955341255983e-03
5.163945178601188246e+01 2.470607575535761075e-03
5.190206698624180603e+01 2.488404740062933294e-03
5.215590084722179398e+01 2.416503569181254613e-03
5.238680673191466042e+01 2.398338137180603107e-03
5.263532591009818873e+01 2.368198854631236184e-03
5.290823119436031874e+01 2.442285704707905514e-03
5.316882575050344428e+01 2.268073942754126292e-03
5.338513341050097694e+01 2.314470336834269139e-03
5.363212510227822349e+01 2.379545745481220428e-03
5.391615723351310407e+01 2.115595180057426496e-03
5.419187693011466678e+01 2.046391301190372825e-03
5.439722241285236493e+01 2.039506367076882737e-03
5.462806064877949552e+01 1.967073415426321119e-03
5.491241494336609463e+01 2.297264441153727514e-03
5.519421446932921782e+01 2.159008347516835642e-03
5.543046826972861396e+01 1.102104864203554005e-03
5.561137265256709128e+01 2.726545372660820529e-03
