3.559856489878782115e-01 4.930881358876972058e+02
6.031648866026231293e-01 1.680862848854109473e+02
8.579160745827347778e-01 9.985046115600287919e+01
1.113464310595710716e+00 5.506618787542957705e+01
1.374039914321364408e+00 3.005441419291444305e+01
1.619154704570298309e+00 2.053130957689906921e+01
1.870686673430271840e+00 1.351715771084547946e+01
2.123290040706380832e+00 9.851046772153287279e+00
2.378144976376236119e+00 7.888705692594156993e+00
2.630489925835516996e+00 6.321692224341697752e+00
2.878653162679494670e+00 4.895533409956682291e+00
3.131144366275339319e+00 4.055513705968988525e+00
3.388159578333816313e+00 3.137522865411922268e+00
3.638741848210948149e+00 2.806939871007114284e+00
3.888315910732085268e+00 2.239319730876334624e+00
4.139052155837465996e+00 1.935722839204259360e+00
4.390305777018236988e+00 1.728515680125672915e+00
4.642172339120373081e+00 1.505831830809029270e+00
4.894678666149941293e+00 1.284536388118531436e+00
5.147269052361176378e+00 1.152061723497896484e+00
5.398003206656323272e+00 1.065800496828713584e+00
5.647798235368590269e+00 8.802845749141144926e-01
5.900534302989873581e+00 7.950873359554424535e-01
6.151460297009074374e+00 7.239219690966810505e-01
6.402630176204441526e+00 6.641224789048209010e-01
6.655964674748322096e+00 5.960368256501468176e-01
6.908782583105771202e+00 5.373659860884805184e-01
7.159060853508338873e+00 4.896646883379669468e-01
7.409414762591408632e+00 4.378620231884095548e-01
7.659227149364629561e+00 3.956986584401583351e-01
7.911559474606142395e+00 3.706862261499668243e-01
8.163750941790897997e+00 3.501588706510355697e-01
8.415757210439384295e+00 3.204269621101967780e-01
8.667638839289207198e+00 2.962037115231936912e-01
8.918801124864609520e+00 2.747426148835441229e-01
9.170480108345369530e+00 2.607503471062742606e-01
9.420566033467249412e+00 2.385590285974465430e-01
9.671642335271435797e+00 2.197377378482090193e-01
9.923426157758477473e+00 2.094241419593174391e-01
1.017396902749181820e+01 1.934461987287742490e-01
1.042533700753922155e+01 1.817285883324320228e-01
1.067702948358784276e+01 1.706731656431626221e-01
1.092969337256462303e+01 1.613557255135057988e-01
1.118211872033766419e+01 1.511828065355795836e-01
1.143346516925797296e+01 1.390079092773850167e-01
1.168350508557724687e+01 1.357311891440438345e-01
1.193379937775929100e+01 1.272156170214331639e-01
1.218553055762879112e+01 1.211641284893587994e-01
1.243711650801278878e+01 1.131581168314170494e-01
1.268867268647359303e+01 1.079554540132511842e-01
1.294075027177769144e+01 1.029487964667425565e-01
1.319267287020158363e+01 9.750158159553511117e-02
1.344470571782862756e+01 9.364014912254665923e-02
1.369480150283709641e+01 8.792174042856319705e-02
1.394591277066507828e+01 8.404777226900365938e-02
1.419764645764527167e+01 8.095888261342452930e-02
1.444766774168416212e+01 7.686993339340816855e-02
1.469906835825429070e+01 7.325879569447472928e-02
1.495059118111036511e+01 7.033532773926610970e-02
1.520261612590052991e+01 6.676740553147518520e-02
1.545415944503929495e+01 6.413269089072187734e-02
1.570456072545780124e+01 6.139218759587278945e-02
1.595705800128773966e+01 5.882392883447580545e-02
1.620829297830731619e+01 5.652121013650582976e-02
1.645966591028190962e+01 5.483508976244010763e-02
1.671125708846596325e+01 5.228499939003033309e-02
1.696160259490052624e+01 4.994052581444070188e-02
1.721370276108077135e+01 4.816655442979467239e-02
1.746543424102250341e+01 4.629521821676708948e-02
1.771598473288305442e+01 4.454787015071688672e-02
1.796653767411944003e+01 4.320928975371735731e-02
1.821765658501893270e+01 4.148993834341014458e-02
1.847053788120423334e+01 4.007641190485324717e-02
1.872257696809484173e+01 3.842658813070748414e-02
1.897394097105746269e+01 3.706193499039412559e-02
1.922542454726159988e+01 3.579860359559421806e-02
1.947607703355479103e+01 3.469166480436385730e-02
1.972678839839982601e+01 3.367960192279793180e-02
1.997802698857814363e+01 3.254772082656559595e-02
2.022863620534168660e+01 3.148244199802496118e-02
2.047969598507238231e+01 3.027636713417506190e-02
2.073250439107362553e+01 2.934820933697934037e-02
2.098435855211640089e+01 2.845996341164288429e-02
2.123502923393334640e+01 2.757486872468428718e-02
2.148629411178690773e+01 2.648034836837071665e-02
2.173831825513516591e+01 2.587004317601073258e-02
2.198972260956887226e+01 2.494842730388549534e-02
2.223974971000711420e+01 2.421289248959206802e-02
2.249141870643862973e+01 2.363806789947195744e-02
2.274404614890906373e+01 2.295871189861205600e-02
2.299521835768831579e+01 2.244379341459646141e-02
2.324620084136223852e+01 2.173657513669040309e-02
2.349757798664387209e+01 2.104707212232597921e-02
2.374870488118759937e+01 2.046943114559461249e-02
2.399988781917473091e+01 1.981896137128257712e-02
2.425071646049711305e+01 1.922508180835460698e-02
2.450187830577813841e+01 1.878965165401906903e-02
2.475391093216606109e+01 1.815194218468211759e-02
2.500524226975159792e+01 1.783454586285542626e-02
2.525610980153284402e+01 1.735451714036330764e-02
2.550801425092822328e+01 1.694598090166098484e-02
2.575943113325822864e+01 1.640505055499004786e-02
2.601074166866445125e+01 1.594615655501467263e-02
2.626234447079615464e+01 1.561023557972162495e-02
2.651347712943701751e+01 1.513362557284366784e-02
2.676474177984877656e+01 1.476864578530469145e-02
2.701628079430242479e+01 1.428778541892397960e-02
2.726734205837282232e+01 1.409648645076820063e-02
2.751837013544679422e+01 1.367313411931803981e-02
2.776937726815812724e+01 1.346604726365854300e-02
2.802070160973895341e+01 1.310812196034239450e-02
2.827249982643487058e+01 1.270334214132070802e-02
2.852407603869968966e+01 1.248037878591582404e-02
2.877567300468570721e+01 1.215479927262676230e-02
2.902733523039245256e+01 1.196063605601147169e-02
2.927861073083739996e+01 1.157318754933991424e-02
2.953003196193969160e+01 1.138606547469463333e-02
2.978106336846375157e+01 1.106143101522765251e-02
3.003148440777084716e+01 1.083779831803271046e-02
3.028303386126418673e+01 1.056169330890457426e-02
3.053456493440382857e+01 1.038455604426988255e-02
3.078585183944906944e+01 1.017048549113980412e-02
3.103757946070165730e+01 9.922056936038153516e-03
3.128931656795834826e+01 9.680439964092395211e-03
3.154125974608096428e+01 9.493151320081091860e-03
3.179158626791808828e+01 9.281361174395850316e-03
3.204196438636942190e+01 9.082818181345507502e-03
3.229344668057169798e+01 8.916869358240710544e-03
3.254489998018084407e+01 8.720974342551051153e-03
3.279660140319880668e+01 8.556119155372675714e-03
3.304772754686901237e+01 8.360415912371334246e-03
3.329949953441923327e+01 8.172484175478797117e-03
3.355173249539067371e+01 7.982828230197776612e-03
3.380235474142784824e+01 7.886063165055265042e-03
3.405292218889088218e+01 7.720646821332085089e-03
3.430455901572810262e+01 7.572598330673422501e-03
3.455605119154291316e+01 7.417624377352776896e-03
3.480708698418615654e+01 7.278729821536545665e-03
3.505823042281740243e+01 7.103350267839429917e-03
3.530983122122644602e+01 6.997909611136329984e-03
3.556111974160763367e+01 6.869001493480362056e-03
3.581195885960364933e+01 6.683581548366376683e-03
3.606348577968052638e+01 6.615955487301246850e-03
3.631495136683125935e+01 6.455337294618637006e-03
3.656646781331610185e+01 6.393705666581729445e-03
3.681800948534306173e+01 6.212904931601358552e-03
3.706942350460822411e+01 6.103194642237188931e-03
3.732119977997001570e+01 6.055446835323206357e-03
3.757249197135423202e+01 5.872459639696640289e-03
3.782324055213251057e+01 5.818570731040135016e-03
3.807430609684078604e+01 5.714960637745170741e-03
3.832526519371521090e+01 5.592464688663606291e-03
3.857704530181875668e+01 5.481358477947180508e-03
3.882896255048217427e+01 5.399481147725235068e-03
3.907976684424035341e+01 5.279549895540459198e-03
3.933085588900704010e+01 5.238497922648196505e-03
3.958184533965361140e+01 5.134745895221083482e-03
3.983320492881626507e+01 5.024016699358699496e-03
4.008506787586624398e+01 4.949196411577959538e-03
4.033569471078550350e+01 4.858323902071404014e-03
4.058701345074587863e+01 4.773399111496177093e-03
4.083916815834436420e+01 4.716137408627307792e-03
4.108978611092747713e+01 4.645910325158244571e-03
4.134119394692694271e+01 4.539813098850217256e-03
4.159372926482761557e+01 4.484862432421798072e-03
4.184480996230068683e+01 4.431140655598461014e-03
4.209495048714620680e+01 4.337954123863220664e-03
4.234568601474854432e+01 4.288137618280721784e-03
4.259794184898333214e+01 4.199593004570695981e-03
4.284922176444433717e+01 4.109680277422146123e-03
4.309982534096671003e+01 4.057587432927244921e-03
4.335153475414617930e+01 3.970407294063765975e-03
4.360374984514007224e+01 3.947821797405256204e-03
4.385432838732079830e+01 3.917919794038026912e-03
4.410529766549178277e+01 3.828288075313387474e-03
4.435675536456894008e+01 3.736917042745179114e-03
4.460756668584335927e+01 3.697442913066362104e-03
4.485812369927145937e+01 3.653933617057614908e-03
4.510933196139897206e+01 3.582935525343792539e-03
4.536097672816924131e+01 3.530922272777328209e-03
4.561261869099184452e+01 3.475153060579733860e-03
4.586346064304911607e+01 3.428149541001498934e-03
4.611435299895526185e+01 3.334220409769139346e-03
4.636610302009028572e+01 3.304359528352799648e-03
4.661726081402038346e+01 3.246153864137644573e-03
4.686748045926628237e+01 3.248714213342752521e-03
4.712001000143001761e+01 3.167871902554829106e-03
4.737334269293729960e+01 3.156284716928644141e-03
4.762357272554871912e+01 3.036389544646824184e-03
4.787295862859781437e+01 3.024621800678873804e-03
4.812686710231834297e+01 3.003499781577352937e-03
4.837988354528783930e+01 2.997633213141386900e-03
4.862698975964909209e+01 2.911407205963385206e-03
4.887931961662670233e+01 2.913280864022533070e-03
4.913512531690142282e+01 2.798936455136052676e-03
4.938486646957150583e+01 2.833736927576370641e-03
4.963073103205424985e+01 2.745926083789146290e-03
4.988316058859187763e+01 2.743593484948060341e-03
5.013927392651110893e+01 2.669494175221946448e-03
5.038898445289544270e+01 2.653835267571999935e-03
5.063791314200675941e+01 2.612235953263062314e-03
5.089234515763529032e+01 2.513536803938027069e-03
5.114529266359630810e+01 2.624579750635020869e-03
5.138952878242714206e+01 2.566175669117111077e-03
5.163945178601188246e+01 2.463073853539483968e-03
5.190206698624180603e+01 2.410393036595575786e-03
5.215590084722179398e+01 2.372595864025345107e-03
5.238680673191466042e+01 2.364067935554093041e-03
5.263532591009818873e+01 2.365795833363791133e-03
5.290823119436031874e+01 2.409666684736659278e-03
5.316882575050344428e+01 2.313291708966058475e-03
5.338513341050097694e+01 2.225350099924323227e-03
5.363212510227822349e+01 2.212001605278080159e-03
5.391615723351310407e+01 2.266524561785042760e-03
5.419187693011466678e+01 2.002213138398109896e-03
5.439722241285236493e+01 2.190439699998401879e-03
5.462806064877949552e+01 2.088901476252022840e-03
5.491241494336609463e+01 1.673475541802888584e-03
5.519421446932921782e+01 2.128408793398347491e-03
5.543046826972861396e+01 2.542732600947961337e-03
5.561137265256709128e+01 1.791842067735300529e-03
