3.559856489878782115e-01 3.568308520777152353e+02
6.031648866026231293e-01 1.742508895968829279e+02
8.579160745827347778e-01 8.082122597781639683e+01
1.113464310595710716e+00 4.732473597710669111e+01
1.374039914321364408e+00 3.114856822556095750e+01
1.619154704570298309e+00 1.991125187673046781e+01
1.870686673430271840e+00 1.617584616877300618e+01
2.123290040706380832e+00 1.130663734341139914e+01
2.378144976376236119e+00 7.985343667430384151e+00
2.630489925835516996e+00 6.206330616971855285e+00
2.878653162679494670e+00 4.976034046736280914e+00
3.131144366275339319e+00 4.164524632738134002e+00
3.388159578333816313e+00 3.333349929417540380e+00
3.638741848210948149e+00 2.839886483422313201e+00
3.888315910732085268e+00 2.266571280535449429e+00
4.139052155837465996e+00 2.005691417862305315e+00
4.390305777018236988e+00 1.709398151392836906e+00
4.642172339120373081e+00 1.445479427235222047e+00
4.894678666149941293e+00 1.254003498454455690e+00
5.147269052361176378e+00 1.103201363850275341e+00
5.398003206656323272e+00 1.014190341165230436e+00
5.647798235368590269e+00 8.790145344199247202e-01
5.900534302989873581e+00 7.935266529570195182e-01
6.151460297009074374e+00 7.007510668443713842e-01
6.402630176204441526e+00 6.525537621413358691e-01
6.655964674748322096e+00 5.985761250162265901e-01
6.908782583105771202e+00 5.224707048284075173e-01
7.159060853508338873e+00 4.909095179513819351e-01
7.409414762591408632e+00 4.479031389773845406e-01
7.659227149364629561e+00 4.044881469584730160e-01
7.911559474606142395e+00 3.706267096528332305e-01
8.163750941790897997e+00 3.508883888824622654e-01
8.415757210439384295e+00 3.121807708010611027e-01
8.667638839289207198e+00 3.001327765823672555e-01
8.918801124864609520e+00 2.726135808804581173e-01
9.170480108345369530e+00 2.578564308472270916e-01
9.420566033467249412e+00 2.349030308638686004e-01
9.671642335271435797e+00 2.205224591288577340e-01
9.923426157758477473e+00 2.060202350924772996e-01
1.017396902749181820e+01 1.931194914332516888e-01
1.042533700753922155e+01 1.832381192970468087e-01
1.067702948358784276e+01 1.693348161385643813e-01
1.092969337256462303e+01 1.599596127874454432e-01
1.118211872033766419e+01 1.485040790363683361e-01
1.143346516925797296e+01 1.440887473146821585e-01
1.168350508557724687e+01 1.371968284354684320e-01
1.193379937775929100e+01 1.279472599003604882e-01
1.218553055762879112e+01 1.220444238431958317e-01
1.243711650801278878e+01 1.150265292316366705e-01
1.268867268647359303e+01 1.075282399358383489e-01
1.294075027177769144e+01 1.036192184531465194e-01
1.319267287020158363e+01 9.752493653900304316e-02
1.344470571782862756e+01 9.439715631504462523e-02
1.369480150283709641e+01 8.906367614381530129e-02
1.394591277066507828e+01 8.567203811687373882e-02
1.419764645764527167e+01 8.014571085157240482e-02
1.444766774168416212e+01 7.620771255363899266e-02
1.469906835825429070e+01 7.351542828558926823e-02
1.495059118111036511e+01 7.067841886740822144e-02
1.520261612590052991e+01 6.796096250837764530e-02
1.545415944503929495e+01 6.418808216681119727e-02
1.570456072545780124e+01 6.161274587047705503e-02
1.595705800128773966e+01 5.909567283216168171e-02
1.620829297830731619e+01 5.663928168980357503e-02
1.645966591028190962e+01 5.438214215152852027e-02
1.671125708846596325e+01 5.260697538837605380e-02
1.696160259490052624e+01 4.987654174308937816e-02
1.721370276108077135e+01 4.862724478145102197e-02
1.746543424102250341e+01 4.664281812218358525e-02
1.771598473288305442e+01 4.468857765816470345e-02
1.796653767411944003e+01 4.349755013983672147e-02
1.821765658501893270e+01 4.149875495265922809e-02
1.847053788120423334e+01 3.982369085120045227e-02
1.872257696809484173e+01 3.860601653548133283e-02
1.897394097105746269e+01 3.723887233182793938e-02
1.922542454726159988e+01 3.571563073561537238e-02
1.947607703355479103e+01 3.468672920182448716e-02
1.972678839839982601e+01 3.340807155938578521e-02
1.997802698857814363e+01 3.266049009297747330e-02
2.022863620534168660e+01 3.143070939418182025e-02
2.047969598507238231e+01 3.017043183024705616e-02
2.073250439107362553e+01 2.959041749477073560e-02
2.098435855211640089e+01 2.840514498722021206e-02
2.123502923393334640e+01 2.755760874568499372e-02
2.148629411178690773e+01 2.664294420442865630e-02
2.173831825513516591e+01 2.572486025111806601e-02
2.198972260956887226e+01 2.527141196428624864e-02
2.223974971000711420e+01 2.415687200931245296e-02
2.249141870643862973e+01 2.364949831417004211e-02
2.274404614890906373e+01 2.275885813553360504e-02
2.299521835768831579e+01 2.241218733705202526e-02
2.324620084136223852e+01 2.167913829189943922e-02
2.349757798664387209e+01 2.097194119851540292e-02
2.374870488118759937e+01 2.032685603775467864e-02
2.399988781917473091e+01 1.986582991124495948e-02
2.425071646049711305e+01 1.908046986635945907e-02
2.450187830577813841e+01 1.871398331020391811e-02
2.475391093216606109e+01 1.827064759565355176e-02
2.500524226975159792e+01 1.786211818242609828e-02
2.525610980153284402e+01 1.735007446479857121e-02
2.550801425092822328e+01 1.686595142712094680e-02
2.575943113325822864e+01 1.638570790894836385e-02
2.601074166866445125e+01 1.598825798206102849e-02
2.626234447079615464e+01 1.551015610348782311e-02
2.651347712943701751e+01 1.512147867762395244e-02
2.676474177984877656e+01 1.473016297783094446e-02
2.701628079430242479e+01 1.438140566007033681e-02
2.726734205837282232e+01 1.405971816416284360e-02
2.751837013544679422e+01 1.382485415314566209e-02
2.776937726815812724e+01 1.336053187265246779e-02
2.802070160973895341e+01 1.316196225839887449e-02
2.827249982643487058e+01 1.276312907223964982e-02
2.852407603869968966e+01 1.250296953610915453e-02
2.877567300468570721e+01 1.212188587524350332e-02
2.902733523039245256e+01 1.195835812019545828e-02
2.927861073083739996e+01 1.155407745798509196e-02
2.953003196193969160e+01 1.127542517860338246e-02
2.978106336846375157e+01 1.109851877277004233e-02
3.003148440777084716e+01 1.085055087753797678e-02
3.028303386126418673e+01 1.062396501844750304e-02
3.053456493440382857e+01 1.033406570452537372e-02
3.078585183944906944e+01 1.012800749391229611e-02
3.103757946070165730e+01 9.912649899636100798e-03
3.128931656795834826e+01 9.707331495634897306e-03
3.154125974608096428e+01 9.496630454610180058e-03
3.179158626791808828e+01 9.361556480962807819e-03
3.204196438636942190e+01 9.086123532633933256e-03
3.229344668057169798e+01 8.878890130999761779e-03
3.254489998018084407e+01 8.661089617127384205e-03
3.279660140319880668e+01 8.542105708299579936e-03
3.304772754686901237e+01 8.363642754103813373e-03
3.329949953441923327e+01 8.177884084604266149e-03
3.355173249539067371e+01 8.039937938771665044e-03
3.380235474142784824e+01 7.847601339626274208e-03
3.405292218889088218e+01 7.692621502093975952e-03
3.430455901572810262e+01 7.586851701149099209e-03
3.455605119154291316e+01 7.419912055918190079e-03
3.480708698418615654e+01 7.277360912867864712e-03
3.505823042281740243e+01 7.108210493947492506e-03
3.530983122122644602e+01 6.993781789983531845e-03
3.556111974160763367e+01 6.866699991208830706e-03
3.581195885960364933e+01 6.736102061226509861e-03
3.606348577968052638e+01 6.568128488384297747e-03
3.631495136683125935e+01 6.471722592236154280e-03
3.656646781331610185e+01 6.384437831514265180e-03
3.681800948534306173e+01 6.230576985158024425e-03
3.706942350460822411e+01 6.146537211506505546e-03
3.732119977997001570e+01 6.027386330599494857e-03
3.757249197135423202e+01 5.886687195959727434e-03
3.782324055213251057e+01 5.774649812162356219e-03
3.807430609684078604e+01 5.715560323299715730e-03
3.832526519371521090e+01 5.566717577674366348e-03
3.857704530181875668e+01 5.505354571228012438e-03
3.882896255048217427e+01 5.406056721072216055e-03
3.907976684424035341e+01 5.280940475319558479e-03
3.933085588900704010e+01 5.208333356216668028e-03
3.958184533965361140e+01 5.078527108369490679e-03
3.983320492881626507e+01 5.046347342091214369e-03
4.008506787586624398e+01 4.963460402591825596e-03
4.033569471078550350e+01 4.876375198761832147e-03
4.058701345074587863e+01 4.738718640030517570e-03
4.083916815834436420e+01 4.679105542914345668e-03
4.108978611092747713e+01 4.628791737946894719e-03
4.134119394692694271e+01 4.574455440444509698e-03
4.159372926482761557e+01 4.471952767615840207e-03
4.184480996230068683e+01 4.438353401600578230e-03
4.209495048714620680e+01 4.331023870308667832e-03
4.234568601474854432e+01 4.264337515384227471e-03
4.259794184898333214e+01 4.217917539676593192e-03
4.284922176444433717e+01 4.124527106204516763e-03
4.309982534096671003e+01 4.087324517099709224e-03
4.335153475414617930e+01 3.956185445293762884e-03
4.360374984514007224e+01 3.951764450329133330e-03
4.385432838732079830e+01 3.892183914537838268e-03
4.410529766549178277e+01 3.814484643832678074e-03
4.435675536456894008e+01 3.763855595248351456e-03
4.460756668584335927e+01 3.675681591430971125e-03
4.485812369927145937e+01 3.667226595352214135e-03
4.510933196139897206e+01 3.603506716836656684e-03
4.536097672816924131e+01 3.544492522810025088e-03
4.561261869099184452e+01 3.475949013406233034e-03
4.586346064304911607e+01 3.426036174091356273e-03
4.611435299895526185e+01 3.356790056528777873e-03
4.636610302009028572e+01 3.286180266719303852e-03
4.661726081402038346e+01 3.282251867884112585e-03
4.686748045926628237e+01 3.224307214100570213e-03
4.712001000143001761e+01 3.224160329281924430e-03
4.737334269293729960e+01 3.146528134523292244e-03
4.762357272554871912e+01 3.078857602469985740e-03
4.787295862859781437e+01 3.063599171795681163e-03
4.812686710231834297e+01 3.027760223184556773e-03
4.837988354528783930e+01 2.918712126133851149e-03
4.862698975964909209e+01 2.917079567107420859e-03
4.887931961662670233e+01 2.891070611898557356e-03
4.913512531690142282e+01 2.859062937992899820e-03
4.938486646957150583e+01 2.847818124104892386e-03
4.963073103205424985e+01 2.832471242314394712e-03
4.988316058859187763e+01 2.776325776100843808e-03
5.013927392651110893e+01 2.740571343635544738e-03
5.038898445289544270e+01 2.662075174653034948e-03
5.063791314200675941e+01 2.573195921654285352e-03
5.089234515763529032e+01 2.609863875126823898e-03
5.114529266359630810e+01 2.532158897295713057e-03
5.138952878242714206e+01 2.538229475055846143e-03
5.163945178601188246e+01 2.521001516906409747e-03
5.190206698624180603e+01 2.455227313318045050e-03
5.215590084722179398e+01 2.401742304749593295e-03
5.238680673191466042e+01 2.466929177156695647e-03
5.263532591009818873e+01 2.384635996226183545e-03
5.290823119436031874e+01 2.346141586388402617e-03
5.316882575050344428e+01 2.253339100316670372e-03
5.338513341050097694e+01 2.244872634618476012e-03
5.363212510227822349e+01 2.167827783010820887e-03
5.391615723351310407e+01 2.152573373475207864e-03
5.419187693011466678e+01 2.134070005880256415e-03
5.439722241285236493e+01 1.985003965097533948e-03
5.462806064877949552e+01 2.107997624220544521e-03
5.491241494336609463e+01 1.799968849059774625e-03
5.519421446932921782e+01 1.648960185076348657e-03
5.543046826972861396e+01 1.942792306067509921e-03
5.561137265256709128e+01 3.559705737915773438e-03
