3.559856489878782115e-01 7.761758472245461462e+02
6.031648866026231293e-01 2.000179627788863570e+02
8.579160745827347778e-01 8.011799403960498012e+01
1.113464310595710716e+00 5.361333764722969875e+01
1.374039914321364408e+00 2.841958638709196450e+01
1.619154704570298309e+00 2.292231715460335195e+01
1.870686673430271840e+00 1.511970491480825451e+01
2.123290040706380832e+00 1.010677270479399503e+01
2.378144976376236119e+00 8.026721865559318658e+00
2.630489925835516996e+00 5.720000021155215109e+00
2.878653162679494670e+00 4.671448359462795352e+00
3.131144366275339319e+00 4.025717615262752069e+00
3.388159578333816313e+00 3.282067344218017269e+00
3.638741848210948149e+00 2.887571809633238562e+00
3.888315910732085268e+00 2.322597482206280706e+00
4.139052155837465996e+00 1.982062738197128970e+00
4.390305777018236988e+00 1.671599341682463935e+00
4.642172339120373081e+00 1.492557331964651679e+00
4.894678666149941293e+00 1.284121419632747729e+00
5.147269052361176378e+00 1.139394897850487087e+00
5.398003206656323272e+00 9.739229333538473865e-01
5.647798235368590269e+00 8.888705788918525030e-01
5.900534302989873581e+00 7.867305988228918689e-01
6.151460297009074374e+00 7.159964274318468824e-01
6.402630176204441526e+00 6.333827673173191286e-01
6.655964674748322096e+00 5.753248500337224680e-01
6.908782583105771202e+00 5.212465184530112872e-01
7.159060853508338873e+00 4.842800437627325372e-01
7.409414762591408632e+00 4.457727452893949782e-01
7.659227149364629561e+00 3.983510531665632182e-01
7.911559474606142395e+00 3.726441577825397866e-01
8.163750941790897997e+00 3.431182036908413946e-01
8.415757210439384295e+00 3.167264519862474925e-01
8.667638839289207198e+00 3.011588597688308888e-01
8.918801124864609520e+00 2.722281185771449064e-01
9.170480108345369530e+00 2.532925720706887263e-01
9.420566033467249412e+00 2.400183672937149237e-01
9.671642335271435797e+00 2.224172260600160433e-01
9.923426157758477473e+00 2.073969536539929659e-01
1.017396902749181820e+01 1.926084009124017782e-01
1.042533700753922155e+01 1.814251658282862445e-01
1.067702948358784276e+01 1.727323750342328879e-01
1.092969337256462303e+01 1.626596421666862413e-01
1.118211872033766419e+01 1.516164617779330870e-01
1.143346516925797296e+01 1.437421637252480067e-01
1.168350508557724687e+01 1.323359194497540081e-01
1.193379937775929100e+01 1.278580293646882082e-01
1.218553055762879112e+01 1.222002302576382926e-01
1.243711650801278878e+01 1.143486396310138542e-01
1.268867268647359303e+01 1.092082134866382559e-01
1.294075027177769144e+01 1.045559498497344031e-01
1.319267287020158363e+01 9.715483342364653052e-02
1.344470571782862756e+01 9.236259596707246944e-02
1.369480150283709641e+01 8.884365465067420309e-02
1.394591277066507828e+01 8.364021693310945416e-02
1.419764645764527167e+01 8.053661472787727871e-02
1.444766774168416212e+01 7.675578878413250039e-02
1.469906835825429070e+01 7.363973997536170379e-02
1.495059118111036511e+01 6.999012419710212707e-02
1.520261612590052991e+01 6.736803513461295245e-02
1.545415944503929495e+01 6.474069791338704638e-02
1.570456072545780124e+01 6.173637280278478079e-02
1.595705800128773966e+01 5.881527725988348887e-02
1.620829297830731619e+01 5.653011536131079956e-02
1.645966591028190962e+01 5.387411597559627757e-02
1.671125708846596325e+01 5.184711611462507197e-02
1.696160259490052624e+01 5.038792681310638732e-02
1.721370276108077135e+01 4.828916360316237028e-02
1.746543424102250341e+01 4.635542818051083952e-02
1.771598473288305442e+01 4.462922437540978865e-02
1.796653767411944003e+01 4.294600608954824567e-02
1.821765658501893270e+01 4.136297574285806300e-02
1.847053788120423334e+01 3.988470838892707593e-02
1.872257696809484173e+01 3.905590090037849155e-02
1.897394097105746269e+01 3.739069432601125481e-02
1.922542454726159988e+01 3.634300868785365901e-02
1.947607703355479103e+01 3.488473249285870686e-02
1.972678839839982601e+01 3.362076832885653455e-02
1.997802698857814363e+01 3.223166075904894401e-02
2.022863620534168660e+01 3.155847094520443374e-02
2.047969598507238231e+01 3.045377521558507300e-02
2.073250439107362553e+01 2.945073117395722792e-02
2.098435855211640089e+01 2.829510776876411476e-02
2.123502923393334640e+01 2.772919237691875982e-02
2.148629411178690773e+01 2.662553701114337562e-02
2.173831825513516591e+01 2.584237710343316105e-02
2.198972260956887226e+01 2.490790437865543494e-02
2.223974971000711420e+01 2.432571360714942330e-02
2.249141870643862973e+01 2.373120539252601344e-02
2.274404614890906373e+01 2.286914965241992198e-02
2.299521835768831579e+01 2.222649504440205731e-02
2.324620084136223852e+01 2.165532664922157138e-02
2.349757798664387209e+01 2.097746268742537237e-02
2.374870488118759937e+01 2.035384538681122082e-02
2.399988781917473091e+01 1.983957404841148187e-02
2.425071646049711305e+01 1.932071342600119937e-02
2.450187830577813841e+01 1.889160769400531972e-02
2.475391093216606109e+01 1.831150435938043441e-02
2.500524226975159792e+01 1.790422545922222899e-02
2.525610980153284402e+01 1.742748900905579865e-02
2.550801425092822328e+01 1.683694969845411782e-02
2.575943113325822864e+01 1.638280866190470683e-02
2.601074166866445125e+01 1.600514517409110452e-02
2.626234447079615464e+01 1.556602769217739490e-02
2.651347712943701751e+01 1.512084286620599995e-02
2.676474177984877656e+01 1.484895214543444260e-02
2.701628079430242479e+01 1.442133094843850265e-02
2.726734205837282232e+01 1.413259144370406818e-02
2.751837013544679422e+01 1.373094052940363255e-02
2.776937726815812724e+01 1.340125166916348101e-02
2.802070160973895341e+01 1.311509666466219130e-02
2.827249982643487058e+01 1.273902854276839393e-02
2.852407603869968966e+01 1.251677342683999231e-02
2.877567300468570721e+01 1.217240775672533311e-02
2.902733523039245256e+01 1.190690347803578970e-02
2.927861073083739996e+01 1.160552456536221265e-02
2.953003196193969160e+01 1.128613629782725114e-02
2.978106336846375157e+01 1.117910320262634379e-02
3.003148440777084716e+01 1.080109749345154087e-02
3.028303386126418673e+01 1.066178917002148091e-02
3.053456493440382857e+01 1.034412559964727717e-02
3.078585183944906944e+01 1.015663547676543335e-02
3.103757946070165730e+01 9.959815185761279957e-03
3.128931656795834826e+01 9.696785248336947660e-03
3.154125974608096428e+01 9.491658057774779791e-03
3.179158626791808828e+01 9.288282014058225206e-03
3.204196438636942190e+01 9.105656198542992977e-03
3.229344668057169798e+01 8.894031550109851927e-03
3.254489998018084407e+01 8.720986521861807256e-03
3.279660140319880668e+01 8.520545735232445267e-03
3.304772754686901237e+01 8.399467765210675077e-03
3.329949953441923327e+01 8.204490671005310390e-03
3.355173249539067371e+01 8.019238185004785510e-03
3.380235474142784824e+01 7.855285567837731742e-03
3.405292218889088218e+01 7.720935024289896434e-03
3.430455901572810262e+01 7.536874119341785416e-03
3.455605119154291316e+01 7.450075194866906912e-03
3.480708698418615654e+01 7.268205078778771505e-03
3.505823042281740243e+01 7.144722752030410219e-03
3.530983122122644602e+01 7.001404433276052323e-03
3.556111974160763367e+01 6.855908663427210704e-03
3.581195885960364933e+01 6.721542953110977783e-03
3.606348577968052638e+01 6.632391684727820085e-03
3.631495136683125935e+01 6.459050450504338729e-03
3.656646781331610185e+01 6.363093588173971554e-03
3.681800948534306173e+01 6.266153963939256541e-03
3.706942350460822411e+01 6.146084646350038171e-03
3.732119977997001570e+01 5.999640643445497933e-03
3.757249197135423202e+01 5.895602271042020212e-03
3.782324055213251057e+01 5.781642209104541873e-03
3.807430609684078604e+01 5.678005139384032819e-03
3.832526519371521090e+01 5.612919954413051263e-03
3.857704530181875668e+01 5.535566673688827391e-03
3.882896255048217427e+01 5.398215704295210304e-03
3.907976684424035341e+01 5.272718737528374333e-03
3.933085588900704010e+01 5.216509088606018606e-03
3.958184533965361140e+01 5.080011882662308423e-03
3.983320492881626507e+01 5.050356277626027839e-03
4.008506787586624398e+01 4.921843934973739454e-03
4.033569471078550350e+01 4.856028468863806367e-03
4.058701345074587863e+01 4.820696380365912560e-03
4.083916815834436420e+01 4.710287214418738475e-03
4.108978611092747713e+01 4.655032956389523920e-03
4.134119394692694271e+01 4.556181979917947426e-03
4.159372926482761557e+01 4.474841047833151737e-03
4.184480996230068683e+01 4.358812452403840187e-03
4.209495048714620680e+01 4.338471009450707572e-03
4.234568601474854432e+01 4.226643621466623368e-03
4.259794184898333214e+01 4.201870493635319163e-03
4.284922176444433717e+01 4.173347627410528039e-03
4.309982534096671003e+01 4.087876164202524677e-03
4.335153475414617930e+01 4.005219085587575188e-03
4.360374984514007224e+01 3.929365309358325183e-03
4.385432838732079830e+01 3.838528483651960400e-03
4.410529766549178277e+01 3.828610283880147340e-03
4.435675536456894008e+01 3.748996363624790534e-03
4.460756668584335927e+01 3.711281081339231659e-03
4.485812369927145937e+01 3.614039498245644709e-03
4.510933196139897206e+01 3.574544162233119545e-03
4.536097672816924131e+01 3.542809683853285693e-03
4.561261869099184452e+01 3.478692314783812106e-03
4.586346064304911607e+01 3.454500941588859505e-03
4.611435299895526185e+01 3.390038080421315606e-03
4.636610302009028572e+01 3.361770428760316783e-03
4.661726081402038346e+01 3.319867831593347352e-03
4.686748045926628237e+01 3.240491033418922001e-03
4.712001000143001761e+01 3.223112601821710287e-03
4.737334269293729960e+01 3.089427700704223869e-03
4.762357272554871912e+01 3.070254458657755564e-03
4.787295862859781437e+01 3.027221848551307857e-03
4.812686710231834297e+01 2.973864872783355245e-03
4.837988354528783930e+01 3.006765492591020709e-03
4.862698975964909209e+01 2.934378256918690822e-03
4.887931961662670233e+01 2.887076140611750680e-03
4.913512531690142282e+01 2.864457712497174482e-03
4.938486646957150583e+01 2.818447559860956173e-03
4.963073103205424985e+01 2.751492155034567129e-03
4.988316058859187763e+01 2.725438117453156742e-03
5.013927392651110893e+01 2.667686901676784295e-03
5.038898445289544270e+01 2.593822487978085425e-03
5.063791314200675941e+01 2.595428264289187208e-03
5.089234515763529032e+01 2.582683045841276635e-03
5.114529266359630810e+01 2.570180574298063132e-03
5.138952878242714206e+01 2.527612622142156196e-03
5.163945178601188246e+01 2.499505653046857432e-03
5.190206698624180603e+01 2.449567716479065897e-03
5.215590084722179398e+01 2.373772507852940812e-03
5.238680673191466042e+01 2.426107609309959955e-03
5.263532591009818873e+01 2.398181739006769505e-03
5.290823119436031874e+01 2.329339821779288430e-03
5.316882575050344428e+01 2.361889483479560469e-03
5.338513341050097694e+01 2.164567697441029028e-03
5.363212510227822349e+01 2.267032213461783827e-03
5.391615723351310407e+01 2.146366306107514148e-03
5.419187693011466678e+01 2.424644185706398714e-03
5.439722241285236493e+01 2.165079436610213136e-03
5.462806064877949552e+01 2.053520656055625275e-03
5.491241494336609463e+01 2.101966088869436800e-03
5.519421446932921782e+01 2.051250948146450797e-03
5.543046826972861396e+01 2.458773629809710495e-03
5.561137265256709128e+01 1.181383756809438294e-03
