3.559856489878782115e-01 6.545993043891274965e+02
6.031648866026231293e-01 2.549826073804528619e+02
8.579160745827347778e-01 9.926798059556057297e+01
1.113464310595710716e+00 5.002284300858084265e+01
1.374039914321364408e+00 3.012787129025771549e+01
1.619154704570298309e+00 1.800719038551808993e+01
1.870686673430271840e+00 1.417625861085790362e+01
2.123290040706380832e+00 1.041693956988705416e+01
2.378144976376236119e+00 8.006965617470742202e+00
2.630489925835516996e+00 5.878320192565445801e+00
2.878653162679494670e+00 4.966631483465896224e+00
3.131144366275339319e+00 3.961665471323014831e+00
3.388159578333816313e+00 3.420330187184670745e+00
3.638741848210948149e+00 2.594649258912927525e+00
3.888315910732085268e+00 2.320530616982932948e+00
4.139052155837465996e+00 2.079441369271767925e+00
4.390305777018236988e+00 1.637857411271574914e+00
4.642172339120373081e+00 1.521147539865158826e+00
4.894678666149941293e+00 1.298401283898548142e+00
5.147269052361176378e+00 1.160203481091945488e+00
5.398003206656323272e+00 1.023980853875209984e+00
5.647798235368590269e+00 8.623092011848212390e-01
5.900534302989873581e+00 7.969429068987395892e-01
6.151460297009074374e+00 6.993877403110835278e-01
6.402630176204441526e+00 6.590409537285594199e-01
6.655964674748322096e+00 5.819924342840425702e-01
6.908782583105771202e+00 5.266641001239663611e-01
7.159060853508338873e+00 4.734758463280451246e-01
7.409414762591408632e+00 4.397013660725097584e-01
7.659227149364629561e+00 4.100036131887075386e-01
7.911559474606142395e+00 3.700227578340442580e-01
8.163750941790897997e+00 3.464842114564598563e-01
8.415757210439384295e+00 3.241939659892654202e-01
8.667638839289207198e+00 2.964298970003688138e-01
8.918801124864609520e+00 2.732212260341428389e-01
9.170480108345369530e+00 2.514554983500759677e-01
9.420566033467249412e+00 2.383793080684570298e-01
9.671642335271435797e+00 2.212755285908207248e-01
9.923426157758477473e+00 2.093639280216786358e-01
1.017396902749181820e+01 1.915474851408233148e-01
1.042533700753922155e+01 1.789843277149378020e-01
1.067702948358784276e+01 1.721671551872789308e-01
1.092969337256462303e+01 1.623001466879294696e-01
1.118211872033766419e+01 1.498093925216164302e-01
1.143346516925797296e+01 1.424296895430103849e-01
1.168350508557724687e+01 1.344584576167927314e-01
1.193379937775929100e+01 1.270850435693702540e-01
1.218553055762879112e+01 1.210132193956151014e-01
1.243711650801278878e+01 1.137147020235128592e-01
1.268867268647359303e+01 1.078546858552872634e-01
1.294075027177769144e+01 1.018335877055763089e-01
1.319267287020158363e+01 9.854938327559471800e-02
1.344470571782862756e+01 9.287217113587760420e-02
1.369480150283709641e+01 8.793660312924524158e-02
1.394591277066507828e+01 8.423559800782377815e-02
1.419764645764527167e+01 8.049909153186722566e-02
1.444766774168416212e+01 7.804631863580510642e-02
1.469906835825429070e+01 7.351031332529903151e-02
1.495059118111036511e+01 7.006778693617732312e-02
1.520261612590052991e+01 6.734915133169377954e-02
1.545415944503929495e+01 6.405340358706476667e-02
1.570456072545780124e+01 6.045318418011943334e-02
1.595705800128773966e+01 5.917615993303960986e-02
1.620829297830731619e+01 5.683778699312228011e-02
1.645966591028190962e+01 5.516791580328386790e-02
1.671125708846596325e+01 5.240212885163911954e-02
1.696160259490052624e+01 5.039784728433233107e-02
1.721370276108077135e+01 4.821334853213656707e-02
1.746543424102250341e+01 4.611118116301719111e-02
1.771598473288305442e+01 4.489012671357030942e-02
1.796653767411944003e+01 4.315561333570022695e-02
1.821765658501893270e+01 4.174007055764381025e-02
1.847053788120423334e+01 3.992215687005710306e-02
1.872257696809484173e+01 3.841896023274386091e-02
1.897394097105746269e+01 3.737511311893992189e-02
1.922542454726159988e+01 3.605623153952352417e-02
1.947607703355479103e+01 3.472612819019236380e-02
1.972678839839982601e+01 3.345909529600507581e-02
1.997802698857814363e+01 3.247415789534983943e-02
2.022863620534168660e+01 3.123678312943333618e-02
2.047969598507238231e+01 3.071095405117374791e-02
2.073250439107362553e+01 2.939669003419700943e-02
2.098435855211640089e+01 2.831725052044548399e-02
2.123502923393334640e+01 2.748358466085294716e-02
2.148629411178690773e+01 2.673007249304599348e-02
2.173831825513516591e+01 2.590909278658826143e-02
2.198972260956887226e+01 2.492980504880163220e-02
2.223974971000711420e+01 2.427127973827080537e-02
2.249141870643862973e+01 2.365307259069149640e-02
2.274404614890906373e+01 2.278557656266853165e-02
2.299521835768831579e+01 2.218421375266050807e-02
2.324620084136223852e+01 2.151068378423395128e-02
2.349757798664387209e+01 2.095525743902973415e-02
2.374870488118759937e+01 2.046197297903721082e-02
2.399988781917473091e+01 1.979552000525167110e-02
2.425071646049711305e+01 1.917408183232616539e-02
2.450187830577813841e+01 1.862268674855188308e-02
2.475391093216606109e+01 1.837025865466341765e-02
2.500524226975159792e+01 1.779037449113376676e-02
2.525610980153284402e+01 1.734706140384782713e-02
2.550801425092822328e+01 1.668067282410033020e-02
2.575943113325822864e+01 1.636926666656169857e-02
2.601074166866445125e+01 1.597556287659874716e-02
2.626234447079615464e+01 1.567455502379107996e-02
2.651347712943701751e+01 1.514993067565628161e-02
2.676474177984877656e+01 1.478497579551897589e-02
2.701628079430242479e+01 1.451950764863868017e-02
2.726734205837282232e+01 1.409566719926034530e-02
2.751837013544679422e+01 1.375724900588600093e-02
2.776937726815812724e+01 1.339546684052250747e-02
2.802070160973895341e+01 1.307556775574997103e-02
2.827249982643487058e+01 1.271815857823863430e-02
2.852407603869968966e+01 1.246112062747475706e-02
2.877567300468570721e+01 1.221810538522543482e-02
2.902733523039245256e+01 1.188589074801476610e-02
2.927861073083739996e+01 1.166107184059439646e-02
2.953003196193969160e+01 1.134302277797710409e-02
2.978106336846375157e+01 1.102586276763151477e-02
3.003148440777084716e+01 1.081440788146189290e-02
3.028303386126418673e+01 1.062348763888569698e-02
3.053456493440382857e+01 1.031468559500006189e-02
3.078585183944906944e+01 1.014455643022290666e-02
3.103757946070165730e+01 9.939120861450278371e-03
3.128931656795834826e+01 9.641960835879875499e-03
3.154125974608096428e+01 9.507855363495252080e-03
3.179158626791808828e+01 9.282944207984108673e-03
3.204196438636942190e+01 9.112670028581225726e-03
3.229344668057169798e+01 8.955554408662701887e-03
3.254489998018084407e+01 8.747254502382449323e-03
3.279660140319880668e+01 8.595181280691048878e-03
3.304772754686901237e+01 8.369383649037873130e-03
3.329949953441923327e+01 8.150769908526452404e-03
3.355173249539067371e+01 8.079818500694960215e-03
3.380235474142784824e+01 7.867440139728889767e-03
3.405292218889088218e+01 7.687183855018505860e-03
3.430455901572810262e+01 7.564035921228603153e-03
3.455605119154291316e+01 7.429460303517960475e-03
3.480708698418615654e+01 7.247445589069099851e-03
3.505823042281740243e+01 7.105335061874363221e-03
3.530983122122644602e+01 7.006293909048519862e-03
3.556111974160763367e+01 6.895079152151922276e-03
3.581195885960364933e+01 6.739571355794970499e-03
3.606348577968052638e+01 6.611585564593574701e-03
3.631495136683125935e+01 6.481514275854996683e-03
3.656646781331610185e+01 6.394818901053553849e-03
3.681800948534306173e+01 6.213174687971298980e-03
3.706942350460822411e+01 6.171563323182940181e-03
3.732119977997001570e+01 6.017705775284083389e-03
3.757249197135423202e+01 5.889007799404252785e-03
3.782324055213251057e+01 5.778526648214261756e-03
3.807430609684078604e+01 5.709072763181968074e-03
3.832526519371521090e+01 5.619293748834071171e-03
3.857704530181875668e+01 5.513315976087290390e-03
3.882896255048217427e+01 5.407365985101750087e-03
3.907976684424035341e+01 5.321654920813008623e-03
3.933085588900704010e+01 5.230090739487136195e-03
3.958184533965361140e+01 5.130322309277578902e-03
3.983320492881626507e+01 5.059209900083145445e-03
4.008506787586624398e+01 4.946109475986438381e-03
4.033569471078550350e+01 4.894814363739024947e-03
4.058701345074587863e+01 4.803098877640026194e-03
4.083916815834436420e+01 4.698020749851091610e-03
4.108978611092747713e+01 4.625130075016999423e-03
4.134119394692694271e+01 4.498617218167175191e-03
4.159372926482761557e+01 4.477571609226189096e-03
4.184480996230068683e+01 4.413492647582449233e-03
4.209495048714620680e+01 4.342714075856814009e-03
4.234568601474854432e+01 4.278183626945051068e-03
4.259794184898333214e+01 4.177186306326675230e-03
4.284922176444433717e+01 4.098693947195338264e-03
4.309982534096671003e+01 4.088787643299091924e-03
4.335153475414617930e+01 3.991640492402546113e-03
4.360374984514007224e+01 3.941826903180135552e-03
4.385432838732079830e+01 3.893219542329569120e-03
4.410529766549178277e+01 3.831696589786361129e-03
4.435675536456894008e+01 3.794907523754571972e-03
4.460756668584335927e+01 3.727270997157386152e-03
4.485812369927145937e+01 3.649477808675617718e-03
4.510933196139897206e+01 3.605367453565208775e-03
4.536097672816924131e+01 3.516527093857608945e-03
4.561261869099184452e+01 3.495738930760989519e-03
4.586346064304911607e+01 3.412086354618163765e-03
4.611435299895526185e+01 3.385121317097540116e-03
4.636610302009028572e+01 3.285301377403983085e-03
4.661726081402038346e+01 3.260311568534526860e-03
4.686748045926628237e+01 3.193620004706278648e-03
4.712001000143001761e+01 3.186400677650437756e-03
4.737334269293729960e+01 3.123368923921487992e-03
4.762357272554871912e+01 3.126758531882945554e-03
4.787295862859781437e+01 3.112678776104996041e-03
4.812686710231834297e+01 2.934564188105038673e-03
4.837988354528783930e+01 3.008092621603930625e-03
4.862698975964909209e+01 2.960368486501569613e-03
4.887931961662670233e+01 2.874393667669799483e-03
4.913512531690142282e+01 2.774596778920406306e-03
4.938486646957150583e+01 2.808748205905368077e-03
4.963073103205424985e+01 2.759001189212832543e-03
4.988316058859187763e+01 2.667515614872864940e-03
5.013927392651110893e+01 2.720281649199604839e-03
5.038898445289544270e+01 2.631531774918316902e-03
5.063791314200675941e+01 2.639066208592499851e-03
5.089234515763529032e+01 2.572902893904500509e-03
5.114529266359630810e+01 2.535774157144263935e-03
5.138952878242714206e+01 2.523338445712695454e-03
5.163945178601188246e+01 2.508144216803921082e-03
5.190206698624180603e+01 2.398461089248238309e-03
5.215590084722179398e+01 2.452908279899264962e-03
5.238680673191466042e+01 2.381483436604792461e-03
5.263532591009818873e+01 2.428027714912995693e-03
5.290823119436031874e+01 2.264215141387975957e-03
5.316882575050344428e+01 2.428393450937748124e-03
5.338513341050097694e+01 2.295660549858056371e-03
5.363212510227822349e+01 2.085835830992308244e-03
5.391615723351310407e+01 2.178170899694462700e-03
5.419187693011466678e+01 2.297572783904622100e-03
5.439722241285236493e+01 2.042105608175043534e-03
5.462806064877949552e+01 2.049426136645675703e-03
5.491241494336609463e+01 1.947465518147907396e-03
5.519421446932921782e+01 2.208443825117129174e-03
5.543046826972861396e+01 2.263052522470137672e-03
5.561137265256709128e+01 2.483840099385049415e-03
