3.559856489878782115e-01 1.674208035198743119e+03
6.031648866026231293e-01 1.853205885891850926e+02
8.579160745827347778e-01 9.143403725687920769e+01
1.113464310595710716e+00 4.905801415383155728e+01
1.374039914321364408e+00 2.791817733031323101e+01
1.619154704570298309e+00 1.907266264887989493e+01
1.870686673430271840e+00 1.491791698819742962e+01
2.123290040706380832e+00 1.020785217421340718e+01
2.378144976376236119e+00 8.130276714547955308e+00
2.630489925835516996e+00 6.272424183738736225e+00
2.878653162679494670e+00 5.019904135848046067e+00
3.131144366275339319e+00 4.033106321780846493e+00
3.388159578333816313e+00 3.531800786017669669e+00
3.638741848210948149e+00 2.595008142500274229e+00
3.888315910732085268e+00 2.324375009892382327e+00
4.139052155837465996e+00 2.002391768740329869e+00
4.390305777018236988e+00 1.683055438168417739e+00
4.642172339120373081e+00 1.475970751272768888e+00
4.894678666149941293e+00 1.275021287470520237e+00
5.147269052361176378e+00 1.144010022188940656e+00
5.398003206656323272e+00 1.000003457149582609e+00
5.647798235368590269e+00 8.726293378930890521e-01
5.900534302989873581e+00 7.850892844013926952e-01
6.151460297009074374e+00 7.058581607106432232e-01
6.402630176204441526e+00 6.399847321681106926e-01
6.655964674748322096e+00 5.848646932763690298e-01
6.908782583105771202e+00 5.358517585115668558e-01
7.159060853508338873e+00 4.872603535637067274e-01
7.409414762591408632e+00 4.458485670231147058e-01
7.659227149364629561e+00 4.039889108873555568e-01
7.911559474606142395e+00 3.692444780882623290e-01
8.163750941790897997e+00 3.414872292465271353e-01
8.415757210439384295e+00 3.215799660208421562e-01
8.667638839289207198e+00 2.924339717780852221e-01
8.918801124864609520e+00 2.763232564671780911e-01
9.170480108345369530e+00 2.550897835543269876e-01
9.420566033467249412e+00 2.376691664679470295e-01
9.671642335271435797e+00 2.254677657668631985e-01
9.923426157758477473e+00 2.047850362837622673e-01
1.017396902749181820e+01 1.941357494497080449e-01
1.042533700753922155e+01 1.804498581021534154e-01
1.067702948358784276e+01 1.723402974687037181e-01
1.092969337256462303e+01 1.605753973747623131e-01
1.118211872033766419e+01 1.505620226110726545e-01
1.143346516925797296e+01 1.421334542042804738e-01
1.168350508557724687e+01 1.362931288643715322e-01
1.193379937775929100e+01 1.290289767605733717e-01
1.218553055762879112e+01 1.198627800283977168e-01
1.243711650801278878e+01 1.146479797997333183e-01
1.268867268647359303e+01 1.077724747644753789e-01
1.294075027177769144e+01 1.030733407216040398e-01
1.319267287020158363e+01 9.802670616865943876e-02
1.344470571782862756e+01 9.318748792604145126e-02
1.369480150283709641e+01 8.848766555502919628e-02
1.394591277066507828e+01 8.544710808313635275e-02
1.419764645764527167e+01 8.037252227969717000e-02
1.444766774168416212e+01 7.761397852522002039e-02
1.469906835825429070e+01 7.337694486636131552e-02
1.495059118111036511e+01 7.086509345971064855e-02
1.520261612590052991e+01 6.802589839835145036e-02
1.545415944503929495e+01 6.427416588184209356e-02
1.570456072545780124e+01 6.175057954132838478e-02
1.595705800128773966e+01 5.973861081988369320e-02
1.620829297830731619e+01 5.648653222451893718e-02
1.645966591028190962e+01 5.433051506698722416e-02
1.671125708846596325e+01 5.174675563144191109e-02
1.696160259490052624e+01 5.031957400099301009e-02
1.721370276108077135e+01 4.839395129762250752e-02
1.746543424102250341e+01 4.666290349614780203e-02
1.771598473288305442e+01 4.456628986021706623e-02
1.796653767411944003e+01 4.280910469809175861e-02
1.821765658501893270e+01 4.114230856102941286e-02
1.847053788120423334e+01 4.004166905779326519e-02
1.872257696809484173e+01 3.853858044530084764e-02
1.897394097105746269e+01 3.728403075467793398e-02
1.922542454726159988e+01 3.595976968518646566e-02
1.947607703355479103e+01 3.504142444949555346e-02
1.972678839839982601e+01 3.383740755215270540e-02
1.997802698857814363e+01 3.229618849941567199e-02
2.022863620534168660e+01 3.133422240188009356e-02
2.047969598507238231e+01 3.039976191071655162e-02
2.073250439107362553e+01 2.945593733465603006e-02
2.098435855211640089e+01 2.855949121510794123e-02
2.123502923393334640e+01 2.769351978364585978e-02
2.148629411178690773e+01 2.650161648448261936e-02
2.173831825513516591e+01 2.583130720334294445e-02
2.198972260956887226e+01 2.482837033856887671e-02
2.223974971000711420e+01 2.421447799918345287e-02
2.249141870643862973e+01 2.358280122271920812e-02
2.274404614890906373e+01 2.293158112775229782e-02
2.299521835768831579e+01 2.222285703488088501e-02
2.324620084136223852e+01 2.154652214781423158e-02
2.349757798664387209e+01 2.088371019175545851e-02
2.374870488118759937e+01 2.024657587166778586e-02
2.399988781917473091e+01 1.959758047827007618e-02
2.425071646049711305e+01 1.926660616946296312e-02
2.450187830577813841e+01 1.858546831135704513e-02
2.475391093216606109e+01 1.828231826143729422e-02
2.500524226975159792e+01 1.779808769578867730e-02
2.525610980153284402e+01 1.726723522227159233e-02
2.550801425092822328e+01 1.682606082340644404e-02
2.575943113325822864e+01 1.638096808707965521e-02
2.601074166866445125e+01 1.586546105015718827e-02
2.626234447079615464e+01 1.561809171259678775e-02
2.651347712943701751e+01 1.518422526722855957e-02
2.676474177984877656e+01 1.482064596205950359e-02
2.701628079430242479e+01 1.444016878301402663e-02
2.726734205837282232e+01 1.411703511307011577e-02
2.751837013544679422e+01 1.376258129704718836e-02
2.776937726815812724e+01 1.339590130069019322e-02
2.802070160973895341e+01 1.309296863213150856e-02
2.827249982643487058e+01 1.271197834311830512e-02
2.852407603869968966e+01 1.246555126527294430e-02
2.877567300468570721e+01 1.216397249142346475e-02
2.902733523039245256e+01 1.184655195866794741e-02
2.927861073083739996e+01 1.155694140096034765e-02
2.953003196193969160e+01 1.137049787686222890e-02
2.978106336846375157e+01 1.105714599443942750e-02
3.003148440777084716e+01 1.082497851992483828e-02
3.028303386126418673e+01 1.057191695553073678e-02
3.053456493440382857e+01 1.040241947719332608e-02
3.078585183944906944e+01 1.005864341730710459e-02
3.103757946070165730e+01 9.941117304888419381e-03
3.128931656795834826e+01 9.699703358364468800e-03
3.154125974608096428e+01 9.514619301382153810e-03
3.179158626791808828e+01 9.339192668621163276e-03
3.204196438636942190e+01 9.122818844534918981e-03
3.229344668057169798e+01 8.880940795009228950e-03
3.254489998018084407e+01 8.713415322323069673e-03
3.279660140319880668e+01 8.505774019811025016e-03
3.304772754686901237e+01 8.413545469607531385e-03
3.329949953441923327e+01 8.217897761726515246e-03
3.355173249539067371e+01 8.092569762712310821e-03
3.380235474142784824e+01 7.811144718108716488e-03
3.405292218889088218e+01 7.696072883463678065e-03
3.430455901572810262e+01 7.551644457832956160e-03
3.455605119154291316e+01 7.429361576956160576e-03
3.480708698418615654e+01 7.300630323141904521e-03
3.505823042281740243e+01 7.147858120748550904e-03
3.530983122122644602e+01 6.976646344283122386e-03
3.556111974160763367e+01 6.859754316301297679e-03
3.581195885960364933e+01 6.709994207745190349e-03
3.606348577968052638e+01 6.601044431299318664e-03
3.631495136683125935e+01 6.474066209623736447e-03
3.656646781331610185e+01 6.360573982422962867e-03
3.681800948534306173e+01 6.263143824838763793e-03
3.706942350460822411e+01 6.137649509306951010e-03
3.732119977997001570e+01 5.993807432121371973e-03
3.757249197135423202e+01 5.911514796857349728e-03
3.782324055213251057e+01 5.783971702330983899e-03
3.807430609684078604e+01 5.694535699164554078e-03
3.832526519371521090e+01 5.628222563498541664e-03
3.857704530181875668e+01 5.508454080428191318e-03
3.882896255048217427e+01 5.383448476852989266e-03
3.907976684424035341e+01 5.315527331370411591e-03
3.933085588900704010e+01 5.253033477383988945e-03
3.958184533965361140e+01 5.121056944257624047e-03
3.983320492881626507e+01 5.021548879475015194e-03
4.008506787586624398e+01 4.946781345495723965e-03
4.033569471078550350e+01 4.875643702571930138e-03
4.058701345074587863e+01 4.832106034538977656e-03
4.083916815834436420e+01 4.689022766709298636e-03
4.108978611092747713e+01 4.641001080534612466e-03
4.134119394692694271e+01 4.567334676212019690e-03
4.159372926482761557e+01 4.500297558873069675e-03
4.184480996230068683e+01 4.405906315938944509e-03
4.209495048714620680e+01 4.314662520596968670e-03
4.234568601474854432e+01 4.281569411671171804e-03
4.259794184898333214e+01 4.190897877392943741e-03
4.284922176444433717e+01 4.111633189683608185e-03
4.309982534096671003e+01 4.089491534731777740e-03
4.335153475414617930e+01 3.981688100527134080e-03
4.360374984514007224e+01 3.939424993150955102e-03
4.385432838732079830e+01 3.867473481363583286e-03
4.410529766549178277e+01 3.818858008262452849e-03
4.435675536456894008e+01 3.752435881419209900e-03
4.460756668584335927e+01 3.730200702996866804e-03
4.485812369927145937e+01 3.618103508785574553e-03
4.510933196139897206e+01 3.596342901700268473e-03
4.536097672816924131e+01 3.497630768912241006e-03
4.561261869099184452e+01 3.467306560742323095e-03
4.586346064304911607e+01 3.440076685829376174e-03
4.611435299895526185e+01 3.395139139124415256e-03
4.636610302009028572e+01 3.332574859236795035e-03
4.661726081402038346e+01 3.299397919774455304e-03
4.686748045926628237e+01 3.222323067461043290e-03
4.712001000143001761e+01 3.221250351691976911e-03
4.737334269293729960e+01 3.105818088847535439e-03
4.762357272554871912e+01 3.107059314826811445e-03
4.787295862859781437e+01 3.108576303339280825e-03
4.812686710231834297e+01 3.003193023502383121e-03
4.837988354528783930e+01 3.008516454594015784e-03
4.862698975964909209e+01 2.995563678313974132e-03
4.887931961662670233e+01 2.939682186415932489e-03
4.913512531690142282e+01 2.785623801111684460e-03
4.938486646957150583e+01 2.828595400388410081e-03
4.963073103205424985e+01 2.780682906230682542e-03
4.988316058859187763e+01 2.757910658521644902e-03
5.013927392651110893e+01 2.740838993153091232e-03
5.038898445289544270e+01 2.628025358398032585e-03
5.063791314200675941e+01 2.700565395440067233e-03
5.089234515763529032e+01 2.562524801339674356e-03
5.114529266359630810e+01 2.573259753035927935e-03
5.138952878242714206e+01 2.420067614578164973e-03
5.163945178601188246e+01 2.445194920950774335e-03
5.190206698624180603e+01 2.468704963032128819e-03
5.215590084722179398e+01 2.406654299923815642e-03
5.238680673191466042e+01 2.363554022695495138e-03
5.263532591009818873e+01 2.400918934616130731e-03
5.290823119436031874e+01 2.235851883150808198e-03
5.316882575050344428e+01 2.373169910025955693e-03
5.338513341050097694e+01 2.284067161990487298e-03
5.363212510227822349e+01 2.289970289088589985e-03
5.391615723351310407e+01 2.223914404681299768e-03
5.419187693011466678e+01 2.033687028585679131e-03
5.439722241285236493e+01 2.390137167808329809e-03
5.462806064877949552e+01 2.138707245173494028e-03
5.491241494336609463e+01 1.904655879319989541e-03
5.519421446932921782e+01 1.784854648103138645e-03
5.543046826972861396e+01 1.832430072152621678e-03
5.561137265256709128e+01 2.523862357873096589e-03
