3.559856489878782115e-01 6.273238179015921787e+02
6.031648866026231293e-01 2.779670765967459261e+02
8.579160745827347778e-01 1.024006297736487596e+02
1.113464310595710716e+00 4.355389036826804983e+01
1.374039914321364408e+00 2.958661712532387966e+01
1.619154704570298309e+00 2.016768976620241816e+01
1.870686673430271840e+00 1.524293201415212629e+01
2.123290040706380832e+00 1.101283309644253272e+01
2.378144976376236119e+00 7.895394004250712250e+00
2.630489925835516996e+00 5.791180976140750225e+00
2.878653162679494670e+00 5.172332798200523385e+00
3.131144366275339319e+00 4.097177834070621749e+00
3.388159578333816313e+00 3.311698906906025197e+00
3.638741848210948149e+00 2.683504290610682297e+00
3.888315910732085268e+00 2.224123338862586952e+00
4.139052155837465996e+00 1.942629481148294257e+00
4.390305777018236988e+00 1.709685133339946983e+00
4.642172339120373081e+00 1.497220959884643765e+00
4.894678666149941293e+00 1.290028698801239271e+00
5.147269052361176378e+00 1.142227616646436017e+00
5.398003206656323272e+00 9.996353015349590532e-01
5.647798235368590269e+00 8.993142595554359797e-01
5.900534302989873581e+00 7.764369216381166172e-01
6.151460297009074374e+00 7.243219047766747964e-01
6.402630176204441526e+00 6.642075267652065573e-01
6.655964674748322096e+00 5.903144617953089979e-01
6.908782583105771202e+00 5.290635687048892422e-01
7.159060853508338873e+00 4.797702529166676388e-01
7.409414762591408632e+00 4.564309595856128610e-01
7.659227149364629561e+00 4.121458770632905333e-01
7.911559474606142395e+00 3.700014281170580510e-01
8.163750941790897997e+00 3.479179572987449731e-01
8.415757210439384295e+00 3.221452757346676687e-01
8.667638839289207198e+00 2.962791826414186147e-01
8.918801124864609520e+00 2.728917242652637021e-01
9.170480108345369530e+00 2.517918820948139569e-01
9.420566033467249412e+00 2.350845848189069276e-01
9.671642335271435797e+00 2.203042570367576836e-01
9.923426157758477473e+00 2.083702064598056403e-01
1.017396902749181820e+01 1.928970390756476472e-01
1.042533700753922155e+01 1.827009152910673562e-01
1.067702948358784276e+01 1.718239802647870129e-01
1.092969337256462303e+01 1.615799011610176694e-01
1.118211872033766419e+01 1.523795224956612238e-01
1.143346516925797296e+01 1.440064257625819355e-01
1.168350508557724687e+01 1.350390122294638229e-01
1.193379937775929100e+01 1.280082342011166774e-01
1.218553055762879112e+01 1.207357105046790724e-01
1.243711650801278878e+01 1.133299564519610197e-01
1.268867268647359303e+01 1.091592920224769697e-01
1.294075027177769144e+01 1.013258689536768731e-01
1.319267287020158363e+01 9.793605914461582518e-02
1.344470571782862756e+01 9.275137327054668035e-02
1.369480150283709641e+01 8.839099078393529429e-02
1.394591277066507828e+01 8.314395316794095936e-02
1.419764645764527167e+01 8.033148277891506706e-02
1.444766774168416212e+01 7.682915211096112695e-02
1.469906835825429070e+01 7.286476502080982409e-02
1.495059118111036511e+01 7.028228110766900072e-02
1.520261612590052991e+01 6.719979555230037871e-02
1.545415944503929495e+01 6.374399642097884622e-02
1.570456072545780124e+01 6.139855368644842742e-02
1.595705800128773966e+01 5.841711576651816701e-02
1.620829297830731619e+01 5.679984864564923547e-02
1.645966591028190962e+01 5.441776867890042724e-02
1.671125708846596325e+01 5.253843306998005197e-02
1.696160259490052624e+01 5.066577780660743574e-02
1.721370276108077135e+01 4.815724994675571469e-02
1.746543424102250341e+01 4.641109031136021051e-02
1.771598473288305442e+01 4.480818104369716642e-02
1.796653767411944003e+01 4.302803647437228318e-02
1.821765658501893270e+01 4.176721383419904066e-02
1.847053788120423334e+01 3.980727975206883179e-02
1.872257696809484173e+01 3.821631001206501205e-02
1.897394097105746269e+01 3.714545024578413956e-02
1.922542454726159988e+01 3.590790413345074789e-02
1.947607703355479103e+01 3.485363570991679288e-02
1.972678839839982601e+01 3.362441411070170305e-02
1.997802698857814363e+01 3.252370131762773869e-02
2.022863620534168660e+01 3.122758514619366002e-02
2.047969598507238231e+01 3.033491431194711846e-02
2.073250439107362553e+01 2.916252104673526871e-02
2.098435855211640089e+01 2.855829885047891231e-02
2.123502923393334640e+01 2.742539932150778181e-02
2.148629411178690773e+01 2.650912931951979884e-02
2.173831825513516591e+01 2.584189414727299308e-02
2.198972260956887226e+01 2.492986586854297262e-02
2.223974971000711420e+01 2.462000775066714928e-02
2.249141870643862973e+01 2.361648719669106819e-02
2.274404614890906373e+01 2.290143977899160993e-02
2.299521835768831579e+01 2.207708839019929120e-02
2.324620084136223852e+01 2.167419845424848127e-02
2.349757798664387209e+01 2.108531551603235951e-02
2.374870488118759937e+01 2.031677258561008156e-02
2.399988781917473091e+01 1.989669418447110802e-02
2.425071646049711305e+01 1.911652183773939265e-02
2.450187830577813841e+01 1.867731570501400540e-02
2.475391093216606109e+01 1.829874167023557568e-02
2.500524226975159792e+01 1.781485871499643991e-02
2.525610980153284402e+01 1.723385619643397898e-02
2.550801425092822328e+01 1.684267947443737756e-02
2.575943113325822864e+01 1.644546457821696728e-02
2.601074166866445125e+01 1.586241883171349981e-02
2.626234447079615464e+01 1.557699389262394256e-02
2.651347712943701751e+01 1.522829269590849147e-02
2.676474177984877656e+01 1.493565532022392110e-02
2.701628079430242479e+01 1.442977371671431801e-02
2.726734205837282232e+01 1.409346987964816070e-02
2.751837013544679422e+01 1.373278316568294494e-02
2.776937726815812724e+01 1.340769633382697841e-02
2.802070160973895341e+01 1.316491468685624874e-02
2.827249982643487058e+01 1.272190884413096357e-02
2.852407603869968966e+01 1.246559040672055342e-02
2.877567300468570721e+01 1.215611951817919048e-02
2.902733523039245256e+01 1.182394468163409929e-02
2.927861073083739996e+01 1.162504312503764327e-02
2.953003196193969160e+01 1.134550038176244426e-02
2.978106336846375157e+01 1.109163390032777766e-02
3.003148440777084716e+01 1.084405072530890413e-02
3.028303386126418673e+01 1.066000744355456199e-02
3.053456493440382857e+01 1.043759663792603702e-02
3.078585183944906944e+01 1.020501200607726137e-02
3.103757946070165730e+01 9.982471259758988330e-03
3.128931656795834826e+01 9.679023794803667466e-03
3.154125974608096428e+01 9.493313918465674794e-03
3.179158626791808828e+01 9.282818920217362352e-03
3.204196438636942190e+01 9.121892846782711159e-03
3.229344668057169798e+01 8.927423825021419540e-03
3.254489998018084407e+01 8.650468774802839642e-03
3.279660140319880668e+01 8.532052985053977662e-03
3.304772754686901237e+01 8.348672704173311365e-03
3.329949953441923327e+01 8.203477314412137636e-03
3.355173249539067371e+01 8.032743933565487243e-03
3.380235474142784824e+01 7.822802567058088213e-03
3.405292218889088218e+01 7.692302764092840035e-03
3.430455901572810262e+01 7.575255693060185119e-03
3.455605119154291316e+01 7.402753576530095130e-03
3.480708698418615654e+01 7.241379289213084082e-03
3.505823042281740243e+01 7.123735936846169181e-03
3.530983122122644602e+01 6.988909096033321666e-03
3.556111974160763367e+01 6.859909617495729868e-03
3.581195885960364933e+01 6.793544598337803234e-03
3.606348577968052638e+01 6.637139658206767101e-03
3.631495136683125935e+01 6.480401254111624321e-03
3.656646781331610185e+01 6.373236140264259414e-03
3.681800948534306173e+01 6.261692215751542626e-03
3.706942350460822411e+01 6.151265563465612221e-03
3.732119977997001570e+01 6.020056649266592938e-03
3.757249197135423202e+01 5.942924539054254829e-03
3.782324055213251057e+01 5.850268464817850490e-03
3.807430609684078604e+01 5.696557038028280708e-03
3.832526519371521090e+01 5.640632527735156380e-03
3.857704530181875668e+01 5.460024133097331721e-03
3.882896255048217427e+01 5.406950844174687396e-03
3.907976684424035341e+01 5.304233563577556362e-03
3.933085588900704010e+01 5.206437747678199258e-03
3.958184533965361140e+01 5.141714681432379627e-03
3.983320492881626507e+01 5.014729438075279933e-03
4.008506787586624398e+01 4.931513410048573437e-03
4.033569471078550350e+01 4.840921232602175134e-03
4.058701345074587863e+01 4.815229231927706938e-03
4.083916815834436420e+01 4.693497932934156611e-03
4.108978611092747713e+01 4.651512691633406804e-03
4.134119394692694271e+01 4.546156328864374083e-03
4.159372926482761557e+01 4.522800850741227029e-03
4.184480996230068683e+01 4.419245108278907139e-03
4.209495048714620680e+01 4.386573241056515408e-03
4.234568601474854432e+01 4.282999836837492538e-03
4.259794184898333214e+01 4.184694233467111182e-03
4.284922176444433717e+01 4.125545116203177716e-03
4.309982534096671003e+01 4.084930149295144461e-03
4.335153475414617930e+01 3.995308022379386037e-03
4.360374984514007224e+01 3.993407516744888232e-03
4.385432838732079830e+01 3.869575938889850079e-03
4.410529766549178277e+01 3.812199661379577029e-03
4.435675536456894008e+01 3.760642316694196279e-03
4.460756668584335927e+01 3.715833934598236025e-03
4.485812369927145937e+01 3.659976425537957417e-03
4.510933196139897206e+01 3.615131388802320794e-03
4.536097672816924131e+01 3.595651265620665275e-03
4.561261869099184452e+01 3.468713704251441023e-03
4.586346064304911607e+01 3.434659546496408519e-03
4.611435299895526185e+01 3.354229654726630788e-03
4.636610302009028572e+01 3.332130118695786694e-03
4.661726081402038346e+01 3.295597397477868697e-03
4.686748045926628237e+01 3.250395547139478796e-03
4.712001000143001761e+01 3.145054901749596860e-03
4.737334269293729960e+01 3.131837354201123021e-03
4.762357272554871912e+01 3.103126883801492816e-03
4.787295862859781437e+01 3.056286158437800712e-03
4.812686710231834297e+01 2.994066200525462209e-03
4.837988354528783930e+01 2.966320105979001771e-03
4.862698975964909209e+01 2.921494360609026321e-03
4.887931961662670233e+01 2.889727579565335748e-03
4.913512531690142282e+01 2.886806733242131950e-03
4.938486646957150583e+01 2.778905053497059997e-03
4.963073103205424985e+01 2.708775734496013561e-03
4.988316058859187763e+01 2.739162786493491274e-03
5.013927392651110893e+01 2.678726556236565252e-03
5.038898445289544270e+01 2.647972241304826120e-03
5.063791314200675941e+01 2.667140175448602397e-03
5.089234515763529032e+01 2.559904974859309595e-03
5.114529266359630810e+01 2.565981340215943689e-03
5.138952878242714206e+01 2.512950904310794990e-03
5.163945178601188246e+01 2.418962031796778513e-03
5.190206698624180603e+01 2.442303203688510338e-03
5.215590084722179398e+01 2.356797904274053959e-03
5.238680673191466042e+01 2.449691140792517770e-03
5.263532591009818873e+01 2.493414057135695267e-03
5.290823119436031874e+01 2.358848600382015132e-03
5.316882575050344428e+01 2.305959666541907826e-03
5.338513341050097694e+01 2.341135161402647588e-03
5.363212510227822349e+01 2.232407497006325039e-03
5.391615723351310407e+01 2.037373973628040045e-03
5.419187693011466678e+01 2.143596508461059931e-03
5.439722241285236493e+01 1.983079329905391205e-03
5.462806064877949552e+01 2.159165484676220381e-03
5.491241494336609463e+01 2.370397026384910531e-03
5.519421446932921782e+01 2.339440137182860046e-03
5.543046826972861396e+01 2.779780804512024198e-03
5.561137265256709128e+01 4.087752125080781722e-03
