3.559856489878782115e-01 8.258067052717810839e+02
6.031648866026231293e-01 2.213950912438789942e+02
8.579160745827347778e-01 8.212348296601712150e+01
1.113464310595710716e+00 4.570214534511021753e+01
1.374039914321364408e+00 3.477909468699402140e+01
1.619154704570298309e+00 1.952363480339448287e+01
1.870686673430271840e+00 1.451616825917632880e+01
2.123290040706380832e+00 9.841854471412259997e+00
2.378144976376236119e+00 8.153107777424278169e+00
2.630489925835516996e+00 6.586842751941489382e+00
2.878653162679494670e+00 4.750042353875632450e+00
3.131144366275339319e+00 4.007069838687430163e+00
3.388159578333816313e+00 3.187231189684798238e+00
3.638741848210948149e+00 2.718054024808913116e+00
3.888315910732085268e+00 2.297150411472310250e+00
4.139052155837465996e+00 1.931756509789175125e+00
4.390305777018236988e+00 1.794483680014979932e+00
4.642172339120373081e+00 1.499180474646843564e+00
4.894678666149941293e+00 1.275250171060496873e+00
5.147269052361176378e+00 1.114687174364303424e+00
5.398003206656323272e+00 1.050650507256974731e+00
5.647798235368590269e+00 8.962268041933776352e-01
5.900534302989873581e+00 8.169781475253530267e-01
6.151460297009074374e+00 6.899077179045031150e-01
6.402630176204441526e+00 6.387091726062598118e-01
6.655964674748322096e+00 5.777932149080327040e-01
6.908782583105771202e+00 5.322793248321943116e-01
7.159060853508338873e+00 4.823146918536156957e-01
7.409414762591408632e+00 4.362585423946906404e-01
7.659227149364629561e+00 4.089399400642163562e-01
7.911559474606142395e+00 3.741637621160296412e-01
8.163750941790897997e+00 3.396398852388927692e-01
8.415757210439384295e+00 3.206715289064444030e-01
8.667638839289207198e+00 2.919274872220843919e-01
8.918801124864609520e+00 2.736764225206733125e-01
9.170480108345369530e+00 2.546209016812346349e-01
9.420566033467249412e+00 2.368992794446743155e-01
9.671642335271435797e+00 2.173056968085859686e-01
9.923426157758477473e+00 2.136609868757758102e-01
1.017396902749181820e+01 1.916889730774722911e-01
1.042533700753922155e+01 1.807574652942082194e-01
1.067702948358784276e+01 1.695270855521094633e-01
1.092969337256462303e+01 1.594525753878647811e-01
1.118211872033766419e+01 1.502383669395629395e-01
1.143346516925797296e+01 1.402596277416069959e-01
1.168350508557724687e+01 1.344283484862811573e-01
1.193379937775929100e+01 1.277553298484699895e-01
1.218553055762879112e+01 1.206627228288028042e-01
1.243711650801278878e+01 1.157706359199328350e-01
1.268867268647359303e+01 1.082330136445868174e-01
1.294075027177769144e+01 1.029069005909006712e-01
1.319267287020158363e+01 9.795921698325073257e-02
1.344470571782862756e+01 9.282594843172750632e-02
1.369480150283709641e+01 8.828632972776219445e-02
1.394591277066507828e+01 8.428939742577541694e-02
1.419764645764527167e+01 8.029186274791100253e-02
1.444766774168416212e+01 7.773208268315720537e-02
1.469906835825429070e+01 7.255296626082964606e-02
1.495059118111036511e+01 7.098404056852948563e-02
1.520261612590052991e+01 6.769456242662913459e-02
1.545415944503929495e+01 6.447750518033706912e-02
1.570456072545780124e+01 6.123845005159216787e-02
1.595705800128773966e+01 5.867648744269323563e-02
1.620829297830731619e+01 5.666113701564601951e-02
1.645966591028190962e+01 5.414018829113637771e-02
1.671125708846596325e+01 5.248053980323674067e-02
1.696160259490052624e+01 5.023167240977532283e-02
1.721370276108077135e+01 4.811549071527871507e-02
1.746543424102250341e+01 4.627075105449258985e-02
1.771598473288305442e+01 4.486090853794532513e-02
1.796653767411944003e+01 4.363123014911322872e-02
1.821765658501893270e+01 4.151179215918533033e-02
1.847053788120423334e+01 4.006019817811971168e-02
1.872257696809484173e+01 3.903216544937465615e-02
1.897394097105746269e+01 3.734980524884489589e-02
1.922542454726159988e+01 3.588853758395264826e-02
1.947607703355479103e+01 3.464837468937490006e-02
1.972678839839982601e+01 3.357233359348296003e-02
1.997802698857814363e+01 3.255656203140110810e-02
2.022863620534168660e+01 3.102888615399077010e-02
2.047969598507238231e+01 3.018726529067734810e-02
2.073250439107362553e+01 2.928466091202435936e-02
2.098435855211640089e+01 2.820639267510211684e-02
2.123502923393334640e+01 2.764347369356351392e-02
2.148629411178690773e+01 2.668089569391889765e-02
2.173831825513516591e+01 2.604722615461963625e-02
2.198972260956887226e+01 2.502827543910753072e-02
2.223974971000711420e+01 2.444364331106180926e-02
2.249141870643862973e+01 2.354204271655707670e-02
2.274404614890906373e+01 2.279092830161709785e-02
2.299521835768831579e+01 2.229825554607202734e-02
2.324620084136223852e+01 2.146276145051289469e-02
2.349757798664387209e+01 2.097379562105947115e-02
2.374870488118759937e+01 2.056971721324250477e-02
2.399988781917473091e+01 1.977672682970007395e-02
2.425071646049711305e+01 1.933445254514095865e-02
2.450187830577813841e+01 1.871611037441188452e-02
2.475391093216606109e+01 1.827397483160419014e-02
2.500524226975159792e+01 1.773926737022599870e-02
2.525610980153284402e+01 1.722342324132989516e-02
2.550801425092822328e+01 1.682225171194403485e-02
2.575943113325822864e+01 1.639619122293747497e-02
2.601074166866445125e+01 1.593255123884372917e-02
2.626234447079615464e+01 1.545443619130534678e-02
2.651347712943701751e+01 1.517838522429038918e-02
2.676474177984877656e+01 1.477661671920519129e-02
2.701628079430242479e+01 1.437213732436629608e-02
2.726734205837282232e+01 1.408023398828485602e-02
2.751837013544679422e+01 1.380858481464544187e-02
2.776937726815812724e+01 1.343509165996211244e-02
2.802070160973895341e+01 1.311620228350350754e-02
2.827249982643487058e+01 1.284687449797515361e-02
2.852407603869968966e+01 1.249010094474570925e-02
2.877567300468570721e+01 1.210613015337907473e-02
2.902733523039245256e+01 1.186793485243282584e-02
2.927861073083739996e+01 1.160499267993162636e-02
2.953003196193969160e+01 1.137406437102642630e-02
2.978106336846375157e+01 1.108961375786470492e-02
3.003148440777084716e+01 1.087665858396556946e-02
3.028303386126418673e+01 1.058166197440633949e-02
3.053456493440382857e+01 1.038883362512775001e-02
3.078585183944906944e+01 1.007824431866077841e-02
3.103757946070165730e+01 9.914390039561491591e-03
3.128931656795834826e+01 9.712165831547360517e-03
3.154125974608096428e+01 9.474664135145522206e-03
3.179158626791808828e+01 9.328572247056871741e-03
3.204196438636942190e+01 9.057092742047509470e-03
3.229344668057169798e+01 8.854839082650192011e-03
3.254489998018084407e+01 8.738427584988378918e-03
3.279660140319880668e+01 8.586686583100831133e-03
3.304772754686901237e+01 8.361299854647570584e-03
3.329949953441923327e+01 8.174685824983199053e-03
3.355173249539067371e+01 8.010337092725371838e-03
3.380235474142784824e+01 7.908186505210227160e-03
3.405292218889088218e+01 7.656750448798774547e-03
3.430455901572810262e+01 7.505639892972487334e-03
3.455605119154291316e+01 7.367616666861386866e-03
3.480708698418615654e+01 7.306525144402315104e-03
3.505823042281740243e+01 7.134482078103063230e-03
3.530983122122644602e+01 6.979092494464781728e-03
3.556111974160763367e+01 6.868912373768566899e-03
3.581195885960364933e+01 6.727612204229424173e-03
3.606348577968052638e+01 6.591579590166382965e-03
3.631495136683125935e+01 6.505276668798305739e-03
3.656646781331610185e+01 6.339335656635078538e-03
3.681800948534306173e+01 6.263573281343907083e-03
3.706942350460822411e+01 6.132243252757785951e-03
3.732119977997001570e+01 6.009324567678327005e-03
3.757249197135423202e+01 5.919641934633340999e-03
3.782324055213251057e+01 5.810042233036783951e-03
3.807430609684078604e+01 5.674818312587066350e-03
3.832526519371521090e+01 5.633853199824551301e-03
3.857704530181875668e+01 5.524537679083651662e-03
3.882896255048217427e+01 5.401366926975042192e-03
3.907976684424035341e+01 5.341504014468596850e-03
3.933085588900704010e+01 5.213853244119616079e-03
3.958184533965361140e+01 5.139559766138743734e-03
3.983320492881626507e+01 5.031791791189565120e-03
4.008506787586624398e+01 4.994269563108309079e-03
4.033569471078550350e+01 4.877134240577556991e-03
4.058701345074587863e+01 4.749619397041087571e-03
4.083916815834436420e+01 4.704107939837802108e-03
4.108978611092747713e+01 4.653128527362332054e-03
4.134119394692694271e+01 4.567958773384821029e-03
4.159372926482761557e+01 4.499889115831432959e-03
4.184480996230068683e+01 4.376330934000019143e-03
4.209495048714620680e+01 4.330816733304429685e-03
4.234568601474854432e+01 4.232009846114377465e-03
4.259794184898333214e+01 4.167470980933583001e-03
4.284922176444433717e+01 4.157610209145193303e-03
4.309982534096671003e+01 4.061655386887789987e-03
4.335153475414617930e+01 4.015649616002250552e-03
4.360374984514007224e+01 3.929078699875947038e-03
4.385432838732079830e+01 3.875031338023493446e-03
4.410529766549178277e+01 3.821149491269479771e-03
4.435675536456894008e+01 3.749841744993925776e-03
4.460756668584335927e+01 3.708275892588111088e-03
4.485812369927145937e+01 3.621332359922100046e-03
4.510933196139897206e+01 3.601468708393298912e-03
4.536097672816924131e+01 3.507998304666108333e-03
4.561261869099184452e+01 3.518992800853702231e-03
4.586346064304911607e+01 3.412089717634180473e-03
4.611435299895526185e+01 3.373495932704131169e-03
4.636610302009028572e+01 3.321168412876309307e-03
4.661726081402038346e+01 3.263577558977761792e-03
4.686748045926628237e+01 3.195625511638416644e-03
4.712001000143001761e+01 3.233477325611875362e-03
4.737334269293729960e+01 3.163999595115372151e-03
4.762357272554871912e+01 3.066373400151146868e-03
4.787295862859781437e+01 3.029274760598158010e-03
4.812686710231834297e+01 2.989353770945553639e-03
4.837988354528783930e+01 2.964499697726618883e-03
4.862698975964909209e+01 2.932113057881622319e-03
4.887931961662670233e+01 2.937537578654871896e-03
4.913512531690142282e+01 2.812756421781090980e-03
4.938486646957150583e+01 2.801402755737978419e-03
4.963073103205424985e+01 2.725302365240851211e-03
4.988316058859187763e+01 2.717411162037072867e-03
5.013927392651110893e+01 2.707260968160972794e-03
5.038898445289544270e+01 2.642969357613275151e-03
5.063791314200675941e+01 2.618117204871367367e-03
5.089234515763529032e+01 2.632891169456943754e-03
5.114529266359630810e+01 2.606741442920933963e-03
5.138952878242714206e+01 2.519120682064737715e-03
5.163945178601188246e+01 2.499309779638782258e-03
5.190206698624180603e+01 2.423556781810731926e-03
5.215590084722179398e+01 2.411821291419008039e-03
5.238680673191466042e+01 2.411591283057750671e-03
5.263532591009818873e+01 2.516672079347932051e-03
5.290823119436031874e+01 2.227107958102199012e-03
5.316882575050344428e+01 2.280476042153334673e-03
5.338513341050097694e+01 2.189008152999365013e-03
5.363212510227822349e+01 2.232213016278522619e-03
5.391615723351310407e+01 2.076793052034803938e-03
5.419187693011466678e+01 2.051700186149774899e-03
5.439722241285236493e+01 2.140592260135989328e-03
5.462806064877949552e+01 2.181174829789639478e-03
5.491241494336609463e+01 2.036267501300355418e-03
5.519421446932921782e+01 1.955240626152113682e-03
5.543046826972861396e+01 1.764968366795926320e-03
5.561137265256709128e+01 1.010409622724050584e-03
