3.559856489878782115e-01 4.966522159814654742e+02
6.031648866026231293e-01 1.870175756396490954e+02
8.579160745827347778e-01 9.843213382099614250e+01
1.113464310595710716e+00 4.409322143235547031e+01
1.374039914321364408e+00 2.837253573702421150e+01
1.619154704570298309e+00 1.818410984558704868e+01
1.870686673430271840e+00 1.401515853719894089e+01
2.123290040706380832e+00 1.062826324229304298e+01
2.378144976376236119e+00 8.257563089522603761e+00
2.630489925835516996e+00 6.038915149521921322e+00
2.878653162679494670e+00 4.750884531175119996e+00
3.131144366275339319e+00 4.360315344768111778e+00
3.388159578333816313e+00 3.342329089985876411e+00
3.638741848210948149e+00 2.701763086896612709e+00
3.888315910732085268e+00 2.302176769661213651e+00
4.139052155837465996e+00 2.086845040700941567e+00
4.390305777018236988e+00 1.727903224818006400e+00
4.642172339120373081e+00 1.495888284946428337e+00
4.894678666149941293e+00 1.250864603312153989e+00
5.147269052361176378e+00 1.175748525499260344e+00
5.398003206656323272e+00 1.018659469508820692e+00
5.647798235368590269e+00 9.152815625182211257e-01
5.900534302989873581e+00 7.803124581031338769e-01
6.151460297009074374e+00 7.201200718716809224e-01
6.402630176204441526e+00 6.330411394304522599e-01
6.655964674748322096e+00 5.798525649344019595e-01
6.908782583105771202e+00 5.213529992042463812e-01
7.159060853508338873e+00 4.815790007129616135e-01
7.409414762591408632e+00 4.424981028306745889e-01
7.659227149364629561e+00 4.063390844315708517e-01
7.911559474606142395e+00 3.731478555865343494e-01
8.163750941790897997e+00 3.427287939887866397e-01
8.415757210439384295e+00 3.222705594938745088e-01
8.667638839289207198e+00 3.028068884694590235e-01
8.918801124864609520e+00 2.711064004085946277e-01
9.170480108345369530e+00 2.549914629673420974e-01
9.420566033467249412e+00 2.359105402915864236e-01
9.671642335271435797e+00 2.250333164617732695e-01
9.923426157758477473e+00 2.077706755016855145e-01
1.017396902749181820e+01 1.927165564705712042e-01
1.042533700753922155e+01 1.839434401826279541e-01
1.067702948358784276e+01 1.700093069925745215e-01
1.092969337256462303e+01 1.628107203001368519e-01
1.118211872033766419e+01 1.515243153708107637e-01
1.143346516925797296e+01 1.407274289679031343e-01
1.168350508557724687e+01 1.341850862106753195e-01
1.193379937775929100e+01 1.273952752304728930e-01
1.218553055762879112e+01 1.193813993575073978e-01
1.243711650801278878e+01 1.136282403611653530e-01
1.268867268647359303e+01 1.071300192557619463e-01
1.294075027177769144e+01 1.025066521750814530e-01
1.319267287020158363e+01 9.953499853992515967e-02
1.344470571782862756e+01 9.395782216709760992e-02
1.369480150283709641e+01 8.704354794500930581e-02
1.394591277066507828e+01 8.441058970803590189e-02
1.419764645764527167e+01 8.057560268619957944e-02
1.444766774168416212e+01 7.640923297225446498e-02
1.469906835825429070e+01 7.362330228302586821e-02
1.495059118111036511e+01 7.003637337033365162e-02
1.520261612590052991e+01 6.741146591774536956e-02
1.545415944503929495e+01 6.400601508917577731e-02
1.570456072545780124e+01 6.105789247467720282e-02
1.595705800128773966e+01 5.808333840985061003e-02
1.620829297830731619e+01 5.659688265630147264e-02
1.645966591028190962e+01 5.384496464759919165e-02
1.671125708846596325e+01 5.144432007812033136e-02
1.696160259490052624e+01 5.036963351595661470e-02
1.721370276108077135e+01 4.873851523417049164e-02
1.746543424102250341e+01 4.684524634158014622e-02
1.771598473288305442e+01 4.526680113047491100e-02
1.796653767411944003e+01 4.326890753252060628e-02
1.821765658501893270e+01 4.132501736858523039e-02
1.847053788120423334e+01 3.999584814521761622e-02
1.872257696809484173e+01 3.864146386589140808e-02
1.897394097105746269e+01 3.730191808204708775e-02
1.922542454726159988e+01 3.602219401871759041e-02
1.947607703355479103e+01 3.470371445487493989e-02
1.972678839839982601e+01 3.339629627800234923e-02
1.997802698857814363e+01 3.239919748658222354e-02
2.022863620534168660e+01 3.133738032660066120e-02
2.047969598507238231e+01 3.042152619746332429e-02
2.073250439107362553e+01 2.944170402489761085e-02
2.098435855211640089e+01 2.867598339970383464e-02
2.123502923393334640e+01 2.770921131669551105e-02
2.148629411178690773e+01 2.663431933090732243e-02
2.173831825513516591e+01 2.579477025466163365e-02
2.198972260956887226e+01 2.509103115142983717e-02
2.223974971000711420e+01 2.438555514350545725e-02
2.249141870643862973e+01 2.364522791244489525e-02
2.274404614890906373e+01 2.294559981431023785e-02
2.299521835768831579e+01 2.217483755916952251e-02
2.324620084136223852e+01 2.150632125320729726e-02
2.349757798664387209e+01 2.103462126356829900e-02
2.374870488118759937e+01 2.031316053743028455e-02
2.399988781917473091e+01 1.990348221824957131e-02
2.425071646049711305e+01 1.921648691474921872e-02
2.450187830577813841e+01 1.885795485099555496e-02
2.475391093216606109e+01 1.834308669753838966e-02
2.500524226975159792e+01 1.768746284737569147e-02
2.525610980153284402e+01 1.729351533064285920e-02
2.550801425092822328e+01 1.679972106960865574e-02
2.575943113325822864e+01 1.638991534577252315e-02
2.601074166866445125e+01 1.586257765205905529e-02
2.626234447079615464e+01 1.549766960521314213e-02
2.651347712943701751e+01 1.522476987504696802e-02
2.676474177984877656e+01 1.472242632174459824e-02
2.701628079430242479e+01 1.444339291212337964e-02
2.726734205837282232e+01 1.412118191707133555e-02
2.751837013544679422e+01 1.373882846237872886e-02
2.776937726815812724e+01 1.340739785257426611e-02
2.802070160973895341e+01 1.312881322266057880e-02
2.827249982643487058e+01 1.276954415666677750e-02
2.852407603869968966e+01 1.237547615962565802e-02
2.877567300468570721e+01 1.216344584876109282e-02
2.902733523039245256e+01 1.189772082571363340e-02
2.927861073083739996e+01 1.161057910908289831e-02
2.953003196193969160e+01 1.139265159044987839e-02
2.978106336846375157e+01 1.108074490707985742e-02
3.003148440777084716e+01 1.085239483232606009e-02
3.028303386126418673e+01 1.066889785502188673e-02
3.053456493440382857e+01 1.036356663662192298e-02
3.078585183944906944e+01 1.011463024284469867e-02
3.103757946070165730e+01 9.893469634283068997e-03
3.128931656795834826e+01 9.663791051926048231e-03
3.154125974608096428e+01 9.427777290238081864e-03
3.179158626791808828e+01 9.267247854479526356e-03
3.204196438636942190e+01 9.092437552741207060e-03
3.229344668057169798e+01 8.930920351622104875e-03
3.254489998018084407e+01 8.731719341587283398e-03
3.279660140319880668e+01 8.567389860464820830e-03
3.304772754686901237e+01 8.364454618944252087e-03
3.329949953441923327e+01 8.246779052240209643e-03
3.355173249539067371e+01 8.001756360107695892e-03
3.380235474142784824e+01 7.939109372268821421e-03
3.405292218889088218e+01 7.707415632174717535e-03
3.430455901572810262e+01 7.570052679276515969e-03
3.455605119154291316e+01 7.394462534591029514e-03
3.480708698418615654e+01 7.260344564234823966e-03
3.505823042281740243e+01 7.112832998773113181e-03
3.530983122122644602e+01 6.985968400601568797e-03
3.556111974160763367e+01 6.870854056594130448e-03
3.581195885960364933e+01 6.738559518305887661e-03
3.606348577968052638e+01 6.588023043218353518e-03
3.631495136683125935e+01 6.474210451431550335e-03
3.656646781331610185e+01 6.384555281941988077e-03
3.681800948534306173e+01 6.239490310270284605e-03
3.706942350460822411e+01 6.151032193447540826e-03
3.732119977997001570e+01 5.997306878974123512e-03
3.757249197135423202e+01 5.927758101369913317e-03
3.782324055213251057e+01 5.797151436020268889e-03
3.807430609684078604e+01 5.716040816986740769e-03
3.832526519371521090e+01 5.605320581377606221e-03
3.857704530181875668e+01 5.480844543762917846e-03
3.882896255048217427e+01 5.357951871056585921e-03
3.907976684424035341e+01 5.324506394239384745e-03
3.933085588900704010e+01 5.214950755698816338e-03
3.958184533965361140e+01 5.127469581837681284e-03
3.983320492881626507e+01 5.035931870783742423e-03
4.008506787586624398e+01 4.939297464557249051e-03
4.033569471078550350e+01 4.890070172458469214e-03
4.058701345074587863e+01 4.787178510363305876e-03
4.083916815834436420e+01 4.701152063425629440e-03
4.108978611092747713e+01 4.651422395072987888e-03
4.134119394692694271e+01 4.518179316986428197e-03
4.159372926482761557e+01 4.453551720930701459e-03
4.184480996230068683e+01 4.394354008797965450e-03
4.209495048714620680e+01 4.311758861134696273e-03
4.234568601474854432e+01 4.300040561503232564e-03
4.259794184898333214e+01 4.188126342430991897e-03
4.284922176444433717e+01 4.159214423142587429e-03
4.309982534096671003e+01 4.064521404429863490e-03
4.335153475414617930e+01 4.011000491405281726e-03
4.360374984514007224e+01 3.932101815375728220e-03
4.385432838732079830e+01 3.880497451334710170e-03
4.410529766549178277e+01 3.792491293434301428e-03
4.435675536456894008e+01 3.735185583596394108e-03
4.460756668584335927e+01 3.658584363325994172e-03
4.485812369927145937e+01 3.658749594778957625e-03
4.510933196139897206e+01 3.543785560416136057e-03
4.536097672816924131e+01 3.512947958541297756e-03
4.561261869099184452e+01 3.503070152374661989e-03
4.586346064304911607e+01 3.440838959888281156e-03
4.611435299895526185e+01 3.366974906048949851e-03
4.636610302009028572e+01 3.341787505647789407e-03
4.661726081402038346e+01 3.283567678037762911e-03
4.686748045926628237e+01 3.227061997162222837e-03
4.712001000143001761e+01 3.186896484318022145e-03
4.737334269293729960e+01 3.164391489068163477e-03
4.762357272554871912e+01 3.102101222072213386e-03
4.787295862859781437e+01 3.052383110819655195e-03
4.812686710231834297e+01 3.031407797345353657e-03
4.837988354528783930e+01 2.984899193521143180e-03
4.862698975964909209e+01 2.945333094700849225e-03
4.887931961662670233e+01 2.868695844564142679e-03
4.913512531690142282e+01 2.801931497638906338e-03
4.938486646957150583e+01 2.827909083145239803e-03
4.963073103205424985e+01 2.734032895589096328e-03
4.988316058859187763e+01 2.715910968350703641e-03
5.013927392651110893e+01 2.737630178222483224e-03
5.038898445289544270e+01 2.656901208774885108e-03
5.063791314200675941e+01 2.677325336389737610e-03
5.089234515763529032e+01 2.644122946896247228e-03
5.114529266359630810e+01 2.562857725508319202e-03
5.138952878242714206e+01 2.503761040966813890e-03
5.163945178601188246e+01 2.444852378256507676e-03
5.190206698624180603e+01 2.411897454353707955e-03
5.215590084722179398e+01 2.425178469534302553e-03
5.238680673191466042e+01 2.450543653608566914e-03
5.263532591009818873e+01 2.319832180806742378e-03
5.290823119436031874e+01 2.341144119881699483e-03
5.316882575050344428e+01 2.333817149166081146e-03
5.338513341050097694e+01 2.151985035313629981e-03
5.363212510227822349e+01 2.240341975722021702e-03
5.391615723351310407e+01 2.472585010362417322e-03
5.419187693011466678e+01 2.158203130359802411e-03
5.439722241285236493e+01 2.167932233348137273e-03
5.462806064877949552e+01 2.179479471717714594e-03
5.491241494336609463e+01 2.124075458782384053e-03
5.519421446932921782e+01 2.552133177435960722e-03
5.543046826972861396e+01 3.957787893598549260e-03
5.561137265256709128e+01 1.459375780640597038e-03
