3.559856489878782115e-01 5.569179918255583743e+02
6.031648866026231293e-01 1.681135573595525159e+02
8.579160745827347778e-01 9.876262625555014552e+01
1.113464310595710716e+00 3.879825842639028366e+01
1.374039914321364408e+00 2.992350545036324050e+01
1.619154704570298309e+00 1.960951169895647794e+01
1.870686673430271840e+00 1.380973179489132896e+01
2.123290040706380832e+00 1.033843122648650592e+01
2.378144976376236119e+00 8.190149394179009334e+00
2.630489925835516996e+00 6.499697299938797634e+00
2.878653162679494670e+00 4.942561940607020254e+00
3.131144366275339319e+00 4.060601775228695587e+00
3.388159578333816313e+00 3.226421890314870922e+00
3.638741848210948149e+00 2.769044655788442277e+00
3.888315910732085268e+00 2.273086451837289523e+00
4.139052155837465996e+00 1.936265757001898402e+00
4.390305777018236988e+00 1.723764590428473076e+00
4.642172339120373081e+00 1.475592619962808216e+00
4.894678666149941293e+00 1.278623820031764335e+00
5.147269052361176378e+00 1.074750914751175790e+00
5.398003206656323272e+00 1.000496496042382111e+00
5.647798235368590269e+00 9.033648563744028914e-01
5.900534302989873581e+00 7.994046410417432469e-01
6.151460297009074374e+00 6.914086091013198487e-01
6.402630176204441526e+00 6.576775239685128671e-01
6.655964674748322096e+00 5.686027775132689310e-01
6.908782583105771202e+00 5.216838757407913363e-01
7.159060853508338873e+00 4.845957358733250508e-01
7.409414762591408632e+00 4.358897915802592560e-01
7.659227149364629561e+00 4.181954934125937662e-01
7.911559474606142395e+00 3.751965647482202737e-01
8.163750941790897997e+00 3.528272457206471646e-01
8.415757210439384295e+00 3.165751228102623993e-01
8.667638839289207198e+00 2.973245336250128212e-01
8.918801124864609520e+00 2.720201508509276223e-01
9.170480108345369530e+00 2.582308029721794296e-01
9.420566033467249412e+00 2.349130843149470627e-01
9.671642335271435797e+00 2.226497246011101550e-01
9.923426157758477473e+00 2.082962985238031584e-01
1.017396902749181820e+01 1.924941263597362007e-01
1.042533700753922155e+01 1.806052186490931799e-01
1.067702948358784276e+01 1.715940981645153740e-01
1.092969337256462303e+01 1.606841923088669910e-01
1.118211872033766419e+01 1.494120155630164204e-01
1.143346516925797296e+01 1.424079140220251283e-01
1.168350508557724687e+01 1.355819687832744147e-01
1.193379937775929100e+01 1.267719846525095506e-01
1.218553055762879112e+01 1.192150657825674642e-01
1.243711650801278878e+01 1.149482296616708837e-01
1.268867268647359303e+01 1.088321856985657032e-01
1.294075027177769144e+01 1.040853904582924178e-01
1.319267287020158363e+01 9.695088505048550520e-02
1.344470571782862756e+01 9.220884306938283148e-02
1.369480150283709641e+01 8.894820160058491965e-02
1.394591277066507828e+01 8.388445590353410530e-02
1.419764645764527167e+01 8.036385492188725943e-02
1.444766774168416212e+01 7.687678102938133584e-02
1.469906835825429070e+01 7.298748497189183615e-02
1.495059118111036511e+01 6.992731845202421193e-02
1.520261612590052991e+01 6.694738514077505642e-02
1.545415944503929495e+01 6.396133007841653395e-02
1.570456072545780124e+01 6.176199712436693245e-02
1.595705800128773966e+01 5.906082444795766190e-02
1.620829297830731619e+01 5.634269314884499807e-02
1.645966591028190962e+01 5.428955918173792444e-02
1.671125708846596325e+01 5.177804474999251477e-02
1.696160259490052624e+01 5.021335881023628739e-02
1.721370276108077135e+01 4.804462284007777334e-02
1.746543424102250341e+01 4.649241888596036820e-02
1.771598473288305442e+01 4.490638502691002981e-02
1.796653767411944003e+01 4.316054248238813257e-02
1.821765658501893270e+01 4.136379593405624389e-02
1.847053788120423334e+01 4.018972042924476989e-02
1.872257696809484173e+01 3.804471976043892478e-02
1.897394097105746269e+01 3.723135321052502972e-02
1.922542454726159988e+01 3.605207813589170196e-02
1.947607703355479103e+01 3.459992137963159575e-02
1.972678839839982601e+01 3.345781051668031414e-02
1.997802698857814363e+01 3.269563562494656045e-02
2.022863620534168660e+01 3.131056140400746701e-02
2.047969598507238231e+01 3.030249640800190825e-02
2.073250439107362553e+01 2.929465229579836238e-02
2.098435855211640089e+01 2.818960212506036594e-02
2.123502923393334640e+01 2.734775425539767366e-02
2.148629411178690773e+01 2.677998330456649034e-02
2.173831825513516591e+01 2.591080735237800969e-02
2.198972260956887226e+01 2.526415361310571997e-02
2.223974971000711420e+01 2.427803941659674794e-02
2.249141870643862973e+01 2.356897009496392373e-02
2.274404614890906373e+01 2.289735515514458933e-02
2.299521835768831579e+01 2.215547185378187109e-02
2.324620084136223852e+01 2.159493454803681350e-02
2.349757798664387209e+01 2.108524515626226947e-02
2.374870488118759937e+01 2.036501798233279412e-02
2.399988781917473091e+01 1.976433213290661184e-02
2.425071646049711305e+01 1.923778459406259161e-02
2.450187830577813841e+01 1.883719996122482088e-02
2.475391093216606109e+01 1.815184064977167638e-02
2.500524226975159792e+01 1.786450723635918739e-02
2.525610980153284402e+01 1.735483090692192809e-02
2.550801425092822328e+01 1.669128000542830989e-02
2.575943113325822864e+01 1.644332512939449334e-02
2.601074166866445125e+01 1.590006895124548500e-02
2.626234447079615464e+01 1.567564678314197629e-02
2.651347712943701751e+01 1.507413361173828500e-02
2.676474177984877656e+01 1.473435878008995739e-02
2.701628079430242479e+01 1.437051764103386593e-02
2.726734205837282232e+01 1.403279569917304653e-02
2.751837013544679422e+01 1.371388121458980147e-02
2.776937726815812724e+01 1.342854909668527059e-02
2.802070160973895341e+01 1.306814988928233986e-02
2.827249982643487058e+01 1.279489810101631410e-02
2.852407603869968966e+01 1.239337415582556640e-02
2.877567300468570721e+01 1.219330267899454943e-02
2.902733523039245256e+01 1.184816026727806594e-02
2.927861073083739996e+01 1.164276545432684287e-02
2.953003196193969160e+01 1.140334114906176727e-02
2.978106336846375157e+01 1.111898496207031767e-02
3.003148440777084716e+01 1.083986683250405363e-02
3.028303386126418673e+01 1.058642364952104738e-02
3.053456493440382857e+01 1.031851313965922827e-02
3.078585183944906944e+01 1.015379659116522060e-02
3.103757946070165730e+01 9.926698850974370256e-03
3.128931656795834826e+01 9.751851146221754071e-03
3.154125974608096428e+01 9.490838527699859209e-03
3.179158626791808828e+01 9.308053474632782889e-03
3.204196438636942190e+01 9.085395292828890926e-03
3.229344668057169798e+01 8.907715913283638029e-03
3.254489998018084407e+01 8.813525174766740147e-03
3.279660140319880668e+01 8.562984238224675276e-03
3.304772754686901237e+01 8.328507560745610286e-03
3.329949953441923327e+01 8.216999539540692510e-03
3.355173249539067371e+01 8.058333354538033469e-03
3.380235474142784824e+01 7.915082235257865639e-03
3.405292218889088218e+01 7.728671337955309896e-03
3.430455901572810262e+01 7.562618504802594809e-03
3.455605119154291316e+01 7.436347779528217419e-03
3.480708698418615654e+01 7.217409820642102167e-03
3.505823042281740243e+01 7.109603485783464599e-03
3.530983122122644602e+01 7.011874848478058184e-03
3.556111974160763367e+01 6.864824729157508951e-03
3.581195885960364933e+01 6.723207416631968650e-03
3.606348577968052638e+01 6.586206586094620584e-03
3.631495136683125935e+01 6.512930280311704512e-03
3.656646781331610185e+01 6.374609976118596373e-03
3.681800948534306173e+01 6.264965417741086458e-03
3.706942350460822411e+01 6.140705621214157146e-03
3.732119977997001570e+01 6.023117160111319743e-03
3.757249197135423202e+01 5.921849063072478526e-03
3.782324055213251057e+01 5.778995695951834669e-03
3.807430609684078604e+01 5.691185609770623398e-03
3.832526519371521090e+01 5.571376915979880766e-03
3.857704530181875668e+01 5.496744213915902809e-03
3.882896255048217427e+01 5.406173148955572931e-03
3.907976684424035341e+01 5.336144447353092200e-03
3.933085588900704010e+01 5.229024847187573218e-03
3.958184533965361140e+01 5.131573043890845336e-03
3.983320492881626507e+01 5.025949450988677868e-03
4.008506787586624398e+01 4.970424016243907457e-03
4.033569471078550350e+01 4.920964020884564805e-03
4.058701345074587863e+01 4.795105712561603499e-03
4.083916815834436420e+01 4.711790929264464411e-03
4.108978611092747713e+01 4.615768292367323188e-03
4.134119394692694271e+01 4.548449603364786500e-03
4.159372926482761557e+01 4.516076185988079049e-03
4.184480996230068683e+01 4.408237413831180875e-03
4.209495048714620680e+01 4.331616071307324567e-03
4.234568601474854432e+01 4.236408033307681800e-03
4.259794184898333214e+01 4.216116633644555016e-03
4.284922176444433717e+01 4.160553521099221927e-03
4.309982534096671003e+01 4.087315188756935648e-03
4.335153475414617930e+01 3.988515542807137548e-03
4.360374984514007224e+01 3.957136563219263749e-03
4.385432838732079830e+01 3.892184181596874178e-03
4.410529766549178277e+01 3.802152372218339099e-03
4.435675536456894008e+01 3.724273086954380495e-03
4.460756668584335927e+01 3.725226909505906670e-03
4.485812369927145937e+01 3.640714786984100906e-03
4.510933196139897206e+01 3.601910673644193213e-03
4.536097672816924131e+01 3.577062997861546207e-03
4.561261869099184452e+01 3.449416915221875136e-03
4.586346064304911607e+01 3.398781542581875287e-03
4.611435299895526185e+01 3.393639106723101654e-03
4.636610302009028572e+01 3.292615933805850392e-03
4.661726081402038346e+01 3.241789430916772879e-03
4.686748045926628237e+01 3.236841342002364213e-03
4.712001000143001761e+01 3.161887549432869371e-03
4.737334269293729960e+01 3.132807941446514536e-03
4.762357272554871912e+01 3.109497333349636218e-03
4.787295862859781437e+01 3.018994551149513719e-03
4.812686710231834297e+01 3.010655807641213991e-03
4.837988354528783930e+01 2.967485395242066681e-03
4.862698975964909209e+01 2.908080403339100353e-03
4.887931961662670233e+01 2.870308584035159444e-03
4.913512531690142282e+01 2.828514805285047701e-03
4.938486646957150583e+01 2.781528568811387006e-03
4.963073103205424985e+01 2.783869874284226192e-03
4.988316058859187763e+01 2.757519006745963105e-03
5.013927392651110893e+01 2.711518986836953735e-03
5.038898445289544270e+01 2.630166300487842262e-03
5.063791314200675941e+01 2.620068918081387525e-03
5.089234515763529032e+01 2.519012010108636311e-03
5.114529266359630810e+01 2.546042919886325629e-03
5.138952878242714206e+01 2.541146575872737720e-03
5.163945178601188246e+01 2.550568412632649423e-03
5.190206698624180603e+01 2.474402846589685619e-03
5.215590084722179398e+01 2.350688066645173838e-03
5.238680673191466042e+01 2.436858357496016810e-03
5.263532591009818873e+01 2.411700807193696994e-03
5.290823119436031874e+01 2.317170161086827378e-03
5.316882575050344428e+01 2.334728887594144341e-03
5.338513341050097694e+01 2.291954085775050817e-03
5.363212510227822349e+01 2.182497076884870688e-03
5.391615723351310407e+01 2.231436192077944532e-03
5.419187693011466678e+01 2.137930570964790330e-03
5.439722241285236493e+01 2.007537721539156324e-03
5.462806064877949552e+01 2.544133552376542148e-03
5.491241494336609463e+01 2.193200859978384695e-03
5.519421446932921782e+01 2.184173475287034313e-03
5.543046826972861396e+01 1.758641995927261907e-03
5.561137265256709128e+01 4.178333791700203012e-03
