3.559856489878782115e-01 7.369073987883696191e+02
6.031648866026231293e-01 2.172449041908804759e+02
8.579160745827347778e-01 8.738797292358373170e+01
1.113464310595710716e+00 5.200962197853716873e+01
1.374039914321364408e+00 3.236391989135696434e+01
1.619154704570298309e+00 1.956731037101669202e+01
1.870686673430271840e+00 1.475613805656322697e+01
2.123290040706380832e+00 1.107462296716724559e+01
2.378144976376236119e+00 7.812247353838255748e+00
2.630489925835516996e+00 6.017774351645158504e+00
2.878653162679494670e+00 4.713262067940305222e+00
3.131144366275339319e+00 4.160500422084500549e+00
3.388159578333816313e+00 3.365966199135951964e+00
3.638741848210948149e+00 2.687030002681348062e+00
3.888315910732085268e+00 2.344723158781384598e+00
4.139052155837465996e+00 2.071117646755591846e+00
4.390305777018236988e+00 1.700208079107503822e+00
4.642172339120373081e+00 1.459379655556734212e+00
4.894678666149941293e+00 1.285393388470388309e+00
5.147269052361176378e+00 1.185593612708887301e+00
5.398003206656323272e+00 1.006091294241135081e+00
5.647798235368590269e+00 8.923668235587487452e-01
5.900534302989873581e+00 7.940368469256959827e-01
6.151460297009074374e+00 7.325168440000610071e-01
6.402630176204441526e+00 6.450347313330021537e-01
6.655964674748322096e+00 5.884837724296820838e-01
6.908782583105771202e+00 5.270198280145710346e-01
7.159060853508338873e+00 4.924554698345406933e-01
7.409414762591408632e+00 4.399109903151116607e-01
7.659227149364629561e+00 4.150379470788733149e-01
7.911559474606142395e+00 3.678815346921595064e-01
8.163750941790897997e+00 3.426298415385363727e-01
8.415757210439384295e+00 3.159132201600725609e-01
8.667638839289207198e+00 2.949527685710557345e-01
8.918801124864609520e+00 2.752225799911499626e-01
9.170480108345369530e+00 2.574748001363928451e-01
9.420566033467249412e+00 2.391119644870265404e-01
9.671642335271435797e+00 2.201635919695885124e-01
9.923426157758477473e+00 2.045652715991722048e-01
1.017396902749181820e+01 1.964675154995281503e-01
1.042533700753922155e+01 1.828415931687719376e-01
1.067702948358784276e+01 1.734481824435460118e-01
1.092969337256462303e+01 1.592970826451682309e-01
1.118211872033766419e+01 1.522359554966724038e-01
1.143346516925797296e+01 1.406334178480743990e-01
1.168350508557724687e+01 1.356323605845277669e-01
1.193379937775929100e+01 1.280468367512712646e-01
1.218553055762879112e+01 1.199062506320293514e-01
1.243711650801278878e+01 1.140558329384998848e-01
1.268867268647359303e+01 1.090132703840207551e-01
1.294075027177769144e+01 1.035362480465635560e-01
1.319267287020158363e+01 9.817834982714251923e-02
1.344470571782862756e+01 9.391758545845521611e-02
1.369480150283709641e+01 8.837252878306837978e-02
1.394591277066507828e+01 8.413039607120843810e-02
1.419764645764527167e+01 8.109863331629303673e-02
1.444766774168416212e+01 7.674294578854237714e-02
1.469906835825429070e+01 7.188309356035953168e-02
1.495059118111036511e+01 7.003863667370145707e-02
1.520261612590052991e+01 6.710033567841237889e-02
1.545415944503929495e+01 6.444622374005651300e-02
1.570456072545780124e+01 6.150185070663365117e-02
1.595705800128773966e+01 5.921298640383627215e-02
1.620829297830731619e+01 5.701852558972229229e-02
1.645966591028190962e+01 5.475582727289150797e-02
1.671125708846596325e+01 5.247278056520417178e-02
1.696160259490052624e+01 4.977917086424854531e-02
1.721370276108077135e+01 4.792285481385769735e-02
1.746543424102250341e+01 4.625780080787507409e-02
1.771598473288305442e+01 4.441661248121754613e-02
1.796653767411944003e+01 4.267628517716395842e-02
1.821765658501893270e+01 4.175807677739095530e-02
1.847053788120423334e+01 4.034591059177405903e-02
1.872257696809484173e+01 3.868663762632640335e-02
1.897394097105746269e+01 3.711211903361293779e-02
1.922542454726159988e+01 3.606066570517785230e-02
1.947607703355479103e+01 3.472309826020585771e-02
1.972678839839982601e+01 3.362771369378975833e-02
1.997802698857814363e+01 3.247998750348357611e-02
2.022863620534168660e+01 3.131126191553946364e-02
2.047969598507238231e+01 3.008552176330055519e-02
2.073250439107362553e+01 2.912922490617508159e-02
2.098435855211640089e+01 2.841344640034752442e-02
2.123502923393334640e+01 2.751291672762161411e-02
2.148629411178690773e+01 2.663080302268483468e-02
2.173831825513516591e+01 2.591226862621144253e-02
2.198972260956887226e+01 2.500844075212731860e-02
2.223974971000711420e+01 2.429637495979345557e-02
2.249141870643862973e+01 2.358530971938011672e-02
2.274404614890906373e+01 2.290360990982987649e-02
2.299521835768831579e+01 2.228974935428934545e-02
2.324620084136223852e+01 2.163832667323958847e-02
2.349757798664387209e+01 2.105182199100391963e-02
2.374870488118759937e+01 2.029140277506853718e-02
2.399988781917473091e+01 1.994574488775452056e-02
2.425071646049711305e+01 1.932952563704015692e-02
2.450187830577813841e+01 1.860980554754977992e-02
2.475391093216606109e+01 1.830776479118169722e-02
2.500524226975159792e+01 1.763378406236438753e-02
2.525610980153284402e+01 1.722948622154293896e-02
2.550801425092822328e+01 1.688757705822894334e-02
2.575943113325822864e+01 1.637287650494956281e-02
2.601074166866445125e+01 1.591028000610271442e-02
2.626234447079615464e+01 1.550822428215352551e-02
2.651347712943701751e+01 1.514365560863732349e-02
2.676474177984877656e+01 1.477957949225959695e-02
2.701628079430242479e+01 1.444454113450025640e-02
2.726734205837282232e+01 1.405679384390906214e-02
2.751837013544679422e+01 1.368762172331872487e-02
2.776937726815812724e+01 1.349499547614001205e-02
2.802070160973895341e+01 1.309131170152170315e-02
2.827249982643487058e+01 1.273911162454149405e-02
2.852407603869968966e+01 1.251201101652182034e-02
2.877567300468570721e+01 1.214495433061043954e-02
2.902733523039245256e+01 1.186495546528098556e-02
2.927861073083739996e+01 1.162484129322027999e-02
2.953003196193969160e+01 1.131539643425355166e-02
2.978106336846375157e+01 1.114732367904611166e-02
3.003148440777084716e+01 1.080411145132294248e-02
3.028303386126418673e+01 1.062243312399148258e-02
3.053456493440382857e+01 1.043181831912440814e-02
3.078585183944906944e+01 1.012518464741115481e-02
3.103757946070165730e+01 9.885911935386097402e-03
3.128931656795834826e+01 9.718116146936316146e-03
3.154125974608096428e+01 9.556512664661381135e-03
3.179158626791808828e+01 9.306615959613354777e-03
3.204196438636942190e+01 9.041624694840370846e-03
3.229344668057169798e+01 8.896631983220937290e-03
3.254489998018084407e+01 8.678151480204806742e-03
3.279660140319880668e+01 8.552034116716981590e-03
3.304772754686901237e+01 8.337231491462671409e-03
3.329949953441923327e+01 8.169468252513767750e-03
3.355173249539067371e+01 8.083712245159363138e-03
3.380235474142784824e+01 7.903557893622912070e-03
3.405292218889088218e+01 7.672821529241029281e-03
3.430455901572810262e+01 7.575616416560173802e-03
3.455605119154291316e+01 7.460316631904541536e-03
3.480708698418615654e+01 7.239400394590257172e-03
3.505823042281740243e+01 7.147590786362203324e-03
3.530983122122644602e+01 6.991938062887328650e-03
3.556111974160763367e+01 6.852567278224815095e-03
3.581195885960364933e+01 6.772623910811693612e-03
3.606348577968052638e+01 6.599732498479362469e-03
3.631495136683125935e+01 6.474042447773860690e-03
3.656646781331610185e+01 6.376330720571326931e-03
3.681800948534306173e+01 6.227082786467477184e-03
3.706942350460822411e+01 6.108493941210117219e-03
3.732119977997001570e+01 6.074403040780371188e-03
3.757249197135423202e+01 5.869953633107431734e-03
3.782324055213251057e+01 5.800991347081915425e-03
3.807430609684078604e+01 5.735831352963420907e-03
3.832526519371521090e+01 5.623102477007783581e-03
3.857704530181875668e+01 5.498105090887040608e-03
3.882896255048217427e+01 5.396708699048779860e-03
3.907976684424035341e+01 5.328546728042584529e-03
3.933085588900704010e+01 5.262342270246394421e-03
3.958184533965361140e+01 5.150122291311212165e-03
3.983320492881626507e+01 5.038751583790084150e-03
4.008506787586624398e+01 4.970254434136395574e-03
4.033569471078550350e+01 4.890898816208147371e-03
4.058701345074587863e+01 4.797797762768090356e-03
4.083916815834436420e+01 4.703731764873084198e-03
4.108978611092747713e+01 4.654863760983311491e-03
4.134119394692694271e+01 4.569019290571623738e-03
4.159372926482761557e+01 4.503522627718790396e-03
4.184480996230068683e+01 4.435935401309517960e-03
4.209495048714620680e+01 4.304601742554068494e-03
4.234568601474854432e+01 4.270222943314567685e-03
4.259794184898333214e+01 4.200335924808107184e-03
4.284922176444433717e+01 4.106713971110251792e-03
4.309982534096671003e+01 4.072769038334399412e-03
4.335153475414617930e+01 4.018385580215735886e-03
4.360374984514007224e+01 3.923561456498235803e-03
4.385432838732079830e+01 3.869544678265340962e-03
4.410529766549178277e+01 3.798793357720093092e-03
4.435675536456894008e+01 3.771953699707291437e-03
4.460756668584335927e+01 3.705510845359411779e-03
4.485812369927145937e+01 3.661976140215898734e-03
4.510933196139897206e+01 3.613020058432688583e-03
4.536097672816924131e+01 3.530659933843243847e-03
4.561261869099184452e+01 3.525989138584832618e-03
4.586346064304911607e+01 3.434538403601393192e-03
4.611435299895526185e+01 3.388360993331511212e-03
4.636610302009028572e+01 3.338652532792221912e-03
4.661726081402038346e+01 3.295439428015220322e-03
4.686748045926628237e+01 3.238701382838005301e-03
4.712001000143001761e+01 3.208728513851217320e-03
4.737334269293729960e+01 3.173765178133113561e-03
4.762357272554871912e+01 3.152320798604152548e-03
4.787295862859781437e+01 3.055980995883841346e-03
4.812686710231834297e+01 3.028382977225840215e-03
4.837988354528783930e+01 2.985344834608483038e-03
4.862698975964909209e+01 2.926578964048147727e-03
4.887931961662670233e+01 2.882500907202446491e-03
4.913512531690142282e+01 2.768336990913291672e-03
4.938486646957150583e+01 2.740295113829283469e-03
4.963073103205424985e+01 2.743112148464006955e-03
4.988316058859187763e+01 2.721170477825538437e-03
5.013927392651110893e+01 2.671624970888480336e-03
5.038898445289544270e+01 2.614822992457275369e-03
5.063791314200675941e+01 2.624936469268673422e-03
5.089234515763529032e+01 2.567445120170364775e-03
5.114529266359630810e+01 2.569199724760301128e-03
5.138952878242714206e+01 2.459154378929852194e-03
5.163945178601188246e+01 2.469780728497839722e-03
5.190206698624180603e+01 2.382980718446936746e-03
5.215590084722179398e+01 2.358141780901030268e-03
5.238680673191466042e+01 2.344378087993131271e-03
5.263532591009818873e+01 2.375619990091920597e-03
5.290823119436031874e+01 2.189270669710028424e-03
5.316882575050344428e+01 2.253200643531385640e-03
5.338513341050097694e+01 2.145339774589963364e-03
5.363212510227822349e+01 2.187387908265995672e-03
5.391615723351310407e+01 2.200532871109355925e-03
5.419187693011466678e+01 2.141951366008797066e-03
5.439722241285236493e+01 2.037063611379428835e-03
5.462806064877949552e+01 1.893161248278721559e-03
5.491241494336609463e+01 2.121765751386720921e-03
5.519421446932921782e+01 2.135661982850652063e-03
5.543046826972861396e+01 1.723642593684780212e-03
5.561137265256709128e+01 9.357772373047078349e-04
