3.559856489878782115e-01 7.642767035920091985e+02
6.031648866026231293e-01 1.666906587319739970e+02
8.579160745827347778e-01 7.833797412038407515e+01
1.113464310595710716e+00 4.955026597583623982e+01
1.374039914321364408e+00 2.598077416529326911e+01
1.619154704570298309e+00 1.976636219455113519e+01
1.870686673430271840e+00 1.456192250814240019e+01
2.123290040706380832e+00 1.041435648103085576e+01
2.378144976376236119e+00 7.385153702862901959e+00
2.630489925835516996e+00 6.008854994227635693e+00
2.878653162679494670e+00 4.817676275208556014e+00
3.131144366275339319e+00 4.174464584621366825e+00
3.388159578333816313e+00 3.305774541544578948e+00
3.638741848210948149e+00 2.829434477003050397e+00
3.888315910732085268e+00 2.324553622824987897e+00
4.139052155837465996e+00 2.104475403798016675e+00
4.390305777018236988e+00 1.746914731870960802e+00
4.642172339120373081e+00 1.446722284464504238e+00
4.894678666149941293e+00 1.284723879497182475e+00
5.147269052361176378e+00 1.088072545651630918e+00
5.398003206656323272e+00 1.013011175173353040e+00
5.647798235368590269e+00 9.048569576948874982e-01
5.900534302989873581e+00 7.955629684473987107e-01
6.151460297009074374e+00 7.248281460319615510e-01
6.402630176204441526e+00 6.428578687500053901e-01
6.655964674748322096e+00 5.994558662064127796e-01
6.908782583105771202e+00 5.321199094471380509e-01
7.159060853508338873e+00 4.857009653822761952e-01
7.409414762591408632e+00 4.402824993596178849e-01
7.659227149364629561e+00 4.149507554294619149e-01
7.911559474606142395e+00 3.840908596090966687e-01
8.163750941790897997e+00 3.405340145065244850e-01
8.415757210439384295e+00 3.147728360844191942e-01
8.667638839289207198e+00 2.990709477438874275e-01
8.918801124864609520e+00 2.709263197428697367e-01
9.170480108345369530e+00 2.576292933979127953e-01
9.420566033467249412e+00 2.362215273798825010e-01
9.671642335271435797e+00 2.265441986185180168e-01
9.923426157758477473e+00 2.047367109736810964e-01
1.017396902749181820e+01 1.913976411081838302e-01
1.042533700753922155e+01 1.816492171395273081e-01
1.067702948358784276e+01 1.699432617683241664e-01
1.092969337256462303e+01 1.614043670414048448e-01
1.118211872033766419e+01 1.533971386116143309e-01
1.143346516925797296e+01 1.410030056883385674e-01
1.168350508557724687e+01 1.342563238681949989e-01
1.193379937775929100e+01 1.257676475769503310e-01
1.218553055762879112e+01 1.211103252170510486e-01
1.243711650801278878e+01 1.160805770785352936e-01
1.268867268647359303e+01 1.094860014855131014e-01
1.294075027177769144e+01 1.024268063638416049e-01
1.319267287020158363e+01 9.891830804984902414e-02
1.344470571782862756e+01 9.245472106804999979e-02
1.369480150283709641e+01 8.887850733744362408e-02
1.394591277066507828e+01 8.495740568849254049e-02
1.419764645764527167e+01 7.942170849505682251e-02
1.444766774168416212e+01 7.671222312023356915e-02
1.469906835825429070e+01 7.288534277336355949e-02
1.495059118111036511e+01 7.020784291122551812e-02
1.520261612590052991e+01 6.731810530433116058e-02
1.545415944503929495e+01 6.438383797068247816e-02
1.570456072545780124e+01 6.130068065058290327e-02
1.595705800128773966e+01 5.879854400125858471e-02
1.620829297830731619e+01 5.720159835827207107e-02
1.645966591028190962e+01 5.489425421585993059e-02
1.671125708846596325e+01 5.190620350472192196e-02
1.696160259490052624e+01 5.003228514730843901e-02
1.721370276108077135e+01 4.850653337348732191e-02
1.746543424102250341e+01 4.638149566028621634e-02
1.771598473288305442e+01 4.503079016535267709e-02
1.796653767411944003e+01 4.278666280456174670e-02
1.821765658501893270e+01 4.156920758424188095e-02
1.847053788120423334e+01 3.960027178373714402e-02
1.872257696809484173e+01 3.842309970169066613e-02
1.897394097105746269e+01 3.719457512366476648e-02
1.922542454726159988e+01 3.581285442001321678e-02
1.947607703355479103e+01 3.490071749464569717e-02
1.972678839839982601e+01 3.355349780092996975e-02
1.997802698857814363e+01 3.236883649096432281e-02
2.022863620534168660e+01 3.112923888998189031e-02
2.047969598507238231e+01 3.049144447361833501e-02
2.073250439107362553e+01 2.917268635476491512e-02
2.098435855211640089e+01 2.856491528779950620e-02
2.123502923393334640e+01 2.769299329797913697e-02
2.148629411178690773e+01 2.680555684567471203e-02
2.173831825513516591e+01 2.585223339188346889e-02
2.198972260956887226e+01 2.508992266966334622e-02
2.223974971000711420e+01 2.430910369648564551e-02
2.249141870643862973e+01 2.361723287824948198e-02
2.274404614890906373e+01 2.297294318102288679e-02
2.299521835768831579e+01 2.225484185066777670e-02
2.324620084136223852e+01 2.160049162995201014e-02
2.349757798664387209e+01 2.094177818652053977e-02
2.374870488118759937e+01 2.052200079277985423e-02
2.399988781917473091e+01 1.979817695097623592e-02
2.425071646049711305e+01 1.919236055545375103e-02
2.450187830577813841e+01 1.881270488600961244e-02
2.475391093216606109e+01 1.823327622655036145e-02
2.500524226975159792e+01 1.765619628559528947e-02
2.525610980153284402e+01 1.731614282621472822e-02
2.550801425092822328e+01 1.685413751559863491e-02
2.575943113325822864e+01 1.632599238978484774e-02
2.601074166866445125e+01 1.591741818448822940e-02
2.626234447079615464e+01 1.550570689739582710e-02
2.651347712943701751e+01 1.507446681578136251e-02
2.676474177984877656e+01 1.472430324848735504e-02
2.701628079430242479e+01 1.437669633711449388e-02
2.726734205837282232e+01 1.408851108094801886e-02
2.751837013544679422e+01 1.369490451619745884e-02
2.776937726815812724e+01 1.342537865104321410e-02
2.802070160973895341e+01 1.305128167077060711e-02
2.827249982643487058e+01 1.284585528439417985e-02
2.852407603869968966e+01 1.246446467537938065e-02
2.877567300468570721e+01 1.217816629142082566e-02
2.902733523039245256e+01 1.189831714266902790e-02
2.927861073083739996e+01 1.156685341541580613e-02
2.953003196193969160e+01 1.143723693250909938e-02
2.978106336846375157e+01 1.103735474343131920e-02
3.003148440777084716e+01 1.084883736446717005e-02
3.028303386126418673e+01 1.054032477780734653e-02
3.053456493440382857e+01 1.035799465950126667e-02
3.078585183944906944e+01 1.018804131553157494e-02
3.103757946070165730e+01 9.943155680224441406e-03
3.128931656795834826e+01 9.701204277974157311e-03
3.154125974608096428e+01 9.555850569759865437e-03
3.179158626791808828e+01 9.318210224734019970e-03
3.204196438636942190e+01 9.093923626882669323e-03
3.229344668057169798e+01 8.899655938076086667e-03
3.254489998018084407e+01 8.710317352541491198e-03
3.279660140319880668e+01 8.542715918982278500e-03
3.304772754686901237e+01 8.391498902136602239e-03
3.329949953441923327e+01 8.212951913572444709e-03
3.355173249539067371e+01 8.027365052856862832e-03
3.380235474142784824e+01 7.892738005298060439e-03
3.405292218889088218e+01 7.717309075980558972e-03
3.430455901572810262e+01 7.544467146269280555e-03
3.455605119154291316e+01 7.377471453244047357e-03
3.480708698418615654e+01 7.263746255877722401e-03
3.505823042281740243e+01 7.120967121669655869e-03
3.530983122122644602e+01 7.010788961763925013e-03
3.556111974160763367e+01 6.867119549002843708e-03
3.581195885960364933e+01 6.716629171095962053e-03
3.606348577968052638e+01 6.625781586149338126e-03
3.631495136683125935e+01 6.517169286239552634e-03
3.656646781331610185e+01 6.337206041662480499e-03
3.681800948534306173e+01 6.260955758295430260e-03
3.706942350460822411e+01 6.162515983094902713e-03
3.732119977997001570e+01 5.997180035107674105e-03
3.757249197135423202e+01 5.912164934316880942e-03
3.782324055213251057e+01 5.851307404121638966e-03
3.807430609684078604e+01 5.730225747316726979e-03
3.832526519371521090e+01 5.556816587994692011e-03
3.857704530181875668e+01 5.484470994722085921e-03
3.882896255048217427e+01 5.406029579680296515e-03
3.907976684424035341e+01 5.339627047722637909e-03
3.933085588900704010e+01 5.183262446824381427e-03
3.958184533965361140e+01 5.099062838254952990e-03
3.983320492881626507e+01 5.044992686564599323e-03
4.008506787586624398e+01 4.948279962455328848e-03
4.033569471078550350e+01 4.877953389288695006e-03
4.058701345074587863e+01 4.763827249387723138e-03
4.083916815834436420e+01 4.701842386503190911e-03
4.108978611092747713e+01 4.646484999993062519e-03
4.134119394692694271e+01 4.571572873363418353e-03
4.159372926482761557e+01 4.439909238750685584e-03
4.184480996230068683e+01 4.379668722559197994e-03
4.209495048714620680e+01 4.348021273972178802e-03
4.234568601474854432e+01 4.235191252595910463e-03
4.259794184898333214e+01 4.193264033990915483e-03
4.284922176444433717e+01 4.127902336607823346e-03
4.309982534096671003e+01 4.094601435571301046e-03
4.335153475414617930e+01 4.008936606713701251e-03
4.360374984514007224e+01 3.923160126344488012e-03
4.385432838732079830e+01 3.865605817327660235e-03
4.410529766549178277e+01 3.788062470894390348e-03
4.435675536456894008e+01 3.767406339530411652e-03
4.460756668584335927e+01 3.713463948064954414e-03
4.485812369927145937e+01 3.641388948239240777e-03
4.510933196139897206e+01 3.594440448741378653e-03
4.536097672816924131e+01 3.529129045851890200e-03
4.561261869099184452e+01 3.496964381668716572e-03
4.586346064304911607e+01 3.438955420593520131e-03
4.611435299895526185e+01 3.381450825683715664e-03
4.636610302009028572e+01 3.339612121606553002e-03
4.661726081402038346e+01 3.316478635256169157e-03
4.686748045926628237e+01 3.240823552029265062e-03
4.712001000143001761e+01 3.154739634043609436e-03
4.737334269293729960e+01 3.191428303612545755e-03
4.762357272554871912e+01 3.113756932429767154e-03
4.787295862859781437e+01 3.064350691290680922e-03
4.812686710231834297e+01 2.984519678347889293e-03
4.837988354528783930e+01 2.928229733210302010e-03
4.862698975964909209e+01 2.868878311899266450e-03
4.887931961662670233e+01 2.883569175393509501e-03
4.913512531690142282e+01 2.823018590302273697e-03
4.938486646957150583e+01 2.782390612821941233e-03
4.963073103205424985e+01 2.748272932729326455e-03
4.988316058859187763e+01 2.745838312696826777e-03
5.013927392651110893e+01 2.622777249665387070e-03
5.038898445289544270e+01 2.665257581400440681e-03
5.063791314200675941e+01 2.556178593722888658e-03
5.089234515763529032e+01 2.604104311851178008e-03
5.114529266359630810e+01 2.587752080540127106e-03
5.138952878242714206e+01 2.550795799083898242e-03
5.163945178601188246e+01 2.443440016213236331e-03
5.190206698624180603e+01 2.436604920971024036e-03
5.215590084722179398e+01 2.377822782801297229e-03
5.238680673191466042e+01 2.383507947267184818e-03
5.263532591009818873e+01 2.319465799868985871e-03
5.290823119436031874e+01 2.304500115754695017e-03
5.316882575050344428e+01 2.335379506690870959e-03
5.338513341050097694e+01 2.208791445253617276e-03
5.363212510227822349e+01 2.215695356317838247e-03
5.391615723351310407e+01 2.229042519344991580e-03
5.419187693011466678e+01 2.133793977535867505e-03
5.439722241285236493e+01 2.118457877444039107e-03
5.462806064877949552e+01 2.184845450599733237e-03
5.491241494336609463e+01 2.094438413637064820e-03
5.519421446932921782e+01 2.329506178088537258e-03
5.543046826972861396e+01 9.872357746899859243e-04
5.561137265256709128e+01 1.950023621493386866e-03
