3.559856489878782115e-01 6.393348359072704170e+02
6.031648866026231293e-01 2.015993461126326167e+02
8.579160745827347778e-01 9.595929696269898557e+01
1.113464310595710716e+00 5.058684531470203183e+01
1.374039914321364408e+00 3.255368376251006168e+01
1.619154704570298309e+00 2.094567917858390871e+01
1.870686673430271840e+00 1.517492803816745450e+01
2.123290040706380832e+00 1.031595535280616183e+01
2.378144976376236119e+00 8.366560141368854175e+00
2.630489925835516996e+00 6.162035029332121994e+00
2.878653162679494670e+00 5.080390152235555234e+00
3.131144366275339319e+00 4.045313322567124281e+00
3.388159578333816313e+00 3.260821688054688305e+00
3.638741848210948149e+00 2.763513731790195660e+00
3.888315910732085268e+00 2.400536453682351468e+00
4.139052155837465996e+00 1.996339070470476207e+00
4.390305777018236988e+00 1.733247576287205050e+00
4.642172339120373081e+00 1.436703610840317280e+00
4.894678666149941293e+00 1.330627309962326699e+00
5.147269052361176378e+00 1.155989014660955050e+00
5.398003206656323272e+00 9.849648854294570377e-01
5.647798235368590269e+00 8.702383596778509034e-01
5.900534302989873581e+00 7.961256882483909170e-01
6.151460297009074374e+00 7.121527854290438109e-01
6.402630176204441526e+00 6.583995947635252755e-01
6.655964674748322096e+00 5.791419723983397549e-01
6.908782583105771202e+00 5.366130198006927587e-01
7.159060853508338873e+00 4.968928854036337439e-01
7.409414762591408632e+00 4.422889028637778108e-01
7.659227149364629561e+00 4.103927693987025060e-01
7.911559474606142395e+00 3.677430114910562597e-01
8.163750941790897997e+00 3.482888119830014340e-01
8.415757210439384295e+00 3.150571264319839693e-01
8.667638839289207198e+00 2.967758640212749821e-01
8.918801124864609520e+00 2.755335140433772256e-01
9.170480108345369530e+00 2.530505261311648546e-01
9.420566033467249412e+00 2.375256554874075610e-01
9.671642335271435797e+00 2.240637488966800150e-01
9.923426157758477473e+00 2.109080987137552654e-01
1.017396902749181820e+01 1.982099494549816876e-01
1.042533700753922155e+01 1.819342498462375168e-01
1.067702948358784276e+01 1.669453487457348562e-01
1.092969337256462303e+01 1.611712854878674384e-01
1.118211872033766419e+01 1.510809757060398162e-01
1.143346516925797296e+01 1.438403888350742732e-01
1.168350508557724687e+01 1.352364980450220522e-01
1.193379937775929100e+01 1.282224486074599601e-01
1.218553055762879112e+01 1.206005620782599208e-01
1.243711650801278878e+01 1.148090210615244772e-01
1.268867268647359303e+01 1.089737123103726446e-01
1.294075027177769144e+01 1.036995452153292308e-01
1.319267287020158363e+01 9.815183044945093027e-02
1.344470571782862756e+01 9.288519274020645700e-02
1.369480150283709641e+01 8.870174060206664768e-02
1.394591277066507828e+01 8.452340347535715337e-02
1.419764645764527167e+01 7.940883282240955576e-02
1.444766774168416212e+01 7.657480435811778174e-02
1.469906835825429070e+01 7.379616352829970749e-02
1.495059118111036511e+01 7.017200934532964729e-02
1.520261612590052991e+01 6.720098979130284533e-02
1.545415944503929495e+01 6.445548931743487475e-02
1.570456072545780124e+01 6.172404179452722212e-02
1.595705800128773966e+01 5.940189527687775306e-02
1.620829297830731619e+01 5.662952908917635864e-02
1.645966591028190962e+01 5.404911748535450033e-02
1.671125708846596325e+01 5.253212075166226874e-02
1.696160259490052624e+01 5.005080651018511267e-02
1.721370276108077135e+01 4.863402276381835476e-02
1.746543424102250341e+01 4.593166757705646752e-02
1.771598473288305442e+01 4.494496653670328884e-02
1.796653767411944003e+01 4.321310881728395586e-02
1.821765658501893270e+01 4.167067859582831296e-02
1.847053788120423334e+01 4.037296130894747065e-02
1.872257696809484173e+01 3.886601858666973580e-02
1.897394097105746269e+01 3.751088942139676335e-02
1.922542454726159988e+01 3.564982862463102198e-02
1.947607703355479103e+01 3.452040211667179587e-02
1.972678839839982601e+01 3.364722409734552389e-02
1.997802698857814363e+01 3.236775475813786357e-02
2.022863620534168660e+01 3.136393607109937143e-02
2.047969598507238231e+01 3.058438228309308393e-02
2.073250439107362553e+01 2.947465898284059790e-02
2.098435855211640089e+01 2.841876700284584611e-02
2.123502923393334640e+01 2.771091261471429409e-02
2.148629411178690773e+01 2.683033640585519644e-02
2.173831825513516591e+01 2.583236438975049232e-02
2.198972260956887226e+01 2.510848271895900832e-02
2.223974971000711420e+01 2.440549529944770202e-02
2.249141870643862973e+01 2.345629069494171645e-02
2.274404614890906373e+01 2.283442121190491086e-02
2.299521835768831579e+01 2.218098915093431184e-02
2.324620084136223852e+01 2.157152649004980688e-02
2.349757798664387209e+01 2.108341316392371018e-02
2.374870488118759937e+01 2.033322436903564276e-02
2.399988781917473091e+01 1.980774749667449028e-02
2.425071646049711305e+01 1.925782950916943639e-02
2.450187830577813841e+01 1.876805832346638628e-02
2.475391093216606109e+01 1.824046435203920125e-02
2.500524226975159792e+01 1.779611718715349775e-02
2.525610980153284402e+01 1.724917808627741272e-02
2.550801425092822328e+01 1.678106867510576958e-02
2.575943113325822864e+01 1.646392325151849190e-02
2.601074166866445125e+01 1.606510931994140079e-02
2.626234447079615464e+01 1.558956888469619460e-02
2.651347712943701751e+01 1.514701934904951267e-02
2.676474177984877656e+01 1.475664517892342695e-02
2.701628079430242479e+01 1.436834050163509485e-02
2.726734205837282232e+01 1.397456488864473600e-02
2.751837013544679422e+01 1.375023717274667136e-02
2.776937726815812724e+01 1.327211097021068452e-02
2.802070160973895341e+01 1.312747846204178129e-02
2.827249982643487058e+01 1.278277752227548539e-02
2.852407603869968966e+01 1.253439675509033895e-02
2.877567300468570721e+01 1.213040020530111764e-02
2.902733523039245256e+01 1.188676384846783056e-02
2.927861073083739996e+01 1.156068512812486772e-02
2.953003196193969160e+01 1.142639576125548638e-02
2.978106336846375157e+01 1.115286559147228400e-02
3.003148440777084716e+01 1.086402183266569829e-02
3.028303386126418673e+01 1.059657792553024905e-02
3.053456493440382857e+01 1.041313108514473063e-02
3.078585183944906944e+01 1.018705303260245346e-02
3.103757946070165730e+01 9.915903645205885464e-03
3.128931656795834826e+01 9.717623772406827620e-03
3.154125974608096428e+01 9.522069531026277830e-03
3.179158626791808828e+01 9.271481609093811666e-03
3.204196438636942190e+01 9.095821569271328455e-03
3.229344668057169798e+01 8.903635408407922086e-03
3.254489998018084407e+01 8.720475607195292411e-03
3.279660140319880668e+01 8.551079246367651598e-03
3.304772754686901237e+01 8.403131285612076840e-03
3.329949953441923327e+01 8.186974324120709079e-03
3.355173249539067371e+01 8.043693030240429281e-03
3.380235474142784824e+01 7.885251998361030371e-03
3.405292218889088218e+01 7.710429438328186662e-03
3.430455901572810262e+01 7.589469469338512228e-03
3.455605119154291316e+01 7.434462676994018325e-03
3.480708698418615654e+01 7.277222466347980055e-03
3.505823042281740243e+01 7.132715800733183294e-03
3.530983122122644602e+01 6.973199499216440125e-03
3.556111974160763367e+01 6.872028215028015002e-03
3.581195885960364933e+01 6.709481326197770830e-03
3.606348577968052638e+01 6.613850811006623080e-03
3.631495136683125935e+01 6.493453057294238523e-03
3.656646781331610185e+01 6.331652723421111323e-03
3.681800948534306173e+01 6.208174313814334225e-03
3.706942350460822411e+01 6.116608452054536106e-03
3.732119977997001570e+01 6.021865156715850743e-03
3.757249197135423202e+01 5.914220796158597797e-03
3.782324055213251057e+01 5.854414576649469119e-03
3.807430609684078604e+01 5.676785617966691004e-03
3.832526519371521090e+01 5.624932950391385404e-03
3.857704530181875668e+01 5.499383323641487790e-03
3.882896255048217427e+01 5.389913361511360426e-03
3.907976684424035341e+01 5.292060227976828728e-03
3.933085588900704010e+01 5.176344389962329179e-03
3.958184533965361140e+01 5.116357313557889919e-03
3.983320492881626507e+01 4.980319256148342533e-03
4.008506787586624398e+01 4.953046034333331328e-03
4.033569471078550350e+01 4.865299746163108743e-03
4.058701345074587863e+01 4.790289358889551416e-03
4.083916815834436420e+01 4.691885300666579980e-03
4.108978611092747713e+01 4.625345784302311788e-03
4.134119394692694271e+01 4.566500757892002875e-03
4.159372926482761557e+01 4.472077840666192558e-03
4.184480996230068683e+01 4.433375328678173036e-03
4.209495048714620680e+01 4.360446095361326935e-03
4.234568601474854432e+01 4.263387891645773267e-03
4.259794184898333214e+01 4.217213961472118973e-03
4.284922176444433717e+01 4.155669889268028862e-03
4.309982534096671003e+01 4.040992136308286034e-03
4.335153475414617930e+01 4.023971036835167180e-03
4.360374984514007224e+01 3.947575702421966988e-03
4.385432838732079830e+01 3.896942419404587476e-03
4.410529766549178277e+01 3.785268325471728180e-03
4.435675536456894008e+01 3.754086096447322145e-03
4.460756668584335927e+01 3.712395720067099541e-03
4.485812369927145937e+01 3.661171463503952190e-03
4.510933196139897206e+01 3.585905207412697603e-03
4.536097672816924131e+01 3.550374100101993339e-03
4.561261869099184452e+01 3.503826792150627461e-03
4.586346064304911607e+01 3.421793664734132118e-03
4.611435299895526185e+01 3.416597083361836481e-03
4.636610302009028572e+01 3.332197015839106352e-03
4.661726081402038346e+01 3.284729802612470963e-03
4.686748045926628237e+01 3.226634516293687849e-03
4.712001000143001761e+01 3.199210676586573734e-03
4.737334269293729960e+01 3.168150255031573770e-03
4.762357272554871912e+01 3.084806928597045011e-03
4.787295862859781437e+01 3.077594613228528189e-03
4.812686710231834297e+01 2.981067569803711164e-03
4.837988354528783930e+01 2.976511459844687763e-03
4.862698975964909209e+01 2.917892920522480778e-03
4.887931961662670233e+01 2.850623836105763229e-03
4.913512531690142282e+01 2.845506836944605884e-03
4.938486646957150583e+01 2.827736850676142340e-03
4.963073103205424985e+01 2.791916727032432276e-03
4.988316058859187763e+01 2.747773821384481060e-03
5.013927392651110893e+01 2.705215275442018116e-03
5.038898445289544270e+01 2.683237844091708197e-03
5.063791314200675941e+01 2.658714610256387046e-03
5.089234515763529032e+01 2.648081015332677448e-03
5.114529266359630810e+01 2.556592258056765519e-03
5.138952878242714206e+01 2.417961074355810293e-03
5.163945178601188246e+01 2.467886606367920149e-03
5.190206698624180603e+01 2.385872283602319833e-03
5.215590084722179398e+01 2.408295084883362025e-03
5.238680673191466042e+01 2.361347806750025910e-03
5.263532591009818873e+01 2.396784244891944724e-03
5.290823119436031874e+01 2.247022648568771600e-03
5.316882575050344428e+01 2.374465289997477937e-03
5.338513341050097694e+01 2.235563126933339580e-03
5.363212510227822349e+01 2.129578814270663509e-03
5.391615723351310407e+01 2.157330645048801104e-03
5.419187693011466678e+01 2.218540398040619744e-03
5.439722241285236493e+01 2.051539195726253574e-03
5.462806064877949552e+01 2.132832147749331303e-03
5.491241494336609463e+01 2.419000586073118131e-03
5.519421446932921782e+01 1.537886828833219966e-03
5.543046826972861396e+01 2.462012816571240281e-03
5.561137265256709128e+01 1.034651100750456519e-03
