3.559856489878782115e-01 8.468319268309178369e+02
6.031648866026231293e-01 2.321434829507852839e+02
8.579160745827347778e-01 9.741798754887817324e+01
1.113464310595710716e+00 4.466085695894371099e+01
1.374039914321364408e+00 3.195126578818919327e+01
1.619154704570298309e+00 1.777674684177792130e+01
1.870686673430271840e+00 1.457056914760206467e+01
2.123290040706380832e+00 9.934794635683580566e+00
2.378144976376236119e+00 8.264937505499389658e+00
2.630489925835516996e+00 5.933756953512886234e+00
2.878653162679494670e+00 4.830739923342039610e+00
3.131144366275339319e+00 4.272454236052613652e+00
3.388159578333816313e+00 3.329163758656981553e+00
3.638741848210948149e+00 2.745521275327623911e+00
3.888315910732085268e+00 2.281463957742858373e+00
4.139052155837465996e+00 1.982754060419116282e+00
4.390305777018236988e+00 1.728824576570134441e+00
4.642172339120373081e+00 1.513288863279435237e+00
4.894678666149941293e+00 1.307097726566387230e+00
5.147269052361176378e+00 1.108384157609567655e+00
5.398003206656323272e+00 1.006435088026659264e+00
5.647798235368590269e+00 8.882353929029043194e-01
5.900534302989873581e+00 8.179670707914763472e-01
6.151460297009074374e+00 7.117947091136916926e-01
6.402630176204441526e+00 6.406677095089897689e-01
6.655964674748322096e+00 5.810417107653338409e-01
6.908782583105771202e+00 5.181018423359549097e-01
7.159060853508338873e+00 4.866600341072915281e-01
7.409414762591408632e+00 4.458900255920122402e-01
7.659227149364629561e+00 4.178967844969490586e-01
7.911559474606142395e+00 3.728128869995095962e-01
8.163750941790897997e+00 3.479146612915346992e-01
8.415757210439384295e+00 3.245008767064771482e-01
8.667638839289207198e+00 2.930166781325589942e-01
8.918801124864609520e+00 2.702569931505384715e-01
9.170480108345369530e+00 2.576332510608598803e-01
9.420566033467249412e+00 2.369091128252631129e-01
9.671642335271435797e+00 2.212231459628606067e-01
9.923426157758477473e+00 2.096133670240017677e-01
1.017396902749181820e+01 1.924520871116496279e-01
1.042533700753922155e+01 1.817856367410609353e-01
1.067702948358784276e+01 1.690865814761060570e-01
1.092969337256462303e+01 1.605636715483246546e-01
1.118211872033766419e+01 1.517215564250344872e-01
1.143346516925797296e+01 1.422583236555431674e-01
1.168350508557724687e+01 1.348526055591573181e-01
1.193379937775929100e+01 1.270439900260729171e-01
1.218553055762879112e+01 1.192662638104860784e-01
1.243711650801278878e+01 1.137588281156586140e-01
1.268867268647359303e+01 1.091192974762768553e-01
1.294075027177769144e+01 1.011316103388911619e-01
1.319267287020158363e+01 9.777112614798591506e-02
1.344470571782862756e+01 9.239762730016239101e-02
1.369480150283709641e+01 8.916855545114651949e-02
1.394591277066507828e+01 8.486927291904904080e-02
1.419764645764527167e+01 8.116956918575735092e-02
1.444766774168416212e+01 7.593553409876238613e-02
1.469906835825429070e+01 7.445502731250842887e-02
1.495059118111036511e+01 7.082074115756813171e-02
1.520261612590052991e+01 6.710438189226826389e-02
1.545415944503929495e+01 6.391295252868164911e-02
1.570456072545780124e+01 6.122438652008491827e-02
1.595705800128773966e+01 5.908975478265392905e-02
1.620829297830731619e+01 5.630997923617900996e-02
1.645966591028190962e+01 5.438834333377776109e-02
1.671125708846596325e+01 5.181892241885639044e-02
1.696160259490052624e+01 5.005116921020266035e-02
1.721370276108077135e+01 4.844077789678382512e-02
1.746543424102250341e+01 4.643260840258050387e-02
1.771598473288305442e+01 4.438327931294044210e-02
1.796653767411944003e+01 4.334866883954919398e-02
1.821765658501893270e+01 4.112509507614425797e-02
1.847053788120423334e+01 3.997249619315712543e-02
1.872257696809484173e+01 3.857427553073491944e-02
1.897394097105746269e+01 3.750084293100016536e-02
1.922542454726159988e+01 3.588129410340722136e-02
1.947607703355479103e+01 3.503509401488934250e-02
1.972678839839982601e+01 3.353298971681921425e-02
1.997802698857814363e+01 3.249048256673894158e-02
2.022863620534168660e+01 3.141775956032687861e-02
2.047969598507238231e+01 3.038319636692276074e-02
2.073250439107362553e+01 2.985697492534680753e-02
2.098435855211640089e+01 2.850242385528630948e-02
2.123502923393334640e+01 2.736888784131329827e-02
2.148629411178690773e+01 2.679381779025757915e-02
2.173831825513516591e+01 2.602127193718386036e-02
2.198972260956887226e+01 2.508087596640411546e-02
2.223974971000711420e+01 2.458261260924766989e-02
2.249141870643862973e+01 2.369274596749513725e-02
2.274404614890906373e+01 2.279579895459548505e-02
2.299521835768831579e+01 2.234980390656297888e-02
2.324620084136223852e+01 2.166396916053546159e-02
2.349757798664387209e+01 2.105945976531475514e-02
2.374870488118759937e+01 2.061217632069589634e-02
2.399988781917473091e+01 1.977441802111330402e-02
2.425071646049711305e+01 1.925563738447830589e-02
2.450187830577813841e+01 1.861043703553346210e-02
2.475391093216606109e+01 1.815183527108175238e-02
2.500524226975159792e+01 1.779758538577475360e-02
2.525610980153284402e+01 1.727871859099292320e-02
2.550801425092822328e+01 1.693989987333513816e-02
2.575943113325822864e+01 1.648237440140381052e-02
2.601074166866445125e+01 1.583607579543703028e-02
2.626234447079615464e+01 1.551024184992948023e-02
2.651347712943701751e+01 1.522039872312673514e-02
2.676474177984877656e+01 1.487163381935080811e-02
2.701628079430242479e+01 1.445968704443139664e-02
2.726734205837282232e+01 1.409055382389673948e-02
2.751837013544679422e+01 1.368627074436431883e-02
2.776937726815812724e+01 1.347932108502244118e-02
2.802070160973895341e+01 1.309276250718759659e-02
2.827249982643487058e+01 1.277632395747488325e-02
2.852407603869968966e+01 1.248253635509894918e-02
2.877567300468570721e+01 1.222189616353122621e-02
2.902733523039245256e+01 1.189746862211999399e-02
2.927861073083739996e+01 1.166344621921313641e-02
2.953003196193969160e+01 1.133021186228711993e-02
2.978106336846375157e+01 1.107283152202427796e-02
3.003148440777084716e+01 1.082078393196315644e-02
3.028303386126418673e+01 1.056204935248445873e-02
3.053456493440382857e+01 1.040722082337999614e-02
3.078585183944906944e+01 1.010348495343712377e-02
3.103757946070165730e+01 9.911519883282007143e-03
3.128931656795834826e+01 9.709741794908854917e-03
3.154125974608096428e+01 9.529876973007533544e-03
3.179158626791808828e+01 9.340610566557699251e-03
3.204196438636942190e+01 9.154010952987992958e-03
3.229344668057169798e+01 8.884373666325405539e-03
3.254489998018084407e+01 8.767875567646086013e-03
3.279660140319880668e+01 8.565331877249884526e-03
3.304772754686901237e+01 8.373023613352289368e-03
3.329949953441923327e+01 8.251580067199920654e-03
3.355173249539067371e+01 7.984388947771819608e-03
3.380235474142784824e+01 7.934092006416768386e-03
3.405292218889088218e+01 7.715458262491439734e-03
3.430455901572810262e+01 7.530086579845975993e-03
3.455605119154291316e+01 7.366860292809957952e-03
3.480708698418615654e+01 7.275409497611086060e-03
3.505823042281740243e+01 7.109593923855294338e-03
3.530983122122644602e+01 7.002439123328286878e-03
3.556111974160763367e+01 6.868543965249994908e-03
3.581195885960364933e+01 6.738679162430093704e-03
3.606348577968052638e+01 6.578310192847597673e-03
3.631495136683125935e+01 6.432390014265757482e-03
3.656646781331610185e+01 6.361584133730183166e-03
3.681800948534306173e+01 6.251670643752529552e-03
3.706942350460822411e+01 6.119217345832817824e-03
3.732119977997001570e+01 6.004699492954389609e-03
3.757249197135423202e+01 5.922827813635213323e-03
3.782324055213251057e+01 5.800649452134385223e-03
3.807430609684078604e+01 5.691317099770959280e-03
3.832526519371521090e+01 5.562607821225850138e-03
3.857704530181875668e+01 5.489895101054749482e-03
3.882896255048217427e+01 5.438379543809965938e-03
3.907976684424035341e+01 5.282373194718105285e-03
3.933085588900704010e+01 5.235535410365727005e-03
3.958184533965361140e+01 5.094557059774139189e-03
3.983320492881626507e+01 5.008716328566750059e-03
4.008506787586624398e+01 4.969245628732668965e-03
4.033569471078550350e+01 4.891880580011319715e-03
4.058701345074587863e+01 4.831322736142516609e-03
4.083916815834436420e+01 4.705316490957470177e-03
4.108978611092747713e+01 4.606245421112865196e-03
4.134119394692694271e+01 4.572929925435801658e-03
4.159372926482761557e+01 4.473069162029065168e-03
4.184480996230068683e+01 4.393781490296939582e-03
4.209495048714620680e+01 4.373165671393723641e-03
4.234568601474854432e+01 4.267067622669517765e-03
4.259794184898333214e+01 4.212084478053543420e-03
4.284922176444433717e+01 4.130224030974058436e-03
4.309982534096671003e+01 4.061862624102929344e-03
4.335153475414617930e+01 4.007244907674559729e-03
4.360374984514007224e+01 3.956301421064822507e-03
4.385432838732079830e+01 3.871106817389419197e-03
4.410529766549178277e+01 3.828270841840004761e-03
4.435675536456894008e+01 3.745042233894727447e-03
4.460756668584335927e+01 3.682721280012817965e-03
4.485812369927145937e+01 3.611688587897771748e-03
4.510933196139897206e+01 3.622103485130571347e-03
4.536097672816924131e+01 3.523306536613033876e-03
4.561261869099184452e+01 3.461494515634354514e-03
4.586346064304911607e+01 3.427527536796526591e-03
4.611435299895526185e+01 3.340071728518113903e-03
4.636610302009028572e+01 3.334810658195247555e-03
4.661726081402038346e+01 3.265012108368481585e-03
4.686748045926628237e+01 3.216704070729231851e-03
4.712001000143001761e+01 3.220324853157578975e-03
4.737334269293729960e+01 3.146911523105319543e-03
4.762357272554871912e+01 3.092362540673566224e-03
4.787295862859781437e+01 3.075137304180318009e-03
4.812686710231834297e+01 3.006484161761811651e-03
4.837988354528783930e+01 3.028254468379446094e-03
4.862698975964909209e+01 2.892718602461556189e-03
4.887931961662670233e+01 2.887905411118344735e-03
4.913512531690142282e+01 2.876270168868900415e-03
4.938486646957150583e+01 2.857455803727220692e-03
4.963073103205424985e+01 2.819079301997543235e-03
4.988316058859187763e+01 2.688463781030163598e-03
5.013927392651110893e+01 2.704284068789604163e-03
5.038898445289544270e+01 2.656884703982918816e-03
5.063791314200675941e+01 2.628957030476611594e-03
5.089234515763529032e+01 2.533635771082892642e-03
5.114529266359630810e+01 2.519371906395475886e-03
5.138952878242714206e+01 2.554015783585263707e-03
5.163945178601188246e+01 2.494583403419516413e-03
5.190206698624180603e+01 2.464231356737669673e-03
5.215590084722179398e+01 2.432451516114367794e-03
5.238680673191466042e+01 2.246154123027774372e-03
5.263532591009818873e+01 2.352023659902319815e-03
5.290823119436031874e+01 2.204723177790427358e-03
5.316882575050344428e+01 2.367994451231748582e-03
5.338513341050097694e+01 2.249220404605003706e-03
5.363212510227822349e+01 2.187019372941425687e-03
5.391615723351310407e+01 2.403578826633983884e-03
5.419187693011466678e+01 2.061829994920642232e-03
5.439722241285236493e+01 2.318405808234531764e-03
5.462806064877949552e+01 2.239191553826067656e-03
5.491241494336609463e+01 2.384885969614916786e-03
5.519421446932921782e+01 2.266984092896726002e-03
5.543046826972861396e+01 2.083889896938193216e-03
5.561137265256709128e+01 1.141043231466994231e-03
