3.559856489878782115e-01 3.229743761289905137e+02
6.031648866026231293e-01 2.413108932557478283e+02
8.579160745827347778e-01 7.701253106710377949e+01
1.113464310595710716e+00 4.296423922598485490e+01
1.374039914321364408e+00 2.819445765146217298e+01
1.619154704570298309e+00 1.851247461736633326e+01
1.870686673430271840e+00 1.318944833420604468e+01
2.123290040706380832e+00 9.961278969559970164e+00
2.378144976376236119e+00 7.832052242790186192e+00
2.630489925835516996e+00 6.170001459726238480e+00
2.878653162679494670e+00 4.863797305138186644e+00
3.131144366275339319e+00 3.872892521632605778e+00
3.388159578333816313e+00 3.233479961609951214e+00
3.638741848210948149e+00 2.738023607072382237e+00
3.888315910732085268e+00 2.275353723092184310e+00
4.139052155837465996e+00 1.948692054821111075e+00
4.390305777018236988e+00 1.767802679313262626e+00
4.642172339120373081e+00 1.478685792553896761e+00
4.894678666149941293e+00 1.235051538928424453e+00
5.147269052361176378e+00 1.130031965529634475e+00
5.398003206656323272e+00 1.001363966806054773e+00
5.647798235368590269e+00 8.882652680857175964e-01
5.900534302989873581e+00 8.091805546885803002e-01
6.151460297009074374e+00 7.221378442740081782e-01
6.402630176204441526e+00 6.388173560911286630e-01
6.655964674748322096e+00 5.838761240503732575e-01
6.908782583105771202e+00 5.126498447946944426e-01
7.159060853508338873e+00 4.887219471776267921e-01
7.409414762591408632e+00 4.418335034137217399e-01
7.659227149364629561e+00 4.089041371295928373e-01
7.911559474606142395e+00 3.824496478699875857e-01
8.163750941790897997e+00 3.404591404864419357e-01
8.415757210439384295e+00 3.104959148327689489e-01
8.667638839289207198e+00 2.978328268220092889e-01
8.918801124864609520e+00 2.745168376714031133e-01
9.170480108345369530e+00 2.565362953709184324e-01
9.420566033467249412e+00 2.381865509085155375e-01
9.671642335271435797e+00 2.231197830103129331e-01
9.923426157758477473e+00 2.077688736111463208e-01
1.017396902749181820e+01 1.930989652753067609e-01
1.042533700753922155e+01 1.809033566327075682e-01
1.067702948358784276e+01 1.707343846173646484e-01
1.092969337256462303e+01 1.611433630551589169e-01
1.118211872033766419e+01 1.503227007091237077e-01
1.143346516925797296e+01 1.420731439715834654e-01
1.168350508557724687e+01 1.343244128296721407e-01
1.193379937775929100e+01 1.270561989027534089e-01
1.218553055762879112e+01 1.208000153063759907e-01
1.243711650801278878e+01 1.149475043132335700e-01
1.268867268647359303e+01 1.080120403783040167e-01
1.294075027177769144e+01 1.022375377440594840e-01
1.319267287020158363e+01 9.824620632959765731e-02
1.344470571782862756e+01 9.314669513309799254e-02
1.369480150283709641e+01 8.859173886190233049e-02
1.394591277066507828e+01 8.368122807061526003e-02
1.419764645764527167e+01 8.016811025086774400e-02
1.444766774168416212e+01 7.704303377796120622e-02
1.469906835825429070e+01 7.274308756208874849e-02
1.495059118111036511e+01 7.104565013661959250e-02
1.520261612590052991e+01 6.741852267135588217e-02
1.545415944503929495e+01 6.430156881108255174e-02
1.570456072545780124e+01 6.215978368989501235e-02
1.595705800128773966e+01 5.890176724322734175e-02
1.620829297830731619e+01 5.657072632153863773e-02
1.645966591028190962e+01 5.389290143728644317e-02
1.671125708846596325e+01 5.240511321437722053e-02
1.696160259490052624e+01 5.028545393604916952e-02
1.721370276108077135e+01 4.838371099921254942e-02
1.746543424102250341e+01 4.624295463017907837e-02
1.771598473288305442e+01 4.465837322700581813e-02
1.796653767411944003e+01 4.345780306733382226e-02
1.821765658501893270e+01 4.135901888090754569e-02
1.847053788120423334e+01 4.014073490592291737e-02
1.872257696809484173e+01 3.852863937827451235e-02
1.897394097105746269e+01 3.725540768975987849e-02
1.922542454726159988e+01 3.579102896706631842e-02
1.947607703355479103e+01 3.493750972394889937e-02
1.972678839839982601e+01 3.354821464043371282e-02
1.997802698857814363e+01 3.251269190576311363e-02
2.022863620534168660e+01 3.113429805247928950e-02
2.047969598507238231e+01 3.027885758060381433e-02
2.073250439107362553e+01 2.921418713539607540e-02
2.098435855211640089e+01 2.854436685851130875e-02
2.123502923393334640e+01 2.759942766093110775e-02
2.148629411178690773e+01 2.663191522962794766e-02
2.173831825513516591e+01 2.595213833005451110e-02
2.198972260956887226e+01 2.512193989602868813e-02
2.223974971000711420e+01 2.422774736653881406e-02
2.249141870643862973e+01 2.354612603028840775e-02
2.274404614890906373e+01 2.305786671854643047e-02
2.299521835768831579e+01 2.241508458559041822e-02
2.324620084136223852e+01 2.165787463371474791e-02
2.349757798664387209e+01 2.124114099399086394e-02
2.374870488118759937e+01 2.040459305940378956e-02
2.399988781917473091e+01 1.978897529336842015e-02
2.425071646049711305e+01 1.929289792453759561e-02
2.450187830577813841e+01 1.871175634844525829e-02
2.475391093216606109e+01 1.831588786925580220e-02
2.500524226975159792e+01 1.785484428127393983e-02
2.525610980153284402e+01 1.735865927980020582e-02
2.550801425092822328e+01 1.683304644177731693e-02
2.575943113325822864e+01 1.646953037573341619e-02
2.601074166866445125e+01 1.588803146119439555e-02
2.626234447079615464e+01 1.564515439296543589e-02
2.651347712943701751e+01 1.519409297992929328e-02
2.676474177984877656e+01 1.472981553082188672e-02
2.701628079430242479e+01 1.442428321907125027e-02
2.726734205837282232e+01 1.404509787529935501e-02
2.751837013544679422e+01 1.362254529463115087e-02
2.776937726815812724e+01 1.339249718073443236e-02
2.802070160973895341e+01 1.305263349636180854e-02
2.827249982643487058e+01 1.279243649827136071e-02
2.852407603869968966e+01 1.251228606907668454e-02
2.877567300468570721e+01 1.214034514328737706e-02
2.902733523039245256e+01 1.183282627214361088e-02
2.927861073083739996e+01 1.162576964208362693e-02
2.953003196193969160e+01 1.134681170074673846e-02
2.978106336846375157e+01 1.111206467495268538e-02
3.003148440777084716e+01 1.092013435785468833e-02
3.028303386126418673e+01 1.064090083128166851e-02
3.053456493440382857e+01 1.034592375874008631e-02
3.078585183944906944e+01 1.013738550603234673e-02
3.103757946070165730e+01 9.908486773686334820e-03
3.128931656795834826e+01 9.670164550326263916e-03
3.154125974608096428e+01 9.465753244902425090e-03
3.179158626791808828e+01 9.358263547887673076e-03
3.204196438636942190e+01 9.032459105395060361e-03
3.229344668057169798e+01 8.934127889230192993e-03
3.254489998018084407e+01 8.697368433162986842e-03
3.279660140319880668e+01 8.548691869354640982e-03
3.304772754686901237e+01 8.382738752184497669e-03
3.329949953441923327e+01 8.195720284933238550e-03
3.355173249539067371e+01 8.023424777048733872e-03
3.380235474142784824e+01 7.926477097362773575e-03
3.405292218889088218e+01 7.693257586291154734e-03
3.430455901572810262e+01 7.512433777653562857e-03
3.455605119154291316e+01 7.405969235094236706e-03
3.480708698418615654e+01 7.319826287445200218e-03
3.505823042281740243e+01 7.190448533057940128e-03
3.530983122122644602e+01 6.955191430067655424e-03
3.556111974160763367e+01 6.825436009629801126e-03
3.581195885960364933e+01 6.727156624575899441e-03
3.606348577968052638e+01 6.613218540660199471e-03
3.631495136683125935e+01 6.450487544551100801e-03
3.656646781331610185e+01 6.357334909814654246e-03
3.681800948534306173e+01 6.265484451507296812e-03
3.706942350460822411e+01 6.145964881527920393e-03
3.732119977997001570e+01 5.973907637414724824e-03
3.757249197135423202e+01 5.913857540046103117e-03
3.782324055213251057e+01 5.789902614322973984e-03
3.807430609684078604e+01 5.703338879760583464e-03
3.832526519371521090e+01 5.576526378090074058e-03
3.857704530181875668e+01 5.506615663547301601e-03
3.882896255048217427e+01 5.407348593197254527e-03
3.907976684424035341e+01 5.291898214733936102e-03
3.933085588900704010e+01 5.241719546973831398e-03
3.958184533965361140e+01 5.131760206527517278e-03
3.983320492881626507e+01 5.050128983194706288e-03
4.008506787586624398e+01 4.959306631686215619e-03
4.033569471078550350e+01 4.855138197431408190e-03
4.058701345074587863e+01 4.812043287767419492e-03
4.083916815834436420e+01 4.724027461177595678e-03
4.108978611092747713e+01 4.637928609597481364e-03
4.134119394692694271e+01 4.555891927693463128e-03
4.159372926482761557e+01 4.491129892964254577e-03
4.184480996230068683e+01 4.403635824193826397e-03
4.209495048714620680e+01 4.334059622910823965e-03
4.234568601474854432e+01 4.261169372266248624e-03
4.259794184898333214e+01 4.215207970281000839e-03
4.284922176444433717e+01 4.130783000253459430e-03
4.309982534096671003e+01 4.064644080636063000e-03
4.335153475414617930e+01 4.009965023105051610e-03
4.360374984514007224e+01 3.943949900825294980e-03
4.385432838732079830e+01 3.877263956300560591e-03
4.410529766549178277e+01 3.808740817019882000e-03
4.435675536456894008e+01 3.756263833769250392e-03
4.460756668584335927e+01 3.728197279973974928e-03
4.485812369927145937e+01 3.643395674303591056e-03
4.510933196139897206e+01 3.582310367256773178e-03
4.536097672816924131e+01 3.537227048496687995e-03
4.561261869099184452e+01 3.511173458927791414e-03
4.586346064304911607e+01 3.422028173928737434e-03
4.611435299895526185e+01 3.387647016412043740e-03
4.636610302009028572e+01 3.321127855774691235e-03
4.661726081402038346e+01 3.264208553522608171e-03
4.686748045926628237e+01 3.259573531359882727e-03
4.712001000143001761e+01 3.209706652608985186e-03
4.737334269293729960e+01 3.135997714689120128e-03
4.762357272554871912e+01 3.146991659222247127e-03
4.787295862859781437e+01 3.046223012969457786e-03
4.812686710231834297e+01 3.009417230195064307e-03
4.837988354528783930e+01 3.003313722761117958e-03
4.862698975964909209e+01 2.992037999656492475e-03
4.887931961662670233e+01 2.935488516047411820e-03
4.913512531690142282e+01 2.872835610569413837e-03
4.938486646957150583e+01 2.849351478153682414e-03
4.963073103205424985e+01 2.794673436765220467e-03
4.988316058859187763e+01 2.786335831239594545e-03
5.013927392651110893e+01 2.691616370275046709e-03
5.038898445289544270e+01 2.620093368063457738e-03
5.063791314200675941e+01 2.657093190933872140e-03
5.089234515763529032e+01 2.625832655656968207e-03
5.114529266359630810e+01 2.541469197242169839e-03
5.138952878242714206e+01 2.527552758515777716e-03
5.163945178601188246e+01 2.436954687823136845e-03
5.190206698624180603e+01 2.517866292070658572e-03
5.215590084722179398e+01 2.360475102835807044e-03
5.238680673191466042e+01 2.361975300377077910e-03
5.263532591009818873e+01 2.298965831256337237e-03
5.290823119436031874e+01 2.330444703168557327e-03
5.316882575050344428e+01 2.235468034025386679e-03
5.338513341050097694e+01 2.161165565458705948e-03
5.363212510227822349e+01 2.116580485748090906e-03
5.391615723351310407e+01 2.338814898046976884e-03
5.419187693011466678e+01 2.129316807822960022e-03
5.439722241285236493e+01 2.131841918357992721e-03
5.462806064877949552e+01 1.935822996493997148e-03
5.491241494336609463e+01 1.959436628005995894e-03
5.519421446932921782e+01 2.261619696985393748e-03
5.543046826972861396e+01 2.346046032581758974e-03
5.561137265256709128e+01 1.765550535464597203e-03
