3.559856489878782115e-01 9.637714323603310049e+02
6.031648866026231293e-01 1.957284818279809429e+02
8.579160745827347778e-01 9.156112963831709806e+01
1.113464310595710716e+00 5.318415392015220533e+01
1.374039914321364408e+00 2.830949375407426416e+01
1.619154704570298309e+00 1.921119899835673550e+01
1.870686673430271840e+00 1.518987857014131571e+01
2.123290040706380832e+00 1.028769224011400318e+01
2.378144976376236119e+00 8.070601687435113192e+00
2.630489925835516996e+00 5.971325053813080430e+00
2.878653162679494670e+00 4.842542906686047921e+00
3.131144366275339319e+00 3.929876897682548886e+00
3.388159578333816313e+00 3.236960932274452141e+00
3.638741848210948149e+00 2.736568623579492154e+00
3.888315910732085268e+00 2.369888848750597798e+00
4.139052155837465996e+00 1.986728076244795194e+00
4.390305777018236988e+00 1.755972014206402143e+00
4.642172339120373081e+00 1.452205809216656540e+00
4.894678666149941293e+00 1.304086737019320541e+00
5.147269052361176378e+00 1.132945563590631810e+00
5.398003206656323272e+00 1.003572895045020008e+00
5.647798235368590269e+00 8.724000562381781787e-01
5.900534302989873581e+00 8.131373154360884703e-01
6.151460297009074374e+00 7.089796425705220395e-01
6.402630176204441526e+00 6.458448366636101445e-01
6.655964674748322096e+00 5.934229602796371461e-01
6.908782583105771202e+00 5.332471198118630129e-01
7.159060853508338873e+00 4.967598220732066250e-01
7.409414762591408632e+00 4.460455905756561812e-01
7.659227149364629561e+00 4.089214319990388535e-01
7.911559474606142395e+00 3.768650207935657637e-01
8.163750941790897997e+00 3.450324938670101815e-01
8.415757210439384295e+00 3.137666165443065425e-01
8.667638839289207198e+00 2.926446876092557159e-01
8.918801124864609520e+00 2.756132307459984720e-01
9.170480108345369530e+00 2.506918886308160954e-01
9.420566033467249412e+00 2.392894324714279763e-01
9.671642335271435797e+00 2.211141230182384620e-01
9.923426157758477473e+00 2.045525776110579952e-01
1.017396902749181820e+01 1.909778851219408047e-01
1.042533700753922155e+01 1.834024811313784697e-01
1.067702948358784276e+01 1.710335865085762519e-01
1.092969337256462303e+01 1.634392278808115828e-01
1.118211872033766419e+01 1.504799255613666620e-01
1.143346516925797296e+01 1.431227815275401549e-01
1.168350508557724687e+01 1.369273181623090752e-01
1.193379937775929100e+01 1.257986159246399505e-01
1.218553055762879112e+01 1.208774847419375603e-01
1.243711650801278878e+01 1.155647602067135099e-01
1.268867268647359303e+01 1.082452016225712993e-01
1.294075027177769144e+01 1.032203464660716580e-01
1.319267287020158363e+01 9.701237726132234951e-02
1.344470571782862756e+01 9.312073401431830710e-02
1.369480150283709641e+01 9.039060867786800901e-02
1.394591277066507828e+01 8.600694529560673485e-02
1.419764645764527167e+01 8.063533035743623845e-02
1.444766774168416212e+01 7.642371647661261314e-02
1.469906835825429070e+01 7.323739350660958547e-02
1.495059118111036511e+01 6.914809097273265370e-02
1.520261612590052991e+01 6.705853551996050765e-02
1.545415944503929495e+01 6.418819360011830677e-02
1.570456072545780124e+01 6.231679303390508934e-02
1.595705800128773966e+01 5.880789602171156150e-02
1.620829297830731619e+01 5.695357348385118174e-02
1.645966591028190962e+01 5.412039218696479415e-02
1.671125708846596325e+01 5.232354381239209817e-02
1.696160259490052624e+01 4.989522978661407177e-02
1.721370276108077135e+01 4.817275302231436435e-02
1.746543424102250341e+01 4.607738259068124009e-02
1.771598473288305442e+01 4.513603179302855262e-02
1.796653767411944003e+01 4.307352075608561481e-02
1.821765658501893270e+01 4.164840319291943094e-02
1.847053788120423334e+01 3.973540377220112496e-02
1.872257696809484173e+01 3.841515289543288858e-02
1.897394097105746269e+01 3.739217607634053725e-02
1.922542454726159988e+01 3.588301186803134063e-02
1.947607703355479103e+01 3.465329461922286164e-02
1.972678839839982601e+01 3.339420729459463555e-02
1.997802698857814363e+01 3.272922382482253839e-02
2.022863620534168660e+01 3.156808300062739076e-02
2.047969598507238231e+01 3.028819554305866787e-02
2.073250439107362553e+01 2.912355683188059055e-02
2.098435855211640089e+01 2.830091288515441603e-02
2.123502923393334640e+01 2.780335279471480778e-02
2.148629411178690773e+01 2.665755365171424904e-02
2.173831825513516591e+01 2.587325835340734126e-02
2.198972260956887226e+01 2.504441063398008677e-02
2.223974971000711420e+01 2.445028356960051580e-02
2.249141870643862973e+01 2.361356542952982099e-02
2.274404614890906373e+01 2.269006505507840249e-02
2.299521835768831579e+01 2.204044374331210268e-02
2.324620084136223852e+01 2.166193207801951973e-02
2.349757798664387209e+01 2.097540097291423350e-02
2.374870488118759937e+01 2.041240146020590479e-02
2.399988781917473091e+01 1.994469540367380112e-02
2.425071646049711305e+01 1.923816319966004454e-02
2.450187830577813841e+01 1.882507562736781062e-02
2.475391093216606109e+01 1.828386291752499490e-02
2.500524226975159792e+01 1.780808212459270012e-02
2.525610980153284402e+01 1.723716506366124515e-02
2.550801425092822328e+01 1.683786544851814324e-02
2.575943113325822864e+01 1.647689832441405489e-02
2.601074166866445125e+01 1.590512656776760236e-02
2.626234447079615464e+01 1.565559262143285252e-02
2.651347712943701751e+01 1.518086706536527983e-02
2.676474177984877656e+01 1.472757889362471921e-02
2.701628079430242479e+01 1.442788557278615151e-02
2.726734205837282232e+01 1.397595693445580732e-02
2.751837013544679422e+01 1.371753993615632689e-02
2.776937726815812724e+01 1.335965303633938894e-02
2.802070160973895341e+01 1.303938114468316395e-02
2.827249982643487058e+01 1.271799126507436317e-02
2.852407603869968966e+01 1.246932196756949524e-02
2.877567300468570721e+01 1.211099383570395961e-02
2.902733523039245256e+01 1.193100896975069283e-02
2.927861073083739996e+01 1.161558055865744878e-02
2.953003196193969160e+01 1.144289671377731257e-02
2.978106336846375157e+01 1.105843227155296586e-02
3.003148440777084716e+01 1.083578611519927723e-02
3.028303386126418673e+01 1.063737933060914832e-02
3.053456493440382857e+01 1.035058254911670923e-02
3.078585183944906944e+01 1.013970394999495241e-02
3.103757946070165730e+01 9.946213084123946280e-03
3.128931656795834826e+01 9.716088444452260914e-03
3.154125974608096428e+01 9.579775590732357571e-03
3.179158626791808828e+01 9.299788236954237286e-03
3.204196438636942190e+01 9.095956538048961815e-03
3.229344668057169798e+01 8.934090042305610838e-03
3.254489998018084407e+01 8.752399094617500583e-03
3.279660140319880668e+01 8.507749120137700349e-03
3.304772754686901237e+01 8.368588115377603026e-03
3.329949953441923327e+01 8.202675322289330190e-03
3.355173249539067371e+01 8.092734044475483057e-03
3.380235474142784824e+01 7.832742786872810142e-03
3.405292218889088218e+01 7.751213660635228667e-03
3.430455901572810262e+01 7.576259880211789859e-03
3.455605119154291316e+01 7.426097895644767979e-03
3.480708698418615654e+01 7.252754487608223041e-03
3.505823042281740243e+01 7.138416713251970365e-03
3.530983122122644602e+01 6.942257872308221604e-03
3.556111974160763367e+01 6.884462949674271560e-03
3.581195885960364933e+01 6.730246150543402889e-03
3.606348577968052638e+01 6.630228093289562870e-03
3.631495136683125935e+01 6.455665666877627960e-03
3.656646781331610185e+01 6.345402440032251942e-03
3.681800948534306173e+01 6.281557335194150327e-03
3.706942350460822411e+01 6.089191405937439787e-03
3.732119977997001570e+01 6.003441428131185871e-03
3.757249197135423202e+01 5.916493032313985788e-03
3.782324055213251057e+01 5.816809243911079744e-03
3.807430609684078604e+01 5.723120028420798644e-03
3.832526519371521090e+01 5.604707648995101155e-03
3.857704530181875668e+01 5.515230811488955331e-03
3.882896255048217427e+01 5.380432767374853861e-03
3.907976684424035341e+01 5.348530707332185656e-03
3.933085588900704010e+01 5.192321867338558355e-03
3.958184533965361140e+01 5.109542481007247824e-03
3.983320492881626507e+01 5.035203037019666227e-03
4.008506787586624398e+01 4.942992047259419687e-03
4.033569471078550350e+01 4.847137890376835255e-03
4.058701345074587863e+01 4.785528416179880319e-03
4.083916815834436420e+01 4.704410383473153420e-03
4.108978611092747713e+01 4.634993249960061776e-03
4.134119394692694271e+01 4.559711816297926101e-03
4.159372926482761557e+01 4.450910820897660373e-03
4.184480996230068683e+01 4.398875683022712181e-03
4.209495048714620680e+01 4.329398585915018687e-03
4.234568601474854432e+01 4.267077097464316328e-03
4.259794184898333214e+01 4.190547055877517219e-03
4.284922176444433717e+01 4.137242702275348294e-03
4.309982534096671003e+01 4.088575913513812880e-03
4.335153475414617930e+01 3.996570683704959472e-03
4.360374984514007224e+01 3.949590766422159463e-03
4.385432838732079830e+01 3.918984888808666779e-03
4.410529766549178277e+01 3.811200038788879925e-03
4.435675536456894008e+01 3.763271035392150906e-03
4.460756668584335927e+01 3.690240842615178166e-03
4.485812369927145937e+01 3.669641547507853253e-03
4.510933196139897206e+01 3.571374531998765343e-03
4.536097672816924131e+01 3.546675731009917096e-03
4.561261869099184452e+01 3.465775480316693469e-03
4.586346064304911607e+01 3.447246335621336009e-03
4.611435299895526185e+01 3.404015323066981839e-03
4.636610302009028572e+01 3.373546115861497316e-03
4.661726081402038346e+01 3.335313010045941415e-03
4.686748045926628237e+01 3.240456697225374289e-03
4.712001000143001761e+01 3.172504530764557341e-03
4.737334269293729960e+01 3.121153331495991456e-03
4.762357272554871912e+01 3.128328930047279740e-03
4.787295862859781437e+01 3.081053434523635653e-03
4.812686710231834297e+01 3.039841714703239023e-03
4.837988354528783930e+01 2.902538046303680154e-03
4.862698975964909209e+01 2.949429707234760278e-03
4.887931961662670233e+01 2.894884835611018226e-03
4.913512531690142282e+01 2.804697242586348237e-03
4.938486646957150583e+01 2.792158120232394666e-03
4.963073103205424985e+01 2.742911131343915131e-03
4.988316058859187763e+01 2.759279516716730066e-03
5.013927392651110893e+01 2.720423774757746264e-03
5.038898445289544270e+01 2.647526418842345661e-03
5.063791314200675941e+01 2.624657589937170587e-03
5.089234515763529032e+01 2.594947853350827727e-03
5.114529266359630810e+01 2.495077606921574254e-03
5.138952878242714206e+01 2.498212190586198821e-03
5.163945178601188246e+01 2.425534083164659210e-03
5.190206698624180603e+01 2.432877083676939466e-03
5.215590084722179398e+01 2.400936459055131363e-03
5.238680673191466042e+01 2.380125923907171984e-03
5.263532591009818873e+01 2.404648198377779596e-03
5.290823119436031874e+01 2.250316683500384798e-03
5.316882575050344428e+01 2.231624672031675295e-03
5.338513341050097694e+01 2.409569394695984090e-03
5.363212510227822349e+01 2.241916870736213215e-03
5.391615723351310407e+01 2.104247917793333582e-03
5.419187693011466678e+01 1.980833095369646194e-03
5.439722241285236493e+01 1.819371734840504384e-03
5.462806064877949552e+01 2.400332997213506896e-03
5.491241494336609463e+01 2.379103790993292167e-03
5.519421446932921782e+01 2.090083376660440209e-03
5.543046826972861396e+01 2.122324314927012071e-03
5.561137265256709128e+01 2.052839157045231733e-03
