3.559856489878782115e-01 6.264147829473880620e+02
6.031648866026231293e-01 2.071665519785774165e+02
8.579160745827347778e-01 7.524040155156983189e+01
1.113464310595710716e+00 4.956057725144734860e+01
1.374039914321364408e+00 3.067052800452302819e+01
1.619154704570298309e+00 1.894505771969812713e+01
1.870686673430271840e+00 1.538996025975927218e+01
2.123290040706380832e+00 1.057528161617856455e+01
2.378144976376236119e+00 8.142651592584460474e+00
2.630489925835516996e+00 6.328916059537013972e+00
2.878653162679494670e+00 4.902526256571436925e+00
3.131144366275339319e+00 3.678314075105297842e+00
3.388159578333816313e+00 3.255318922647277180e+00
3.638741848210948149e+00 2.684950046717651251e+00
3.888315910732085268e+00 2.240947969162587317e+00
4.139052155837465996e+00 2.009068850082310398e+00
4.390305777018236988e+00 1.691973980699884139e+00
4.642172339120373081e+00 1.531248728026477268e+00
4.894678666149941293e+00 1.290172911006324474e+00
5.147269052361176378e+00 1.138782623843644259e+00
5.398003206656323272e+00 1.002008363319018214e+00
5.647798235368590269e+00 8.893927013001445836e-01
5.900534302989873581e+00 7.933647780922959969e-01
6.151460297009074374e+00 7.127405624227372005e-01
6.402630176204441526e+00 6.400346883903751394e-01
6.655964674748322096e+00 5.962795707990559135e-01
6.908782583105771202e+00 5.349332304009669636e-01
7.159060853508338873e+00 4.919578164362016226e-01
7.409414762591408632e+00 4.460998278549848650e-01
7.659227149364629561e+00 4.123387389916619017e-01
7.911559474606142395e+00 3.648515258374719350e-01
8.163750941790897997e+00 3.384798633948024049e-01
8.415757210439384295e+00 3.222048152483093508e-01
8.667638839289207198e+00 2.903379294563023794e-01
8.918801124864609520e+00 2.822993445391495659e-01
9.170480108345369530e+00 2.558898656106828318e-01
9.420566033467249412e+00 2.357482632086869145e-01
9.671642335271435797e+00 2.247265916787529461e-01
9.923426157758477473e+00 2.082114402853404711e-01
1.017396902749181820e+01 1.957050195755091204e-01
1.042533700753922155e+01 1.816975762337164069e-01
1.067702948358784276e+01 1.682966454206142048e-01
1.092969337256462303e+01 1.623922535816302026e-01
1.118211872033766419e+01 1.499023814881769723e-01
1.143346516925797296e+01 1.434085010975701124e-01
1.168350508557724687e+01 1.345625887276287180e-01
1.193379937775929100e+01 1.275786507834790751e-01
1.218553055762879112e+01 1.187615763463466673e-01
1.243711650801278878e+01 1.136643749055849389e-01
1.268867268647359303e+01 1.090360054553858732e-01
1.294075027177769144e+01 1.030431885021610844e-01
1.319267287020158363e+01 9.835041035107598695e-02
1.344470571782862756e+01 9.167173244313309155e-02
1.369480150283709641e+01 8.785691945087145682e-02
1.394591277066507828e+01 8.372205364052250076e-02
1.419764645764527167e+01 7.996265973304268748e-02
1.444766774168416212e+01 7.718945059573187328e-02
1.469906835825429070e+01 7.153249050595733571e-02
1.495059118111036511e+01 7.058082134512705386e-02
1.520261612590052991e+01 6.747398031915567695e-02
1.545415944503929495e+01 6.469971232561044783e-02
1.570456072545780124e+01 6.178950008706700359e-02
1.595705800128773966e+01 5.914645165735359783e-02
1.620829297830731619e+01 5.733080143462429557e-02
1.645966591028190962e+01 5.452841542415948206e-02
1.671125708846596325e+01 5.206701034605433487e-02
1.696160259490052624e+01 5.027863305889426065e-02
1.721370276108077135e+01 4.843949721117388890e-02
1.746543424102250341e+01 4.612798082490542073e-02
1.771598473288305442e+01 4.481157706640262472e-02
1.796653767411944003e+01 4.232220340063645031e-02
1.821765658501893270e+01 4.171124166523419718e-02
1.847053788120423334e+01 3.994072555847904410e-02
1.872257696809484173e+01 3.862904818545063318e-02
1.897394097105746269e+01 3.720636006080869918e-02
1.922542454726159988e+01 3.632299130075053450e-02
1.947607703355479103e+01 3.455118076591069676e-02
1.972678839839982601e+01 3.345423072807764825e-02
1.997802698857814363e+01 3.263788427633110278e-02
2.022863620534168660e+01 3.164187919471352778e-02
2.047969598507238231e+01 3.020703936526838995e-02
2.073250439107362553e+01 2.933961115915106541e-02
2.098435855211640089e+01 2.832229382268426285e-02
2.123502923393334640e+01 2.767554506100242812e-02
2.148629411178690773e+01 2.656257993957221106e-02
2.173831825513516591e+01 2.580664046631529415e-02
2.198972260956887226e+01 2.499902009832821390e-02
2.223974971000711420e+01 2.432578159715145100e-02
2.249141870643862973e+01 2.363347385616112670e-02
2.274404614890906373e+01 2.279777981665893558e-02
2.299521835768831579e+01 2.224863073628632198e-02
2.324620084136223852e+01 2.151551834943564445e-02
2.349757798664387209e+01 2.099345956341816880e-02
2.374870488118759937e+01 2.041928560017548799e-02
2.399988781917473091e+01 1.992858770195786097e-02
2.425071646049711305e+01 1.927499504077933093e-02
2.450187830577813841e+01 1.869382359325936008e-02
2.475391093216606109e+01 1.835822518685253577e-02
2.500524226975159792e+01 1.790409125083096756e-02
2.525610980153284402e+01 1.738659184393220869e-02
2.550801425092822328e+01 1.688968389247854154e-02
2.575943113325822864e+01 1.644426273946620470e-02
2.601074166866445125e+01 1.590286810578961027e-02
2.626234447079615464e+01 1.558303156672192005e-02
2.651347712943701751e+01 1.515834711113304284e-02
2.676474177984877656e+01 1.471661560716265756e-02
2.701628079430242479e+01 1.438763660579525649e-02
2.726734205837282232e+01 1.409706317453440251e-02
2.751837013544679422e+01 1.370662237991776382e-02
2.776937726815812724e+01 1.340711069891702481e-02
2.802070160973895341e+01 1.310974300295300772e-02
2.827249982643487058e+01 1.275977782493599444e-02
2.852407603869968966e+01 1.243308088570628002e-02
2.877567300468570721e+01 1.223397936871032862e-02
2.902733523039245256e+01 1.189127685491267634e-02
2.927861073083739996e+01 1.165555463647182516e-02
2.953003196193969160e+01 1.135938037558462121e-02
2.978106336846375157e+01 1.116934266732630930e-02
3.003148440777084716e+01 1.089416304467729323e-02
3.028303386126418673e+01 1.062691491625032160e-02
3.053456493440382857e+01 1.032671853677626962e-02
3.078585183944906944e+01 1.012660108723906910e-02
3.103757946070165730e+01 9.936250950275450980e-03
3.128931656795834826e+01 9.708958798267186899e-03
3.154125974608096428e+01 9.498421557370469170e-03
3.179158626791808828e+01 9.304038135894877534e-03
3.204196438636942190e+01 9.097216934394235580e-03
3.229344668057169798e+01 8.908713745292499986e-03
3.254489998018084407e+01 8.717454074049838658e-03
3.279660140319880668e+01 8.514230504613775480e-03
3.304772754686901237e+01 8.403140828006434165e-03
3.329949953441923327e+01 8.178935477097422357e-03
3.355173249539067371e+01 8.020456247308209094e-03
3.380235474142784824e+01 7.881099333597468143e-03
3.405292218889088218e+01 7.750816415828121718e-03
3.430455901572810262e+01 7.596527217621458668e-03
3.455605119154291316e+01 7.354028796934141375e-03
3.480708698418615654e+01 7.260120213857568054e-03
3.505823042281740243e+01 7.123923316070101402e-03
3.530983122122644602e+01 6.957249521506330726e-03
3.556111974160763367e+01 6.844557524655753983e-03
3.581195885960364933e+01 6.708587573592747315e-03
3.606348577968052638e+01 6.646015435012248354e-03
3.631495136683125935e+01 6.451038060217001609e-03
3.656646781331610185e+01 6.336516866465559394e-03
3.681800948534306173e+01 6.224651669223771333e-03
3.706942350460822411e+01 6.141426272142178761e-03
3.732119977997001570e+01 6.022990613636911884e-03
3.757249197135423202e+01 5.865490215160179717e-03
3.782324055213251057e+01 5.827049076496020399e-03
3.807430609684078604e+01 5.683321697637141491e-03
3.832526519371521090e+01 5.622381400669126429e-03
3.857704530181875668e+01 5.512565896455906556e-03
3.882896255048217427e+01 5.398473889166667365e-03
3.907976684424035341e+01 5.342043306421496995e-03
3.933085588900704010e+01 5.203958763373057322e-03
3.958184533965361140e+01 5.099807002340882300e-03
3.983320492881626507e+01 5.021111690729536045e-03
4.008506787586624398e+01 4.910691084166767320e-03
4.033569471078550350e+01 4.880994219498514461e-03
4.058701345074587863e+01 4.784951906012060475e-03
4.083916815834436420e+01 4.675556983600239434e-03
4.108978611092747713e+01 4.625554910168885175e-03
4.134119394692694271e+01 4.492122657904772630e-03
4.159372926482761557e+01 4.498536828650445164e-03
4.184480996230068683e+01 4.404407673475014412e-03
4.209495048714620680e+01 4.319159230122091020e-03
4.234568601474854432e+01 4.279783532079464367e-03
4.259794184898333214e+01 4.192490441803190492e-03
4.284922176444433717e+01 4.145748134207102344e-03
4.309982534096671003e+01 4.066539411456970149e-03
4.335153475414617930e+01 4.021118677905958540e-03
4.360374984514007224e+01 3.920098276921742814e-03
4.385432838732079830e+01 3.870895793688801812e-03
4.410529766549178277e+01 3.801142687077258778e-03
4.435675536456894008e+01 3.735179452386344894e-03
4.460756668584335927e+01 3.728576357808325008e-03
4.485812369927145937e+01 3.652254009853602053e-03
4.510933196139897206e+01 3.570815666182159970e-03
4.536097672816924131e+01 3.538987865902799498e-03
4.561261869099184452e+01 3.516553278192635114e-03
4.586346064304911607e+01 3.453827271024288541e-03
4.611435299895526185e+01 3.397643457816748591e-03
4.636610302009028572e+01 3.332898054221598502e-03
4.661726081402038346e+01 3.308659946257906052e-03
4.686748045926628237e+01 3.264767452841155215e-03
4.712001000143001761e+01 3.215377966371095724e-03
4.737334269293729960e+01 3.207220848430383884e-03
4.762357272554871912e+01 3.109875315580740152e-03
4.787295862859781437e+01 3.049525007756818604e-03
4.812686710231834297e+01 2.999743752503332243e-03
4.837988354528783930e+01 2.957684160000883557e-03
4.862698975964909209e+01 2.876035922854628096e-03
4.887931961662670233e+01 2.888942923261618879e-03
4.913512531690142282e+01 2.856197613660880347e-03
4.938486646957150583e+01 2.770158202204554745e-03
4.963073103205424985e+01 2.802343906120764467e-03
4.988316058859187763e+01 2.764016462032266828e-03
5.013927392651110893e+01 2.708003592161662212e-03
5.038898445289544270e+01 2.657970632729041854e-03
5.063791314200675941e+01 2.597139575376396312e-03
5.089234515763529032e+01 2.655730050955668314e-03
5.114529266359630810e+01 2.495770537938274240e-03
5.138952878242714206e+01 2.500772713589474901e-03
5.163945178601188246e+01 2.520732010179433172e-03
5.190206698624180603e+01 2.459400706375118161e-03
5.215590084722179398e+01 2.417927701125418844e-03
5.238680673191466042e+01 2.368644674646533128e-03
5.263532591009818873e+01 2.382092606882818889e-03
5.290823119436031874e+01 2.264820944974833047e-03
5.316882575050344428e+01 2.365639118273504381e-03
5.338513341050097694e+01 2.292085622190061754e-03
5.363212510227822349e+01 2.213308831892353817e-03
5.391615723351310407e+01 2.191139588122480771e-03
5.419187693011466678e+01 2.175299452835941817e-03
5.439722241285236493e+01 2.092837956596040397e-03
5.462806064877949552e+01 2.266936332104626996e-03
5.491241494336609463e+01 1.861851893978201016e-03
5.519421446932921782e+01 2.055903562765476564e-03
5.543046826972861396e+01 1.573554473408909308e-03
5.561137265256709128e+01 1.538505327605656703e-03
