3.559856489878782115e-01 5.355246878336911323e+02
6.031648866026231293e-01 2.350317305583106986e+02
8.579160745827347778e-01 9.381452246295920361e+01
1.113464310595710716e+00 4.308957453802631221e+01
1.374039914321364408e+00 3.060291708845601377e+01
1.619154704570298309e+00 1.957948377491514691e+01
1.870686673430271840e+00 1.465925728567309605e+01
2.123290040706380832e+00 1.026287817310903883e+01
2.378144976376236119e+00 7.819772860176374074e+00
2.630489925835516996e+00 6.156519698411105246e+00
2.878653162679494670e+00 5.167581386543700361e+00
3.131144366275339319e+00 3.854012145919910370e+00
3.388159578333816313e+00 3.383653054928040582e+00
3.638741848210948149e+00 2.606827351143510718e+00
3.888315910732085268e+00 2.142180254103948300e+00
4.139052155837465996e+00 1.938787260593266559e+00
4.390305777018236988e+00 1.719090954892589673e+00
4.642172339120373081e+00 1.502425048052197898e+00
4.894678666149941293e+00 1.309366353132111360e+00
5.147269052361176378e+00 1.158663624399245640e+00
5.398003206656323272e+00 9.913383980961495423e-01
5.647798235368590269e+00 8.960449355308743868e-01
5.900534302989873581e+00 7.906847336097166945e-01
6.151460297009074374e+00 7.274791754571664493e-01
6.402630176204441526e+00 6.489991430959199947e-01
6.655964674748322096e+00 5.898712916894520708e-01
6.908782583105771202e+00 5.363261186657471979e-01
7.159060853508338873e+00 4.807367331968481761e-01
7.409414762591408632e+00 4.409793349264570783e-01
7.659227149364629561e+00 4.129175107266960243e-01
7.911559474606142395e+00 3.755246416565071743e-01
8.163750941790897997e+00 3.429891198285410225e-01
8.415757210439384295e+00 3.093316479963881815e-01
8.667638839289207198e+00 2.909393689968643448e-01
8.918801124864609520e+00 2.779089547151653017e-01
9.170480108345369530e+00 2.508641763282466464e-01
9.420566033467249412e+00 2.362995257881646827e-01
9.671642335271435797e+00 2.221003554240520983e-01
9.923426157758477473e+00 2.063577156856089834e-01
1.017396902749181820e+01 1.946865717014309993e-01
1.042533700753922155e+01 1.812700187625307935e-01
1.067702948358784276e+01 1.722553122508454770e-01
1.092969337256462303e+01 1.592566874464536875e-01
1.118211872033766419e+01 1.511008977454489921e-01
1.143346516925797296e+01 1.410147124896460602e-01
1.168350508557724687e+01 1.360145638742948915e-01
1.193379937775929100e+01 1.276615648591416796e-01
1.218553055762879112e+01 1.191209042615795632e-01
1.243711650801278878e+01 1.138605696271985240e-01
1.268867268647359303e+01 1.090154750631490144e-01
1.294075027177769144e+01 1.031392190831736805e-01
1.319267287020158363e+01 9.723301521367988531e-02
1.344470571782862756e+01 9.413549201189590210e-02
1.369480150283709641e+01 8.837885075322089723e-02
1.394591277066507828e+01 8.412529425963555241e-02
1.419764645764527167e+01 8.074857709512117676e-02
1.444766774168416212e+01 7.620639320508501569e-02
1.469906835825429070e+01 7.254458454682730095e-02
1.495059118111036511e+01 7.047571753139829365e-02
1.520261612590052991e+01 6.743417169215873419e-02
1.545415944503929495e+01 6.458859940492474305e-02
1.570456072545780124e+01 6.143005077441438672e-02
1.595705800128773966e+01 5.962375651097639312e-02
1.620829297830731619e+01 5.699711506932423483e-02
1.645966591028190962e+01 5.375537388651340648e-02
1.671125708846596325e+01 5.217123457134943687e-02
1.696160259490052624e+01 5.036186825400064404e-02
1.721370276108077135e+01 4.829257281341234331e-02
1.746543424102250341e+01 4.669093962203995501e-02
1.771598473288305442e+01 4.506441305101714645e-02
1.796653767411944003e+01 4.283438906994676415e-02
1.821765658501893270e+01 4.164215233382361631e-02
1.847053788120423334e+01 3.988928187026799521e-02
1.872257696809484173e+01 3.823041410853087602e-02
1.897394097105746269e+01 3.748478868315434365e-02
1.922542454726159988e+01 3.591087606026067275e-02
1.947607703355479103e+01 3.441064327508671500e-02
1.972678839839982601e+01 3.387804121470650021e-02
1.997802698857814363e+01 3.262832425632167938e-02
2.022863620534168660e+01 3.160722451059542332e-02
2.047969598507238231e+01 3.049000990367037658e-02
2.073250439107362553e+01 2.960012654442495048e-02
2.098435855211640089e+01 2.854881456459109484e-02
2.123502923393334640e+01 2.748272356027163868e-02
2.148629411178690773e+01 2.665802211660319235e-02
2.173831825513516591e+01 2.589143836222529763e-02
2.198972260956887226e+01 2.516233628899762140e-02
2.223974971000711420e+01 2.438637394171933384e-02
2.249141870643862973e+01 2.362752611899451155e-02
2.274404614890906373e+01 2.285189675114654428e-02
2.299521835768831579e+01 2.235177464149466081e-02
2.324620084136223852e+01 2.159789488762299189e-02
2.349757798664387209e+01 2.101478903138339835e-02
2.374870488118759937e+01 2.037530457731263206e-02
2.399988781917473091e+01 1.989359769520117685e-02
2.425071646049711305e+01 1.929228886654595423e-02
2.450187830577813841e+01 1.871918751367435824e-02
2.475391093216606109e+01 1.832129503933191059e-02
2.500524226975159792e+01 1.771658492764687648e-02
2.525610980153284402e+01 1.732089625832491583e-02
2.550801425092822328e+01 1.685124189294425964e-02
2.575943113325822864e+01 1.642165169125051061e-02
2.601074166866445125e+01 1.600757230188064664e-02
2.626234447079615464e+01 1.564070856469741699e-02
2.651347712943701751e+01 1.520260626778292823e-02
2.676474177984877656e+01 1.472713952438312220e-02
2.701628079430242479e+01 1.446569732964895008e-02
2.726734205837282232e+01 1.404665602680486847e-02
2.751837013544679422e+01 1.368304716581947994e-02
2.776937726815812724e+01 1.339771493601841189e-02
2.802070160973895341e+01 1.311318740367466325e-02
2.827249982643487058e+01 1.273382747521706847e-02
2.852407603869968966e+01 1.251957969940425096e-02
2.877567300468570721e+01 1.217765605401192018e-02
2.902733523039245256e+01 1.187423679488192919e-02
2.927861073083739996e+01 1.160872274883416322e-02
2.953003196193969160e+01 1.140064493525631134e-02
2.978106336846375157e+01 1.111630801614904573e-02
3.003148440777084716e+01 1.089669983603269547e-02
3.028303386126418673e+01 1.066467439386001997e-02
3.053456493440382857e+01 1.043485670119830878e-02
3.078585183944906944e+01 1.014343479865088479e-02
3.103757946070165730e+01 9.927221730693380763e-03
3.128931656795834826e+01 9.686132234285318651e-03
3.154125974608096428e+01 9.434463476026814024e-03
3.179158626791808828e+01 9.251143054646037561e-03
3.204196438636942190e+01 9.141766158201735520e-03
3.229344668057169798e+01 8.920928909738107607e-03
3.254489998018084407e+01 8.675504839844425456e-03
3.279660140319880668e+01 8.589347352406219438e-03
3.304772754686901237e+01 8.387664849817120724e-03
3.329949953441923327e+01 8.200597100966820416e-03
3.355173249539067371e+01 8.005363320720781245e-03
3.380235474142784824e+01 7.854913860287611807e-03
3.405292218889088218e+01 7.727734264904089108e-03
3.430455901572810262e+01 7.482966253288762110e-03
3.455605119154291316e+01 7.403476698978269342e-03
3.480708698418615654e+01 7.285271145454295591e-03
3.505823042281740243e+01 7.132268196044813831e-03
3.530983122122644602e+01 6.990695026765506373e-03
3.556111974160763367e+01 6.816321539892086084e-03
3.581195885960364933e+01 6.765014011097230523e-03
3.606348577968052638e+01 6.582195015643812520e-03
3.631495136683125935e+01 6.492120147541106598e-03
3.656646781331610185e+01 6.347751121160957570e-03
3.681800948534306173e+01 6.233703751755389870e-03
3.706942350460822411e+01 6.137005011110761681e-03
3.732119977997001570e+01 6.011464275498738623e-03
3.757249197135423202e+01 5.921603696621866204e-03
3.782324055213251057e+01 5.750695009519092224e-03
3.807430609684078604e+01 5.707218227069661698e-03
3.832526519371521090e+01 5.595605198316850812e-03
3.857704530181875668e+01 5.501129638796612396e-03
3.882896255048217427e+01 5.423308077365792540e-03
3.907976684424035341e+01 5.316224560049029324e-03
3.933085588900704010e+01 5.243809466902038183e-03
3.958184533965361140e+01 5.135436867421776935e-03
3.983320492881626507e+01 5.043855565225483471e-03
4.008506787586624398e+01 4.950363996833145701e-03
4.033569471078550350e+01 4.852704247699807932e-03
4.058701345074587863e+01 4.799957235384715720e-03
4.083916815834436420e+01 4.698082765561719179e-03
4.108978611092747713e+01 4.628135537353915939e-03
4.134119394692694271e+01 4.547001988700323169e-03
4.159372926482761557e+01 4.511920467393870128e-03
4.184480996230068683e+01 4.417526674252096608e-03
4.209495048714620680e+01 4.343401177059524366e-03
4.234568601474854432e+01 4.259995092333009221e-03
4.259794184898333214e+01 4.218418803431759311e-03
4.284922176444433717e+01 4.148092006999267410e-03
4.309982534096671003e+01 4.100406023856813242e-03
4.335153475414617930e+01 4.016516722894857179e-03
4.360374984514007224e+01 3.904418251206469466e-03
4.385432838732079830e+01 3.889332950431932494e-03
4.410529766549178277e+01 3.818929148745494641e-03
4.435675536456894008e+01 3.772555541815606189e-03
4.460756668584335927e+01 3.688111703250558475e-03
4.485812369927145937e+01 3.627181929765300929e-03
4.510933196139897206e+01 3.568175293636338587e-03
4.536097672816924131e+01 3.513852583227247781e-03
4.561261869099184452e+01 3.445813432225298782e-03
4.586346064304911607e+01 3.426891179533085932e-03
4.611435299895526185e+01 3.380316726668843984e-03
4.636610302009028572e+01 3.323261123456111750e-03
4.661726081402038346e+01 3.299897261637310762e-03
4.686748045926628237e+01 3.236625925321700691e-03
4.712001000143001761e+01 3.185850843398473943e-03
4.737334269293729960e+01 3.112168057500260855e-03
4.762357272554871912e+01 3.087858351414150999e-03
4.787295862859781437e+01 3.020041472523488871e-03
4.812686710231834297e+01 3.038589407511336268e-03
4.837988354528783930e+01 2.952217522915722911e-03
4.862698975964909209e+01 2.970144445117589137e-03
4.887931961662670233e+01 2.915254849479578629e-03
4.913512531690142282e+01 2.730321957810259454e-03
4.938486646957150583e+01 2.794716415505960842e-03
4.963073103205424985e+01 2.721651536889415583e-03
4.988316058859187763e+01 2.774085133240861839e-03
5.013927392651110893e+01 2.659172711441685957e-03
5.038898445289544270e+01 2.688932354403174557e-03
5.063791314200675941e+01 2.572841271338922008e-03
5.089234515763529032e+01 2.582451934260023008e-03
5.114529266359630810e+01 2.497168713836867785e-03
5.138952878242714206e+01 2.511348827346937974e-03
5.163945178601188246e+01 2.554802894458206835e-03
5.190206698624180603e+01 2.437434638404423117e-03
5.215590084722179398e+01 2.369223672414889122e-03
5.238680673191466042e+01 2.373023071231452306e-03
5.263532591009818873e+01 2.354730080054700039e-03
5.290823119436031874e+01 2.245663712467386042e-03
5.316882575050344428e+01 2.314291054433665479e-03
5.338513341050097694e+01 2.274779333123809998e-03
5.363212510227822349e+01 2.308575466352041396e-03
5.391615723351310407e+01 2.100014475070021824e-03
5.419187693011466678e+01 2.122425992326057095e-03
5.439722241285236493e+01 2.100426008310069936e-03
5.462806064877949552e+01 2.080982231742900361e-03
5.491241494336609463e+01 2.046953291003165802e-03
5.519421446932921782e+01 2.003571135370416263e-03
5.543046826972861396e+01 1.987957766307994322e-03
5.561137265256709128e+01 1.224187593761461067e-03
