3.559856489878782115e-01 8.430110867451408012e+02
6.031648866026231293e-01 2.110053973917382280e+02
8.579160745827347778e-01 9.837728113964817567e+01
1.113464310595710716e+00 4.257938742283121059e+01
1.374039914321364408e+00 2.661898688094429133e+01
1.619154704570298309e+00 2.195067505084920256e+01
1.870686673430271840e+00 1.401825137435633906e+01
2.123290040706380832e+00 1.111956704778055460e+01
2.378144976376236119e+00 7.693192291248490022e+00
2.630489925835516996e+00 6.148505337497368828e+00
2.878653162679494670e+00 4.984005506630212246e+00
3.131144366275339319e+00 3.775364281654844945e+00
3.388159578333816313e+00 3.449608107342493124e+00
3.638741848210948149e+00 2.673272070628248898e+00
3.888315910732085268e+00 2.434647278375056789e+00
4.139052155837465996e+00 2.003951441630345887e+00
4.390305777018236988e+00 1.689016809186704826e+00
4.642172339120373081e+00 1.533535043761566685e+00
4.894678666149941293e+00 1.294984435010086754e+00
5.147269052361176378e+00 1.123878501666971674e+00
5.398003206656323272e+00 1.013410931585084773e+00
5.647798235368590269e+00 8.907194996614412608e-01
5.900534302989873581e+00 7.985137399649552270e-01
6.151460297009074374e+00 7.114545744358988788e-01
6.402630176204441526e+00 6.322590185139481678e-01
6.655964674748322096e+00 5.888449997352827037e-01
6.908782583105771202e+00 5.257530752877673796e-01
7.159060853508338873e+00 4.793989049647116030e-01
7.409414762591408632e+00 4.389779252204336624e-01
7.659227149364629561e+00 4.103241322078051145e-01
7.911559474606142395e+00 3.787215508705873979e-01
8.163750941790897997e+00 3.513202332521410676e-01
8.415757210439384295e+00 3.223674257700268608e-01
8.667638839289207198e+00 3.029808051043177408e-01
8.918801124864609520e+00 2.749388926395002763e-01
9.170480108345369530e+00 2.558982705869214391e-01
9.420566033467249412e+00 2.373640678135904292e-01
9.671642335271435797e+00 2.202775723573044964e-01
9.923426157758477473e+00 2.081863318779095806e-01
1.017396902749181820e+01 1.907798022951130157e-01
1.042533700753922155e+01 1.834538186917664127e-01
1.067702948358784276e+01 1.697068551614623055e-01
1.092969337256462303e+01 1.590129136935815313e-01
1.118211872033766419e+01 1.519202854137568504e-01
1.143346516925797296e+01 1.420264177443285591e-01
1.168350508557724687e+01 1.333111273482521786e-01
1.193379937775929100e+01 1.264196510125040473e-01
1.218553055762879112e+01 1.223970235446303900e-01
1.243711650801278878e+01 1.139190913074219214e-01
1.268867268647359303e+01 1.091684043220792072e-01
1.294075027177769144e+01 1.042156257011706416e-01
1.319267287020158363e+01 9.738672458245381525e-02
1.344470571782862756e+01 9.292174423026007546e-02
1.369480150283709641e+01 8.843369099898575059e-02
1.394591277066507828e+01 8.516319145855388850e-02
1.419764645764527167e+01 8.069999651591473755e-02
1.444766774168416212e+01 7.692671963090980114e-02
1.469906835825429070e+01 7.411410763806693114e-02
1.495059118111036511e+01 7.026368711750323459e-02
1.520261612590052991e+01 6.664173451539347204e-02
1.545415944503929495e+01 6.388815495279974443e-02
1.570456072545780124e+01 6.170143087384191011e-02
1.595705800128773966e+01 5.889566446833664759e-02
1.620829297830731619e+01 5.629272428520742944e-02
1.645966591028190962e+01 5.406855787694080789e-02
1.671125708846596325e+01 5.258240500104001403e-02
1.696160259490052624e+01 5.017022430103963010e-02
1.721370276108077135e+01 4.787640982818641006e-02
1.746543424102250341e+01 4.587177687805625570e-02
1.771598473288305442e+01 4.460592291552734762e-02
1.796653767411944003e+01 4.330666174718068862e-02
1.821765658501893270e+01 4.151701141123112504e-02
1.847053788120423334e+01 3.986872698369021972e-02
1.872257696809484173e+01 3.865502793476018051e-02
1.897394097105746269e+01 3.704105584459750633e-02
1.922542454726159988e+01 3.576842727437903185e-02
1.947607703355479103e+01 3.472973985130190649e-02
1.972678839839982601e+01 3.320664913045169586e-02
1.997802698857814363e+01 3.240446137166837215e-02
2.022863620534168660e+01 3.184740116632157197e-02
2.047969598507238231e+01 3.049144353094084339e-02
2.073250439107362553e+01 2.931457831700587380e-02
2.098435855211640089e+01 2.875526398308134515e-02
2.123502923393334640e+01 2.775378903521887042e-02
2.148629411178690773e+01 2.666515319505364037e-02
2.173831825513516591e+01 2.588425112459872071e-02
2.198972260956887226e+01 2.499966252828644125e-02
2.223974971000711420e+01 2.410119565315466117e-02
2.249141870643862973e+01 2.345451226701579864e-02
2.274404614890906373e+01 2.296333320302287179e-02
2.299521835768831579e+01 2.207240584499132671e-02
2.324620084136223852e+01 2.151852618668121178e-02
2.349757798664387209e+01 2.106435393584733806e-02
2.374870488118759937e+01 2.044290037311966707e-02
2.399988781917473091e+01 1.978202374841437142e-02
2.425071646049711305e+01 1.928432297696344722e-02
2.450187830577813841e+01 1.868464896353436849e-02
2.475391093216606109e+01 1.837714964983462249e-02
2.500524226975159792e+01 1.777259699801502640e-02
2.525610980153284402e+01 1.711737389382474162e-02
2.550801425092822328e+01 1.683408968036412615e-02
2.575943113325822864e+01 1.636207762768365423e-02
2.601074166866445125e+01 1.591485290374485342e-02
2.626234447079615464e+01 1.549588663010655412e-02
2.651347712943701751e+01 1.516284273714064643e-02
2.676474177984877656e+01 1.482938715969082076e-02
2.701628079430242479e+01 1.450188541548705357e-02
2.726734205837282232e+01 1.417377724777590768e-02
2.751837013544679422e+01 1.372751217065100796e-02
2.776937726815812724e+01 1.333769545196397330e-02
2.802070160973895341e+01 1.303827596285983721e-02
2.827249982643487058e+01 1.279422236674737125e-02
2.852407603869968966e+01 1.245540705321783286e-02
2.877567300468570721e+01 1.221379829338910261e-02
2.902733523039245256e+01 1.193575892699476164e-02
2.927861073083739996e+01 1.159795180727034476e-02
2.953003196193969160e+01 1.126872854459241499e-02
2.978106336846375157e+01 1.113135718109059535e-02
3.003148440777084716e+01 1.081018282212558961e-02
3.028303386126418673e+01 1.059671525088838780e-02
3.053456493440382857e+01 1.037353317280474349e-02
3.078585183944906944e+01 1.012755912504793160e-02
3.103757946070165730e+01 9.916035848243149459e-03
3.128931656795834826e+01 9.714962763304465371e-03
3.154125974608096428e+01 9.477370368004917056e-03
3.179158626791808828e+01 9.297203246987257447e-03
3.204196438636942190e+01 9.108078866677016966e-03
3.229344668057169798e+01 8.952155916656094614e-03
3.254489998018084407e+01 8.772256007715915557e-03
3.279660140319880668e+01 8.515906383833878046e-03
3.304772754686901237e+01 8.405063771834801745e-03
3.329949953441923327e+01 8.182214740849052398e-03
3.355173249539067371e+01 8.028899068040329379e-03
3.380235474142784824e+01 7.889501991982565687e-03
3.405292218889088218e+01 7.687530902231310206e-03
3.430455901572810262e+01 7.573092133826933060e-03
3.455605119154291316e+01 7.354559560581124152e-03
3.480708698418615654e+01 7.274770160725403320e-03
3.505823042281740243e+01 7.150158738205668676e-03
3.530983122122644602e+01 6.966874895951699620e-03
3.556111974160763367e+01 6.832871321351465313e-03
3.581195885960364933e+01 6.740840867894966511e-03
3.606348577968052638e+01 6.583359513976670685e-03
3.631495136683125935e+01 6.476556987877095731e-03
3.656646781331610185e+01 6.376867128688921103e-03
3.681800948534306173e+01 6.264219569773766920e-03
3.706942350460822411e+01 6.140518378796405025e-03
3.732119977997001570e+01 6.022714724831530059e-03
3.757249197135423202e+01 5.932496434106850937e-03
3.782324055213251057e+01 5.785779979132213251e-03
3.807430609684078604e+01 5.719258228380114800e-03
3.832526519371521090e+01 5.598680043347731630e-03
3.857704530181875668e+01 5.482708934276859201e-03
3.882896255048217427e+01 5.409192258648808267e-03
3.907976684424035341e+01 5.314286935072270145e-03
3.933085588900704010e+01 5.206287031200477512e-03
3.958184533965361140e+01 5.103498207297235516e-03
3.983320492881626507e+01 5.036465200979858142e-03
4.008506787586624398e+01 4.946559249305503003e-03
4.033569471078550350e+01 4.853583224711945955e-03
4.058701345074587863e+01 4.784744517772637762e-03
4.083916815834436420e+01 4.735739543516025683e-03
4.108978611092747713e+01 4.625130406607901729e-03
4.134119394692694271e+01 4.551819097636921468e-03
4.159372926482761557e+01 4.461243817633047358e-03
4.184480996230068683e+01 4.395292055642655710e-03
4.209495048714620680e+01 4.328785855531572593e-03
4.234568601474854432e+01 4.273974046811099964e-03
4.259794184898333214e+01 4.191219362132843178e-03
4.284922176444433717e+01 4.139193268446049456e-03
4.309982534096671003e+01 4.088456846722785497e-03
4.335153475414617930e+01 4.032277482134216141e-03
4.360374984514007224e+01 3.938131694910662964e-03
4.385432838732079830e+01 3.884412296594367837e-03
4.410529766549178277e+01 3.801044919726978555e-03
4.435675536456894008e+01 3.758947107285514570e-03
4.460756668584335927e+01 3.671571121137714219e-03
4.485812369927145937e+01 3.650329646780413849e-03
4.510933196139897206e+01 3.587814470816723215e-03
4.536097672816924131e+01 3.530187279270973269e-03
4.561261869099184452e+01 3.546970263781901254e-03
4.586346064304911607e+01 3.430358742403820382e-03
4.611435299895526185e+01 3.378530903516263791e-03
4.636610302009028572e+01 3.323206978818870130e-03
4.661726081402038346e+01 3.323281652434931146e-03
4.686748045926628237e+01 3.286527924203022730e-03
4.712001000143001761e+01 3.204529092515805144e-03
4.737334269293729960e+01 3.145354877464565362e-03
4.762357272554871912e+01 3.100559771990485988e-03
4.787295862859781437e+01 3.028845701833409159e-03
4.812686710231834297e+01 2.962218635715062592e-03
4.837988354528783930e+01 2.959444785947008740e-03
4.862698975964909209e+01 2.953980410870901685e-03
4.887931961662670233e+01 2.912694403614593964e-03
4.913512531690142282e+01 2.870318694300025199e-03
4.938486646957150583e+01 2.781758399482192612e-03
4.963073103205424985e+01 2.724380220251626170e-03
4.988316058859187763e+01 2.722235162915598913e-03
5.013927392651110893e+01 2.646025994445155329e-03
5.038898445289544270e+01 2.665732704282345201e-03
5.063791314200675941e+01 2.582759722700211317e-03
5.089234515763529032e+01 2.605546741385752086e-03
5.114529266359630810e+01 2.555396584350413686e-03
5.138952878242714206e+01 2.574481056270611860e-03
5.163945178601188246e+01 2.481224856548374519e-03
5.190206698624180603e+01 2.488883294310682490e-03
5.215590084722179398e+01 2.410161570688974450e-03
5.238680673191466042e+01 2.263746143802749296e-03
5.263532591009818873e+01 2.360863981201062611e-03
5.290823119436031874e+01 2.299343267145782192e-03
5.316882575050344428e+01 2.433046819757970179e-03
5.338513341050097694e+01 2.276765899244699576e-03
5.363212510227822349e+01 2.263881227229238603e-03
5.391615723351310407e+01 2.093368820155209770e-03
5.419187693011466678e+01 2.073485296084525299e-03
5.439722241285236493e+01 2.195158828140227406e-03
5.462806064877949552e+01 2.126956443591971908e-03
5.491241494336609463e+01 2.038402764920186142e-03
5.519421446932921782e+01 1.875174359146619197e-03
5.543046826972861396e+01 1.266113195737341183e-03
5.561137265256709128e+01 7.056052918867781933e-04
