3.559856489878782115e-01 7.951154844077613006e+02
6.031648866026231293e-01 2.420912134738114787e+02
8.579160745827347778e-01 8.309403459526610902e+01
1.113464310595710716e+00 4.651785819523615828e+01
1.374039914321364408e+00 3.095185586505774111e+01
1.619154704570298309e+00 2.114673895901986711e+01
1.870686673430271840e+00 1.353463109716204116e+01
2.123290040706380832e+00 9.772392090530626518e+00
2.378144976376236119e+00 8.262587819815857770e+00
2.630489925835516996e+00 5.962210962506025780e+00
2.878653162679494670e+00 5.008418598383393316e+00
3.131144366275339319e+00 4.063759924610595320e+00
3.388159578333816313e+00 3.267288709032913463e+00
3.638741848210948149e+00 2.715018495007945898e+00
3.888315910732085268e+00 2.271091525109240283e+00
4.139052155837465996e+00 2.015001104037553947e+00
4.390305777018236988e+00 1.718620206971941400e+00
4.642172339120373081e+00 1.465649451339714027e+00
4.894678666149941293e+00 1.286245141097648981e+00
5.147269052361176378e+00 1.134314869307652573e+00
5.398003206656323272e+00 1.015808611362328362e+00
5.647798235368590269e+00 8.948231985869221639e-01
5.900534302989873581e+00 8.108749665354612057e-01
6.151460297009074374e+00 7.184705861317781661e-01
6.402630176204441526e+00 6.480359379264627462e-01
6.655964674748322096e+00 5.786995897699803715e-01
6.908782583105771202e+00 5.304968425391386466e-01
7.159060853508338873e+00 4.897267222899268635e-01
7.409414762591408632e+00 4.350947571662741598e-01
7.659227149364629561e+00 4.068685024970776221e-01
7.911559474606142395e+00 3.634396077061945451e-01
8.163750941790897997e+00 3.527147528605687476e-01
8.415757210439384295e+00 3.269916338532318778e-01
8.667638839289207198e+00 2.931337695424409140e-01
8.918801124864609520e+00 2.789350991739206198e-01
9.170480108345369530e+00 2.562675503108853281e-01
9.420566033467249412e+00 2.382613266873515045e-01
9.671642335271435797e+00 2.187843043358775053e-01
9.923426157758477473e+00 2.074576425468126484e-01
1.017396902749181820e+01 1.938316733099622602e-01
1.042533700753922155e+01 1.813291273670756820e-01
1.067702948358784276e+01 1.700829954425763790e-01
1.092969337256462303e+01 1.615598019029715338e-01
1.118211872033766419e+01 1.509210876286032066e-01
1.143346516925797296e+01 1.428138498892168873e-01
1.168350508557724687e+01 1.315614435898884160e-01
1.193379937775929100e+01 1.283986179045377152e-01
1.218553055762879112e+01 1.181503249985498966e-01
1.243711650801278878e+01 1.150401615010516604e-01
1.268867268647359303e+01 1.089503197913509192e-01
1.294075027177769144e+01 1.031691972107372512e-01
1.319267287020158363e+01 9.820969253139368027e-02
1.344470571782862756e+01 9.428666642314618984e-02
1.369480150283709641e+01 8.907525771770352652e-02
1.394591277066507828e+01 8.434079123246727983e-02
1.419764645764527167e+01 8.101695629196280224e-02
1.444766774168416212e+01 7.639446057358555142e-02
1.469906835825429070e+01 7.315402762722071628e-02
1.495059118111036511e+01 7.056118374870931631e-02
1.520261612590052991e+01 6.724259268379519094e-02
1.545415944503929495e+01 6.527542425254509451e-02
1.570456072545780124e+01 6.152479683942480709e-02
1.595705800128773966e+01 5.912610048766985676e-02
1.620829297830731619e+01 5.687067176675894564e-02
1.645966591028190962e+01 5.434572532194022892e-02
1.671125708846596325e+01 5.194819053968913886e-02
1.696160259490052624e+01 5.013579570890688841e-02
1.721370276108077135e+01 4.775570156377358794e-02
1.746543424102250341e+01 4.631512639426478561e-02
1.771598473288305442e+01 4.485833703082624246e-02
1.796653767411944003e+01 4.283066501040591612e-02
1.821765658501893270e+01 4.149324419890412091e-02
1.847053788120423334e+01 3.992400483989984317e-02
1.872257696809484173e+01 3.830470767782907099e-02
1.897394097105746269e+01 3.756040331188135323e-02
1.922542454726159988e+01 3.583669309889481874e-02
1.947607703355479103e+01 3.475486400000268178e-02
1.972678839839982601e+01 3.353637366411066356e-02
1.997802698857814363e+01 3.243305199693106988e-02
2.022863620534168660e+01 3.174463153841895757e-02
2.047969598507238231e+01 3.047476902635465335e-02
2.073250439107362553e+01 2.934268991372823709e-02
2.098435855211640089e+01 2.846568091657040306e-02
2.123502923393334640e+01 2.758930233764556039e-02
2.148629411178690773e+01 2.675457355614001276e-02
2.173831825513516591e+01 2.586794495656121948e-02
2.198972260956887226e+01 2.491930415711534827e-02
2.223974971000711420e+01 2.436605383647088077e-02
2.249141870643862973e+01 2.352339525678662571e-02
2.274404614890906373e+01 2.288805912970272999e-02
2.299521835768831579e+01 2.221706585732884445e-02
2.324620084136223852e+01 2.167045895463888885e-02
2.349757798664387209e+01 2.087217709662362794e-02
2.374870488118759937e+01 2.051907706388625061e-02
2.399988781917473091e+01 1.978382673128546709e-02
2.425071646049711305e+01 1.938801170059646639e-02
2.450187830577813841e+01 1.862327562961324165e-02
2.475391093216606109e+01 1.824385139419225019e-02
2.500524226975159792e+01 1.770985565199799730e-02
2.525610980153284402e+01 1.731589522748665233e-02
2.550801425092822328e+01 1.676880455460033961e-02
2.575943113325822864e+01 1.651858442216916703e-02
2.601074166866445125e+01 1.595948901955766136e-02
2.626234447079615464e+01 1.558602174550679197e-02
2.651347712943701751e+01 1.518617472662292522e-02
2.676474177984877656e+01 1.472684178786941821e-02
2.701628079430242479e+01 1.447916166925831798e-02
2.726734205837282232e+01 1.412737113145383881e-02
2.751837013544679422e+01 1.375629628108473654e-02
2.776937726815812724e+01 1.344339632640018621e-02
2.802070160973895341e+01 1.306302542481204906e-02
2.827249982643487058e+01 1.277690797565956583e-02
2.852407603869968966e+01 1.251939849101984907e-02
2.877567300468570721e+01 1.221007959605649451e-02
2.902733523039245256e+01 1.193060396864504234e-02
2.927861073083739996e+01 1.161449982927696169e-02
2.953003196193969160e+01 1.131217100151327842e-02
2.978106336846375157e+01 1.109408644013598622e-02
3.003148440777084716e+01 1.077283778609147528e-02
3.028303386126418673e+01 1.061224190186198235e-02
3.053456493440382857e+01 1.032951131970421751e-02
3.078585183944906944e+01 1.007907020818715228e-02
3.103757946070165730e+01 9.941251294296257410e-03
3.128931656795834826e+01 9.675006803114671872e-03
3.154125974608096428e+01 9.525422591430465769e-03
3.179158626791808828e+01 9.277491631064499825e-03
3.204196438636942190e+01 9.088356731398131855e-03
3.229344668057169798e+01 8.866445900080056203e-03
3.254489998018084407e+01 8.728978908425439123e-03
3.279660140319880668e+01 8.516912399577398693e-03
3.304772754686901237e+01 8.386627477443021547e-03
3.329949953441923327e+01 8.173739413094583892e-03
3.355173249539067371e+01 8.026440849172051389e-03
3.380235474142784824e+01 7.885467414358851221e-03
3.405292218889088218e+01 7.678210561243170411e-03
3.430455901572810262e+01 7.565975690455788855e-03
3.455605119154291316e+01 7.442196975787794197e-03
3.480708698418615654e+01 7.263023155674519678e-03
3.505823042281740243e+01 7.136749043010880839e-03
3.530983122122644602e+01 6.974136987135725295e-03
3.556111974160763367e+01 6.901758105757005608e-03
3.581195885960364933e+01 6.692123170510955524e-03
3.606348577968052638e+01 6.571367870818432821e-03
3.631495136683125935e+01 6.496673487707748870e-03
3.656646781331610185e+01 6.361754407356752343e-03
3.681800948534306173e+01 6.252647675728886106e-03
3.706942350460822411e+01 6.127920714036343315e-03
3.732119977997001570e+01 6.032017954087052179e-03
3.757249197135423202e+01 5.913973508927566208e-03
3.782324055213251057e+01 5.799910185043476336e-03
3.807430609684078604e+01 5.666403865290528009e-03
3.832526519371521090e+01 5.620318770498091560e-03
3.857704530181875668e+01 5.499134730163007453e-03
3.882896255048217427e+01 5.405435021355487792e-03
3.907976684424035341e+01 5.345043668162642245e-03
3.933085588900704010e+01 5.237459394120794025e-03
3.958184533965361140e+01 5.109723351325869481e-03
3.983320492881626507e+01 5.083457804908673994e-03
4.008506787586624398e+01 4.972864923723434132e-03
4.033569471078550350e+01 4.869763801047402065e-03
4.058701345074587863e+01 4.785807729964301240e-03
4.083916815834436420e+01 4.698710264339155639e-03
4.108978611092747713e+01 4.676824532390493235e-03
4.134119394692694271e+01 4.563317407688088911e-03
4.159372926482761557e+01 4.523476591665060928e-03
4.184480996230068683e+01 4.429874073595277753e-03
4.209495048714620680e+01 4.329701877553757995e-03
4.234568601474854432e+01 4.280862608729645545e-03
4.259794184898333214e+01 4.215010011787779891e-03
4.284922176444433717e+01 4.108754136140094909e-03
4.309982534096671003e+01 4.051166742838609343e-03
4.335153475414617930e+01 4.039969283879756533e-03
4.360374984514007224e+01 3.954611283514907968e-03
4.385432838732079830e+01 3.878576328603714016e-03
4.410529766549178277e+01 3.796055074672824783e-03
4.435675536456894008e+01 3.768697968667905542e-03
4.460756668584335927e+01 3.681421700840762420e-03
4.485812369927145937e+01 3.654178603066764175e-03
4.510933196139897206e+01 3.582828115886766036e-03
4.536097672816924131e+01 3.564808113852654340e-03
4.561261869099184452e+01 3.453861482783599900e-03
4.586346064304911607e+01 3.444343320439027193e-03
4.611435299895526185e+01 3.380036372405424532e-03
4.636610302009028572e+01 3.358294059376823720e-03
4.661726081402038346e+01 3.254521571399726816e-03
4.686748045926628237e+01 3.204060036644471206e-03
4.712001000143001761e+01 3.206208813948602417e-03
4.737334269293729960e+01 3.137694449660154063e-03
4.762357272554871912e+01 3.077166984313253403e-03
4.787295862859781437e+01 3.045750235420522766e-03
4.812686710231834297e+01 3.017954541458188825e-03
4.837988354528783930e+01 2.948687795263483288e-03
4.862698975964909209e+01 2.930216080696300147e-03
4.887931961662670233e+01 2.850108958982138559e-03
4.913512531690142282e+01 2.798521292367139174e-03
4.938486646957150583e+01 2.818299005336270726e-03
4.963073103205424985e+01 2.738893151236929287e-03
4.988316058859187763e+01 2.738936462033575003e-03
5.013927392651110893e+01 2.652507604628534868e-03
5.038898445289544270e+01 2.731887567937944187e-03
5.063791314200675941e+01 2.598266828726091774e-03
5.089234515763529032e+01 2.635025433371362275e-03
5.114529266359630810e+01 2.526705522671657874e-03
5.138952878242714206e+01 2.481336290425521524e-03
5.163945178601188246e+01 2.494315880804508310e-03
5.190206698624180603e+01 2.409626385828091480e-03
5.215590084722179398e+01 2.388442248482138246e-03
5.238680673191466042e+01 2.242128581035312661e-03
5.263532591009818873e+01 2.408953696258286405e-03
5.290823119436031874e+01 2.290182477876219914e-03
5.316882575050344428e+01 2.230018665540538323e-03
5.338513341050097694e+01 2.304295186664317291e-03
5.363212510227822349e+01 2.197878838481661604e-03
5.391615723351310407e+01 2.142157787908128934e-03
5.419187693011466678e+01 2.138755945694388681e-03
5.439722241285236493e+01 2.235404701690861095e-03
5.462806064877949552e+01 2.157848757987441447e-03
5.491241494336609463e+01 2.188823014364617466e-03
5.519421446932921782e+01 2.186035529095932232e-03
5.543046826972861396e+01 3.484318662647321267e-03
5.561137265256709128e+01 9.674609450976202375e-04
