3.559856489878782115e-01 8.728726147667430268e+02
6.031648866026231293e-01 1.981807589790539907e+02
8.579160745827347778e-01 8.817858878689023072e+01
1.113464310595710716e+00 5.555531434243107469e+01
1.374039914321364408e+00 2.738415414140734327e+01
1.619154704570298309e+00 1.762253768802570875e+01
1.870686673430271840e+00 1.396290876495287847e+01
2.123290040706380832e+00 1.022261712944876955e+01
2.378144976376236119e+00 7.778319326253027022e+00
2.630489925835516996e+00 6.296541466234838680e+00
2.878653162679494670e+00 4.961539684110206849e+00
3.131144366275339319e+00 4.127884636148152708e+00
3.388159578333816313e+00 3.419098541508422517e+00
3.638741848210948149e+00 2.761934767751359932e+00
3.888315910732085268e+00 2.334274377388124044e+00
4.139052155837465996e+00 2.038056585086640560e+00
4.390305777018236988e+00 1.654941776738473092e+00
4.642172339120373081e+00 1.473537644990465578e+00
4.894678666149941293e+00 1.281503942474915281e+00
5.147269052361176378e+00 1.122153534150624132e+00
5.398003206656323272e+00 9.639719167907111474e-01
5.647798235368590269e+00 8.916342438146457328e-01
5.900534302989873581e+00 8.160333472776671870e-01
6.151460297009074374e+00 7.019468332453900894e-01
6.402630176204441526e+00 6.496907369785963615e-01
6.655964674748322096e+00 5.863594420218263270e-01
6.908782583105771202e+00 5.293656653911354981e-01
7.159060853508338873e+00 4.903930542631802503e-01
7.409414762591408632e+00 4.375115326802940796e-01
7.659227149364629561e+00 4.101258993363088301e-01
7.911559474606142395e+00 3.767844757804602596e-01
8.163750941790897997e+00 3.506451814687073232e-01
8.415757210439384295e+00 3.251295594326947258e-01
8.667638839289207198e+00 2.943496623140006707e-01
8.918801124864609520e+00 2.751242759000963045e-01
9.170480108345369530e+00 2.562267145236122312e-01
9.420566033467249412e+00 2.370153783868579889e-01
9.671642335271435797e+00 2.225123236244431757e-01
9.923426157758477473e+00 2.019327837512211177e-01
1.017396902749181820e+01 1.917877669331638224e-01
1.042533700753922155e+01 1.817581990724407015e-01
1.067702948358784276e+01 1.709754593763796460e-01
1.092969337256462303e+01 1.619791763278252694e-01
1.118211872033766419e+01 1.507180087791792911e-01
1.143346516925797296e+01 1.427248814476592131e-01
1.168350508557724687e+01 1.354410620543103627e-01
1.193379937775929100e+01 1.275431434313694101e-01
1.218553055762879112e+01 1.199027674727355108e-01
1.243711650801278878e+01 1.145061002424300617e-01
1.268867268647359303e+01 1.064752484260205606e-01
1.294075027177769144e+01 1.044195274954445585e-01
1.319267287020158363e+01 9.729734097015992067e-02
1.344470571782862756e+01 9.215244411836891192e-02
1.369480150283709641e+01 8.758821391605109419e-02
1.394591277066507828e+01 8.428924137349100287e-02
1.419764645764527167e+01 8.123086465422907354e-02
1.444766774168416212e+01 7.703090585304130100e-02
1.469906835825429070e+01 7.354953665997179812e-02
1.495059118111036511e+01 7.030573295177754145e-02
1.520261612590052991e+01 6.788376792153569261e-02
1.545415944503929495e+01 6.447484277940493391e-02
1.570456072545780124e+01 6.186477027302214604e-02
1.595705800128773966e+01 5.840455360524216682e-02
1.620829297830731619e+01 5.689202049428988134e-02
1.645966591028190962e+01 5.447150475402005865e-02
1.671125708846596325e+01 5.210137169701908877e-02
1.696160259490052624e+01 4.973114818935089193e-02
1.721370276108077135e+01 4.859423353024245468e-02
1.746543424102250341e+01 4.661473186954343678e-02
1.771598473288305442e+01 4.471396988880748519e-02
1.796653767411944003e+01 4.300074072777123474e-02
1.821765658501893270e+01 4.193905575870031377e-02
1.847053788120423334e+01 4.042579502869533131e-02
1.872257696809484173e+01 3.862937920893728255e-02
1.897394097105746269e+01 3.707575266193832014e-02
1.922542454726159988e+01 3.595407577949014805e-02
1.947607703355479103e+01 3.464648128767951890e-02
1.972678839839982601e+01 3.354174254189777604e-02
1.997802698857814363e+01 3.261049101624104857e-02
2.022863620534168660e+01 3.119106074895473465e-02
2.047969598507238231e+01 3.016722409726559431e-02
2.073250439107362553e+01 2.928585008832120667e-02
2.098435855211640089e+01 2.825571157702056260e-02
2.123502923393334640e+01 2.778521768570296757e-02
2.148629411178690773e+01 2.656062257241727231e-02
2.173831825513516591e+01 2.578988294819942184e-02
2.198972260956887226e+01 2.500420666868305095e-02
2.223974971000711420e+01 2.449176281399738711e-02
2.249141870643862973e+01 2.375724564721372681e-02
2.274404614890906373e+01 2.296483722392327412e-02
2.299521835768831579e+01 2.225682356377097632e-02
2.324620084136223852e+01 2.143502275781723407e-02
2.349757798664387209e+01 2.100491025257025801e-02
2.374870488118759937e+01 2.055657749870139911e-02
2.399988781917473091e+01 1.995707682077714484e-02
2.425071646049711305e+01 1.925646824620796949e-02
2.450187830577813841e+01 1.871761046028808106e-02
2.475391093216606109e+01 1.818532228994364577e-02
2.500524226975159792e+01 1.763303429834972916e-02
2.525610980153284402e+01 1.730322426266367106e-02
2.550801425092822328e+01 1.685292969277931915e-02
2.575943113325822864e+01 1.636562268869497586e-02
2.601074166866445125e+01 1.589554625557070347e-02
2.626234447079615464e+01 1.558814331698459704e-02
2.651347712943701751e+01 1.515885332570861971e-02
2.676474177984877656e+01 1.480752881576031382e-02
2.701628079430242479e+01 1.450128504308005085e-02
2.726734205837282232e+01 1.405475568225115005e-02
2.751837013544679422e+01 1.375787897103971681e-02
2.776937726815812724e+01 1.344356372557861841e-02
2.802070160973895341e+01 1.314157797597404094e-02
2.827249982643487058e+01 1.275251352007386596e-02
2.852407603869968966e+01 1.245365375970873892e-02
2.877567300468570721e+01 1.223495825612901620e-02
2.902733523039245256e+01 1.185626364419271710e-02
2.927861073083739996e+01 1.158822352326864882e-02
2.953003196193969160e+01 1.132715562294971459e-02
2.978106336846375157e+01 1.110063073481727496e-02
3.003148440777084716e+01 1.087140323944693621e-02
3.028303386126418673e+01 1.060205837760432208e-02
3.053456493440382857e+01 1.038462427908347536e-02
3.078585183944906944e+01 1.017100820439543508e-02
3.103757946070165730e+01 9.880692005021333990e-03
3.128931656795834826e+01 9.718783722757440638e-03
3.154125974608096428e+01 9.488746481786479794e-03
3.179158626791808828e+01 9.280378849678456651e-03
3.204196438636942190e+01 9.098875501153534662e-03
3.229344668057169798e+01 8.878607405484904500e-03
3.254489998018084407e+01 8.727321831609973282e-03
3.279660140319880668e+01 8.544118939967607074e-03
3.304772754686901237e+01 8.361615818541789230e-03
3.329949953441923327e+01 8.177842993004728195e-03
3.355173249539067371e+01 8.027435737334012722e-03
3.380235474142784824e+01 7.898930620288728555e-03
3.405292218889088218e+01 7.682415922978795553e-03
3.430455901572810262e+01 7.567358925731566648e-03
3.455605119154291316e+01 7.425317719433871706e-03
3.480708698418615654e+01 7.300252329786253123e-03
3.505823042281740243e+01 7.119696673096834356e-03
3.530983122122644602e+01 7.003866527486129513e-03
3.556111974160763367e+01 6.904819678503144702e-03
3.581195885960364933e+01 6.747551334567287139e-03
3.606348577968052638e+01 6.582603642555467406e-03
3.631495136683125935e+01 6.474282438993284039e-03
3.656646781331610185e+01 6.388355438285882489e-03
3.681800948534306173e+01 6.233515267515496970e-03
3.706942350460822411e+01 6.154804895173191480e-03
3.732119977997001570e+01 6.012037880448844497e-03
3.757249197135423202e+01 5.914111601256565043e-03
3.782324055213251057e+01 5.807214976013251768e-03
3.807430609684078604e+01 5.684489359015471033e-03
3.832526519371521090e+01 5.571251339776105843e-03
3.857704530181875668e+01 5.474161256810712410e-03
3.882896255048217427e+01 5.360556711888110788e-03
3.907976684424035341e+01 5.320722564772841293e-03
3.933085588900704010e+01 5.232783708574499822e-03
3.958184533965361140e+01 5.107412535067960835e-03
3.983320492881626507e+01 5.072994001012368949e-03
4.008506787586624398e+01 4.957847042353253318e-03
4.033569471078550350e+01 4.872015406581661941e-03
4.058701345074587863e+01 4.758142777200947623e-03
4.083916815834436420e+01 4.710865319090869890e-03
4.108978611092747713e+01 4.625373363725261179e-03
4.134119394692694271e+01 4.564705708067014374e-03
4.159372926482761557e+01 4.456825820146719831e-03
4.184480996230068683e+01 4.396314761975422120e-03
4.209495048714620680e+01 4.327417164288819597e-03
4.234568601474854432e+01 4.260076254174762628e-03
4.259794184898333214e+01 4.220726254656177387e-03
4.284922176444433717e+01 4.136652635783679387e-03
4.309982534096671003e+01 4.096365675073627456e-03
4.335153475414617930e+01 3.986103448329005386e-03
4.360374984514007224e+01 4.004931551888290912e-03
4.385432838732079830e+01 3.885979911448926658e-03
4.410529766549178277e+01 3.858184205749778505e-03
4.435675536456894008e+01 3.775903066179100119e-03
4.460756668584335927e+01 3.703343874947247032e-03
4.485812369927145937e+01 3.668245564787763965e-03
4.510933196139897206e+01 3.549909096249124953e-03
4.536097672816924131e+01 3.535598591688552360e-03
4.561261869099184452e+01 3.510747749442313156e-03
4.586346064304911607e+01 3.428573682069628505e-03
4.611435299895526185e+01 3.366998171267037397e-03
4.636610302009028572e+01 3.365451855930389705e-03
4.661726081402038346e+01 3.305430313255688143e-03
4.686748045926628237e+01 3.231002129431284012e-03
4.712001000143001761e+01 3.203983689096969248e-03
4.737334269293729960e+01 3.121581722234926821e-03
4.762357272554871912e+01 3.125621479759292491e-03
4.787295862859781437e+01 3.078410494239507567e-03
4.812686710231834297e+01 3.027536113600213814e-03
4.837988354528783930e+01 2.964022424427587878e-03
4.862698975964909209e+01 2.921937295347510222e-03
4.887931961662670233e+01 2.890335258743128004e-03
4.913512531690142282e+01 2.865775913859834254e-03
4.938486646957150583e+01 2.771652317631483498e-03
4.963073103205424985e+01 2.803637963505588998e-03
4.988316058859187763e+01 2.725241200626709465e-03
5.013927392651110893e+01 2.678883766123718244e-03
5.038898445289544270e+01 2.656977044378755048e-03
5.063791314200675941e+01 2.610188965025910142e-03
5.089234515763529032e+01 2.598937907756272876e-03
5.114529266359630810e+01 2.548228532875485529e-03
5.138952878242714206e+01 2.560359254858281513e-03
5.163945178601188246e+01 2.477954707057513327e-03
5.190206698624180603e+01 2.446962756187908306e-03
5.215590084722179398e+01 2.413091354208374457e-03
5.238680673191466042e+01 2.390514034318322323e-03
5.263532591009818873e+01 2.344900196634604455e-03
5.290823119436031874e+01 2.327782270768482750e-03
5.316882575050344428e+01 2.361519057214487346e-03
5.338513341050097694e+01 2.350784751609756064e-03
5.363212510227822349e+01 2.106137990056517785e-03
5.391615723351310407e+01 2.169023040972458457e-03
5.419187693011466678e+01 2.205474285741632415e-03
5.439722241285236493e+01 1.979529656281025455e-03
5.462806064877949552e+01 2.236519795881603857e-03
5.491241494336609463e+01 2.205612490437333564e-03
5.519421446932921782e+01 1.884518438361895134e-03
5.543046826972861396e+01 2.565189215160468272e-03
5.561137265256709128e+01 3.078770361773945207e-03
