3.559856489878782115e-01 4.327041278460674789e+02
6.031648866026231293e-01 1.635059924197684325e+02
8.579160745827347778e-01 7.655546674405387364e+01
1.113464310595710716e+00 4.760169860268217690e+01
1.374039914321364408e+00 3.240356092721653880e+01
1.619154704570298309e+00 1.771625428144319159e+01
1.870686673430271840e+00 1.517581706871964009e+01
2.123290040706380832e+00 1.011038511540141194e+01
2.378144976376236119e+00 8.046779835126210756e+00
2.630489925835516996e+00 6.158408498903445327e+00
2.878653162679494670e+00 4.888316778206523772e+00
3.131144366275339319e+00 4.071203637140719422e+00
3.388159578333816313e+00 3.178152568896916996e+00
3.638741848210948149e+00 2.589977037606243204e+00
3.888315910732085268e+00 2.375642440694508029e+00
4.139052155837465996e+00 1.956545450038084777e+00
4.390305777018236988e+00 1.749108127526755929e+00
4.642172339120373081e+00 1.480583146328606325e+00
4.894678666149941293e+00 1.287203355333155885e+00
5.147269052361176378e+00 1.155293054936547215e+00
5.398003206656323272e+00 1.010687114133133058e+00
5.647798235368590269e+00 8.919462151509883752e-01
5.900534302989873581e+00 8.096265937618933872e-01
6.151460297009074374e+00 7.177910471030561901e-01
6.402630176204441526e+00 6.546792493650183120e-01
6.655964674748322096e+00 5.764151092645919405e-01
6.908782583105771202e+00 5.295320849583292633e-01
7.159060853508338873e+00 4.914477339420381674e-01
7.409414762591408632e+00 4.486475735122781860e-01
7.659227149364629561e+00 3.966633839338335465e-01
7.911559474606142395e+00 3.761490821984143640e-01
8.163750941790897997e+00 3.457659439061446793e-01
8.415757210439384295e+00 3.114795161225633602e-01
8.667638839289207198e+00 2.976130050035515340e-01
8.918801124864609520e+00 2.745474101310474424e-01
9.170480108345369530e+00 2.577001768411769089e-01
9.420566033467249412e+00 2.352984986619555963e-01
9.671642335271435797e+00 2.240961041074975013e-01
9.923426157758477473e+00 2.066543859793374127e-01
1.017396902749181820e+01 1.961203210127671070e-01
1.042533700753922155e+01 1.820674641832814578e-01
1.067702948358784276e+01 1.730757197238996792e-01
1.092969337256462303e+01 1.598486805836673019e-01
1.118211872033766419e+01 1.519115147794836973e-01
1.143346516925797296e+01 1.435599829847070130e-01
1.168350508557724687e+01 1.349117576052741019e-01
1.193379937775929100e+01 1.280934275890211194e-01
1.218553055762879112e+01 1.188617016847967334e-01
1.243711650801278878e+01 1.134854276264136014e-01
1.268867268647359303e+01 1.081288422544960104e-01
1.294075027177769144e+01 1.018200797209422442e-01
1.319267287020158363e+01 9.781089566355995191e-02
1.344470571782862756e+01 9.242447322517213792e-02
1.369480150283709641e+01 8.813673525601133096e-02
1.394591277066507828e+01 8.394705884292334719e-02
1.419764645764527167e+01 7.898617964028924188e-02
1.444766774168416212e+01 7.727307866320759500e-02
1.469906835825429070e+01 7.425929789727286900e-02
1.495059118111036511e+01 6.916478316484603317e-02
1.520261612590052991e+01 6.695060893097889987e-02
1.545415944503929495e+01 6.381529075550565477e-02
1.570456072545780124e+01 6.153090191633379252e-02
1.595705800128773966e+01 5.883066533422433297e-02
1.620829297830731619e+01 5.669787783265347464e-02
1.645966591028190962e+01 5.425814740297260630e-02
1.671125708846596325e+01 5.279187883686914384e-02
1.696160259490052624e+01 5.009307237285739317e-02
1.721370276108077135e+01 4.841967682435498882e-02
1.746543424102250341e+01 4.593625893205748045e-02
1.771598473288305442e+01 4.447328709047334433e-02
1.796653767411944003e+01 4.297520658515313619e-02
1.821765658501893270e+01 4.156052109040715703e-02
1.847053788120423334e+01 3.968200461933513168e-02
1.872257696809484173e+01 3.864183920614280149e-02
1.897394097105746269e+01 3.739943300349121008e-02
1.922542454726159988e+01 3.592231020040325545e-02
1.947607703355479103e+01 3.443719374314200415e-02
1.972678839839982601e+01 3.352904586658204955e-02
1.997802698857814363e+01 3.236847272236863943e-02
2.022863620534168660e+01 3.139681706311397286e-02
2.047969598507238231e+01 3.034650800496645554e-02
2.073250439107362553e+01 2.927413397971800890e-02
2.098435855211640089e+01 2.867711944758568471e-02
2.123502923393334640e+01 2.761491888280687146e-02
2.148629411178690773e+01 2.662151510095613072e-02
2.173831825513516591e+01 2.576082824205796346e-02
2.198972260956887226e+01 2.514360207942839542e-02
2.223974971000711420e+01 2.429706871029780821e-02
2.249141870643862973e+01 2.362872090316317855e-02
2.274404614890906373e+01 2.268674868556141977e-02
2.299521835768831579e+01 2.202447614705366555e-02
2.324620084136223852e+01 2.155228749074999950e-02
2.349757798664387209e+01 2.104072731696067858e-02
2.374870488118759937e+01 2.036884233595668420e-02
2.399988781917473091e+01 1.995797617858444117e-02
2.425071646049711305e+01 1.929208405479580085e-02
2.450187830577813841e+01 1.883480623013743596e-02
2.475391093216606109e+01 1.823811457744793987e-02
2.500524226975159792e+01 1.783344450088565278e-02
2.525610980153284402e+01 1.729300360883133728e-02
2.550801425092822328e+01 1.687694028741986915e-02
2.575943113325822864e+01 1.635173877852518637e-02
2.601074166866445125e+01 1.584597652186487543e-02
2.626234447079615464e+01 1.559096410207430443e-02
2.651347712943701751e+01 1.512091736172282291e-02
2.676474177984877656e+01 1.469598465099418091e-02
2.701628079430242479e+01 1.445459378489399871e-02
2.726734205837282232e+01 1.405289472939024419e-02
2.751837013544679422e+01 1.365049488593211673e-02
2.776937726815812724e+01 1.341014600714440265e-02
2.802070160973895341e+01 1.308287539598176723e-02
2.827249982643487058e+01 1.273188528919005566e-02
2.852407603869968966e+01 1.244485208587363910e-02
2.877567300468570721e+01 1.218602346702850163e-02
2.902733523039245256e+01 1.190368954124788534e-02
2.927861073083739996e+01 1.162493699802784330e-02
2.953003196193969160e+01 1.133250513223244167e-02
2.978106336846375157e+01 1.108558012659382162e-02
3.003148440777084716e+01 1.076725117829772232e-02
3.028303386126418673e+01 1.057640224023968963e-02
3.053456493440382857e+01 1.039753895294001119e-02
3.078585183944906944e+01 1.012929498212001081e-02
3.103757946070165730e+01 9.892857679472909921e-03
3.128931656795834826e+01 9.732275405153536021e-03
3.154125974608096428e+01 9.520865055360972634e-03
3.179158626791808828e+01 9.289818334386338097e-03
3.204196438636942190e+01 9.155849271975310955e-03
3.229344668057169798e+01 8.925796363972185454e-03
3.254489998018084407e+01 8.682142703090688432e-03
3.279660140319880668e+01 8.561248796749316298e-03
3.304772754686901237e+01 8.361808280494143625e-03
3.329949953441923327e+01 8.247516768356168496e-03
3.355173249539067371e+01 8.017767454814132833e-03
3.380235474142784824e+01 7.808767631634087360e-03
3.405292218889088218e+01 7.756244719715704380e-03
3.430455901572810262e+01 7.561861937827190489e-03
3.455605119154291316e+01 7.372680815994663711e-03
3.480708698418615654e+01 7.269865206139975236e-03
3.505823042281740243e+01 7.143475380343589781e-03
3.530983122122644602e+01 6.943547354877079546e-03
3.556111974160763367e+01 6.862128953938006169e-03
3.581195885960364933e+01 6.760272226939543876e-03
3.606348577968052638e+01 6.650654995978627464e-03
3.631495136683125935e+01 6.511807699188468072e-03
3.656646781331610185e+01 6.348879428460102448e-03
3.681800948534306173e+01 6.275527845330663469e-03
3.706942350460822411e+01 6.107655957588704540e-03
3.732119977997001570e+01 5.966429249404596458e-03
3.757249197135423202e+01 5.907164697976775673e-03
3.782324055213251057e+01 5.814532419294235477e-03
3.807430609684078604e+01 5.705247351851561004e-03
3.832526519371521090e+01 5.589039844768770200e-03
3.857704530181875668e+01 5.482619170301754677e-03
3.882896255048217427e+01 5.438621708202411899e-03
3.907976684424035341e+01 5.310348669923823338e-03
3.933085588900704010e+01 5.189750606790517057e-03
3.958184533965361140e+01 5.133100949274853851e-03
3.983320492881626507e+01 5.050820097246721228e-03
4.008506787586624398e+01 4.965021111291605289e-03
4.033569471078550350e+01 4.888093856906075216e-03
4.058701345074587863e+01 4.792601975773635135e-03
4.083916815834436420e+01 4.689150878974532484e-03
4.108978611092747713e+01 4.598014122727496662e-03
4.134119394692694271e+01 4.542956057230296794e-03
4.159372926482761557e+01 4.486409565852739027e-03
4.184480996230068683e+01 4.412102533966290666e-03
4.209495048714620680e+01 4.342332933703744492e-03
4.234568601474854432e+01 4.259515446605215659e-03
4.259794184898333214e+01 4.183574390720197315e-03
4.284922176444433717e+01 4.144933803243507249e-03
4.309982534096671003e+01 4.084724980268147551e-03
4.335153475414617930e+01 4.019735788819914744e-03
4.360374984514007224e+01 3.964047967179747806e-03
4.385432838732079830e+01 3.860464814949979111e-03
4.410529766549178277e+01 3.851619372869066922e-03
4.435675536456894008e+01 3.784528983387611904e-03
4.460756668584335927e+01 3.678667476072337416e-03
4.485812369927145937e+01 3.666054505131942105e-03
4.510933196139897206e+01 3.616443092731981383e-03
4.536097672816924131e+01 3.544163252913185968e-03
4.561261869099184452e+01 3.506047966524560022e-03
4.586346064304911607e+01 3.393296992310890648e-03
4.611435299895526185e+01 3.403706135308197205e-03
4.636610302009028572e+01 3.369196815878838097e-03
4.661726081402038346e+01 3.296687975616261791e-03
4.686748045926628237e+01 3.225630734326940564e-03
4.712001000143001761e+01 3.211433483189098190e-03
4.737334269293729960e+01 3.121979624166653679e-03
4.762357272554871912e+01 3.117438618035423773e-03
4.787295862859781437e+01 3.036599955418057672e-03
4.812686710231834297e+01 2.969437152335496332e-03
4.837988354528783930e+01 2.982425509943572531e-03
4.862698975964909209e+01 2.912334000764244066e-03
4.887931961662670233e+01 2.930786792936772994e-03
4.913512531690142282e+01 2.810167027637299267e-03
4.938486646957150583e+01 2.820879201016453577e-03
4.963073103205424985e+01 2.722146250328769806e-03
4.988316058859187763e+01 2.700773802323392248e-03
5.013927392651110893e+01 2.705853030253686092e-03
5.038898445289544270e+01 2.598670640651069060e-03
5.063791314200675941e+01 2.622177182018635682e-03
5.089234515763529032e+01 2.570087356974862410e-03
5.114529266359630810e+01 2.644476690836427765e-03
5.138952878242714206e+01 2.456575549112000999e-03
5.163945178601188246e+01 2.519160809815832337e-03
5.190206698624180603e+01 2.385074499822372775e-03
5.215590084722179398e+01 2.363764794175776760e-03
5.238680673191466042e+01 2.362738315039099920e-03
5.263532591009818873e+01 2.415200900103397358e-03
5.290823119436031874e+01 2.272731264409041160e-03
5.316882575050344428e+01 2.265415451297745058e-03
5.338513341050097694e+01 2.363117837227709985e-03
5.363212510227822349e+01 2.203799713185261057e-03
5.391615723351310407e+01 2.185506854364524694e-03
5.419187693011466678e+01 2.050906125585272993e-03
5.439722241285236493e+01 2.049751238850689491e-03
5.462806064877949552e+01 2.327614381766945299e-03
5.491241494336609463e+01 2.082477285930461712e-03
5.519421446932921782e+01 2.366675079650814532e-03
5.543046826972861396e+01 1.208872320927730079e-03
5.561137265256709128e+01 3.967890594938708500e-03
