3.559856489878782115e-01 5.354541135655686048e+02
6.031648866026231293e-01 2.450093055600173102e+02
8.579160745827347778e-01 1.049320828710869336e+02
1.113464310595710716e+00 4.977740538144509230e+01
1.374039914321364408e+00 3.051955732380379516e+01
1.619154704570298309e+00 2.165389247521963156e+01
1.870686673430271840e+00 1.394206270877676168e+01
2.123290040706380832e+00 1.029404746142229321e+01
2.378144976376236119e+00 7.567097358115741912e+00
2.630489925835516996e+00 6.331863277537730816e+00
2.878653162679494670e+00 5.060325504752714032e+00
3.131144366275339319e+00 3.753158490923951263e+00
3.388159578333816313e+00 3.174447713214519240e+00
3.638741848210948149e+00 2.797328428011180534e+00
3.888315910732085268e+00 2.209663285200976102e+00
4.139052155837465996e+00 1.870555987331467662e+00
4.390305777018236988e+00 1.675560157001296790e+00
4.642172339120373081e+00 1.475602342330180505e+00
4.894678666149941293e+00 1.306209048062182410e+00
5.147269052361176378e+00 1.178026999589112167e+00
5.398003206656323272e+00 1.000207299620432977e+00
5.647798235368590269e+00 8.968167544588155904e-01
5.900534302989873581e+00 7.942400296908033175e-01
6.151460297009074374e+00 7.121672202649874661e-01
6.402630176204441526e+00 6.480505635421280886e-01
6.655964674748322096e+00 5.810206848418870695e-01
6.908782583105771202e+00 5.201336997082406377e-01
7.159060853508338873e+00 4.905401941330159721e-01
7.409414762591408632e+00 4.517932702480463858e-01
7.659227149364629561e+00 4.050787549940855770e-01
7.911559474606142395e+00 3.781482038973024706e-01
8.163750941790897997e+00 3.505149272570817209e-01
8.415757210439384295e+00 3.210956125381711490e-01
8.667638839289207198e+00 2.935150468248230449e-01
8.918801124864609520e+00 2.745738077591663440e-01
9.170480108345369530e+00 2.612031325496160239e-01
9.420566033467249412e+00 2.363712030207196224e-01
9.671642335271435797e+00 2.161663662335002734e-01
9.923426157758477473e+00 2.069673412546978730e-01
1.017396902749181820e+01 1.918793368567034141e-01
1.042533700753922155e+01 1.813414995996344703e-01
1.067702948358784276e+01 1.723371926544594590e-01
1.092969337256462303e+01 1.604983427712762256e-01
1.118211872033766419e+01 1.495707094754531452e-01
1.143346516925797296e+01 1.427018414852077310e-01
1.168350508557724687e+01 1.350835505806798620e-01
1.193379937775929100e+01 1.294022255852651238e-01
1.218553055762879112e+01 1.202231001746233846e-01
1.243711650801278878e+01 1.134256483419611578e-01
1.268867268647359303e+01 1.066776893655102809e-01
1.294075027177769144e+01 1.025028311734993286e-01
1.319267287020158363e+01 9.819864100125383355e-02
1.344470571782862756e+01 9.350245801434504955e-02
1.369480150283709641e+01 8.818215002945388459e-02
1.394591277066507828e+01 8.432813020587838493e-02
1.419764645764527167e+01 8.099165709992268980e-02
1.444766774168416212e+01 7.577760104714691136e-02
1.469906835825429070e+01 7.362540453320873257e-02
1.495059118111036511e+01 7.028700369690889238e-02
1.520261612590052991e+01 6.753674731541835230e-02
1.545415944503929495e+01 6.470556939975025124e-02
1.570456072545780124e+01 6.208504893466724323e-02
1.595705800128773966e+01 5.862378305584154542e-02
1.620829297830731619e+01 5.703933838898003761e-02
1.645966591028190962e+01 5.419157820235114692e-02
1.671125708846596325e+01 5.238283827928088415e-02
1.696160259490052624e+01 5.013715995867423780e-02
1.721370276108077135e+01 4.850421630539894502e-02
1.746543424102250341e+01 4.653379522013738334e-02
1.771598473288305442e+01 4.504281756040364598e-02
1.796653767411944003e+01 4.310695710272740427e-02
1.821765658501893270e+01 4.118747320968495912e-02
1.847053788120423334e+01 3.962891801592721697e-02
1.872257696809484173e+01 3.895496400910781337e-02
1.897394097105746269e+01 3.681875116346651489e-02
1.922542454726159988e+01 3.628028287631644005e-02
1.947607703355479103e+01 3.469994779407003377e-02
1.972678839839982601e+01 3.368580040145049970e-02
1.997802698857814363e+01 3.248296029486016923e-02
2.022863620534168660e+01 3.148244228829841923e-02
2.047969598507238231e+01 3.010998024530304670e-02
2.073250439107362553e+01 2.919283827966002304e-02
2.098435855211640089e+01 2.861429039584013900e-02
2.123502923393334640e+01 2.753086374391718397e-02
2.148629411178690773e+01 2.680337312082543486e-02
2.173831825513516591e+01 2.586371769300875242e-02
2.198972260956887226e+01 2.490859842714653397e-02
2.223974971000711420e+01 2.412360574134238961e-02
2.249141870643862973e+01 2.370240445645133837e-02
2.274404614890906373e+01 2.268599820262117220e-02
2.299521835768831579e+01 2.230771072288960377e-02
2.324620084136223852e+01 2.159143038635430445e-02
2.349757798664387209e+01 2.111583785332693530e-02
2.374870488118759937e+01 2.030456735988036762e-02
2.399988781917473091e+01 1.973900059477513846e-02
2.425071646049711305e+01 1.920601055524520998e-02
2.450187830577813841e+01 1.876458108523865881e-02
2.475391093216606109e+01 1.818430303566598988e-02
2.500524226975159792e+01 1.787365347292897699e-02
2.525610980153284402e+01 1.723291549738101280e-02
2.550801425092822328e+01 1.678661861068210179e-02
2.575943113325822864e+01 1.640208261463093481e-02
2.601074166866445125e+01 1.597147913217635690e-02
2.626234447079615464e+01 1.549495867883811905e-02
2.651347712943701751e+01 1.517161176708742634e-02
2.676474177984877656e+01 1.468407326728744799e-02
2.701628079430242479e+01 1.441154948056353781e-02
2.726734205837282232e+01 1.405153725869223540e-02
2.751837013544679422e+01 1.366696254371876050e-02
2.776937726815812724e+01 1.338487976024857994e-02
2.802070160973895341e+01 1.301522683965792085e-02
2.827249982643487058e+01 1.277227463162181921e-02
2.852407603869968966e+01 1.250821483371692897e-02
2.877567300468570721e+01 1.212062221173192643e-02
2.902733523039245256e+01 1.195745536272232144e-02
2.927861073083739996e+01 1.160664591027401639e-02
2.953003196193969160e+01 1.125588423204917227e-02
2.978106336846375157e+01 1.105733320089381279e-02
3.003148440777084716e+01 1.088356996937698933e-02
3.028303386126418673e+01 1.055826875117064911e-02
3.053456493440382857e+01 1.035516890079612312e-02
3.078585183944906944e+01 1.012878147304097955e-02
3.103757946070165730e+01 9.922802155305478211e-03
3.128931656795834826e+01 9.728585962013225688e-03
3.154125974608096428e+01 9.491641821290485587e-03
3.179158626791808828e+01 9.288869317423330621e-03
3.204196438636942190e+01 9.069707044398900991e-03
3.229344668057169798e+01 8.915189478399136724e-03
3.254489998018084407e+01 8.724751772995611304e-03
3.279660140319880668e+01 8.544704041211707846e-03
3.304772754686901237e+01 8.369659262226153765e-03
3.329949953441923327e+01 8.200186291482967904e-03
3.355173249539067371e+01 8.060730598473274736e-03
3.380235474142784824e+01 7.869138246500859135e-03
3.405292218889088218e+01 7.708034780703785366e-03
3.430455901572810262e+01 7.530907329892352030e-03
3.455605119154291316e+01 7.417114439191241360e-03
3.480708698418615654e+01 7.263432845853121274e-03
3.505823042281740243e+01 7.128011224988503591e-03
3.530983122122644602e+01 7.019645471468658957e-03
3.556111974160763367e+01 6.906230443596759333e-03
3.581195885960364933e+01 6.760145199164023337e-03
3.606348577968052638e+01 6.596864724530206690e-03
3.631495136683125935e+01 6.467322193126671948e-03
3.656646781331610185e+01 6.365980512048293773e-03
3.681800948534306173e+01 6.242569936101577226e-03
3.706942350460822411e+01 6.122042611329715431e-03
3.732119977997001570e+01 6.011169584791433394e-03
3.757249197135423202e+01 5.885240072509737713e-03
3.782324055213251057e+01 5.777583750620319571e-03
3.807430609684078604e+01 5.722234909516576290e-03
3.832526519371521090e+01 5.599511346928353825e-03
3.857704530181875668e+01 5.490279364553200814e-03
3.882896255048217427e+01 5.429927521134731913e-03
3.907976684424035341e+01 5.330956944722481210e-03
3.933085588900704010e+01 5.202612311507115797e-03
3.958184533965361140e+01 5.120253947870072320e-03
3.983320492881626507e+01 5.045323281825245428e-03
4.008506787586624398e+01 4.948177846250854765e-03
4.033569471078550350e+01 4.907090427952304906e-03
4.058701345074587863e+01 4.767730556004388769e-03
4.083916815834436420e+01 4.735577666409990921e-03
4.108978611092747713e+01 4.620831424574195836e-03
4.134119394692694271e+01 4.559224343760973422e-03
4.159372926482761557e+01 4.478074837627304614e-03
4.184480996230068683e+01 4.392960282245434063e-03
4.209495048714620680e+01 4.344646670075611068e-03
4.234568601474854432e+01 4.276144621843835057e-03
4.259794184898333214e+01 4.205303969907926188e-03
4.284922176444433717e+01 4.138148482705261526e-03
4.309982534096671003e+01 4.080906233915984269e-03
4.335153475414617930e+01 4.001979526289738479e-03
4.360374984514007224e+01 3.931282168785073076e-03
4.385432838732079830e+01 3.854611073654466615e-03
4.410529766549178277e+01 3.785497998085540512e-03
4.435675536456894008e+01 3.734992508391274304e-03
4.460756668584335927e+01 3.682802609308606385e-03
4.485812369927145937e+01 3.653321960837938899e-03
4.510933196139897206e+01 3.543790980985460620e-03
4.536097672816924131e+01 3.572999931043807469e-03
4.561261869099184452e+01 3.501839773878608845e-03
4.586346064304911607e+01 3.407855108629417526e-03
4.611435299895526185e+01 3.397943588246600359e-03
4.636610302009028572e+01 3.375190156014448023e-03
4.661726081402038346e+01 3.283705884997391820e-03
4.686748045926628237e+01 3.267994377424359321e-03
4.712001000143001761e+01 3.184995973238118061e-03
4.737334269293729960e+01 3.128653558011182303e-03
4.762357272554871912e+01 3.109038775003125643e-03
4.787295862859781437e+01 3.051045157084955779e-03
4.812686710231834297e+01 3.039323894776662944e-03
4.837988354528783930e+01 2.937778477824967358e-03
4.862698975964909209e+01 2.953515020797726695e-03
4.887931961662670233e+01 2.913309733082080927e-03
4.913512531690142282e+01 2.827077597218814221e-03
4.938486646957150583e+01 2.814292373794860438e-03
4.963073103205424985e+01 2.814237173474191424e-03
4.988316058859187763e+01 2.750469209151316669e-03
5.013927392651110893e+01 2.655764914696508768e-03
5.038898445289544270e+01 2.693164721695130367e-03
5.063791314200675941e+01 2.632978065745454014e-03
5.089234515763529032e+01 2.566473279305572699e-03
5.114529266359630810e+01 2.543791067355402613e-03
5.138952878242714206e+01 2.533599780854395127e-03
5.163945178601188246e+01 2.344923594239802390e-03
5.190206698624180603e+01 2.393190855509668650e-03
5.215590084722179398e+01 2.423196241678503022e-03
5.238680673191466042e+01 2.424368127712823485e-03
5.263532591009818873e+01 2.357937635069588551e-03
5.290823119436031874e+01 2.391444975689287558e-03
5.316882575050344428e+01 2.349404711121897728e-03
5.338513341050097694e+01 2.119429401480443440e-03
5.363212510227822349e+01 2.230183515364898492e-03
5.391615723351310407e+01 2.187604429218992924e-03
5.419187693011466678e+01 2.136200722241951566e-03
5.439722241285236493e+01 2.159868267298406617e-03
5.462806064877949552e+01 2.217476729206713151e-03
5.491241494336609463e+01 1.993093625232152544e-03
5.519421446932921782e+01 1.699980434902356773e-03
5.543046826972861396e+01 3.283857456514588553e-03
5.561137265256709128e+01 1.028414884230224478e-03
