3.559856489878782115e-01 4.804678840631169123e+02
6.031648866026231293e-01 1.882212252691164167e+02
8.579160745827347778e-01 9.938430391033713818e+01
1.113464310595710716e+00 5.042698121205151551e+01
1.374039914321364408e+00 2.751175877823594718e+01
1.619154704570298309e+00 2.017741085490991892e+01
1.870686673430271840e+00 1.433543851469937991e+01
2.123290040706380832e+00 1.009975588474243580e+01
2.378144976376236119e+00 7.871496355441045090e+00
2.630489925835516996e+00 6.238359783175817519e+00
2.878653162679494670e+00 5.129681423073556346e+00
3.131144366275339319e+00 4.020523230085694344e+00
3.388159578333816313e+00 3.332761552538705541e+00
3.638741848210948149e+00 2.672398459433552809e+00
3.888315910732085268e+00 2.514362132610877154e+00
4.139052155837465996e+00 1.945743562499636869e+00
4.390305777018236988e+00 1.709120344779206269e+00
4.642172339120373081e+00 1.496816927282397236e+00
4.894678666149941293e+00 1.265639763097656134e+00
5.147269052361176378e+00 1.157666494520527722e+00
5.398003206656323272e+00 1.003711140411810643e+00
5.647798235368590269e+00 9.324544317929711612e-01
5.900534302989873581e+00 8.075006698195386079e-01
6.151460297009074374e+00 7.360523130003185921e-01
6.402630176204441526e+00 6.511951679135168369e-01
6.655964674748322096e+00 5.771381403459071580e-01
6.908782583105771202e+00 5.291152764929891728e-01
7.159060853508338873e+00 4.881394325703384274e-01
7.409414762591408632e+00 4.493376695903077978e-01
7.659227149364629561e+00 4.106945531411654859e-01
7.911559474606142395e+00 3.824324388348371295e-01
8.163750941790897997e+00 3.450039528170908421e-01
8.415757210439384295e+00 3.218936145816087002e-01
8.667638839289207198e+00 2.964580673480824990e-01
8.918801124864609520e+00 2.720929121055118971e-01
9.170480108345369530e+00 2.530277143807821982e-01
9.420566033467249412e+00 2.405948899446256617e-01
9.671642335271435797e+00 2.211748519952362602e-01
9.923426157758477473e+00 2.059467251384783926e-01
1.017396902749181820e+01 1.941219181994476572e-01
1.042533700753922155e+01 1.830440157408021740e-01
1.067702948358784276e+01 1.700461705301744009e-01
1.092969337256462303e+01 1.637476697604323683e-01
1.118211872033766419e+01 1.507236683486982698e-01
1.143346516925797296e+01 1.399358877167747595e-01
1.168350508557724687e+01 1.351586209081398482e-01
1.193379937775929100e+01 1.265514967692641657e-01
1.218553055762879112e+01 1.200119258948059153e-01
1.243711650801278878e+01 1.140824055963644279e-01
1.268867268647359303e+01 1.080387719763018922e-01
1.294075027177769144e+01 1.026250053163883097e-01
1.319267287020158363e+01 9.754505895343267008e-02
1.344470571782862756e+01 9.391036086781344439e-02
1.369480150283709641e+01 8.871784074459322655e-02
1.394591277066507828e+01 8.496595490381625426e-02
1.419764645764527167e+01 7.925076940957084815e-02
1.444766774168416212e+01 7.730916476554368366e-02
1.469906835825429070e+01 7.306848292559252334e-02
1.495059118111036511e+01 6.993506444736925787e-02
1.520261612590052991e+01 6.746331570875578609e-02
1.545415944503929495e+01 6.397183594086432168e-02
1.570456072545780124e+01 6.184000263908066147e-02
1.595705800128773966e+01 5.923314766091829914e-02
1.620829297830731619e+01 5.693464782100216698e-02
1.645966591028190962e+01 5.496977485629126609e-02
1.671125708846596325e+01 5.275014563507209736e-02
1.696160259490052624e+01 5.043683682417996611e-02
1.721370276108077135e+01 4.826006035311966591e-02
1.746543424102250341e+01 4.654504040737302700e-02
1.771598473288305442e+01 4.442481880384941545e-02
1.796653767411944003e+01 4.334686079853039553e-02
1.821765658501893270e+01 4.120475913337814239e-02
1.847053788120423334e+01 4.023341189436791671e-02
1.872257696809484173e+01 3.847915531617769613e-02
1.897394097105746269e+01 3.730483590505188213e-02
1.922542454726159988e+01 3.595083687418148405e-02
1.947607703355479103e+01 3.463722457285685341e-02
1.972678839839982601e+01 3.335294930938334512e-02
1.997802698857814363e+01 3.237241063126117258e-02
2.022863620534168660e+01 3.161984476975178426e-02
2.047969598507238231e+01 3.052731273915978635e-02
2.073250439107362553e+01 2.938426414268041631e-02
2.098435855211640089e+01 2.844002814878739474e-02
2.123502923393334640e+01 2.732171305369000477e-02
2.148629411178690773e+01 2.687828258319630709e-02
2.173831825513516591e+01 2.603123564187947991e-02
2.198972260956887226e+01 2.518558098058866837e-02
2.223974971000711420e+01 2.442842319152021754e-02
2.249141870643862973e+01 2.352025047899585289e-02
2.274404614890906373e+01 2.283930567638629144e-02
2.299521835768831579e+01 2.231436835271337002e-02
2.324620084136223852e+01 2.151500775123407067e-02
2.349757798664387209e+01 2.099923000698477107e-02
2.374870488118759937e+01 2.040085284615717268e-02
2.399988781917473091e+01 1.988017488045756495e-02
2.425071646049711305e+01 1.942884707202662681e-02
2.450187830577813841e+01 1.894917432960074866e-02
2.475391093216606109e+01 1.816475322609738610e-02
2.500524226975159792e+01 1.782894112351848803e-02
2.525610980153284402e+01 1.728246830829375733e-02
2.550801425092822328e+01 1.688115960296225626e-02
2.575943113325822864e+01 1.636430990344183226e-02
2.601074166866445125e+01 1.597853040274324621e-02
2.626234447079615464e+01 1.552133391346850570e-02
2.651347712943701751e+01 1.523961186046369869e-02
2.676474177984877656e+01 1.485195054306010475e-02
2.701628079430242479e+01 1.448995116084440815e-02
2.726734205837282232e+01 1.406312175827172453e-02
2.751837013544679422e+01 1.369826674881856332e-02
2.776937726815812724e+01 1.345659868383842182e-02
2.802070160973895341e+01 1.304409166241465336e-02
2.827249982643487058e+01 1.274348456815780663e-02
2.852407603869968966e+01 1.250820176136905638e-02
2.877567300468570721e+01 1.209150774497022574e-02
2.902733523039245256e+01 1.193769185188414857e-02
2.927861073083739996e+01 1.158036764141424577e-02
2.953003196193969160e+01 1.132817948516478233e-02
2.978106336846375157e+01 1.115087440185468480e-02
3.003148440777084716e+01 1.082099555152447705e-02
3.028303386126418673e+01 1.062325545997540310e-02
3.053456493440382857e+01 1.034180001620694372e-02
3.078585183944906944e+01 1.015382548226324844e-02
3.103757946070165730e+01 9.915835019766920319e-03
3.128931656795834826e+01 9.801394442117370223e-03
3.154125974608096428e+01 9.520413459149171947e-03
3.179158626791808828e+01 9.311128867397015438e-03
3.204196438636942190e+01 9.111991200545590391e-03
3.229344668057169798e+01 8.912984388972845784e-03
3.254489998018084407e+01 8.629226734136989305e-03
3.279660140319880668e+01 8.555005866741502429e-03
3.304772754686901237e+01 8.403900950003489675e-03
3.329949953441923327e+01 8.216492868096185800e-03
3.355173249539067371e+01 8.076363772750996470e-03
3.380235474142784824e+01 7.837821989289322361e-03
3.405292218889088218e+01 7.714306773561117707e-03
3.430455901572810262e+01 7.591520972738913763e-03
3.455605119154291316e+01 7.449968990463631639e-03
3.480708698418615654e+01 7.289284424711162114e-03
3.505823042281740243e+01 7.125594890811649124e-03
3.530983122122644602e+01 7.012100606871167312e-03
3.556111974160763367e+01 6.848597596088371042e-03
3.581195885960364933e+01 6.757248573998453356e-03
3.606348577968052638e+01 6.598733047572599361e-03
3.631495136683125935e+01 6.521498321427916106e-03
3.656646781331610185e+01 6.361954563953080809e-03
3.681800948534306173e+01 6.257782149873379260e-03
3.706942350460822411e+01 6.126637043915940210e-03
3.732119977997001570e+01 6.044708874958931895e-03
3.757249197135423202e+01 5.914835758787161807e-03
3.782324055213251057e+01 5.834172868033530787e-03
3.807430609684078604e+01 5.715461666672706428e-03
3.832526519371521090e+01 5.605079210458527132e-03
3.857704530181875668e+01 5.466407043570875590e-03
3.882896255048217427e+01 5.368510109933075612e-03
3.907976684424035341e+01 5.325356572054542464e-03
3.933085588900704010e+01 5.213018780356365282e-03
3.958184533965361140e+01 5.108260869259026622e-03
3.983320492881626507e+01 5.028985428381566036e-03
4.008506787586624398e+01 4.909478461379787780e-03
4.033569471078550350e+01 4.849191160879038481e-03
4.058701345074587863e+01 4.801854275384416157e-03
4.083916815834436420e+01 4.698646467464833235e-03
4.108978611092747713e+01 4.647125652299811602e-03
4.134119394692694271e+01 4.553451490185874556e-03
4.159372926482761557e+01 4.481500801797260770e-03
4.184480996230068683e+01 4.424367419377158231e-03
4.209495048714620680e+01 4.331300707422536082e-03
4.234568601474854432e+01 4.258453507675366741e-03
4.259794184898333214e+01 4.205551492293535878e-03
4.284922176444433717e+01 4.134717280255695813e-03
4.309982534096671003e+01 4.053139805855198417e-03
4.335153475414617930e+01 3.993674488029095443e-03
4.360374984514007224e+01 3.937207755936728872e-03
4.385432838732079830e+01 3.916599457548410393e-03
4.410529766549178277e+01 3.805493406073303959e-03
4.435675536456894008e+01 3.751451956091911635e-03
4.460756668584335927e+01 3.697934837888353695e-03
4.485812369927145937e+01 3.648333658204658877e-03
4.510933196139897206e+01 3.564528132768275508e-03
4.536097672816924131e+01 3.494240019357412394e-03
4.561261869099184452e+01 3.496537548695337946e-03
4.586346064304911607e+01 3.417760712837427262e-03
4.611435299895526185e+01 3.365687639695196572e-03
4.636610302009028572e+01 3.317999617058712582e-03
4.661726081402038346e+01 3.285452123121381050e-03
4.686748045926628237e+01 3.217659762454767175e-03
4.712001000143001761e+01 3.182899644010397412e-03
4.737334269293729960e+01 3.158469121419623608e-03
4.762357272554871912e+01 3.079654119547550924e-03
4.787295862859781437e+01 3.025958236561083689e-03
4.812686710231834297e+01 2.994780545651661279e-03
4.837988354528783930e+01 2.962403036634527614e-03
4.862698975964909209e+01 2.915844372805181592e-03
4.887931961662670233e+01 2.912635841029107258e-03
4.913512531690142282e+01 2.836764921648753709e-03
4.938486646957150583e+01 2.773314977106036087e-03
4.963073103205424985e+01 2.787297463854856647e-03
4.988316058859187763e+01 2.755858302026689601e-03
5.013927392651110893e+01 2.689534706842157657e-03
5.038898445289544270e+01 2.599013559818269276e-03
5.063791314200675941e+01 2.558546859271915858e-03
5.089234515763529032e+01 2.535139580536607991e-03
5.114529266359630810e+01 2.619785252463163131e-03
5.138952878242714206e+01 2.493575502291698297e-03
5.163945178601188246e+01 2.528180195768336969e-03
5.190206698624180603e+01 2.442816725899333262e-03
5.215590084722179398e+01 2.447815506351026533e-03
5.238680673191466042e+01 2.387068272158229549e-03
5.263532591009818873e+01 2.388684929538043619e-03
5.290823119436031874e+01 2.232204967245154416e-03
5.316882575050344428e+01 2.302970594493013948e-03
5.338513341050097694e+01 2.359484350460308577e-03
5.363212510227822349e+01 2.158447873854946707e-03
5.391615723351310407e+01 2.252618094375858759e-03
5.419187693011466678e+01 2.268779308030260001e-03
5.439722241285236493e+01 2.142902710800066290e-03
5.462806064877949552e+01 2.154317880265886435e-03
5.491241494336609463e+01 1.935366211832472132e-03
5.519421446932921782e+01 1.768370897823086287e-03
5.543046826972861396e+01 1.910174962769775088e-03
5.561137265256709128e+01 6.958450059498634890e-04
