3.559856489878782115e-01 6.319468303141729848e+02
6.031648866026231293e-01 2.691341009897560639e+02
8.579160745827347778e-01 8.631802107428472937e+01
1.113464310595710716e+00 4.155580315851456419e+01
1.374039914321364408e+00 2.979710819743685590e+01
1.619154704570298309e+00 1.915232238555912403e+01
1.870686673430271840e+00 1.379514679965656221e+01
2.123290040706380832e+00 1.025991810035671570e+01
2.378144976376236119e+00 8.275955076635504781e+00
2.630489925835516996e+00 6.135258174630824790e+00
2.878653162679494670e+00 4.856604366428416419e+00
3.131144366275339319e+00 4.081817747336648594e+00
3.388159578333816313e+00 3.337834253926849737e+00
3.638741848210948149e+00 2.774857038868676629e+00
3.888315910732085268e+00 2.311844343939896351e+00
4.139052155837465996e+00 1.973890429013056336e+00
4.390305777018236988e+00 1.736913790631616106e+00
4.642172339120373081e+00 1.461914863727477920e+00
4.894678666149941293e+00 1.298042982822894542e+00
5.147269052361176378e+00 1.145427784960086459e+00
5.398003206656323272e+00 1.036232114414826766e+00
5.647798235368590269e+00 9.058773563388402561e-01
5.900534302989873581e+00 7.758908367864109090e-01
6.151460297009074374e+00 7.259441971664952753e-01
6.402630176204441526e+00 6.515429474020963951e-01
6.655964674748322096e+00 5.865868857652769552e-01
6.908782583105771202e+00 5.375439226880388555e-01
7.159060853508338873e+00 4.878737966037612339e-01
7.409414762591408632e+00 4.476706643908669458e-01
7.659227149364629561e+00 4.035333015695649617e-01
7.911559474606142395e+00 3.738472599606884605e-01
8.163750941790897997e+00 3.371311426277440182e-01
8.415757210439384295e+00 3.172295058418734826e-01
8.667638839289207198e+00 3.045421199053532368e-01
8.918801124864609520e+00 2.708096887118985330e-01
9.170480108345369530e+00 2.559955319174340160e-01
9.420566033467249412e+00 2.397613393957034600e-01
9.671642335271435797e+00 2.134887601162980264e-01
9.923426157758477473e+00 2.047271415214546586e-01
1.017396902749181820e+01 1.934295844131504183e-01
1.042533700753922155e+01 1.787819388302782364e-01
1.067702948358784276e+01 1.699102748384921091e-01
1.092969337256462303e+01 1.598764634022087350e-01
1.118211872033766419e+01 1.496602886383167352e-01
1.143346516925797296e+01 1.422487362585655724e-01
1.168350508557724687e+01 1.367046719693221779e-01
1.193379937775929100e+01 1.295262303979086704e-01
1.218553055762879112e+01 1.206014139828626985e-01
1.243711650801278878e+01 1.147774108718728758e-01
1.268867268647359303e+01 1.067597397977974039e-01
1.294075027177769144e+01 1.031289381891557083e-01
1.319267287020158363e+01 9.801125904021350255e-02
1.344470571782862756e+01 9.328867503423450558e-02
1.369480150283709641e+01 8.893173329677392380e-02
1.394591277066507828e+01 8.489362261740701632e-02
1.419764645764527167e+01 8.090456586788176419e-02
1.444766774168416212e+01 7.630490899485166401e-02
1.469906835825429070e+01 7.388834045669936956e-02
1.495059118111036511e+01 6.992041737055795791e-02
1.520261612590052991e+01 6.613566265944299805e-02
1.545415944503929495e+01 6.387482533114968719e-02
1.570456072545780124e+01 6.157611243559667907e-02
1.595705800128773966e+01 5.941715050400051684e-02
1.620829297830731619e+01 5.692307362984815738e-02
1.645966591028190962e+01 5.463941912435417436e-02
1.671125708846596325e+01 5.216481698497595076e-02
1.696160259490052624e+01 5.049659666241768097e-02
1.721370276108077135e+01 4.838325469854697081e-02
1.746543424102250341e+01 4.649202107142386825e-02
1.771598473288305442e+01 4.478249718794590634e-02
1.796653767411944003e+01 4.329839505216436651e-02
1.821765658501893270e+01 4.156981926082137235e-02
1.847053788120423334e+01 4.013700768790991885e-02
1.872257696809484173e+01 3.890937901145097300e-02
1.897394097105746269e+01 3.729825507476182411e-02
1.922542454726159988e+01 3.601416889665799009e-02
1.947607703355479103e+01 3.504483235454420448e-02
1.972678839839982601e+01 3.312875514790185327e-02
1.997802698857814363e+01 3.242166852349180617e-02
2.022863620534168660e+01 3.133314361227579337e-02
2.047969598507238231e+01 3.030619016211451647e-02
2.073250439107362553e+01 2.920509565261623572e-02
2.098435855211640089e+01 2.851626787236241287e-02
2.123502923393334640e+01 2.774954635585714230e-02
2.148629411178690773e+01 2.679536447523205370e-02
2.173831825513516591e+01 2.593952907712829617e-02
2.198972260956887226e+01 2.540158321289359006e-02
2.223974971000711420e+01 2.440124200067796123e-02
2.249141870643862973e+01 2.362838313948920771e-02
2.274404614890906373e+01 2.303682092084957320e-02
2.299521835768831579e+01 2.220240280738445052e-02
2.324620084136223852e+01 2.165192603057015247e-02
2.349757798664387209e+01 2.089987062030367396e-02
2.374870488118759937e+01 2.046137353303236275e-02
2.399988781917473091e+01 1.975061281361883622e-02
2.425071646049711305e+01 1.933974111111961408e-02
2.450187830577813841e+01 1.889788076366212197e-02
2.475391093216606109e+01 1.821445458778664026e-02
2.500524226975159792e+01 1.784701308198926098e-02
2.525610980153284402e+01 1.730267378291338101e-02
2.550801425092822328e+01 1.675720129726136418e-02
2.575943113325822864e+01 1.638755347859287281e-02
2.601074166866445125e+01 1.600509287005501616e-02
2.626234447079615464e+01 1.555527233015639547e-02
2.651347712943701751e+01 1.514292069986200064e-02
2.676474177984877656e+01 1.482966015823072685e-02
2.701628079430242479e+01 1.447753012306048949e-02
2.726734205837282232e+01 1.406951691077624501e-02
2.751837013544679422e+01 1.370959342801742094e-02
2.776937726815812724e+01 1.338710605237989661e-02
2.802070160973895341e+01 1.309668645585081864e-02
2.827249982643487058e+01 1.277257262973662856e-02
2.852407603869968966e+01 1.246239388301321506e-02
2.877567300468570721e+01 1.218326068875173751e-02
2.902733523039245256e+01 1.191762821989871338e-02
2.927861073083739996e+01 1.158022239644846026e-02
2.953003196193969160e+01 1.125720714444314492e-02
2.978106336846375157e+01 1.112844889305547418e-02
3.003148440777084716e+01 1.082242815129599335e-02
3.028303386126418673e+01 1.058934482006074901e-02
3.053456493440382857e+01 1.034464254408728676e-02
3.078585183944906944e+01 1.013966004236208779e-02
3.103757946070165730e+01 9.911926275403409869e-03
3.128931656795834826e+01 9.706978169014567753e-03
3.154125974608096428e+01 9.487821027104596794e-03
3.179158626791808828e+01 9.261709373956580893e-03
3.204196438636942190e+01 9.127668070195040992e-03
3.229344668057169798e+01 8.935013183146125332e-03
3.254489998018084407e+01 8.775168246722465232e-03
3.279660140319880668e+01 8.496285762626339805e-03
3.304772754686901237e+01 8.377970116852824500e-03
3.329949953441923327e+01 8.203441146981160434e-03
3.355173249539067371e+01 7.978451165129867365e-03
3.380235474142784824e+01 7.857180420226619194e-03
3.405292218889088218e+01 7.697240009474597480e-03
3.430455901572810262e+01 7.574990842787624606e-03
3.455605119154291316e+01 7.421907381589267286e-03
3.480708698418615654e+01 7.300559317886961413e-03
3.505823042281740243e+01 7.166425554653405375e-03
3.530983122122644602e+01 7.009784388250492326e-03
3.556111974160763367e+01 6.888861513489686131e-03
3.581195885960364933e+01 6.753611390378575462e-03
3.606348577968052638e+01 6.601762243900550532e-03
3.631495136683125935e+01 6.503849891409455714e-03
3.656646781331610185e+01 6.348663896833100020e-03
3.681800948534306173e+01 6.217855567192533822e-03
3.706942350460822411e+01 6.148237685591649397e-03
3.732119977997001570e+01 6.030577505303599817e-03
3.757249197135423202e+01 5.897925055340307900e-03
3.782324055213251057e+01 5.809547817165817626e-03
3.807430609684078604e+01 5.689674949184352244e-03
3.832526519371521090e+01 5.631505144317978766e-03
3.857704530181875668e+01 5.494513738440459302e-03
3.882896255048217427e+01 5.389770156382636332e-03
3.907976684424035341e+01 5.350120121457059563e-03
3.933085588900704010e+01 5.219544031012992961e-03
3.958184533965361140e+01 5.140023930368033990e-03
3.983320492881626507e+01 5.051939820064751431e-03
4.008506787586624398e+01 4.959546148085605850e-03
4.033569471078550350e+01 4.899743996507379892e-03
4.058701345074587863e+01 4.807583181083945403e-03
4.083916815834436420e+01 4.695071668942876232e-03
4.108978611092747713e+01 4.622579075788786629e-03
4.134119394692694271e+01 4.546387083511823149e-03
4.159372926482761557e+01 4.450048366166922155e-03
4.184480996230068683e+01 4.401393062027398814e-03
4.209495048714620680e+01 4.351178190769086108e-03
4.234568601474854432e+01 4.256492636962044482e-03
4.259794184898333214e+01 4.181925984126333776e-03
4.284922176444433717e+01 4.120750302140040698e-03
4.309982534096671003e+01 4.056814718167676970e-03
4.335153475414617930e+01 4.024632186654710127e-03
4.360374984514007224e+01 3.924841661662999658e-03
4.385432838732079830e+01 3.883027590379632601e-03
4.410529766549178277e+01 3.814673052042745309e-03
4.435675536456894008e+01 3.756750452413197723e-03
4.460756668584335927e+01 3.713348846550915301e-03
4.485812369927145937e+01 3.639994502132470715e-03
4.510933196139897206e+01 3.596804486564705947e-03
4.536097672816924131e+01 3.550536264058504633e-03
4.561261869099184452e+01 3.450742764856916216e-03
4.586346064304911607e+01 3.467721056756634546e-03
4.611435299895526185e+01 3.402703159524402346e-03
4.636610302009028572e+01 3.337961772467667055e-03
4.661726081402038346e+01 3.313957562248630220e-03
4.686748045926628237e+01 3.204103006811671265e-03
4.712001000143001761e+01 3.210927331449728913e-03
4.737334269293729960e+01 3.094691963183803657e-03
4.762357272554871912e+01 3.100807151195645976e-03
4.787295862859781437e+01 3.037190905145242988e-03
4.812686710231834297e+01 2.984000255749606062e-03
4.837988354528783930e+01 2.980476461366395307e-03
4.862698975964909209e+01 2.895587624298602645e-03
4.887931961662670233e+01 2.862180030282933905e-03
4.913512531690142282e+01 2.846467816166058876e-03
4.938486646957150583e+01 2.840345354521549900e-03
4.963073103205424985e+01 2.763240151724877594e-03
4.988316058859187763e+01 2.762379976427478505e-03
5.013927392651110893e+01 2.674093427277826618e-03
5.038898445289544270e+01 2.652030611857234682e-03
5.063791314200675941e+01 2.590455379895627731e-03
5.089234515763529032e+01 2.564054483033496954e-03
5.114529266359630810e+01 2.563972727120933642e-03
5.138952878242714206e+01 2.498422968142793507e-03
5.163945178601188246e+01 2.559173062657788770e-03
5.190206698624180603e+01 2.445182910852110487e-03
5.215590084722179398e+01 2.386932500126388249e-03
5.238680673191466042e+01 2.330437269952653420e-03
5.263532591009818873e+01 2.304622331372464285e-03
5.290823119436031874e+01 2.438991438444479236e-03
5.316882575050344428e+01 2.302780238894336969e-03
5.338513341050097694e+01 2.351143679130057729e-03
5.363212510227822349e+01 2.192864742533213399e-03
5.391615723351310407e+01 2.141733588485996743e-03
5.419187693011466678e+01 2.325047455703728450e-03
5.439722241285236493e+01 2.208092572609544023e-03
5.462806064877949552e+01 2.003276335033256361e-03
5.491241494336609463e+01 2.223555180220872403e-03
5.519421446932921782e+01 2.064983646882397744e-03
5.543046826972861396e+01 2.469507695814171597e-03
5.561137265256709128e+01 2.358307554437455173e-03
