3.559856489878782115e-01 8.158469478093239786e+02
6.031648866026231293e-01 1.028561262310880977e+02
8.579160745827347778e-01 7.725929689491371732e+01
1.113464310595710716e+00 5.082487620780690918e+01
1.374039914321364408e+00 3.051810758017621339e+01
1.619154704570298309e+00 2.090395452806021481e+01
1.870686673430271840e+00 1.439855089088523776e+01
2.123290040706380832e+00 1.033432455633951186e+01
2.378144976376236119e+00 8.107191355592258120e+00
2.630489925835516996e+00 5.835128213476339809e+00
2.878653162679494670e+00 4.829090753855009410e+00
3.131144366275339319e+00 4.375831228021380248e+00
3.388159578333816313e+00 3.238261891590089814e+00
3.638741848210948149e+00 2.859614544314337703e+00
3.888315910732085268e+00 2.365144405863021326e+00
4.139052155837465996e+00 1.983158848125613050e+00
4.390305777018236988e+00 1.723649371231646743e+00
4.642172339120373081e+00 1.437775875870762388e+00
4.894678666149941293e+00 1.319849986504422645e+00
5.147269052361176378e+00 1.157778413853659982e+00
5.398003206656323272e+00 1.003232974135384703e+00
5.647798235368590269e+00 8.945032347037951137e-01
5.900534302989873581e+00 7.910349283084749938e-01
6.151460297009074374e+00 7.157467038134943671e-01
6.402630176204441526e+00 6.614077810629910292e-01
6.655964674748322096e+00 5.824937084142567389e-01
6.908782583105771202e+00 5.393778612936248607e-01
7.159060853508338873e+00 4.880050178708592590e-01
7.409414762591408632e+00 4.478117228113630555e-01
7.659227149364629561e+00 4.206614447033959481e-01
7.911559474606142395e+00 3.778490646950439791e-01
8.163750941790897997e+00 3.471215734995443114e-01
8.415757210439384295e+00 3.165253183324319708e-01
8.667638839289207198e+00 2.964156391620400011e-01
8.918801124864609520e+00 2.750027053325027060e-01
9.170480108345369530e+00 2.612642981501894224e-01
9.420566033467249412e+00 2.407489107397411399e-01
9.671642335271435797e+00 2.224043378375104019e-01
9.923426157758477473e+00 2.073004779883930171e-01
1.017396902749181820e+01 1.940141619650392057e-01
1.042533700753922155e+01 1.830975968683753730e-01
1.067702948358784276e+01 1.717628199282658641e-01
1.092969337256462303e+01 1.602780719520162933e-01
1.118211872033766419e+01 1.535251336623933704e-01
1.143346516925797296e+01 1.434012612855760371e-01
1.168350508557724687e+01 1.337361104329918560e-01
1.193379937775929100e+01 1.277337424512294539e-01
1.218553055762879112e+01 1.218664045538066509e-01
1.243711650801278878e+01 1.146626010288013392e-01
1.268867268647359303e+01 1.083765747499820381e-01
1.294075027177769144e+01 1.046622388603131171e-01
1.319267287020158363e+01 9.713137767181727333e-02
1.344470571782862756e+01 9.309439044863321300e-02
1.369480150283709641e+01 8.795062526225445876e-02
1.394591277066507828e+01 8.397642408707609030e-02
1.419764645764527167e+01 7.973632367171222535e-02
1.444766774168416212e+01 7.757215678265028114e-02
1.469906835825429070e+01 7.300044751490275541e-02
1.495059118111036511e+01 7.049142452261990266e-02
1.520261612590052991e+01 6.812729163269472255e-02
1.545415944503929495e+01 6.422910125357561562e-02
1.570456072545780124e+01 6.076305198261709728e-02
1.595705800128773966e+01 5.839036674820227701e-02
1.620829297830731619e+01 5.728025861618942643e-02
1.645966591028190962e+01 5.441815107106963423e-02
1.671125708846596325e+01 5.221252826163119004e-02
1.696160259490052624e+01 4.991472418909854297e-02
1.721370276108077135e+01 4.779812315820847202e-02
1.746543424102250341e+01 4.629757099480902999e-02
1.771598473288305442e+01 4.477033995355805124e-02
1.796653767411944003e+01 4.312465844778755331e-02
1.821765658501893270e+01 4.171580839874981100e-02
1.847053788120423334e+01 4.010625106772469639e-02
1.872257696809484173e+01 3.846896750953252009e-02
1.897394097105746269e+01 3.739156352353892321e-02
1.922542454726159988e+01 3.573441935449225143e-02
1.947607703355479103e+01 3.477452117928817032e-02
1.972678839839982601e+01 3.350751483699472566e-02
1.997802698857814363e+01 3.248001378273211032e-02
2.022863620534168660e+01 3.128265684854699552e-02
2.047969598507238231e+01 3.071879539430705588e-02
2.073250439107362553e+01 2.910839450368703230e-02
2.098435855211640089e+01 2.844732128109575195e-02
2.123502923393334640e+01 2.767775557057924191e-02
2.148629411178690773e+01 2.654480555680878429e-02
2.173831825513516591e+01 2.589155187335008199e-02
2.198972260956887226e+01 2.501570505738021089e-02
2.223974971000711420e+01 2.422842493703241534e-02
2.249141870643862973e+01 2.349841009729456559e-02
2.274404614890906373e+01 2.302933817602996133e-02
2.299521835768831579e+01 2.221880246313089752e-02
2.324620084136223852e+01 2.157293513575388177e-02
2.349757798664387209e+01 2.105715037719629520e-02
2.374870488118759937e+01 2.049949509942355572e-02
2.399988781917473091e+01 2.011404293559053424e-02
2.425071646049711305e+01 1.933795321104812490e-02
2.450187830577813841e+01 1.875157141015962661e-02
2.475391093216606109e+01 1.818234584601565590e-02
2.500524226975159792e+01 1.775700334243083753e-02
2.525610980153284402e+01 1.738491323572945862e-02
2.550801425092822328e+01 1.681191170672995117e-02
2.575943113325822864e+01 1.634589629829686502e-02
2.601074166866445125e+01 1.602378787390553588e-02
2.626234447079615464e+01 1.560668042488201276e-02
2.651347712943701751e+01 1.519215516066625866e-02
2.676474177984877656e+01 1.469009098515328994e-02
2.701628079430242479e+01 1.441659674498349010e-02
2.726734205837282232e+01 1.409198373061663553e-02
2.751837013544679422e+01 1.377825809667878112e-02
2.776937726815812724e+01 1.334011618979162074e-02
2.802070160973895341e+01 1.303393512399076727e-02
2.827249982643487058e+01 1.277453500607532086e-02
2.852407603869968966e+01 1.260835065557045637e-02
2.877567300468570721e+01 1.221039229553194314e-02
2.902733523039245256e+01 1.189309553763084025e-02
2.927861073083739996e+01 1.153414937814073969e-02
2.953003196193969160e+01 1.136670755934904298e-02
2.978106336846375157e+01 1.111446588303216174e-02
3.003148440777084716e+01 1.087608363621817877e-02
3.028303386126418673e+01 1.061141185362684744e-02
3.053456493440382857e+01 1.036860919308347888e-02
3.078585183944906944e+01 1.011003428309350735e-02
3.103757946070165730e+01 9.902771687001415274e-03
3.128931656795834826e+01 9.772368494259102423e-03
3.154125974608096428e+01 9.483952667579636023e-03
3.179158626791808828e+01 9.305409104952365104e-03
3.204196438636942190e+01 9.100628717376621143e-03
3.229344668057169798e+01 8.917602532694704487e-03
3.254489998018084407e+01 8.721676903162856390e-03
3.279660140319880668e+01 8.544047976071196884e-03
3.304772754686901237e+01 8.333502441903379784e-03
3.329949953441923327e+01 8.181424251358340033e-03
3.355173249539067371e+01 8.053869839427876126e-03
3.380235474142784824e+01 7.876080069993313809e-03
3.405292218889088218e+01 7.700821021169075228e-03
3.430455901572810262e+01 7.586908460893516774e-03
3.455605119154291316e+01 7.434314694959956796e-03
3.480708698418615654e+01 7.266836016609387952e-03
3.505823042281740243e+01 7.116808354942653035e-03
3.530983122122644602e+01 6.997115819364343667e-03
3.556111974160763367e+01 6.864855718873838497e-03
3.581195885960364933e+01 6.758040416972452974e-03
3.606348577968052638e+01 6.555356457312073656e-03
3.631495136683125935e+01 6.420543376251090090e-03
3.656646781331610185e+01 6.348698146039228295e-03
3.681800948534306173e+01 6.205678781813429162e-03
3.706942350460822411e+01 6.180977891514448895e-03
3.732119977997001570e+01 5.995722475218488029e-03
3.757249197135423202e+01 5.902882926542661959e-03
3.782324055213251057e+01 5.829364828822587025e-03
3.807430609684078604e+01 5.697848394533308082e-03
3.832526519371521090e+01 5.604305436918839180e-03
3.857704530181875668e+01 5.491349710985533872e-03
3.882896255048217427e+01 5.382671409011574939e-03
3.907976684424035341e+01 5.315140142168345988e-03
3.933085588900704010e+01 5.225726056702238373e-03
3.958184533965361140e+01 5.147798712019551262e-03
3.983320492881626507e+01 5.040578015749162810e-03
4.008506787586624398e+01 4.981616670977769348e-03
4.033569471078550350e+01 4.872276631159911699e-03
4.058701345074587863e+01 4.772047190934032221e-03
4.083916815834436420e+01 4.699604288592342319e-03
4.108978611092747713e+01 4.618793928772876693e-03
4.134119394692694271e+01 4.563485534616031070e-03
4.159372926482761557e+01 4.485377177172442976e-03
4.184480996230068683e+01 4.405169577107469030e-03
4.209495048714620680e+01 4.322419847155493412e-03
4.234568601474854432e+01 4.262864792247502733e-03
4.259794184898333214e+01 4.175458416094138259e-03
4.284922176444433717e+01 4.127372804833282297e-03
4.309982534096671003e+01 4.040946406202010517e-03
4.335153475414617930e+01 3.984150358432121328e-03
4.360374984514007224e+01 3.946717988155402750e-03
4.385432838732079830e+01 3.876594008877190783e-03
4.410529766549178277e+01 3.801197081967840150e-03
4.435675536456894008e+01 3.779023754831429844e-03
4.460756668584335927e+01 3.749549706418531334e-03
4.485812369927145937e+01 3.649842605348933237e-03
4.510933196139897206e+01 3.576769496053310883e-03
4.536097672816924131e+01 3.506978698542277412e-03
4.561261869099184452e+01 3.467092864193078820e-03
4.586346064304911607e+01 3.464020553649556269e-03
4.611435299895526185e+01 3.379604595115012419e-03
4.636610302009028572e+01 3.341080357314108167e-03
4.661726081402038346e+01 3.292552002444597281e-03
4.686748045926628237e+01 3.256819865518166459e-03
4.712001000143001761e+01 3.151700760568689960e-03
4.737334269293729960e+01 3.111492131463731818e-03
4.762357272554871912e+01 3.081660118750280397e-03
4.787295862859781437e+01 3.053326139811173359e-03
4.812686710231834297e+01 3.053241856268308803e-03
4.837988354528783930e+01 2.946082192651312045e-03
4.862698975964909209e+01 2.936937684634030599e-03
4.887931961662670233e+01 2.864055870393168030e-03
4.913512531690142282e+01 2.797272857649031608e-03
4.938486646957150583e+01 2.827300143503120883e-03
4.963073103205424985e+01 2.795056918425822563e-03
4.988316058859187763e+01 2.709117955926244447e-03
5.013927392651110893e+01 2.658481418812122000e-03
5.038898445289544270e+01 2.668071024351807621e-03
5.063791314200675941e+01 2.671199815317754252e-03
5.089234515763529032e+01 2.613503425450394192e-03
5.114529266359630810e+01 2.594842194013653649e-03
5.138952878242714206e+01 2.534456167401546653e-03
5.163945178601188246e+01 2.490128387454097324e-03
5.190206698624180603e+01 2.391862688288833288e-03
5.215590084722179398e+01 2.459823359830701564e-03
5.238680673191466042e+01 2.403645456175002113e-03
5.263532591009818873e+01 2.397002881266869449e-03
5.290823119436031874e+01 2.226452554881808762e-03
5.316882575050344428e+01 2.354825203009187646e-03
5.338513341050097694e+01 2.225805059887445234e-03
5.363212510227822349e+01 2.301771551266381700e-03
5.391615723351310407e+01 2.312011108258687272e-03
5.419187693011466678e+01 2.085718435349727482e-03
5.439722241285236493e+01 2.145475503456100146e-03
5.462806064877949552e+01 1.989906959204371367e-03
5.491241494336609463e+01 2.394268163813850249e-03
5.519421446932921782e+01 2.425107618701355904e-03
5.543046826972861396e+01 2.184155646436803950e-03
5.561137265256709128e+01 6.254081051828581234e-04
