3.559856489878782115e-01 8.780761418744262983e+02
6.031648866026231293e-01 2.578817518963284101e+02
8.579160745827347778e-01 8.252774352090102639e+01
1.113464310595710716e+00 5.454506624697863515e+01
1.374039914321364408e+00 3.026265382305289720e+01
1.619154704570298309e+00 2.055780182612311791e+01
1.870686673430271840e+00 1.487810142733051144e+01
2.123290040706380832e+00 1.068290686346790785e+01
2.378144976376236119e+00 7.727071701735559905e+00
2.630489925835516996e+00 6.628150665274439746e+00
2.878653162679494670e+00 4.918683224430535184e+00
3.131144366275339319e+00 4.092962730458816090e+00
3.388159578333816313e+00 3.464704111919337581e+00
3.638741848210948149e+00 2.774079869244818308e+00
3.888315910732085268e+00 2.303783018767390001e+00
4.139052155837465996e+00 1.953976895316221984e+00
4.390305777018236988e+00 1.737281864265718179e+00
4.642172339120373081e+00 1.483388295794743073e+00
4.894678666149941293e+00 1.305123700874991632e+00
5.147269052361176378e+00 1.112305590973105662e+00
5.398003206656323272e+00 9.911471083280144478e-01
5.647798235368590269e+00 8.897608895876910617e-01
5.900534302989873581e+00 8.012934981370355425e-01
6.151460297009074374e+00 7.023950601509147962e-01
6.402630176204441526e+00 6.427128253040271799e-01
6.655964674748322096e+00 5.775002540101283888e-01
6.908782583105771202e+00 5.270552649873515572e-01
7.159060853508338873e+00 4.720624635211222997e-01
7.409414762591408632e+00 4.430212124205789581e-01
7.659227149364629561e+00 4.120414453917477515e-01
7.911559474606142395e+00 3.653946261433959064e-01
8.163750941790897997e+00 3.456845608058211616e-01
8.415757210439384295e+00 3.085597265369685593e-01
8.667638839289207198e+00 2.906540773080345530e-01
8.918801124864609520e+00 2.743616308522502933e-01
9.170480108345369530e+00 2.643105326171698577e-01
9.420566033467249412e+00 2.328530784563509204e-01
9.671642335271435797e+00 2.235222251123638870e-01
9.923426157758477473e+00 2.054535877287486656e-01
1.017396902749181820e+01 1.944909330818234416e-01
1.042533700753922155e+01 1.828890174225224763e-01
1.067702948358784276e+01 1.720634881919817227e-01
1.092969337256462303e+01 1.614208374033411497e-01
1.118211872033766419e+01 1.493627592561179718e-01
1.143346516925797296e+01 1.422663141375701823e-01
1.168350508557724687e+01 1.352245160985602046e-01
1.193379937775929100e+01 1.278571286176100608e-01
1.218553055762879112e+01 1.208912267618740960e-01
1.243711650801278878e+01 1.135270999348832188e-01
1.268867268647359303e+01 1.090956723076942220e-01
1.294075027177769144e+01 1.029184675994599674e-01
1.319267287020158363e+01 9.757501930175074834e-02
1.344470571782862756e+01 9.259487757928316909e-02
1.369480150283709641e+01 8.778968595150153653e-02
1.394591277066507828e+01 8.481156838248035679e-02
1.419764645764527167e+01 8.044481492592382710e-02
1.444766774168416212e+01 7.757110674635914194e-02
1.469906835825429070e+01 7.387169659713690995e-02
1.495059118111036511e+01 7.025866689194786019e-02
1.520261612590052991e+01 6.726625063119642811e-02
1.545415944503929495e+01 6.442168312324050850e-02
1.570456072545780124e+01 6.124809400909068946e-02
1.595705800128773966e+01 5.845610734679421855e-02
1.620829297830731619e+01 5.586861182689846494e-02
1.645966591028190962e+01 5.403950131821503439e-02
1.671125708846596325e+01 5.242998608172839969e-02
1.696160259490052624e+01 5.002787216673178911e-02
1.721370276108077135e+01 4.861025397818255489e-02
1.746543424102250341e+01 4.681959438948696262e-02
1.771598473288305442e+01 4.509605398385501535e-02
1.796653767411944003e+01 4.282525232847277791e-02
1.821765658501893270e+01 4.152122283190249480e-02
1.847053788120423334e+01 4.019578689712677289e-02
1.872257696809484173e+01 3.887801874992124346e-02
1.897394097105746269e+01 3.753630224041046987e-02
1.922542454726159988e+01 3.584579023549475801e-02
1.947607703355479103e+01 3.509390648404939889e-02
1.972678839839982601e+01 3.335610244313329253e-02
1.997802698857814363e+01 3.233977978881222987e-02
2.022863620534168660e+01 3.142154522200353572e-02
2.047969598507238231e+01 3.034205321796750593e-02
2.073250439107362553e+01 2.937198171661754148e-02
2.098435855211640089e+01 2.853422540182153772e-02
2.123502923393334640e+01 2.765872325097558718e-02
2.148629411178690773e+01 2.684957513923856912e-02
2.173831825513516591e+01 2.604217162637355309e-02
2.198972260956887226e+01 2.504849282579659289e-02
2.223974971000711420e+01 2.418561530726793390e-02
2.249141870643862973e+01 2.376673502496315371e-02
2.274404614890906373e+01 2.288753444693912911e-02
2.299521835768831579e+01 2.224915043904353990e-02
2.324620084136223852e+01 2.152934321237838511e-02
2.349757798664387209e+01 2.100601929196474135e-02
2.374870488118759937e+01 2.050312924717712093e-02
2.399988781917473091e+01 1.983579854840808107e-02
2.425071646049711305e+01 1.933865616900236686e-02
2.450187830577813841e+01 1.865441078144785061e-02
2.475391093216606109e+01 1.835678407583321917e-02
2.500524226975159792e+01 1.773352262144264543e-02
2.525610980153284402e+01 1.722054577877877440e-02
2.550801425092822328e+01 1.683962622746488016e-02
2.575943113325822864e+01 1.648006117333422615e-02
2.601074166866445125e+01 1.607103381341937545e-02
2.626234447079615464e+01 1.567268749881956663e-02
2.651347712943701751e+01 1.509636436377377253e-02
2.676474177984877656e+01 1.481693493758152319e-02
2.701628079430242479e+01 1.444515004612625074e-02
2.726734205837282232e+01 1.412275016767330048e-02
2.751837013544679422e+01 1.364369830781747388e-02
2.776937726815812724e+01 1.341784548921238877e-02
2.802070160973895341e+01 1.310662593308316998e-02
2.827249982643487058e+01 1.277579840258035067e-02
2.852407603869968966e+01 1.248832006926217132e-02
2.877567300468570721e+01 1.214527245942944103e-02
2.902733523039245256e+01 1.187544393043760659e-02
2.927861073083739996e+01 1.163211398670421608e-02
2.953003196193969160e+01 1.135502372805098116e-02
2.978106336846375157e+01 1.112538624684615736e-02
3.003148440777084716e+01 1.085922660861793343e-02
3.028303386126418673e+01 1.056115061271600646e-02
3.053456493440382857e+01 1.039398862491251567e-02
3.078585183944906944e+01 1.021127943386875014e-02
3.103757946070165730e+01 9.823493791215128987e-03
3.128931656795834826e+01 9.704776752516370425e-03
3.154125974608096428e+01 9.462804876744198082e-03
3.179158626791808828e+01 9.227430048130794496e-03
3.204196438636942190e+01 9.104766108685236406e-03
3.229344668057169798e+01 8.894042741460796847e-03
3.254489998018084407e+01 8.719993933190580901e-03
3.279660140319880668e+01 8.502305901289069351e-03
3.304772754686901237e+01 8.384407700498835991e-03
3.329949953441923327e+01 8.228256505844683613e-03
3.355173249539067371e+01 8.048606802894736623e-03
3.380235474142784824e+01 7.854110618610282007e-03
3.405292218889088218e+01 7.718879356542050763e-03
3.430455901572810262e+01 7.575962215456431663e-03
3.455605119154291316e+01 7.413453045585455953e-03
3.480708698418615654e+01 7.289036363421790531e-03
3.505823042281740243e+01 7.095549618635846149e-03
3.530983122122644602e+01 6.988084234548918791e-03
3.556111974160763367e+01 6.898270422946351302e-03
3.581195885960364933e+01 6.752731738992699163e-03
3.606348577968052638e+01 6.605275550973017072e-03
3.631495136683125935e+01 6.476542009281017857e-03
3.656646781331610185e+01 6.312669071976568722e-03
3.681800948534306173e+01 6.250627573117466598e-03
3.706942350460822411e+01 6.098273850717437876e-03
3.732119977997001570e+01 6.013747039802654938e-03
3.757249197135423202e+01 5.863723321629408375e-03
3.782324055213251057e+01 5.801965906657451447e-03
3.807430609684078604e+01 5.693384006429710181e-03
3.832526519371521090e+01 5.608353289461599604e-03
3.857704530181875668e+01 5.523045936627964288e-03
3.882896255048217427e+01 5.396165001068528588e-03
3.907976684424035341e+01 5.311187424027022895e-03
3.933085588900704010e+01 5.230821595977363896e-03
3.958184533965361140e+01 5.129088841819565842e-03
3.983320492881626507e+01 5.041162711876087665e-03
4.008506787586624398e+01 4.954266799634053121e-03
4.033569471078550350e+01 4.879947535194741753e-03
4.058701345074587863e+01 4.765760533079511918e-03
4.083916815834436420e+01 4.732686702847078118e-03
4.108978611092747713e+01 4.649447436833070713e-03
4.134119394692694271e+01 4.512606336255219584e-03
4.159372926482761557e+01 4.481734637560187175e-03
4.184480996230068683e+01 4.415316554528577429e-03
4.209495048714620680e+01 4.332100607171597909e-03
4.234568601474854432e+01 4.261079534087686485e-03
4.259794184898333214e+01 4.192692877162862777e-03
4.284922176444433717e+01 4.107297319567639916e-03
4.309982534096671003e+01 4.096977090853355132e-03
4.335153475414617930e+01 4.007814827279704978e-03
4.360374984514007224e+01 3.915558028446162499e-03
4.385432838732079830e+01 3.871013844170823493e-03
4.410529766549178277e+01 3.846512138488030353e-03
4.435675536456894008e+01 3.743063924013272179e-03
4.460756668584335927e+01 3.709517832484795791e-03
4.485812369927145937e+01 3.655326064174784385e-03
4.510933196139897206e+01 3.592771986998791103e-03
4.536097672816924131e+01 3.516549194952432993e-03
4.561261869099184452e+01 3.461076151745027998e-03
4.586346064304911607e+01 3.438193523604962318e-03
4.611435299895526185e+01 3.392602195596203934e-03
4.636610302009028572e+01 3.323745278941912015e-03
4.661726081402038346e+01 3.249824065111129711e-03
4.686748045926628237e+01 3.254747792873993132e-03
4.712001000143001761e+01 3.217289560416210312e-03
4.737334269293729960e+01 3.102502132671401680e-03
4.762357272554871912e+01 3.143613009031395386e-03
4.787295862859781437e+01 3.071194100465442136e-03
4.812686710231834297e+01 2.968669314650685884e-03
4.837988354528783930e+01 2.929936361251028829e-03
4.862698975964909209e+01 2.911829688982568807e-03
4.887931961662670233e+01 2.882778931080299135e-03
4.913512531690142282e+01 2.859460960178894159e-03
4.938486646957150583e+01 2.785841360099211138e-03
4.963073103205424985e+01 2.766627348678379807e-03
4.988316058859187763e+01 2.732690452120891365e-03
5.013927392651110893e+01 2.685760405622131079e-03
5.038898445289544270e+01 2.662199480326233290e-03
5.063791314200675941e+01 2.675115331797149262e-03
5.089234515763529032e+01 2.576766840595978540e-03
5.114529266359630810e+01 2.505474934033509113e-03
5.138952878242714206e+01 2.506989288259296907e-03
5.163945178601188246e+01 2.399621832779038656e-03
5.190206698624180603e+01 2.403630242546167094e-03
5.215590084722179398e+01 2.486014955297352873e-03
5.238680673191466042e+01 2.466262284192491036e-03
5.263532591009818873e+01 2.440853493958461146e-03
5.290823119436031874e+01 2.343584877726054283e-03
5.316882575050344428e+01 2.326603909171106894e-03
5.338513341050097694e+01 2.366268201552185462e-03
5.363212510227822349e+01 2.280847079322615659e-03
5.391615723351310407e+01 2.325089496825364505e-03
5.419187693011466678e+01 2.064450938438353728e-03
5.439722241285236493e+01 2.110678490868854191e-03
5.462806064877949552e+01 2.271801231998609935e-03
5.491241494336609463e+01 2.586301180368989327e-03
5.519421446932921782e+01 2.183078182397358690e-03
5.543046826972861396e+01 9.719996101248474293e-04
5.561137265256709128e+01 3.246799768703567679e-03
