3.559856489878782115e-01 5.231768851054343941e+02
6.031648866026231293e-01 1.877390123908438113e+02
8.579160745827347778e-01 8.343088149060747583e+01
1.113464310595710716e+00 5.279487274284468867e+01
1.374039914321364408e+00 3.140015466148126322e+01
1.619154704570298309e+00 2.009651282853435816e+01
1.870686673430271840e+00 1.526342794875326980e+01
2.123290040706380832e+00 1.025367480478041848e+01
2.378144976376236119e+00 7.474082787167692921e+00
2.630489925835516996e+00 6.104528777920516625e+00
2.878653162679494670e+00 5.046579865263927545e+00
3.131144366275339319e+00 4.002625343683454240e+00
3.388159578333816313e+00 3.323111437969416215e+00
3.638741848210948149e+00 2.757139433349738322e+00
3.888315910732085268e+00 2.283783805088498653e+00
4.139052155837465996e+00 1.970626156784521354e+00
4.390305777018236988e+00 1.680144775529955226e+00
4.642172339120373081e+00 1.474619141683072510e+00
4.894678666149941293e+00 1.257688600543328539e+00
5.147269052361176378e+00 1.141311554494842229e+00
5.398003206656323272e+00 1.026821078806505305e+00
5.647798235368590269e+00 8.927457679729255968e-01
5.900534302989873581e+00 7.883830947646504050e-01
6.151460297009074374e+00 7.358472865629455129e-01
6.402630176204441526e+00 6.562389544360581750e-01
6.655964674748322096e+00 5.934023127107118656e-01
6.908782583105771202e+00 5.276491253276279769e-01
7.159060853508338873e+00 4.683782971934015160e-01
7.409414762591408632e+00 4.442869910447947435e-01
7.659227149364629561e+00 4.083910087024313351e-01
7.911559474606142395e+00 3.705127703998905564e-01
8.163750941790897997e+00 3.450536161111744105e-01
8.415757210439384295e+00 3.227160286287151236e-01
8.667638839289207198e+00 2.985533538355859551e-01
8.918801124864609520e+00 2.735822826983519418e-01
9.170480108345369530e+00 2.558678268264485967e-01
9.420566033467249412e+00 2.380459562977542964e-01
9.671642335271435797e+00 2.265121746088152865e-01
9.923426157758477473e+00 2.028807248933185425e-01
1.017396902749181820e+01 1.949989650766024984e-01
1.042533700753922155e+01 1.849017675569068209e-01
1.067702948358784276e+01 1.708669151440168898e-01
1.092969337256462303e+01 1.598329269207941772e-01
1.118211872033766419e+01 1.520253972529373443e-01
1.143346516925797296e+01 1.431398580821145461e-01
1.168350508557724687e+01 1.339928759163145355e-01
1.193379937775929100e+01 1.268223332206148690e-01
1.218553055762879112e+01 1.221509296041490278e-01
1.243711650801278878e+01 1.134845468941850927e-01
1.268867268647359303e+01 1.074065036546710955e-01
1.294075027177769144e+01 1.036272784076540387e-01
1.319267287020158363e+01 9.711440350848539460e-02
1.344470571782862756e+01 9.381218475537674018e-02
1.369480150283709641e+01 8.878985531448786717e-02
1.394591277066507828e+01 8.476517781466960666e-02
1.419764645764527167e+01 7.956787087205562103e-02
1.444766774168416212e+01 7.806862262680026865e-02
1.469906835825429070e+01 7.391043111330426740e-02
1.495059118111036511e+01 6.977501645266945274e-02
1.520261612590052991e+01 6.698456568219959828e-02
1.545415944503929495e+01 6.421422158748806008e-02
1.570456072545780124e+01 6.166534562764638266e-02
1.595705800128773966e+01 5.854105440350042960e-02
1.620829297830731619e+01 5.636408803859802030e-02
1.645966591028190962e+01 5.472461967450793774e-02
1.671125708846596325e+01 5.166706568231248936e-02
1.696160259490052624e+01 5.090152718410618365e-02
1.721370276108077135e+01 4.847586995523035097e-02
1.746543424102250341e+01 4.697103845803294458e-02
1.771598473288305442e+01 4.485379757951309804e-02
1.796653767411944003e+01 4.338681993163030076e-02
1.821765658501893270e+01 4.149770918803530328e-02
1.847053788120423334e+01 4.010418219745060658e-02
1.872257696809484173e+01 3.903335945610503233e-02
1.897394097105746269e+01 3.738191338042304301e-02
1.922542454726159988e+01 3.609382375445593927e-02
1.947607703355479103e+01 3.478381498510810244e-02
1.972678839839982601e+01 3.344854092713401422e-02
1.997802698857814363e+01 3.242879659978342710e-02
2.022863620534168660e+01 3.149810523754362213e-02
2.047969598507238231e+01 3.003838585443633497e-02
2.073250439107362553e+01 2.954509245961977129e-02
2.098435855211640089e+01 2.849126452717025415e-02
2.123502923393334640e+01 2.754337692941927207e-02
2.148629411178690773e+01 2.656358237760524099e-02
2.173831825513516591e+01 2.578010186508627663e-02
2.198972260956887226e+01 2.524023186493043469e-02
2.223974971000711420e+01 2.432316037515414031e-02
2.249141870643862973e+01 2.371215319454260048e-02
2.274404614890906373e+01 2.302775901430565222e-02
2.299521835768831579e+01 2.238100827451730904e-02
2.324620084136223852e+01 2.167005215648560787e-02
2.349757798664387209e+01 2.099268729128855523e-02
2.374870488118759937e+01 2.048316453686548425e-02
2.399988781917473091e+01 1.980932790247389580e-02
2.425071646049711305e+01 1.940348842989927935e-02
2.450187830577813841e+01 1.880217662520655003e-02
2.475391093216606109e+01 1.818786577119509834e-02
2.500524226975159792e+01 1.772402765403892355e-02
2.525610980153284402e+01 1.733078658797651897e-02
2.550801425092822328e+01 1.679679996101934511e-02
2.575943113325822864e+01 1.632428708130934103e-02
2.601074166866445125e+01 1.592943078955039171e-02
2.626234447079615464e+01 1.561448790948108054e-02
2.651347712943701751e+01 1.522547094618689235e-02
2.676474177984877656e+01 1.479631631527151235e-02
2.701628079430242479e+01 1.438233598625041944e-02
2.726734205837282232e+01 1.417110225056892638e-02
2.751837013544679422e+01 1.368483489901471846e-02
2.776937726815812724e+01 1.338624236104597742e-02
2.802070160973895341e+01 1.304079068723276204e-02
2.827249982643487058e+01 1.278467429926561164e-02
2.852407603869968966e+01 1.241598580462343997e-02
2.877567300468570721e+01 1.217222211032487761e-02
2.902733523039245256e+01 1.194070151775185676e-02
2.927861073083739996e+01 1.163107044300359764e-02
2.953003196193969160e+01 1.135909663224046739e-02
2.978106336846375157e+01 1.110604723101496841e-02
3.003148440777084716e+01 1.080111401285115472e-02
3.028303386126418673e+01 1.061516642094685083e-02
3.053456493440382857e+01 1.034365678973520053e-02
3.078585183944906944e+01 1.011292040275635525e-02
3.103757946070165730e+01 9.948828118263572384e-03
3.128931656795834826e+01 9.720959669555835625e-03
3.154125974608096428e+01 9.508969672964509567e-03
3.179158626791808828e+01 9.324519824644108071e-03
3.204196438636942190e+01 9.118529699706667824e-03
3.229344668057169798e+01 8.921375731587462971e-03
3.254489998018084407e+01 8.739759365252560558e-03
3.279660140319880668e+01 8.556519525934207920e-03
3.304772754686901237e+01 8.331566291553930623e-03
3.329949953441923327e+01 8.184540331847397349e-03
3.355173249539067371e+01 8.003107231080209411e-03
3.380235474142784824e+01 7.854139400911421681e-03
3.405292218889088218e+01 7.695082936016289440e-03
3.430455901572810262e+01 7.540384231645294762e-03
3.455605119154291316e+01 7.431525633507415386e-03
3.480708698418615654e+01 7.271029392365428376e-03
3.505823042281740243e+01 7.139008762787672074e-03
3.530983122122644602e+01 6.987345687830734051e-03
3.556111974160763367e+01 6.865002868566724009e-03
3.581195885960364933e+01 6.722355153005298706e-03
3.606348577968052638e+01 6.579813785245957995e-03
3.631495136683125935e+01 6.438863595304559519e-03
3.656646781331610185e+01 6.404765878282251378e-03
3.681800948534306173e+01 6.254110772094620234e-03
3.706942350460822411e+01 6.084649206953452773e-03
3.732119977997001570e+01 5.992567585470408124e-03
3.757249197135423202e+01 5.923800132871897411e-03
3.782324055213251057e+01 5.832408336975178527e-03
3.807430609684078604e+01 5.678575239050504160e-03
3.832526519371521090e+01 5.603755229729921045e-03
3.857704530181875668e+01 5.520828466456482141e-03
3.882896255048217427e+01 5.383447824755557658e-03
3.907976684424035341e+01 5.305197833702160470e-03
3.933085588900704010e+01 5.229179600987266495e-03
3.958184533965361140e+01 5.116056715507973085e-03
3.983320492881626507e+01 5.052229273634243831e-03
4.008506787586624398e+01 4.958990528475685881e-03
4.033569471078550350e+01 4.867953627383123268e-03
4.058701345074587863e+01 4.794066545260993080e-03
4.083916815834436420e+01 4.730521135553753670e-03
4.108978611092747713e+01 4.650835246170089386e-03
4.134119394692694271e+01 4.573955006615280580e-03
4.159372926482761557e+01 4.489523556942274021e-03
4.184480996230068683e+01 4.424770016021328974e-03
4.209495048714620680e+01 4.320998885532628501e-03
4.234568601474854432e+01 4.252180725743366814e-03
4.259794184898333214e+01 4.221491773109881628e-03
4.284922176444433717e+01 4.138037494556693133e-03
4.309982534096671003e+01 4.062635561536733116e-03
4.335153475414617930e+01 3.983613375431512699e-03
4.360374984514007224e+01 3.933803842427071283e-03
4.385432838732079830e+01 3.885574561687449302e-03
4.410529766549178277e+01 3.826420339480163246e-03
4.435675536456894008e+01 3.747491208660172837e-03
4.460756668584335927e+01 3.685753768318913645e-03
4.485812369927145937e+01 3.634608106012042136e-03
4.510933196139897206e+01 3.617813090659019026e-03
4.536097672816924131e+01 3.515225551882242890e-03
4.561261869099184452e+01 3.501657680966825063e-03
4.586346064304911607e+01 3.456088503408449430e-03
4.611435299895526185e+01 3.376936914738812127e-03
4.636610302009028572e+01 3.334247892687907354e-03
4.661726081402038346e+01 3.211510950055744464e-03
4.686748045926628237e+01 3.265585796946272098e-03
4.712001000143001761e+01 3.201121395737479593e-03
4.737334269293729960e+01 3.139787651591559141e-03
4.762357272554871912e+01 3.027565187272515494e-03
4.787295862859781437e+01 3.033526744848175256e-03
4.812686710231834297e+01 2.996692994931583320e-03
4.837988354528783930e+01 2.929537554695289120e-03
4.862698975964909209e+01 2.963537088410809085e-03
4.887931961662670233e+01 2.908773938752455025e-03
4.913512531690142282e+01 2.834121323839628066e-03
4.938486646957150583e+01 2.796677055915203474e-03
4.963073103205424985e+01 2.755366506899753053e-03
4.988316058859187763e+01 2.709113567175099827e-03
5.013927392651110893e+01 2.700489387509314495e-03
5.038898445289544270e+01 2.712591745516290936e-03
5.063791314200675941e+01 2.687586269225594564e-03
5.089234515763529032e+01 2.504010656932529732e-03
5.114529266359630810e+01 2.526108702683212397e-03
5.138952878242714206e+01 2.469694420022193384e-03
5.163945178601188246e+01 2.527567112274443310e-03
5.190206698624180603e+01 2.492547365547756032e-03
5.215590084722179398e+01 2.409651217810294607e-03
5.238680673191466042e+01 2.380979413939352494e-03
5.263532591009818873e+01 2.292800830281346500e-03
5.290823119436031874e+01 2.289588836998734597e-03
5.316882575050344428e+01 2.314562719114827190e-03
5.338513341050097694e+01 2.099262481976533080e-03
5.363212510227822349e+01 2.216894190043635846e-03
5.391615723351310407e+01 2.070198780801540267e-03
5.419187693011466678e+01 2.241354786935424465e-03
5.439722241285236493e+01 2.338125272120776359e-03
5.462806064877949552e+01 1.884101452933860561e-03
5.491241494336609463e+01 2.007518005144666180e-03
5.519421446932921782e+01 1.948915229805481784e-03
5.543046826972861396e+01 2.012722430980312845e-03
5.561137265256709128e+01 5.018386521266424670e-03
