3.559856489878782115e-01 5.944133792595720251e+02
6.031648866026231293e-01 1.786679612896141975e+02
8.579160745827347778e-01 8.198953002432797632e+01
1.113464310595710716e+00 4.797877510203131379e+01
1.374039914321364408e+00 3.147618785580480605e+01
1.619154704570298309e+00 2.062624779897231164e+01
1.870686673430271840e+00 1.470110871414314957e+01
2.123290040706380832e+00 9.795387331629330063e+00
2.378144976376236119e+00 7.904899740699553590e+00
2.630489925835516996e+00 6.318561889087579431e+00
2.878653162679494670e+00 5.124872906178984167e+00
3.131144366275339319e+00 4.060482127574212896e+00
3.388159578333816313e+00 3.313201393976267006e+00
3.638741848210948149e+00 2.691397206229908523e+00
3.888315910732085268e+00 2.266276434833526476e+00
4.139052155837465996e+00 2.042845035964040434e+00
4.390305777018236988e+00 1.731406028016805987e+00
4.642172339120373081e+00 1.536138127934688180e+00
4.894678666149941293e+00 1.299224392213052193e+00
5.147269052361176378e+00 1.102488208625154620e+00
5.398003206656323272e+00 1.018394710887528865e+00
5.647798235368590269e+00 9.352830495668122968e-01
5.900534302989873581e+00 7.913239031764143228e-01
6.151460297009074374e+00 7.085395292223791719e-01
6.402630176204441526e+00 6.437519998689289480e-01
6.655964674748322096e+00 5.891461206957139263e-01
6.908782583105771202e+00 5.199005666089908662e-01
7.159060853508338873e+00 4.793940921670938327e-01
7.409414762591408632e+00 4.331976554102637267e-01
7.659227149364629561e+00 4.048530093183930201e-01
7.911559474606142395e+00 3.706745219318348106e-01
8.163750941790897997e+00 3.386635913861199554e-01
8.415757210439384295e+00 3.250198487913274481e-01
8.667638839289207198e+00 2.943673165824255977e-01
8.918801124864609520e+00 2.726686826836932642e-01
9.170480108345369530e+00 2.563993020053779714e-01
9.420566033467249412e+00 2.415277850238001234e-01
9.671642335271435797e+00 2.201723569894160903e-01
9.923426157758477473e+00 2.058481052350486784e-01
1.017396902749181820e+01 1.910345740728281450e-01
1.042533700753922155e+01 1.836691803781503041e-01
1.067702948358784276e+01 1.722367987721002691e-01
1.092969337256462303e+01 1.612558552173102844e-01
1.118211872033766419e+01 1.499037222544466474e-01
1.143346516925797296e+01 1.420740240574205060e-01
1.168350508557724687e+01 1.359789237505377446e-01
1.193379937775929100e+01 1.281748067999422258e-01
1.218553055762879112e+01 1.205117186056162137e-01
1.243711650801278878e+01 1.142704950443387407e-01
1.268867268647359303e+01 1.083463978406246087e-01
1.294075027177769144e+01 1.028211628166283698e-01
1.319267287020158363e+01 9.648562678833449979e-02
1.344470571782862756e+01 9.404389516194779086e-02
1.369480150283709641e+01 8.844715534176171567e-02
1.394591277066507828e+01 8.534491373620811672e-02
1.419764645764527167e+01 8.122991458214016969e-02
1.444766774168416212e+01 7.714495358858890206e-02
1.469906835825429070e+01 7.340417926991153752e-02
1.495059118111036511e+01 7.039577574696356810e-02
1.520261612590052991e+01 6.799029371223093421e-02
1.545415944503929495e+01 6.414367699270510925e-02
1.570456072545780124e+01 6.174456099006296605e-02
1.595705800128773966e+01 5.840927679734412431e-02
1.620829297830731619e+01 5.625072564045481560e-02
1.645966591028190962e+01 5.459486295866756295e-02
1.671125708846596325e+01 5.217774309463062837e-02
1.696160259490052624e+01 5.035154317497532450e-02
1.721370276108077135e+01 4.831256226280818827e-02
1.746543424102250341e+01 4.639678892019933470e-02
1.771598473288305442e+01 4.475767060934585789e-02
1.796653767411944003e+01 4.296654294186535994e-02
1.821765658501893270e+01 4.173008837662600667e-02
1.847053788120423334e+01 3.978491354790157641e-02
1.872257696809484173e+01 3.839340258690544100e-02
1.897394097105746269e+01 3.740306424160289717e-02
1.922542454726159988e+01 3.628500186598406646e-02
1.947607703355479103e+01 3.495331272296527125e-02
1.972678839839982601e+01 3.350825366846803266e-02
1.997802698857814363e+01 3.229290495704007641e-02
2.022863620534168660e+01 3.124387150175312808e-02
2.047969598507238231e+01 3.017271170803152366e-02
2.073250439107362553e+01 2.907772348851014876e-02
2.098435855211640089e+01 2.844689403072201556e-02
2.123502923393334640e+01 2.756324211516565648e-02
2.148629411178690773e+01 2.677703811193840600e-02
2.173831825513516591e+01 2.582996295572693307e-02
2.198972260956887226e+01 2.519384898825946517e-02
2.223974971000711420e+01 2.451536620683371706e-02
2.249141870643862973e+01 2.368348653690134295e-02
2.274404614890906373e+01 2.299755906280311762e-02
2.299521835768831579e+01 2.210913027148406207e-02
2.324620084136223852e+01 2.155965963538317501e-02
2.349757798664387209e+01 2.088697629338558473e-02
2.374870488118759937e+01 2.050661846628834550e-02
2.399988781917473091e+01 1.979752186102713349e-02
2.425071646049711305e+01 1.919572198343591496e-02
2.450187830577813841e+01 1.869077597164408092e-02
2.475391093216606109e+01 1.833535286656953756e-02
2.500524226975159792e+01 1.778514545514158982e-02
2.525610980153284402e+01 1.741958845363594452e-02
2.550801425092822328e+01 1.681736355222400794e-02
2.575943113325822864e+01 1.637540751445202419e-02
2.601074166866445125e+01 1.602237110400545408e-02
2.626234447079615464e+01 1.562483782770719525e-02
2.651347712943701751e+01 1.526286237804098597e-02
2.676474177984877656e+01 1.478375596479998555e-02
2.701628079430242479e+01 1.435062517012098207e-02
2.726734205837282232e+01 1.404263144351532502e-02
2.751837013544679422e+01 1.365478809162872648e-02
2.776937726815812724e+01 1.338437926439345685e-02
2.802070160973895341e+01 1.299167689714187529e-02
2.827249982643487058e+01 1.278714325366305145e-02
2.852407603869968966e+01 1.254885802354900950e-02
2.877567300468570721e+01 1.221773352775046631e-02
2.902733523039245256e+01 1.194533986231370234e-02
2.927861073083739996e+01 1.161619594988101169e-02
2.953003196193969160e+01 1.132864063204791320e-02
2.978106336846375157e+01 1.115917409722116949e-02
3.003148440777084716e+01 1.085515710496235200e-02
3.028303386126418673e+01 1.062980386339029346e-02
3.053456493440382857e+01 1.039581863907922468e-02
3.078585183944906944e+01 1.011032682846841994e-02
3.103757946070165730e+01 9.852772073913849959e-03
3.128931656795834826e+01 9.716228943884909833e-03
3.154125974608096428e+01 9.527389548763788574e-03
3.179158626791808828e+01 9.261426995853779334e-03
3.204196438636942190e+01 9.068888450240942395e-03
3.229344668057169798e+01 8.942864230299125278e-03
3.254489998018084407e+01 8.683210498535541208e-03
3.279660140319880668e+01 8.587622214131946166e-03
3.304772754686901237e+01 8.414354265683248596e-03
3.329949953441923327e+01 8.211043415648213231e-03
3.355173249539067371e+01 8.083455566751773791e-03
3.380235474142784824e+01 7.843832580745611557e-03
3.405292218889088218e+01 7.654441623704581581e-03
3.430455901572810262e+01 7.545662652208416470e-03
3.455605119154291316e+01 7.485969580548884443e-03
3.480708698418615654e+01 7.250691560824161497e-03
3.505823042281740243e+01 7.094817231500459218e-03
3.530983122122644602e+01 6.986465808301038811e-03
3.556111974160763367e+01 6.929911196743590573e-03
3.581195885960364933e+01 6.724544411567395449e-03
3.606348577968052638e+01 6.624365667242168750e-03
3.631495136683125935e+01 6.470194182548342186e-03
3.656646781331610185e+01 6.361884387012473226e-03
3.681800948534306173e+01 6.248199700616458366e-03
3.706942350460822411e+01 6.153194592306285467e-03
3.732119977997001570e+01 6.004293447452929700e-03
3.757249197135423202e+01 5.942697028103898806e-03
3.782324055213251057e+01 5.821705289122809830e-03
3.807430609684078604e+01 5.697578913123320897e-03
3.832526519371521090e+01 5.568828029178159514e-03
3.857704530181875668e+01 5.500666799792218106e-03
3.882896255048217427e+01 5.413486896202553481e-03
3.907976684424035341e+01 5.315378180741810350e-03
3.933085588900704010e+01 5.222107004488772339e-03
3.958184533965361140e+01 5.140038776249431472e-03
3.983320492881626507e+01 5.001443045710018617e-03
4.008506787586624398e+01 4.943591534631144695e-03
4.033569471078550350e+01 4.883829111439593786e-03
4.058701345074587863e+01 4.773229642193898246e-03
4.083916815834436420e+01 4.710298447747842190e-03
4.108978611092747713e+01 4.649439386294219705e-03
4.134119394692694271e+01 4.552312271085690552e-03
4.159372926482761557e+01 4.493838760986718951e-03
4.184480996230068683e+01 4.414702559632923719e-03
4.209495048714620680e+01 4.354832747961158608e-03
4.234568601474854432e+01 4.252056164879169931e-03
4.259794184898333214e+01 4.170617601268211162e-03
4.284922176444433717e+01 4.142215059851902387e-03
4.309982534096671003e+01 4.074656589991725031e-03
4.335153475414617930e+01 3.998549011243488459e-03
4.360374984514007224e+01 3.957796904474675248e-03
4.385432838732079830e+01 3.852052868942175932e-03
4.410529766549178277e+01 3.802395531262991145e-03
4.435675536456894008e+01 3.790094350880718072e-03
4.460756668584335927e+01 3.716660049206868283e-03
4.485812369927145937e+01 3.617522005683559277e-03
4.510933196139897206e+01 3.615883105802406190e-03
4.536097672816924131e+01 3.550894190942724925e-03
4.561261869099184452e+01 3.487191021791818946e-03
4.586346064304911607e+01 3.405865893456972576e-03
4.611435299895526185e+01 3.387867085639161696e-03
4.636610302009028572e+01 3.340815243712503321e-03
4.661726081402038346e+01 3.237193743494141875e-03
4.686748045926628237e+01 3.236727600796695820e-03
4.712001000143001761e+01 3.191231141601271176e-03
4.737334269293729960e+01 3.178920127927251701e-03
4.762357272554871912e+01 3.024550492107856182e-03
4.787295862859781437e+01 3.041763867552658897e-03
4.812686710231834297e+01 3.056916563994433421e-03
4.837988354528783930e+01 3.019066834584540303e-03
4.862698975964909209e+01 2.938007342089798621e-03
4.887931961662670233e+01 2.823862448396419721e-03
4.913512531690142282e+01 2.857957153208094594e-03
4.938486646957150583e+01 2.805114105362039451e-03
4.963073103205424985e+01 2.735504729657784427e-03
4.988316058859187763e+01 2.703386716475658647e-03
5.013927392651110893e+01 2.710589336762748557e-03
5.038898445289544270e+01 2.686603120247462242e-03
5.063791314200675941e+01 2.566227757980951794e-03
5.089234515763529032e+01 2.521667161185791716e-03
5.114529266359630810e+01 2.600386948024796356e-03
5.138952878242714206e+01 2.543636335775619275e-03
5.163945178601188246e+01 2.539611922262696546e-03
5.190206698624180603e+01 2.452875615979629911e-03
5.215590084722179398e+01 2.418057182836473758e-03
5.238680673191466042e+01 2.386628548044674326e-03
5.263532591009818873e+01 2.308391788013627790e-03
5.290823119436031874e+01 2.320284486952920409e-03
5.316882575050344428e+01 2.256512332402733825e-03
5.338513341050097694e+01 2.302096455976455815e-03
5.363212510227822349e+01 2.192608349395187665e-03
5.391615723351310407e+01 2.090904823682378146e-03
5.419187693011466678e+01 2.337817744820472939e-03
5.439722241285236493e+01 2.132759013206363650e-03
5.462806064877949552e+01 2.078873256016312929e-03
5.491241494336609463e+01 1.910190598353612079e-03
5.519421446932921782e+01 2.095561175760713400e-03
5.543046826972861396e+01 3.184982924546508193e-03
5.561137265256709128e+01 1.892238134136483467e-03
