3.559856489878782115e-01 3.230831361158607251e+02
6.031648866026231293e-01 2.145798150072167800e+02
8.579160745827347778e-01 8.353990332156671172e+01
1.113464310595710716e+00 5.032182775037977507e+01
1.374039914321364408e+00 2.855274473430786131e+01
1.619154704570298309e+00 2.060264106612077128e+01
1.870686673430271840e+00 1.349934662510750627e+01
2.123290040706380832e+00 1.114534676616545461e+01
2.378144976376236119e+00 7.839180473794407966e+00
2.630489925835516996e+00 5.963163811407549808e+00
2.878653162679494670e+00 4.819305817652117518e+00
3.131144366275339319e+00 3.960512579247545073e+00
3.388159578333816313e+00 3.335093030894648702e+00
3.638741848210948149e+00 2.730833382269485021e+00
3.888315910732085268e+00 2.355483274497808921e+00
4.139052155837465996e+00 1.949733905919022403e+00
4.390305777018236988e+00 1.725618330016436053e+00
4.642172339120373081e+00 1.541114304634054522e+00
4.894678666149941293e+00 1.257891149730840485e+00
5.147269052361176378e+00 1.151160221936948336e+00
5.398003206656323272e+00 1.007589174625753259e+00
5.647798235368590269e+00 8.833484936617798100e-01
5.900534302989873581e+00 7.834581762079002587e-01
6.151460297009074374e+00 7.360346882675108393e-01
6.402630176204441526e+00 6.497205800785407215e-01
6.655964674748322096e+00 5.938461531478959055e-01
6.908782583105771202e+00 5.503274223061795922e-01
7.159060853508338873e+00 4.818869418306601649e-01
7.409414762591408632e+00 4.310542447466934601e-01
7.659227149364629561e+00 4.065913286390649417e-01
7.911559474606142395e+00 3.683937637163862688e-01
8.163750941790897997e+00 3.430526127884777621e-01
8.415757210439384295e+00 3.212277498212103843e-01
8.667638839289207198e+00 2.998091645078062584e-01
8.918801124864609520e+00 2.796237976511144474e-01
9.170480108345369530e+00 2.542104503838010787e-01
9.420566033467249412e+00 2.391036537228065362e-01
9.671642335271435797e+00 2.217529439827321813e-01
9.923426157758477473e+00 2.061096821297298542e-01
1.017396902749181820e+01 1.949699277310671663e-01
1.042533700753922155e+01 1.804979164299043704e-01
1.067702948358784276e+01 1.727067998215614242e-01
1.092969337256462303e+01 1.618205434126736009e-01
1.118211872033766419e+01 1.518433609286379549e-01
1.143346516925797296e+01 1.416826132594151688e-01
1.168350508557724687e+01 1.320303387939633644e-01
1.193379937775929100e+01 1.286052776522729202e-01
1.218553055762879112e+01 1.205676011294569971e-01
1.243711650801278878e+01 1.124536416718562165e-01
1.268867268647359303e+01 1.078247858380060320e-01
1.294075027177769144e+01 1.026169648204954127e-01
1.319267287020158363e+01 9.745069496542843601e-02
1.344470571782862756e+01 9.097021252081209652e-02
1.369480150283709641e+01 8.931238195938269453e-02
1.394591277066507828e+01 8.462727887447514530e-02
1.419764645764527167e+01 8.083811456490536118e-02
1.444766774168416212e+01 7.694264538075984428e-02
1.469906835825429070e+01 7.379428125430488594e-02
1.495059118111036511e+01 7.108557473693465079e-02
1.520261612590052991e+01 6.734395155376125819e-02
1.545415944503929495e+01 6.439062038026981127e-02
1.570456072545780124e+01 6.133806130583012439e-02
1.595705800128773966e+01 5.919517286623957736e-02
1.620829297830731619e+01 5.664688016522606562e-02
1.645966591028190962e+01 5.446104738684741375e-02
1.671125708846596325e+01 5.237493145879561912e-02
1.696160259490052624e+01 4.946986532469779124e-02
1.721370276108077135e+01 4.785900269358709519e-02
1.746543424102250341e+01 4.605302478924950399e-02
1.771598473288305442e+01 4.432973145833373624e-02
1.796653767411944003e+01 4.261300894427154373e-02
1.821765658501893270e+01 4.149177692231222070e-02
1.847053788120423334e+01 4.017861171801196535e-02
1.872257696809484173e+01 3.886560747309328323e-02
1.897394097105746269e+01 3.736200601162033286e-02
1.922542454726159988e+01 3.585905421360183892e-02
1.947607703355479103e+01 3.457728534261480385e-02
1.972678839839982601e+01 3.366114170704798125e-02
1.997802698857814363e+01 3.227296627838796561e-02
2.022863620534168660e+01 3.140518566349322083e-02
2.047969598507238231e+01 3.058969774672724851e-02
2.073250439107362553e+01 2.936084154040141669e-02
2.098435855211640089e+01 2.827347231750146697e-02
2.123502923393334640e+01 2.741177627377787418e-02
2.148629411178690773e+01 2.659109860456132859e-02
2.173831825513516591e+01 2.620810642386260311e-02
2.198972260956887226e+01 2.505967256188806544e-02
2.223974971000711420e+01 2.452508833859561033e-02
2.249141870643862973e+01 2.356443879311857434e-02
2.274404614890906373e+01 2.295032850926575704e-02
2.299521835768831579e+01 2.233995677614076733e-02
2.324620084136223852e+01 2.156131612262596545e-02
2.349757798664387209e+01 2.108734661614431946e-02
2.374870488118759937e+01 2.047149257993270688e-02
2.399988781917473091e+01 1.982867860753656161e-02
2.425071646049711305e+01 1.926540968062295800e-02
2.450187830577813841e+01 1.874392358027876862e-02
2.475391093216606109e+01 1.836464814232335180e-02
2.500524226975159792e+01 1.765291413909737817e-02
2.525610980153284402e+01 1.731286499032180445e-02
2.550801425092822328e+01 1.696608333280592504e-02
2.575943113325822864e+01 1.637755969350107241e-02
2.601074166866445125e+01 1.592762266456427753e-02
2.626234447079615464e+01 1.566074659752502221e-02
2.651347712943701751e+01 1.524546267641062498e-02
2.676474177984877656e+01 1.473914891177056062e-02
2.701628079430242479e+01 1.441196827986056944e-02
2.726734205837282232e+01 1.406319741108777964e-02
2.751837013544679422e+01 1.372364131245465239e-02
2.776937726815812724e+01 1.344337335770140127e-02
2.802070160973895341e+01 1.310130652325327237e-02
2.827249982643487058e+01 1.274352481443107206e-02
2.852407603869968966e+01 1.246621511314904666e-02
2.877567300468570721e+01 1.215427360611774817e-02
2.902733523039245256e+01 1.182567524517703569e-02
2.927861073083739996e+01 1.162484641183732410e-02
2.953003196193969160e+01 1.137592814365379068e-02
2.978106336846375157e+01 1.113831165537433089e-02
3.003148440777084716e+01 1.084709969548732465e-02
3.028303386126418673e+01 1.060634235469365590e-02
3.053456493440382857e+01 1.043616543951879014e-02
3.078585183944906944e+01 1.013277289134092117e-02
3.103757946070165730e+01 9.969427764237245859e-03
3.128931656795834826e+01 9.666347161193345611e-03
3.154125974608096428e+01 9.509868284787354603e-03
3.179158626791808828e+01 9.269428633311193114e-03
3.204196438636942190e+01 9.081248683921358880e-03
3.229344668057169798e+01 8.894813305685171298e-03
3.254489998018084407e+01 8.726706114163543943e-03
3.279660140319880668e+01 8.544698539641185780e-03
3.304772754686901237e+01 8.395626503651366923e-03
3.329949953441923327e+01 8.163343131832865793e-03
3.355173249539067371e+01 8.013168107786130048e-03
3.380235474142784824e+01 7.905726670577399237e-03
3.405292218889088218e+01 7.748393759961084634e-03
3.430455901572810262e+01 7.591705264829967659e-03
3.455605119154291316e+01 7.434298705574625410e-03
3.480708698418615654e+01 7.294926353195315197e-03
3.505823042281740243e+01 7.145315217155875920e-03
3.530983122122644602e+01 7.011012218148118119e-03
3.556111974160763367e+01 6.917458461846192827e-03
3.581195885960364933e+01 6.709306808978549030e-03
3.606348577968052638e+01 6.637807932661291856e-03
3.631495136683125935e+01 6.468114988804871818e-03
3.656646781331610185e+01 6.351066078792097676e-03
3.681800948534306173e+01 6.188881980532887767e-03
3.706942350460822411e+01 6.135922378127563366e-03
3.732119977997001570e+01 6.005868358290505048e-03
3.757249197135423202e+01 5.935697162446985746e-03
3.782324055213251057e+01 5.776503344365382236e-03
3.807430609684078604e+01 5.660943390527022924e-03
3.832526519371521090e+01 5.580495162376431298e-03
3.857704530181875668e+01 5.526560271709494120e-03
3.882896255048217427e+01 5.427700736730958937e-03
3.907976684424035341e+01 5.297802487266333078e-03
3.933085588900704010e+01 5.249511195924595232e-03
3.958184533965361140e+01 5.140241353602349045e-03
3.983320492881626507e+01 5.008103530458263980e-03
4.008506787586624398e+01 4.966927913065519347e-03
4.033569471078550350e+01 4.882131390008316064e-03
4.058701345074587863e+01 4.775774964174134621e-03
4.083916815834436420e+01 4.707745668211198338e-03
4.108978611092747713e+01 4.616471733596632689e-03
4.134119394692694271e+01 4.564725112046290161e-03
4.159372926482761557e+01 4.470571129284356231e-03
4.184480996230068683e+01 4.390652993250279863e-03
4.209495048714620680e+01 4.328927479683859249e-03
4.234568601474854432e+01 4.276874794690103607e-03
4.259794184898333214e+01 4.199739036456155011e-03
4.284922176444433717e+01 4.141453283134485276e-03
4.309982534096671003e+01 4.058495130828732901e-03
4.335153475414617930e+01 3.977604699695817814e-03
4.360374984514007224e+01 3.966573582004771781e-03
4.385432838732079830e+01 3.873578778640672255e-03
4.410529766549178277e+01 3.800887913409442456e-03
4.435675536456894008e+01 3.793738710441271842e-03
4.460756668584335927e+01 3.664151148391794118e-03
4.485812369927145937e+01 3.665006718353988873e-03
4.510933196139897206e+01 3.587601133601435628e-03
4.536097672816924131e+01 3.518297808351777099e-03
4.561261869099184452e+01 3.510956461277275897e-03
4.586346064304911607e+01 3.410926273724253655e-03
4.611435299895526185e+01 3.383596854644684883e-03
4.636610302009028572e+01 3.339502007783588279e-03
4.661726081402038346e+01 3.294732375051765555e-03
4.686748045926628237e+01 3.214448680337022354e-03
4.712001000143001761e+01 3.179051689693941293e-03
4.737334269293729960e+01 3.139419897234136878e-03
4.762357272554871912e+01 3.120221656507221261e-03
4.787295862859781437e+01 3.085148092250577199e-03
4.812686710231834297e+01 3.007569272691218865e-03
4.837988354528783930e+01 2.966221059465563772e-03
4.862698975964909209e+01 2.918959330524667582e-03
4.887931961662670233e+01 2.852652809668066326e-03
4.913512531690142282e+01 2.824990353574214491e-03
4.938486646957150583e+01 2.823344483606315351e-03
4.963073103205424985e+01 2.743169836113255183e-03
4.988316058859187763e+01 2.778013921877944825e-03
5.013927392651110893e+01 2.626685730998034370e-03
5.038898445289544270e+01 2.649367915634625974e-03
5.063791314200675941e+01 2.626215209904661247e-03
5.089234515763529032e+01 2.585930185242675539e-03
5.114529266359630810e+01 2.557750552304279262e-03
5.138952878242714206e+01 2.506030802142421299e-03
5.163945178601188246e+01 2.556314643834039103e-03
5.190206698624180603e+01 2.519870454452675587e-03
5.215590084722179398e+01 2.331331438148175148e-03
5.238680673191466042e+01 2.356358091430323185e-03
5.263532591009818873e+01 2.274159153760711618e-03
5.290823119436031874e+01 2.285391265280602938e-03
5.316882575050344428e+01 2.242928795386035182e-03
5.338513341050097694e+01 2.369859952295006508e-03
5.363212510227822349e+01 2.232718787381167500e-03
5.391615723351310407e+01 2.353697389694935690e-03
5.419187693011466678e+01 2.197691222039576276e-03
5.439722241285236493e+01 2.383134433153445697e-03
5.462806064877949552e+01 2.213256896906881047e-03
5.491241494336609463e+01 2.388383442348750510e-03
5.519421446932921782e+01 1.884903014152710526e-03
5.543046826972861396e+01 1.201341910504344097e-03
5.561137265256709128e+01 2.429345396547970097e-03
