3.559856489878782115e-01 5.630556598031066642e+02
6.031648866026231293e-01 2.156026139545267881e+02
8.579160745827347778e-01 9.549401844064044553e+01
1.113464310595710716e+00 5.478709065365492137e+01
1.374039914321364408e+00 2.894515331446898898e+01
1.619154704570298309e+00 2.018490226398732901e+01
1.870686673430271840e+00 1.388721735217574782e+01
2.123290040706380832e+00 1.039844429053690078e+01
2.378144976376236119e+00 7.754186284311102462e+00
2.630489925835516996e+00 5.986171125378814573e+00
2.878653162679494670e+00 5.025857634180200151e+00
3.131144366275339319e+00 4.025380389102457990e+00
3.388159578333816313e+00 3.233389892096194984e+00
3.638741848210948149e+00 2.798466303305772840e+00
3.888315910732085268e+00 2.231203673351947359e+00
4.139052155837465996e+00 1.931419171988561612e+00
4.390305777018236988e+00 1.716573838920612216e+00
4.642172339120373081e+00 1.443831777597232691e+00
4.894678666149941293e+00 1.299173461418142050e+00
5.147269052361176378e+00 1.104172389074663752e+00
5.398003206656323272e+00 1.012672119622291644e+00
5.647798235368590269e+00 8.714055371269532335e-01
5.900534302989873581e+00 7.889010110100528328e-01
6.151460297009074374e+00 7.074842942334321760e-01
6.402630176204441526e+00 6.620851139685433040e-01
6.655964674748322096e+00 5.953852057032592571e-01
6.908782583105771202e+00 5.256808664564950329e-01
7.159060853508338873e+00 4.857493151596678493e-01
7.409414762591408632e+00 4.460554489308979909e-01
7.659227149364629561e+00 4.036854026005566864e-01
7.911559474606142395e+00 3.868317895160157671e-01
8.163750941790897997e+00 3.427272512967223239e-01
8.415757210439384295e+00 3.163221190796806082e-01
8.667638839289207198e+00 2.871575104209003193e-01
8.918801124864609520e+00 2.735248123075857407e-01
9.170480108345369530e+00 2.576800829806338844e-01
9.420566033467249412e+00 2.410631487845990018e-01
9.671642335271435797e+00 2.209082800530243473e-01
9.923426157758477473e+00 2.063761025560208462e-01
1.017396902749181820e+01 2.002159856508370639e-01
1.042533700753922155e+01 1.815896515197482353e-01
1.067702948358784276e+01 1.720610841613362807e-01
1.092969337256462303e+01 1.614331936990822669e-01
1.118211872033766419e+01 1.514972848564209718e-01
1.143346516925797296e+01 1.437039553662256552e-01
1.168350508557724687e+01 1.346695881088745550e-01
1.193379937775929100e+01 1.261226818795264937e-01
1.218553055762879112e+01 1.209933163257486399e-01
1.243711650801278878e+01 1.143792497614420089e-01
1.268867268647359303e+01 1.078335111302234223e-01
1.294075027177769144e+01 1.030537983433600230e-01
1.319267287020158363e+01 9.783336860640629018e-02
1.344470571782862756e+01 9.236552122554565758e-02
1.369480150283709641e+01 8.797430065885292194e-02
1.394591277066507828e+01 8.469646827005954115e-02
1.419764645764527167e+01 8.009228019283090583e-02
1.444766774168416212e+01 7.686057021878794915e-02
1.469906835825429070e+01 7.407523581767264109e-02
1.495059118111036511e+01 7.148689246155966182e-02
1.520261612590052991e+01 6.750972304378598243e-02
1.545415944503929495e+01 6.428261798446197051e-02
1.570456072545780124e+01 6.196083557984842505e-02
1.595705800128773966e+01 5.882232530210754207e-02
1.620829297830731619e+01 5.759392641294457799e-02
1.645966591028190962e+01 5.386868005108526314e-02
1.671125708846596325e+01 5.191997686867499268e-02
1.696160259490052624e+01 5.084744789919509733e-02
1.721370276108077135e+01 4.852412367574233248e-02
1.746543424102250341e+01 4.611838808774038762e-02
1.771598473288305442e+01 4.477851539413140597e-02
1.796653767411944003e+01 4.289655139938536310e-02
1.821765658501893270e+01 4.165796015665094304e-02
1.847053788120423334e+01 4.001389542542568151e-02
1.872257696809484173e+01 3.818156642271409995e-02
1.897394097105746269e+01 3.717665986775482018e-02
1.922542454726159988e+01 3.582254036456274104e-02
1.947607703355479103e+01 3.500598915311230186e-02
1.972678839839982601e+01 3.325697689794825801e-02
1.997802698857814363e+01 3.253478939120022645e-02
2.022863620534168660e+01 3.128447744639023531e-02
2.047969598507238231e+01 3.043083337844985220e-02
2.073250439107362553e+01 2.968558684174726556e-02
2.098435855211640089e+01 2.828910577189558753e-02
2.123502923393334640e+01 2.752474333898230138e-02
2.148629411178690773e+01 2.663428571244494739e-02
2.173831825513516591e+01 2.575437260874462522e-02
2.198972260956887226e+01 2.491891019341905406e-02
2.223974971000711420e+01 2.445837255901568003e-02
2.249141870643862973e+01 2.369621097978661176e-02
2.274404614890906373e+01 2.287564933088894262e-02
2.299521835768831579e+01 2.242045225409683082e-02
2.324620084136223852e+01 2.166281269018199146e-02
2.349757798664387209e+01 2.102654112803900924e-02
2.374870488118759937e+01 2.048854494564284617e-02
2.399988781917473091e+01 1.992901983823494594e-02
2.425071646049711305e+01 1.930966979721208607e-02
2.450187830577813841e+01 1.874092885227027910e-02
2.475391093216606109e+01 1.817578060254469025e-02
2.500524226975159792e+01 1.770646105452450270e-02
2.525610980153284402e+01 1.738086870539601661e-02
2.550801425092822328e+01 1.684253720978406976e-02
2.575943113325822864e+01 1.637860177094649025e-02
2.601074166866445125e+01 1.603887764855507422e-02
2.626234447079615464e+01 1.553132927918244102e-02
2.651347712943701751e+01 1.516633482710100407e-02
2.676474177984877656e+01 1.478660688019998309e-02
2.701628079430242479e+01 1.439607865879917285e-02
2.726734205837282232e+01 1.407648671353568456e-02
2.751837013544679422e+01 1.369743759126922263e-02
2.776937726815812724e+01 1.345017214432152504e-02
2.802070160973895341e+01 1.306143659128681384e-02
2.827249982643487058e+01 1.277517817781298991e-02
2.852407603869968966e+01 1.248352980982292415e-02
2.877567300468570721e+01 1.214366011678561473e-02
2.902733523039245256e+01 1.184923517095614644e-02
2.927861073083739996e+01 1.159373758968656326e-02
2.953003196193969160e+01 1.132211069981313434e-02
2.978106336846375157e+01 1.108835737133601756e-02
3.003148440777084716e+01 1.083294480906417390e-02
3.028303386126418673e+01 1.062504432537392067e-02
3.053456493440382857e+01 1.028865689934046861e-02
3.078585183944906944e+01 1.014957274423830547e-02
3.103757946070165730e+01 9.912933435582211433e-03
3.128931656795834826e+01 9.711241101145256030e-03
3.154125974608096428e+01 9.507025820721283146e-03
3.179158626791808828e+01 9.270409539270770688e-03
3.204196438636942190e+01 9.117845384232383180e-03
3.229344668057169798e+01 8.887460804341110882e-03
3.254489998018084407e+01 8.693905027639853983e-03
3.279660140319880668e+01 8.555993267841547137e-03
3.304772754686901237e+01 8.376198283480885964e-03
3.329949953441923327e+01 8.136847299092029792e-03
3.355173249539067371e+01 8.046584384686784885e-03
3.380235474142784824e+01 7.876006339814611845e-03
3.405292218889088218e+01 7.734410914690688366e-03
3.430455901572810262e+01 7.561073114238502091e-03
3.455605119154291316e+01 7.410473172499727930e-03
3.480708698418615654e+01 7.283317379314414169e-03
3.505823042281740243e+01 7.113835535509516715e-03
3.530983122122644602e+01 6.979674647686254403e-03
3.556111974160763367e+01 6.920078312878812782e-03
3.581195885960364933e+01 6.708572892535262164e-03
3.606348577968052638e+01 6.608768120624555591e-03
3.631495136683125935e+01 6.460870424547095897e-03
3.656646781331610185e+01 6.359729947993857622e-03
3.681800948534306173e+01 6.239298224346624504e-03
3.706942350460822411e+01 6.107197772885327759e-03
3.732119977997001570e+01 6.027678568730883424e-03
3.757249197135423202e+01 5.909161467588189103e-03
3.782324055213251057e+01 5.806235322782943471e-03
3.807430609684078604e+01 5.720413386784874675e-03
3.832526519371521090e+01 5.566375949876611537e-03
3.857704530181875668e+01 5.506176700418926630e-03
3.882896255048217427e+01 5.358448975160281548e-03
3.907976684424035341e+01 5.337962821350702644e-03
3.933085588900704010e+01 5.215446419823915533e-03
3.958184533965361140e+01 5.135095673215757557e-03
3.983320492881626507e+01 5.039538494673744332e-03
4.008506787586624398e+01 4.953257298663339692e-03
4.033569471078550350e+01 4.869684105553708127e-03
4.058701345074587863e+01 4.785443108300899834e-03
4.083916815834436420e+01 4.704409380881148343e-03
4.108978611092747713e+01 4.607278202999099542e-03
4.134119394692694271e+01 4.558478536176598268e-03
4.159372926482761557e+01 4.499075959179959366e-03
4.184480996230068683e+01 4.426251220027335731e-03
4.209495048714620680e+01 4.331371698390652260e-03
4.234568601474854432e+01 4.278244836989511177e-03
4.259794184898333214e+01 4.189947578446949483e-03
4.284922176444433717e+01 4.158100753935001746e-03
4.309982534096671003e+01 4.047981869066414294e-03
4.335153475414617930e+01 3.987794161141773770e-03
4.360374984514007224e+01 3.921445278903114978e-03
4.385432838732079830e+01 3.879490041943565570e-03
4.410529766549178277e+01 3.778029661043175950e-03
4.435675536456894008e+01 3.755009834685724742e-03
4.460756668584335927e+01 3.710174126008877488e-03
4.485812369927145937e+01 3.659186842421786445e-03
4.510933196139897206e+01 3.619717899245252640e-03
4.536097672816924131e+01 3.519929571529615935e-03
4.561261869099184452e+01 3.474483165838208182e-03
4.586346064304911607e+01 3.392140289898017136e-03
4.611435299895526185e+01 3.405567620262294187e-03
4.636610302009028572e+01 3.318198524290338208e-03
4.661726081402038346e+01 3.280649210561474571e-03
4.686748045926628237e+01 3.280702271946144347e-03
4.712001000143001761e+01 3.173087727560572335e-03
4.737334269293729960e+01 3.120922402021033149e-03
4.762357272554871912e+01 3.156585851178666559e-03
4.787295862859781437e+01 3.048121534495381538e-03
4.812686710231834297e+01 3.079944119872815491e-03
4.837988354528783930e+01 2.944310058227391554e-03
4.862698975964909209e+01 2.943966966280239534e-03
4.887931961662670233e+01 2.840600410655891653e-03
4.913512531690142282e+01 2.794465900982447387e-03
4.938486646957150583e+01 2.816155921499092184e-03
4.963073103205424985e+01 2.792161403240114512e-03
4.988316058859187763e+01 2.785971160139967193e-03
5.013927392651110893e+01 2.705190387116524278e-03
5.038898445289544270e+01 2.711373269530709812e-03
5.063791314200675941e+01 2.617163295212071410e-03
5.089234515763529032e+01 2.618192795876212245e-03
5.114529266359630810e+01 2.528519936698686837e-03
5.138952878242714206e+01 2.537923072309096733e-03
5.163945178601188246e+01 2.477107459020111511e-03
5.190206698624180603e+01 2.451073805838127357e-03
5.215590084722179398e+01 2.435364718815207202e-03
5.238680673191466042e+01 2.422250510874060427e-03
5.263532591009818873e+01 2.312259002637061679e-03
5.290823119436031874e+01 2.374692593445804512e-03
5.316882575050344428e+01 2.322729659297737871e-03
5.338513341050097694e+01 2.445375873859806197e-03
5.363212510227822349e+01 2.278444312612087821e-03
5.391615723351310407e+01 2.208052334094117667e-03
5.419187693011466678e+01 2.248360382743998416e-03
5.439722241285236493e+01 2.139146627094271665e-03
5.462806064877949552e+01 2.337027033472851428e-03
5.491241494336609463e+01 2.050378097478467408e-03
5.519421446932921782e+01 2.678432989229925093e-03
5.543046826972861396e+01 2.008772224394389603e-03
5.561137265256709128e+01 1.711221298731297044e-03
