3.559856489878782115e-01 8.476811645561753039e+02
6.031648866026231293e-01 3.068756647719448551e+02
8.579160745827347778e-01 1.006060265042139292e+02
1.113464310595710716e+00 4.140251282622683959e+01
1.374039914321364408e+00 2.858816302786189567e+01
1.619154704570298309e+00 1.801282890978917450e+01
1.870686673430271840e+00 1.496826583365433905e+01
2.123290040706380832e+00 1.030695065826795798e+01
2.378144976376236119e+00 8.373145211647024411e+00
2.630489925835516996e+00 6.130225461303879797e+00
2.878653162679494670e+00 4.697991825722306558e+00
3.131144366275339319e+00 4.084831236054219161e+00
3.388159578333816313e+00 3.366819380362689351e+00
3.638741848210948149e+00 2.787054521302365195e+00
3.888315910732085268e+00 2.210584026307813588e+00
4.139052155837465996e+00 1.931507265991206923e+00
4.390305777018236988e+00 1.705238000076809257e+00
4.642172339120373081e+00 1.476396515852144153e+00
4.894678666149941293e+00 1.264524570975265716e+00
5.147269052361176378e+00 1.179793575613449441e+00
5.398003206656323272e+00 9.736457583530622184e-01
5.647798235368590269e+00 8.925114405217512425e-01
5.900534302989873581e+00 8.021951533290655467e-01
6.151460297009074374e+00 7.062237469689544023e-01
6.402630176204441526e+00 6.426260238470947739e-01
6.655964674748322096e+00 5.817520239436108076e-01
6.908782583105771202e+00 5.277567716622549865e-01
7.159060853508338873e+00 4.899811636002857074e-01
7.409414762591408632e+00 4.418366580007899169e-01
7.659227149364629561e+00 4.132396189660062502e-01
7.911559474606142395e+00 3.712025742283534546e-01
8.163750941790897997e+00 3.412035197092981864e-01
8.415757210439384295e+00 3.232687249564806242e-01
8.667638839289207198e+00 2.933039815648612603e-01
8.918801124864609520e+00 2.730041435392100979e-01
9.170480108345369530e+00 2.572399896808053033e-01
9.420566033467249412e+00 2.359542532419093841e-01
9.671642335271435797e+00 2.217517899072339593e-01
9.923426157758477473e+00 2.064389083967375915e-01
1.017396902749181820e+01 1.930273504428622056e-01
1.042533700753922155e+01 1.836904867249182782e-01
1.067702948358784276e+01 1.711224352841806129e-01
1.092969337256462303e+01 1.601182797459823337e-01
1.118211872033766419e+01 1.517411653481788580e-01
1.143346516925797296e+01 1.420954088063857701e-01
1.168350508557724687e+01 1.341231241761131898e-01
1.193379937775929100e+01 1.267207275930313515e-01
1.218553055762879112e+01 1.210032409847145440e-01
1.243711650801278878e+01 1.123627595226271703e-01
1.268867268647359303e+01 1.090109795119498515e-01
1.294075027177769144e+01 1.039389196228069773e-01
1.319267287020158363e+01 9.828772622650869262e-02
1.344470571782862756e+01 9.224779836465764327e-02
1.369480150283709641e+01 8.833967288127378414e-02
1.394591277066507828e+01 8.368799638962856613e-02
1.419764645764527167e+01 8.049249497016756905e-02
1.444766774168416212e+01 7.579022955642097936e-02
1.469906835825429070e+01 7.353186148780514741e-02
1.495059118111036511e+01 7.088298344895667402e-02
1.520261612590052991e+01 6.662606735157096394e-02
1.545415944503929495e+01 6.371418447065747837e-02
1.570456072545780124e+01 6.148629176313913369e-02
1.595705800128773966e+01 5.935743449702380464e-02
1.620829297830731619e+01 5.659772401042405254e-02
1.645966591028190962e+01 5.424203405753277168e-02
1.671125708846596325e+01 5.135419272176169198e-02
1.696160259490052624e+01 5.017438268347913788e-02
1.721370276108077135e+01 4.838395462669150410e-02
1.746543424102250341e+01 4.560446491261086616e-02
1.771598473288305442e+01 4.500336293153160000e-02
1.796653767411944003e+01 4.275220302434000474e-02
1.821765658501893270e+01 4.149505056722842949e-02
1.847053788120423334e+01 4.025356857659687093e-02
1.872257696809484173e+01 3.828288440646886864e-02
1.897394097105746269e+01 3.701555534831373756e-02
1.922542454726159988e+01 3.605722752195010539e-02
1.947607703355479103e+01 3.519935104913905766e-02
1.972678839839982601e+01 3.346571114090005072e-02
1.997802698857814363e+01 3.257144714194248197e-02
2.022863620534168660e+01 3.157363549887129417e-02
2.047969598507238231e+01 3.063750023358045860e-02
2.073250439107362553e+01 2.945795577935374915e-02
2.098435855211640089e+01 2.835819381284275173e-02
2.123502923393334640e+01 2.782522065317092827e-02
2.148629411178690773e+01 2.664169433762214947e-02
2.173831825513516591e+01 2.585832188176748550e-02
2.198972260956887226e+01 2.523627877260332247e-02
2.223974971000711420e+01 2.431554717629560297e-02
2.249141870643862973e+01 2.378403668045767777e-02
2.274404614890906373e+01 2.280514744499860871e-02
2.299521835768831579e+01 2.216621643437277633e-02
2.324620084136223852e+01 2.165150414274060950e-02
2.349757798664387209e+01 2.088748594255841751e-02
2.374870488118759937e+01 2.046582533226120812e-02
2.399988781917473091e+01 1.991767212524600539e-02
2.425071646049711305e+01 1.926843134036326441e-02
2.450187830577813841e+01 1.882435447557640612e-02
2.475391093216606109e+01 1.821105357313067621e-02
2.500524226975159792e+01 1.774648893105086958e-02
2.525610980153284402e+01 1.732035611772640357e-02
2.550801425092822328e+01 1.702802619372065229e-02
2.575943113325822864e+01 1.645567251693966920e-02
2.601074166866445125e+01 1.592272166895663740e-02
2.626234447079615464e+01 1.561301427543065369e-02
2.651347712943701751e+01 1.515351997441820829e-02
2.676474177984877656e+01 1.490277511144972276e-02
2.701628079430242479e+01 1.441678650946557304e-02
2.726734205837282232e+01 1.405074750805621574e-02
2.751837013544679422e+01 1.370848447750183663e-02
2.776937726815812724e+01 1.335863419945532843e-02
2.802070160973895341e+01 1.306223565502027083e-02
2.827249982643487058e+01 1.275284934107224696e-02
2.852407603869968966e+01 1.246412787298254582e-02
2.877567300468570721e+01 1.214877596663016361e-02
2.902733523039245256e+01 1.191285381267382683e-02
2.927861073083739996e+01 1.156096022660718647e-02
2.953003196193969160e+01 1.126557829643285748e-02
2.978106336846375157e+01 1.116434120664470606e-02
3.003148440777084716e+01 1.085284119109964328e-02
3.028303386126418673e+01 1.064106290224036896e-02
3.053456493440382857e+01 1.039193969895536342e-02
3.078585183944906944e+01 1.018152703119099001e-02
3.103757946070165730e+01 9.974468036265476956e-03
3.128931656795834826e+01 9.711632153425221736e-03
3.154125974608096428e+01 9.464751437137821147e-03
3.179158626791808828e+01 9.314941393617676840e-03
3.204196438636942190e+01 9.074736595808187423e-03
3.229344668057169798e+01 8.891214826474647115e-03
3.254489998018084407e+01 8.741657046620028917e-03
3.279660140319880668e+01 8.511110588305049324e-03
3.304772754686901237e+01 8.367032989776651206e-03
3.329949953441923327e+01 8.238362961961287478e-03
3.355173249539067371e+01 7.990167163161553121e-03
3.380235474142784824e+01 7.901389529022072658e-03
3.405292218889088218e+01 7.709097395731764023e-03
3.430455901572810262e+01 7.567029587429563615e-03
3.455605119154291316e+01 7.393128334448043591e-03
3.480708698418615654e+01 7.256334386917522028e-03
3.505823042281740243e+01 7.124271221340937495e-03
3.530983122122644602e+01 6.959391765912522308e-03
3.556111974160763367e+01 6.812204959236864941e-03
3.581195885960364933e+01 6.788451080049960618e-03
3.606348577968052638e+01 6.576185076465291580e-03
3.631495136683125935e+01 6.487431771629548552e-03
3.656646781331610185e+01 6.382146984924511740e-03
3.681800948534306173e+01 6.241167957459831626e-03
3.706942350460822411e+01 6.126643393801264360e-03
3.732119977997001570e+01 5.995155995474140027e-03
3.757249197135423202e+01 5.956319478624357011e-03
3.782324055213251057e+01 5.818245297675486358e-03
3.807430609684078604e+01 5.732001353487591218e-03
3.832526519371521090e+01 5.566414062626005507e-03
3.857704530181875668e+01 5.526271853776668422e-03
3.882896255048217427e+01 5.428296480705740827e-03
3.907976684424035341e+01 5.355410603799268081e-03
3.933085588900704010e+01 5.221276234055915663e-03
3.958184533965361140e+01 5.126660843044111848e-03
3.983320492881626507e+01 5.022523508728965295e-03
4.008506787586624398e+01 4.937654711812343097e-03
4.033569471078550350e+01 4.871843115719907448e-03
4.058701345074587863e+01 4.819605503315792933e-03
4.083916815834436420e+01 4.702066109240464302e-03
4.108978611092747713e+01 4.662726468421161084e-03
4.134119394692694271e+01 4.574053884897137136e-03
4.159372926482761557e+01 4.526381406457774884e-03
4.184480996230068683e+01 4.402856967587574430e-03
4.209495048714620680e+01 4.353371385486326864e-03
4.234568601474854432e+01 4.224893794453441799e-03
4.259794184898333214e+01 4.211171093020910083e-03
4.284922176444433717e+01 4.151789282949486237e-03
4.309982534096671003e+01 4.060305751824712893e-03
4.335153475414617930e+01 4.006456834040316231e-03
4.360374984514007224e+01 3.961509616201562209e-03
4.385432838732079830e+01 3.886119154448352923e-03
4.410529766549178277e+01 3.823532544967662289e-03
4.435675536456894008e+01 3.747432779504289435e-03
4.460756668584335927e+01 3.687572278236365009e-03
4.485812369927145937e+01 3.663231350089475504e-03
4.510933196139897206e+01 3.616561579874886731e-03
4.536097672816924131e+01 3.511072236036731457e-03
4.561261869099184452e+01 3.462486288961902012e-03
4.586346064304911607e+01 3.393301794512525692e-03
4.611435299895526185e+01 3.386956433346605989e-03
4.636610302009028572e+01 3.346929492745326102e-03
4.661726081402038346e+01 3.280871414924226362e-03
4.686748045926628237e+01 3.233300259700129173e-03
4.712001000143001761e+01 3.190497045321466236e-03
4.737334269293729960e+01 3.130223102805477359e-03
4.762357272554871912e+01 3.074523384377275681e-03
4.787295862859781437e+01 3.064184150580032129e-03
4.812686710231834297e+01 2.987195950683520403e-03
4.837988354528783930e+01 2.995494460138485061e-03
4.862698975964909209e+01 2.940678126489943908e-03
4.887931961662670233e+01 2.914874231914407407e-03
4.913512531690142282e+01 2.836633830659477263e-03
4.938486646957150583e+01 2.811054067115327081e-03
4.963073103205424985e+01 2.725967736874747999e-03
4.988316058859187763e+01 2.753273330195475654e-03
5.013927392651110893e+01 2.726503148999350531e-03
5.038898445289544270e+01 2.704188775935078507e-03
5.063791314200675941e+01 2.657905899430004337e-03
5.089234515763529032e+01 2.553856842319101369e-03
5.114529266359630810e+01 2.525867904198534838e-03
5.138952878242714206e+01 2.530592540378616764e-03
5.163945178601188246e+01 2.439534537452485875e-03
5.190206698624180603e+01 2.490670088976321053e-03
5.215590084722179398e+01 2.412177334869198067e-03
5.238680673191466042e+01 2.429277629118674342e-03
5.263532591009818873e+01 2.362886418527161084e-03
5.290823119436031874e+01 2.296416196795521194e-03
5.316882575050344428e+01 2.267256264451874507e-03
5.338513341050097694e+01 2.290557325958369160e-03
5.363212510227822349e+01 2.161846522434111417e-03
5.391615723351310407e+01 2.354120378700615048e-03
5.419187693011466678e+01 2.477927804781509657e-03
5.439722241285236493e+01 1.963359079576502530e-03
5.462806064877949552e+01 2.141451807513489614e-03
5.491241494336609463e+01 2.169551449158337725e-03
5.519421446932921782e+01 2.124631475082045407e-03
5.543046826972861396e+01 1.029440267166387927e-03
5.561137265256709128e+01 1.040930213686489967e-03
