3.559856489878782115e-01 6.613273706777956704e+02
6.031648866026231293e-01 2.040093252474627548e+02
8.579160745827347778e-01 9.464884431606793669e+01
1.113464310595710716e+00 4.713734101611176186e+01
1.374039914321364408e+00 3.328955362991471389e+01
1.619154704570298309e+00 1.830118038426714122e+01
1.870686673430271840e+00 1.435242813749661472e+01
2.123290040706380832e+00 1.036517665506261743e+01
2.378144976376236119e+00 7.833005989865911012e+00
2.630489925835516996e+00 6.095132199287871089e+00
2.878653162679494670e+00 4.969124049471226989e+00
3.131144366275339319e+00 4.301015951961790762e+00
3.388159578333816313e+00 3.212292410227129302e+00
3.638741848210948149e+00 2.733898567245201860e+00
3.888315910732085268e+00 2.305146468107873048e+00
4.139052155837465996e+00 1.932682684336456402e+00
4.390305777018236988e+00 1.736190969058736266e+00
4.642172339120373081e+00 1.460946918781505621e+00
4.894678666149941293e+00 1.289412580768956706e+00
5.147269052361176378e+00 1.124380602029310561e+00
5.398003206656323272e+00 1.026970989820748859e+00
5.647798235368590269e+00 8.787617768161067877e-01
5.900534302989873581e+00 7.974149560064898168e-01
6.151460297009074374e+00 6.933920129247226338e-01
6.402630176204441526e+00 6.591297801324151884e-01
6.655964674748322096e+00 5.955205701714030297e-01
6.908782583105771202e+00 5.271406261107620672e-01
7.159060853508338873e+00 4.842844191504904194e-01
7.409414762591408632e+00 4.424665856208604975e-01
7.659227149364629561e+00 4.052598539859063598e-01
7.911559474606142395e+00 3.846519633043471442e-01
8.163750941790897997e+00 3.453837382470960615e-01
8.415757210439384295e+00 3.169497626974153159e-01
8.667638839289207198e+00 2.983460303521454637e-01
8.918801124864609520e+00 2.768225971925236673e-01
9.170480108345369530e+00 2.529883725031237263e-01
9.420566033467249412e+00 2.363278813085533114e-01
9.671642335271435797e+00 2.151605238557540156e-01
9.923426157758477473e+00 2.121804453967409965e-01
1.017396902749181820e+01 1.960878879449582390e-01
1.042533700753922155e+01 1.837615078811835334e-01
1.067702948358784276e+01 1.715645169733807096e-01
1.092969337256462303e+01 1.602051551971312993e-01
1.118211872033766419e+01 1.523590903198391855e-01
1.143346516925797296e+01 1.431421259140573665e-01
1.168350508557724687e+01 1.343085318148744545e-01
1.193379937775929100e+01 1.277209163043204199e-01
1.218553055762879112e+01 1.207636020851859948e-01
1.243711650801278878e+01 1.136191399071672659e-01
1.268867268647359303e+01 1.073398137794295826e-01
1.294075027177769144e+01 1.034035278945470704e-01
1.319267287020158363e+01 9.665391506843024061e-02
1.344470571782862756e+01 9.257367857881571016e-02
1.369480150283709641e+01 8.889945561316509037e-02
1.394591277066507828e+01 8.488486669324080136e-02
1.419764645764527167e+01 7.892042191728781964e-02
1.444766774168416212e+01 7.737854678212606474e-02
1.469906835825429070e+01 7.347715334501361828e-02
1.495059118111036511e+01 7.078928076674786962e-02
1.520261612590052991e+01 6.701086225567437493e-02
1.545415944503929495e+01 6.458797498157112238e-02
1.570456072545780124e+01 6.146998313766887517e-02
1.595705800128773966e+01 5.902613411318958364e-02
1.620829297830731619e+01 5.751595082075507820e-02
1.645966591028190962e+01 5.464553832407103434e-02
1.671125708846596325e+01 5.186746555748766863e-02
1.696160259490052624e+01 4.981929949585461176e-02
1.721370276108077135e+01 4.843217548055394478e-02
1.746543424102250341e+01 4.621502859813939740e-02
1.771598473288305442e+01 4.435402360759394674e-02
1.796653767411944003e+01 4.330497141462880117e-02
1.821765658501893270e+01 4.121145215672261664e-02
1.847053788120423334e+01 4.044477579677767387e-02
1.872257696809484173e+01 3.881259435269028557e-02
1.897394097105746269e+01 3.727267326479345722e-02
1.922542454726159988e+01 3.577612200697167372e-02
1.947607703355479103e+01 3.459579974557339815e-02
1.972678839839982601e+01 3.341306950264478354e-02
1.997802698857814363e+01 3.196322973614278834e-02
2.022863620534168660e+01 3.163407874053078550e-02
2.047969598507238231e+01 3.047009335652604151e-02
2.073250439107362553e+01 2.942410672751608752e-02
2.098435855211640089e+01 2.851006748907428806e-02
2.123502923393334640e+01 2.755121511471528284e-02
2.148629411178690773e+01 2.658404025762323153e-02
2.173831825513516591e+01 2.579812220301459097e-02
2.198972260956887226e+01 2.509022145399161796e-02
2.223974971000711420e+01 2.436505061020887916e-02
2.249141870643862973e+01 2.350879349590282927e-02
2.274404614890906373e+01 2.296874132000330249e-02
2.299521835768831579e+01 2.233373364033875916e-02
2.324620084136223852e+01 2.177369622584263142e-02
2.349757798664387209e+01 2.102766650886793431e-02
2.374870488118759937e+01 2.055558190085808590e-02
2.399988781917473091e+01 1.975437937817716566e-02
2.425071646049711305e+01 1.930647216945527433e-02
2.450187830577813841e+01 1.876970438312308004e-02
2.475391093216606109e+01 1.842378029015510552e-02
2.500524226975159792e+01 1.781984929124255310e-02
2.525610980153284402e+01 1.718915508952583229e-02
2.550801425092822328e+01 1.682057452663182628e-02
2.575943113325822864e+01 1.642224726054416009e-02
2.601074166866445125e+01 1.599522591924978573e-02
2.626234447079615464e+01 1.551657907219170483e-02
2.651347712943701751e+01 1.522681225323266677e-02
2.676474177984877656e+01 1.482716841137210299e-02
2.701628079430242479e+01 1.440626535466573051e-02
2.726734205837282232e+01 1.409668779433163877e-02
2.751837013544679422e+01 1.378142369408174271e-02
2.776937726815812724e+01 1.339241052480827192e-02
2.802070160973895341e+01 1.316601234930961026e-02
2.827249982643487058e+01 1.274489186193164883e-02
2.852407603869968966e+01 1.244724983518996110e-02
2.877567300468570721e+01 1.220897056381889910e-02
2.902733523039245256e+01 1.190272734832451690e-02
2.927861073083739996e+01 1.158158524057130261e-02
2.953003196193969160e+01 1.142296133039731078e-02
2.978106336846375157e+01 1.109763967752851709e-02
3.003148440777084716e+01 1.078777944671934115e-02
3.028303386126418673e+01 1.059281432189275104e-02
3.053456493440382857e+01 1.038008128732258867e-02
3.078585183944906944e+01 1.013401376647304029e-02
3.103757946070165730e+01 9.902038438643396071e-03
3.128931656795834826e+01 9.716426461471035225e-03
3.154125974608096428e+01 9.524174330861948784e-03
3.179158626791808828e+01 9.312434665540344700e-03
3.204196438636942190e+01 9.080278454614398864e-03
3.229344668057169798e+01 8.902272849611762157e-03
3.254489998018084407e+01 8.758206260416553923e-03
3.279660140319880668e+01 8.564758325942598005e-03
3.304772754686901237e+01 8.369029880886827075e-03
3.329949953441923327e+01 8.210453459416539035e-03
3.355173249539067371e+01 8.035275045577723596e-03
3.380235474142784824e+01 7.828185485360787677e-03
3.405292218889088218e+01 7.684529312260247012e-03
3.430455901572810262e+01 7.605576046595582604e-03
3.455605119154291316e+01 7.430978658952982867e-03
3.480708698418615654e+01 7.289627554308892102e-03
3.505823042281740243e+01 7.110881506537055675e-03
3.530983122122644602e+01 7.043209324447776733e-03
3.556111974160763367e+01 6.848405733275711102e-03
3.581195885960364933e+01 6.740186404406159175e-03
3.606348577968052638e+01 6.551314614468560157e-03
3.631495136683125935e+01 6.451476297549891235e-03
3.656646781331610185e+01 6.368784873355285391e-03
3.681800948534306173e+01 6.216292630127819713e-03
3.706942350460822411e+01 6.123760192085212113e-03
3.732119977997001570e+01 6.007284447552677965e-03
3.757249197135423202e+01 5.870760689998776906e-03
3.782324055213251057e+01 5.837940279394450947e-03
3.807430609684078604e+01 5.687466436103383836e-03
3.832526519371521090e+01 5.607813316684375458e-03
3.857704530181875668e+01 5.475401706764550930e-03
3.882896255048217427e+01 5.379696657885796839e-03
3.907976684424035341e+01 5.249027654488363538e-03
3.933085588900704010e+01 5.255871719196524017e-03
3.958184533965361140e+01 5.137747988206211973e-03
3.983320492881626507e+01 5.042136241196001553e-03
4.008506787586624398e+01 4.980482676507662874e-03
4.033569471078550350e+01 4.883342280790784438e-03
4.058701345074587863e+01 4.805164053120077571e-03
4.083916815834436420e+01 4.709859564523047500e-03
4.108978611092747713e+01 4.680998786248845994e-03
4.134119394692694271e+01 4.539909474561103914e-03
4.159372926482761557e+01 4.480665126354699268e-03
4.184480996230068683e+01 4.415820180572974096e-03
4.209495048714620680e+01 4.331424267542593499e-03
4.234568601474854432e+01 4.266069156680723021e-03
4.259794184898333214e+01 4.217019406608395193e-03
4.284922176444433717e+01 4.138093206064070995e-03
4.309982534096671003e+01 4.076533838668068392e-03
4.335153475414617930e+01 4.002381017879207831e-03
4.360374984514007224e+01 3.960003785393842977e-03
4.385432838732079830e+01 3.877581308327619682e-03
4.410529766549178277e+01 3.845687655019473968e-03
4.435675536456894008e+01 3.706783498074723345e-03
4.460756668584335927e+01 3.701876181936318219e-03
4.485812369927145937e+01 3.634477809535905865e-03
4.510933196139897206e+01 3.580843240677629522e-03
4.536097672816924131e+01 3.557858451315149863e-03
4.561261869099184452e+01 3.467876709057185741e-03
4.586346064304911607e+01 3.405359841580871127e-03
4.611435299895526185e+01 3.349254459238714624e-03
4.636610302009028572e+01 3.342894778491303440e-03
4.661726081402038346e+01 3.266455337249172738e-03
4.686748045926628237e+01 3.232633766861072420e-03
4.712001000143001761e+01 3.151645304205124860e-03
4.737334269293729960e+01 3.142180134938768986e-03
4.762357272554871912e+01 3.098917126567016060e-03
4.787295862859781437e+01 3.018488602978409985e-03
4.812686710231834297e+01 3.029562458440837776e-03
4.837988354528783930e+01 2.977311278476849066e-03
4.862698975964909209e+01 2.960178526905065961e-03
4.887931961662670233e+01 2.836144115774118235e-03
4.913512531690142282e+01 2.835910710426702789e-03
4.938486646957150583e+01 2.873573280019478884e-03
4.963073103205424985e+01 2.798291045480826196e-03
4.988316058859187763e+01 2.755587036125156999e-03
5.013927392651110893e+01 2.682125177635810622e-03
5.038898445289544270e+01 2.683382343918282089e-03
5.063791314200675941e+01 2.659129213038903886e-03
5.089234515763529032e+01 2.602784235015577225e-03
5.114529266359630810e+01 2.580176783498179961e-03
5.138952878242714206e+01 2.567493275650857727e-03
5.163945178601188246e+01 2.486511781746797347e-03
5.190206698624180603e+01 2.454141633102340479e-03
5.215590084722179398e+01 2.465116622505463245e-03
5.238680673191466042e+01 2.341154655123232377e-03
5.263532591009818873e+01 2.314504743381261710e-03
5.290823119436031874e+01 2.323337166008859409e-03
5.316882575050344428e+01 2.233088934888095584e-03
5.338513341050097694e+01 2.254931185660588415e-03
5.363212510227822349e+01 2.359059237847579028e-03
5.391615723351310407e+01 2.227824554493102686e-03
5.419187693011466678e+01 2.338799204220718807e-03
5.439722241285236493e+01 2.237537525144626081e-03
5.462806064877949552e+01 2.008524226985599400e-03
5.491241494336609463e+01 2.266105821744977215e-03
5.519421446932921782e+01 1.935129333743363950e-03
5.543046826972861396e+01 2.291055239077619422e-03
5.561137265256709128e+01 3.753832183985414059e-03
