3.559856489878782115e-01 5.678330629015266595e+02
6.031648866026231293e-01 1.474110680008595011e+02
8.579160745827347778e-01 8.632074850308383418e+01
1.113464310595710716e+00 4.457328634041436288e+01
1.374039914321364408e+00 3.151137808309498567e+01
1.619154704570298309e+00 1.974383500844349726e+01
1.870686673430271840e+00 1.405527194678613334e+01
2.123290040706380832e+00 1.073393359178061246e+01
2.378144976376236119e+00 7.932551542664971755e+00
2.630489925835516996e+00 5.909968037260276752e+00
2.878653162679494670e+00 4.740976942641998093e+00
3.131144366275339319e+00 3.990713366688264596e+00
3.388159578333816313e+00 3.275217665140936596e+00
3.638741848210948149e+00 2.682493366825112524e+00
3.888315910732085268e+00 2.384290424786866591e+00
4.139052155837465996e+00 2.017120925925550701e+00
4.390305777018236988e+00 1.752238998233313083e+00
4.642172339120373081e+00 1.526938819228174982e+00
4.894678666149941293e+00 1.319903607575153792e+00
5.147269052361176378e+00 1.171540836215702708e+00
5.398003206656323272e+00 9.676978197518972813e-01
5.647798235368590269e+00 8.958941173870700325e-01
5.900534302989873581e+00 7.852742116060505984e-01
6.151460297009074374e+00 7.454291961682090184e-01
6.402630176204441526e+00 6.312891245170526577e-01
6.655964674748322096e+00 5.779759959134342928e-01
6.908782583105771202e+00 5.297927567293967410e-01
7.159060853508338873e+00 4.742038860069155981e-01
7.409414762591408632e+00 4.432586277736325631e-01
7.659227149364629561e+00 4.106315994656193902e-01
7.911559474606142395e+00 3.772595775706050203e-01
8.163750941790897997e+00 3.402735252461802085e-01
8.415757210439384295e+00 3.166658531836417656e-01
8.667638839289207198e+00 2.932237443358854945e-01
8.918801124864609520e+00 2.734185558709131270e-01
9.170480108345369530e+00 2.551540155853063152e-01
9.420566033467249412e+00 2.387065173430342191e-01
9.671642335271435797e+00 2.213194543364182254e-01
9.923426157758477473e+00 2.044102707829106857e-01
1.017396902749181820e+01 1.959143039617910476e-01
1.042533700753922155e+01 1.803901455619400240e-01
1.067702948358784276e+01 1.712291546119480423e-01
1.092969337256462303e+01 1.612624622431541033e-01
1.118211872033766419e+01 1.510789050063016670e-01
1.143346516925797296e+01 1.423956386389974571e-01
1.168350508557724687e+01 1.331636352412580993e-01
1.193379937775929100e+01 1.284661332703320169e-01
1.218553055762879112e+01 1.193407765216304567e-01
1.243711650801278878e+01 1.135107947376901849e-01
1.268867268647359303e+01 1.091536681395079283e-01
1.294075027177769144e+01 1.020032514523045997e-01
1.319267287020158363e+01 9.831946320221282565e-02
1.344470571782862756e+01 9.230031837983007637e-02
1.369480150283709641e+01 8.920000688599775962e-02
1.394591277066507828e+01 8.428917404497721089e-02
1.419764645764527167e+01 8.065438091911832086e-02
1.444766774168416212e+01 7.708331376076779651e-02
1.469906835825429070e+01 7.338908161692607457e-02
1.495059118111036511e+01 7.055719261334601755e-02
1.520261612590052991e+01 6.720370051322999139e-02
1.545415944503929495e+01 6.458003766436627713e-02
1.570456072545780124e+01 6.164519524228313091e-02
1.595705800128773966e+01 5.924174430131933650e-02
1.620829297830731619e+01 5.605710182206288111e-02
1.645966591028190962e+01 5.456581802702361456e-02
1.671125708846596325e+01 5.213955335551107018e-02
1.696160259490052624e+01 4.994595575796053483e-02
1.721370276108077135e+01 4.835713701827739491e-02
1.746543424102250341e+01 4.666264390986576971e-02
1.771598473288305442e+01 4.480868508934054278e-02
1.796653767411944003e+01 4.307581152101132987e-02
1.821765658501893270e+01 4.163537572003247339e-02
1.847053788120423334e+01 3.993079929403409861e-02
1.872257696809484173e+01 3.866123499296976462e-02
1.897394097105746269e+01 3.731282402600617776e-02
1.922542454726159988e+01 3.622129671272501794e-02
1.947607703355479103e+01 3.455794053913936736e-02
1.972678839839982601e+01 3.354207198989838518e-02
1.997802698857814363e+01 3.230695301993454643e-02
2.022863620534168660e+01 3.148078391467523662e-02
2.047969598507238231e+01 3.020874956938658304e-02
2.073250439107362553e+01 2.962195763945042748e-02
2.098435855211640089e+01 2.868065160136483438e-02
2.123502923393334640e+01 2.761518435910181174e-02
2.148629411178690773e+01 2.678652401059626251e-02
2.173831825513516591e+01 2.576394778771895142e-02
2.198972260956887226e+01 2.496926723652017482e-02
2.223974971000711420e+01 2.435492168749423328e-02
2.249141870643862973e+01 2.341143766721245217e-02
2.274404614890906373e+01 2.293794287462775847e-02
2.299521835768831579e+01 2.206314551917837319e-02
2.324620084136223852e+01 2.144802174770359116e-02
2.349757798664387209e+01 2.092908693426659764e-02
2.374870488118759937e+01 2.050084796890032368e-02
2.399988781917473091e+01 1.987160208952626350e-02
2.425071646049711305e+01 1.945029165878857380e-02
2.450187830577813841e+01 1.880417003635806786e-02
2.475391093216606109e+01 1.824584044931571933e-02
2.500524226975159792e+01 1.773918648875499535e-02
2.525610980153284402e+01 1.731476528481329380e-02
2.550801425092822328e+01 1.686634923085362711e-02
2.575943113325822864e+01 1.636256360654921027e-02
2.601074166866445125e+01 1.602982349366211673e-02
2.626234447079615464e+01 1.558316164489522045e-02
2.651347712943701751e+01 1.510819608188946998e-02
2.676474177984877656e+01 1.474698728364595007e-02
2.701628079430242479e+01 1.436113677207391526e-02
2.726734205837282232e+01 1.408362521744678866e-02
2.751837013544679422e+01 1.373512218058901835e-02
2.776937726815812724e+01 1.344398831150701683e-02
2.802070160973895341e+01 1.306619196111817593e-02
2.827249982643487058e+01 1.280118708463772251e-02
2.852407603869968966e+01 1.246818553297262579e-02
2.877567300468570721e+01 1.221733819051677890e-02
2.902733523039245256e+01 1.184927260273729681e-02
2.927861073083739996e+01 1.159261428802550384e-02
2.953003196193969160e+01 1.132696241114890950e-02
2.978106336846375157e+01 1.106888946687390601e-02
3.003148440777084716e+01 1.083091756079620355e-02
3.028303386126418673e+01 1.060104175529118231e-02
3.053456493440382857e+01 1.036917354240598707e-02
3.078585183944906944e+01 1.012280161106523385e-02
3.103757946070165730e+01 9.972181158804745496e-03
3.128931656795834826e+01 9.699104025283780336e-03
3.154125974608096428e+01 9.517286874979855732e-03
3.179158626791808828e+01 9.315451150221502538e-03
3.204196438636942190e+01 9.112615692562473640e-03
3.229344668057169798e+01 8.865939087413331546e-03
3.254489998018084407e+01 8.735886328659986377e-03
3.279660140319880668e+01 8.515279964541072610e-03
3.304772754686901237e+01 8.344363842527865657e-03
3.329949953441923327e+01 8.185609248253762973e-03
3.355173249539067371e+01 8.035175868607791899e-03
3.380235474142784824e+01 7.877772784499187733e-03
3.405292218889088218e+01 7.686542963327149154e-03
3.430455901572810262e+01 7.578438004215033545e-03
3.455605119154291316e+01 7.434487976565366807e-03
3.480708698418615654e+01 7.294369117259295356e-03
3.505823042281740243e+01 7.163391441207363902e-03
3.530983122122644602e+01 6.998595392982216896e-03
3.556111974160763367e+01 6.858691368326110156e-03
3.581195885960364933e+01 6.757261710090858159e-03
3.606348577968052638e+01 6.594181019404720193e-03
3.631495136683125935e+01 6.481845965050356435e-03
3.656646781331610185e+01 6.375146426222957040e-03
3.681800948534306173e+01 6.251893750247620660e-03
3.706942350460822411e+01 6.105045476346601836e-03
3.732119977997001570e+01 6.049351971647940612e-03
3.757249197135423202e+01 5.908481279789369774e-03
3.782324055213251057e+01 5.803727547799528673e-03
3.807430609684078604e+01 5.676471504561201621e-03
3.832526519371521090e+01 5.606114840924372386e-03
3.857704530181875668e+01 5.481795736071911999e-03
3.882896255048217427e+01 5.408163941102926177e-03
3.907976684424035341e+01 5.306636718076985018e-03
3.933085588900704010e+01 5.219697101960820568e-03
3.958184533965361140e+01 5.103408167428219976e-03
3.983320492881626507e+01 5.015842820483599855e-03
4.008506787586624398e+01 4.964144959843822674e-03
4.033569471078550350e+01 4.857280570550980003e-03
4.058701345074587863e+01 4.820420977177771599e-03
4.083916815834436420e+01 4.697509148115491112e-03
4.108978611092747713e+01 4.605729789907993428e-03
4.134119394692694271e+01 4.546963672281763465e-03
4.159372926482761557e+01 4.482972319288963323e-03
4.184480996230068683e+01 4.411193183532370610e-03
4.209495048714620680e+01 4.371226733447290506e-03
4.234568601474854432e+01 4.276501892506247120e-03
4.259794184898333214e+01 4.227178814791062583e-03
4.284922176444433717e+01 4.122645948079772978e-03
4.309982534096671003e+01 4.062640928226624211e-03
4.335153475414617930e+01 3.990969269417180866e-03
4.360374984514007224e+01 3.948593793187754435e-03
4.385432838732079830e+01 3.857142682017164134e-03
4.410529766549178277e+01 3.860388146852970510e-03
4.435675536456894008e+01 3.771059004573796853e-03
4.460756668584335927e+01 3.691623965139663715e-03
4.485812369927145937e+01 3.611645624531666533e-03
4.510933196139897206e+01 3.603113703671364468e-03
4.536097672816924131e+01 3.502134967379484307e-03
4.561261869099184452e+01 3.483167627368156678e-03
4.586346064304911607e+01 3.448859484151550747e-03
4.611435299895526185e+01 3.382793663364498139e-03
4.636610302009028572e+01 3.313894429510343912e-03
4.661726081402038346e+01 3.314156452315046488e-03
4.686748045926628237e+01 3.289032091697524900e-03
4.712001000143001761e+01 3.161472214297420761e-03
4.737334269293729960e+01 3.129284546782083124e-03
4.762357272554871912e+01 3.087923750894519103e-03
4.787295862859781437e+01 3.057713041455344463e-03
4.812686710231834297e+01 2.993668998244078654e-03
4.837988354528783930e+01 2.958193246133719763e-03
4.862698975964909209e+01 2.910141576683214840e-03
4.887931961662670233e+01 2.844346925059634129e-03
4.913512531690142282e+01 2.811093359671469442e-03
4.938486646957150583e+01 2.790440644409844864e-03
4.963073103205424985e+01 2.758303026121275859e-03
4.988316058859187763e+01 2.716917584235946197e-03
5.013927392651110893e+01 2.619514350917387033e-03
5.038898445289544270e+01 2.636941635171466489e-03
5.063791314200675941e+01 2.659252824118957942e-03
5.089234515763529032e+01 2.580264335363791506e-03
5.114529266359630810e+01 2.523740353713895858e-03
5.138952878242714206e+01 2.472260606721400546e-03
5.163945178601188246e+01 2.505613414612284460e-03
5.190206698624180603e+01 2.448019889148868745e-03
5.215590084722179398e+01 2.418177320358818119e-03
5.238680673191466042e+01 2.473647049848982406e-03
5.263532591009818873e+01 2.496568833090459256e-03
5.290823119436031874e+01 2.341676946231684153e-03
5.316882575050344428e+01 2.293808709964846506e-03
5.338513341050097694e+01 2.195372877187900564e-03
5.363212510227822349e+01 2.225116557885830054e-03
5.391615723351310407e+01 2.229710436124338665e-03
5.419187693011466678e+01 2.203838566174777264e-03
5.439722241285236493e+01 2.173743082095510627e-03
5.462806064877949552e+01 2.236634980984804604e-03
5.491241494336609463e+01 2.145348407622623202e-03
5.519421446932921782e+01 1.950737237520782036e-03
5.543046826972861396e+01 1.340695177786634844e-03
5.561137265256709128e+01 1.953503120629313927e-03
