3.559856489878782115e-01 8.185786762857081840e+02
6.031648866026231293e-01 2.240537920806762600e+02
8.579160745827347778e-01 9.105142050866049885e+01
1.113464310595710716e+00 5.072835946640891081e+01
1.374039914321364408e+00 3.330499706674537919e+01
1.619154704570298309e+00 2.015294042360379478e+01
1.870686673430271840e+00 1.384423190755888911e+01
2.123290040706380832e+00 1.086810294684358880e+01
2.378144976376236119e+00 7.960679487644489960e+00
2.630489925835516996e+00 6.064724239005408357e+00
2.878653162679494670e+00 5.117895163902091760e+00
3.131144366275339319e+00 3.971734291679109852e+00
3.388159578333816313e+00 3.370898511420257648e+00
3.638741848210948149e+00 2.764612930287115855e+00
3.888315910732085268e+00 2.342840455710280878e+00
4.139052155837465996e+00 2.016584187829124186e+00
4.390305777018236988e+00 1.717548576710152153e+00
4.642172339120373081e+00 1.445383972027048713e+00
4.894678666149941293e+00 1.274368894435274013e+00
5.147269052361176378e+00 1.128436112679729542e+00
5.398003206656323272e+00 9.985529448450904955e-01
5.647798235368590269e+00 9.121434332228467445e-01
5.900534302989873581e+00 7.636765026085680086e-01
6.151460297009074374e+00 7.240466711286871471e-01
6.402630176204441526e+00 6.406274910932698852e-01
6.655964674748322096e+00 5.856134383403105437e-01
6.908782583105771202e+00 5.228000151300150611e-01
7.159060853508338873e+00 4.743084398491487774e-01
7.409414762591408632e+00 4.470744775508345703e-01
7.659227149364629561e+00 4.126903956683739549e-01
7.911559474606142395e+00 3.773903855241184657e-01
8.163750941790897997e+00 3.473857271423335669e-01
8.415757210439384295e+00 3.185153604603802591e-01
8.667638839289207198e+00 2.982517062284779641e-01
8.918801124864609520e+00 2.756893637528975427e-01
9.170480108345369530e+00 2.556421665329929871e-01
9.420566033467249412e+00 2.390819699945420929e-01
9.671642335271435797e+00 2.203605977461005061e-01
9.923426157758477473e+00 2.067888366532891486e-01
1.017396902749181820e+01 1.949950678403893634e-01
1.042533700753922155e+01 1.802760826537820327e-01
1.067702948358784276e+01 1.710192082699184268e-01
1.092969337256462303e+01 1.585634115774275932e-01
1.118211872033766419e+01 1.494350631201878943e-01
1.143346516925797296e+01 1.417484482249162792e-01
1.168350508557724687e+01 1.341152593015195738e-01
1.193379937775929100e+01 1.266625266376633641e-01
1.218553055762879112e+01 1.198340143209252889e-01
1.243711650801278878e+01 1.147940619130482787e-01
1.268867268647359303e+01 1.067020874146336479e-01
1.294075027177769144e+01 1.027855375375040514e-01
1.319267287020158363e+01 9.733096492136471267e-02
1.344470571782862756e+01 9.144334020350779191e-02
1.369480150283709641e+01 8.752099781980728077e-02
1.394591277066507828e+01 8.377662369381672081e-02
1.419764645764527167e+01 8.061756201965894486e-02
1.444766774168416212e+01 7.759750066660432710e-02
1.469906835825429070e+01 7.316260588200716730e-02
1.495059118111036511e+01 7.028371031882846287e-02
1.520261612590052991e+01 6.703436551807256949e-02
1.545415944503929495e+01 6.351698483013197560e-02
1.570456072545780124e+01 6.208205142140484772e-02
1.595705800128773966e+01 5.936635864408486979e-02
1.620829297830731619e+01 5.682602875224333078e-02
1.645966591028190962e+01 5.464592326835653741e-02
1.671125708846596325e+01 5.223800013146732979e-02
1.696160259490052624e+01 5.013260360700202978e-02
1.721370276108077135e+01 4.823588097335083924e-02
1.746543424102250341e+01 4.630816752236300432e-02
1.771598473288305442e+01 4.422982438009021716e-02
1.796653767411944003e+01 4.275073178431635507e-02
1.821765658501893270e+01 4.118928631974262677e-02
1.847053788120423334e+01 4.040718406663049850e-02
1.872257696809484173e+01 3.849329905949100405e-02
1.897394097105746269e+01 3.728036008652136496e-02
1.922542454726159988e+01 3.588097688293237497e-02
1.947607703355479103e+01 3.464678998967648388e-02
1.972678839839982601e+01 3.344061832695809783e-02
1.997802698857814363e+01 3.239163236940878488e-02
2.022863620534168660e+01 3.130020537995364949e-02
2.047969598507238231e+01 3.043885972584292263e-02
2.073250439107362553e+01 2.964639979364260686e-02
2.098435855211640089e+01 2.823564045746413190e-02
2.123502923393334640e+01 2.749213452268395655e-02
2.148629411178690773e+01 2.682772132149189095e-02
2.173831825513516591e+01 2.563697860918748989e-02
2.198972260956887226e+01 2.498552032831000136e-02
2.223974971000711420e+01 2.436215778525414530e-02
2.249141870643862973e+01 2.353449640036754664e-02
2.274404614890906373e+01 2.288170434276910054e-02
2.299521835768831579e+01 2.218441838762448548e-02
2.324620084136223852e+01 2.149229032577168810e-02
2.349757798664387209e+01 2.094288289153781873e-02
2.374870488118759937e+01 2.011119431694284240e-02
2.399988781917473091e+01 2.010066503064420612e-02
2.425071646049711305e+01 1.935894086642546419e-02
2.450187830577813841e+01 1.869580609087494530e-02
2.475391093216606109e+01 1.820614702533851145e-02
2.500524226975159792e+01 1.778991287190480677e-02
2.525610980153284402e+01 1.717926302088538040e-02
2.550801425092822328e+01 1.677776490061600942e-02
2.575943113325822864e+01 1.631497903465163601e-02
2.601074166866445125e+01 1.601062702132312679e-02
2.626234447079615464e+01 1.560176645072351015e-02
2.651347712943701751e+01 1.523406308058217196e-02
2.676474177984877656e+01 1.481363913451475695e-02
2.701628079430242479e+01 1.445481415759376949e-02
2.726734205837282232e+01 1.406219380449201702e-02
2.751837013544679422e+01 1.373238434457590799e-02
2.776937726815812724e+01 1.334275263032450379e-02
2.802070160973895341e+01 1.310569781515144756e-02
2.827249982643487058e+01 1.274771177880096307e-02
2.852407603869968966e+01 1.247776556524567843e-02
2.877567300468570721e+01 1.215727122146502241e-02
2.902733523039245256e+01 1.183340604657457870e-02
2.927861073083739996e+01 1.153793760313441726e-02
2.953003196193969160e+01 1.137065018763869749e-02
2.978106336846375157e+01 1.108183501957241482e-02
3.003148440777084716e+01 1.088388407390674349e-02
3.028303386126418673e+01 1.065068319008078725e-02
3.053456493440382857e+01 1.039603091292677986e-02
3.078585183944906944e+01 1.015822802624885904e-02
3.103757946070165730e+01 9.859382728409121083e-03
3.128931656795834826e+01 9.770262640901921855e-03
3.154125974608096428e+01 9.470992235048344629e-03
3.179158626791808828e+01 9.319565240551719310e-03
3.204196438636942190e+01 9.077958221519497745e-03
3.229344668057169798e+01 8.937609685420074002e-03
3.254489998018084407e+01 8.718747741698793310e-03
3.279660140319880668e+01 8.554804105764392957e-03
3.304772754686901237e+01 8.381515811584260706e-03
3.329949953441923327e+01 8.180088703114247670e-03
3.355173249539067371e+01 8.058554514611260614e-03
3.380235474142784824e+01 7.843329394862178991e-03
3.405292218889088218e+01 7.717885085240217512e-03
3.430455901572810262e+01 7.594291809653730754e-03
3.455605119154291316e+01 7.417566429417815979e-03
3.480708698418615654e+01 7.268953063592057708e-03
3.505823042281740243e+01 7.107848364257399361e-03
3.530983122122644602e+01 6.977614954166347534e-03
3.556111974160763367e+01 6.878041245495656458e-03
3.581195885960364933e+01 6.729562280595475371e-03
3.606348577968052638e+01 6.613904505365791192e-03
3.631495136683125935e+01 6.472700363104402083e-03
3.656646781331610185e+01 6.359778425374184620e-03
3.681800948534306173e+01 6.241417074528281955e-03
3.706942350460822411e+01 6.147795056329032753e-03
3.732119977997001570e+01 6.035866943055073243e-03
3.757249197135423202e+01 5.908093206007988991e-03
3.782324055213251057e+01 5.815682776908338847e-03
3.807430609684078604e+01 5.717709304672398060e-03
3.832526519371521090e+01 5.587089436975297037e-03
3.857704530181875668e+01 5.485501609746469727e-03
3.882896255048217427e+01 5.386443731129244260e-03
3.907976684424035341e+01 5.310753618571157492e-03
3.933085588900704010e+01 5.216436708929348028e-03
3.958184533965361140e+01 5.097180633670051961e-03
3.983320492881626507e+01 5.051679794845034301e-03
4.008506787586624398e+01 4.965119751502987053e-03
4.033569471078550350e+01 4.864870685180545419e-03
4.058701345074587863e+01 4.769964250751958061e-03
4.083916815834436420e+01 4.684113947517149976e-03
4.108978611092747713e+01 4.632536212991440056e-03
4.134119394692694271e+01 4.559293349340014234e-03
4.159372926482761557e+01 4.484105839791040909e-03
4.184480996230068683e+01 4.405295468189143748e-03
4.209495048714620680e+01 4.324883814357505761e-03
4.234568601474854432e+01 4.290195812343999479e-03
4.259794184898333214e+01 4.221003189671255346e-03
4.284922176444433717e+01 4.101080269513801037e-03
4.309982534096671003e+01 4.067617082712094052e-03
4.335153475414617930e+01 3.984196080920181758e-03
4.360374984514007224e+01 3.947485709115993065e-03
4.385432838732079830e+01 3.840254533332496199e-03
4.410529766549178277e+01 3.811494668973795102e-03
4.435675536456894008e+01 3.764269955319593606e-03
4.460756668584335927e+01 3.690728575009572399e-03
4.485812369927145937e+01 3.663575661940570143e-03
4.510933196139897206e+01 3.594715131263259873e-03
4.536097672816924131e+01 3.516352721293301061e-03
4.561261869099184452e+01 3.514741560475780850e-03
4.586346064304911607e+01 3.427456348344366539e-03
4.611435299895526185e+01 3.359064308725283332e-03
4.636610302009028572e+01 3.392846207011559079e-03
4.661726081402038346e+01 3.276206436030022241e-03
4.686748045926628237e+01 3.242759564648223149e-03
4.712001000143001761e+01 3.184424218767203073e-03
4.737334269293729960e+01 3.169171215016272723e-03
4.762357272554871912e+01 3.058271079744855677e-03
4.787295862859781437e+01 3.073249873474767462e-03
4.812686710231834297e+01 2.992256168321901551e-03
4.837988354528783930e+01 3.000885669470441768e-03
4.862698975964909209e+01 2.878374428234762705e-03
4.887931961662670233e+01 2.920423754142181978e-03
4.913512531690142282e+01 2.916413548360204978e-03
4.938486646957150583e+01 2.826098063250974315e-03
4.963073103205424985e+01 2.779271292451645625e-03
4.988316058859187763e+01 2.734739334615841466e-03
5.013927392651110893e+01 2.687437918602412872e-03
5.038898445289544270e+01 2.651281978757869581e-03
5.063791314200675941e+01 2.675850498851795392e-03
5.089234515763529032e+01 2.579072166824751024e-03
5.114529266359630810e+01 2.599715167946015440e-03
5.138952878242714206e+01 2.553764394355095488e-03
5.163945178601188246e+01 2.399601838046203951e-03
5.190206698624180603e+01 2.433703154669852181e-03
5.215590084722179398e+01 2.506616239318364744e-03
5.238680673191466042e+01 2.443656653748084526e-03
5.263532591009818873e+01 2.405960485014740999e-03
5.290823119436031874e+01 2.441730072610275026e-03
5.316882575050344428e+01 2.271896009736108866e-03
5.338513341050097694e+01 2.300991648311770214e-03
5.363212510227822349e+01 2.287769497957268996e-03
5.391615723351310407e+01 2.168248655003264958e-03
5.419187693011466678e+01 2.207280187964059514e-03
5.439722241285236493e+01 1.960810935290310808e-03
5.462806064877949552e+01 2.069647101891586294e-03
5.491241494336609463e+01 1.951751319008697763e-03
5.519421446932921782e+01 2.021054371189796341e-03
5.543046826972861396e+01 2.229764822229433809e-03
5.561137265256709128e+01 1.200357852590518137e-03
