3.559856489878782115e-01 3.618541943597322188e+02
6.031648866026231293e-01 1.686185855524502983e+02
8.579160745827347778e-01 1.035727906990103122e+02
1.113464310595710716e+00 4.202707147142764654e+01
1.374039914321364408e+00 3.016683391991735519e+01
1.619154704570298309e+00 2.119703967855438975e+01
1.870686673430271840e+00 1.327016383465643834e+01
2.123290040706380832e+00 1.035071245221178593e+01
2.378144976376236119e+00 8.061024182613815370e+00
2.630489925835516996e+00 6.508020680649681644e+00
2.878653162679494670e+00 4.829037092496082373e+00
3.131144366275339319e+00 4.119179714497415823e+00
3.388159578333816313e+00 3.220967141930636490e+00
3.638741848210948149e+00 2.558417765550589085e+00
3.888315910732085268e+00 2.329700473277542372e+00
4.139052155837465996e+00 1.955569524031167017e+00
4.390305777018236988e+00 1.681818516221175175e+00
4.642172339120373081e+00 1.436809450660144760e+00
4.894678666149941293e+00 1.329554949631137406e+00
5.147269052361176378e+00 1.100440748761034815e+00
5.398003206656323272e+00 9.932604338992364612e-01
5.647798235368590269e+00 8.971316835312357352e-01
5.900534302989873581e+00 7.978250664613254495e-01
6.151460297009074374e+00 7.116823608644380350e-01
6.402630176204441526e+00 6.595418942684676544e-01
6.655964674748322096e+00 5.752751793912285194e-01
6.908782583105771202e+00 5.376737986917003997e-01
7.159060853508338873e+00 4.886870106164667438e-01
7.409414762591408632e+00 4.434141833159724877e-01
7.659227149364629561e+00 3.951200586980029850e-01
7.911559474606142395e+00 3.797750430758435880e-01
8.163750941790897997e+00 3.392781578059945735e-01
8.415757210439384295e+00 3.118821357828188701e-01
8.667638839289207198e+00 2.926118855685958531e-01
8.918801124864609520e+00 2.738327215401094583e-01
9.170480108345369530e+00 2.502833598738079535e-01
9.420566033467249412e+00 2.325151366163258904e-01
9.671642335271435797e+00 2.237893432757987189e-01
9.923426157758477473e+00 2.074492073942130754e-01
1.017396902749181820e+01 1.954340885543915662e-01
1.042533700753922155e+01 1.828460328642040333e-01
1.067702948358784276e+01 1.747270783358380319e-01
1.092969337256462303e+01 1.610840730151989753e-01
1.118211872033766419e+01 1.506437852688832513e-01
1.143346516925797296e+01 1.419061924520924611e-01
1.168350508557724687e+01 1.336332844738419012e-01
1.193379937775929100e+01 1.264352467570526717e-01
1.218553055762879112e+01 1.209964536329496965e-01
1.243711650801278878e+01 1.149839630980623861e-01
1.268867268647359303e+01 1.068420919827162419e-01
1.294075027177769144e+01 1.034713048249720907e-01
1.319267287020158363e+01 9.728456465832367728e-02
1.344470571782862756e+01 9.341931095165768861e-02
1.369480150283709641e+01 8.928811108450855627e-02
1.394591277066507828e+01 8.461341598104100969e-02
1.419764645764527167e+01 8.035939560996475939e-02
1.444766774168416212e+01 7.779697808947060034e-02
1.469906835825429070e+01 7.389671046489533490e-02
1.495059118111036511e+01 7.035731143367394969e-02
1.520261612590052991e+01 6.741689762424125931e-02
1.545415944503929495e+01 6.455576886467015441e-02
1.570456072545780124e+01 6.184457949858841036e-02
1.595705800128773966e+01 5.926719681362119935e-02
1.620829297830731619e+01 5.631158393107847659e-02
1.645966591028190962e+01 5.420663056537434327e-02
1.671125708846596325e+01 5.199303533151401063e-02
1.696160259490052624e+01 4.976005282488706050e-02
1.721370276108077135e+01 4.858540777496746232e-02
1.746543424102250341e+01 4.659028388872257787e-02
1.771598473288305442e+01 4.493839958341070556e-02
1.796653767411944003e+01 4.293377507826914158e-02
1.821765658501893270e+01 4.163618101143126693e-02
1.847053788120423334e+01 4.006920855584285984e-02
1.872257696809484173e+01 3.846996073628429491e-02
1.897394097105746269e+01 3.739224189141529542e-02
1.922542454726159988e+01 3.617445896879614708e-02
1.947607703355479103e+01 3.462909964244756389e-02
1.972678839839982601e+01 3.354201790979881304e-02
1.997802698857814363e+01 3.260607298269733306e-02
2.022863620534168660e+01 3.156187524774533432e-02
2.047969598507238231e+01 3.014164823794798428e-02
2.073250439107362553e+01 2.933376988602741722e-02
2.098435855211640089e+01 2.850677036423764077e-02
2.123502923393334640e+01 2.741956807459841952e-02
2.148629411178690773e+01 2.701920654467008728e-02
2.173831825513516591e+01 2.594515000828862689e-02
2.198972260956887226e+01 2.523635672874761232e-02
2.223974971000711420e+01 2.437310579596010940e-02
2.249141870643862973e+01 2.356962342151761730e-02
2.274404614890906373e+01 2.288053526488745271e-02
2.299521835768831579e+01 2.226105064089424837e-02
2.324620084136223852e+01 2.162974860258246729e-02
2.349757798664387209e+01 2.107220746459004257e-02
2.374870488118759937e+01 2.028725050974823294e-02
2.399988781917473091e+01 1.984145811275072821e-02
2.425071646049711305e+01 1.924884138681755633e-02
2.450187830577813841e+01 1.866938977442773873e-02
2.475391093216606109e+01 1.841756363627636631e-02
2.500524226975159792e+01 1.768410034019173016e-02
2.525610980153284402e+01 1.738953775122014170e-02
2.550801425092822328e+01 1.686111386051290795e-02
2.575943113325822864e+01 1.644435838693386262e-02
2.601074166866445125e+01 1.592600947952257928e-02
2.626234447079615464e+01 1.555438717317842584e-02
2.651347712943701751e+01 1.515522545315059130e-02
2.676474177984877656e+01 1.486064026566196773e-02
2.701628079430242479e+01 1.444332491952014623e-02
2.726734205837282232e+01 1.410795457872605733e-02
2.751837013544679422e+01 1.368118899265091323e-02
2.776937726815812724e+01 1.340919865626550092e-02
2.802070160973895341e+01 1.306091026192697339e-02
2.827249982643487058e+01 1.272210246479742006e-02
2.852407603869968966e+01 1.243420270004100964e-02
2.877567300468570721e+01 1.216451528764683418e-02
2.902733523039245256e+01 1.191822747501233848e-02
2.927861073083739996e+01 1.162068793097645672e-02
2.953003196193969160e+01 1.133962032060651520e-02
2.978106336846375157e+01 1.114392640762998724e-02
3.003148440777084716e+01 1.090373386508346025e-02
3.028303386126418673e+01 1.054855497977650984e-02
3.053456493440382857e+01 1.038010128478720519e-02
3.078585183944906944e+01 1.009135343797955969e-02
3.103757946070165730e+01 9.980260872980775688e-03
3.128931656795834826e+01 9.673537386024590179e-03
3.154125974608096428e+01 9.526612977480933275e-03
3.179158626791808828e+01 9.310496208586531430e-03
3.204196438636942190e+01 9.148825604024690694e-03
3.229344668057169798e+01 8.885659336007467254e-03
3.254489998018084407e+01 8.726179907530341381e-03
3.279660140319880668e+01 8.499529472059797960e-03
3.304772754686901237e+01 8.400085330591047436e-03
3.329949953441923327e+01 8.186569233522436942e-03
3.355173249539067371e+01 8.063627182781319888e-03
3.380235474142784824e+01 7.909653260279462042e-03
3.405292218889088218e+01 7.731317583752928511e-03
3.430455901572810262e+01 7.558465225327400290e-03
3.455605119154291316e+01 7.434933824988661927e-03
3.480708698418615654e+01 7.290517580195724628e-03
3.505823042281740243e+01 7.077810167851032903e-03
3.530983122122644602e+01 7.034160779750772002e-03
3.556111974160763367e+01 6.867218794174343929e-03
3.581195885960364933e+01 6.736843147467185336e-03
3.606348577968052638e+01 6.591531083269679646e-03
3.631495136683125935e+01 6.479954536836110730e-03
3.656646781331610185e+01 6.370705702416665575e-03
3.681800948534306173e+01 6.270961955682444883e-03
3.706942350460822411e+01 6.150893819790139577e-03
3.732119977997001570e+01 6.047010468436146008e-03
3.757249197135423202e+01 5.867696629339989346e-03
3.782324055213251057e+01 5.806894878411570857e-03
3.807430609684078604e+01 5.715538346032176045e-03
3.832526519371521090e+01 5.599354542520789541e-03
3.857704530181875668e+01 5.481792724131019125e-03
3.882896255048217427e+01 5.419122472798715284e-03
3.907976684424035341e+01 5.313122434150791690e-03
3.933085588900704010e+01 5.227519954361651254e-03
3.958184533965361140e+01 5.096804507936303179e-03
3.983320492881626507e+01 5.053334316587184023e-03
4.008506787586624398e+01 4.962061512372148431e-03
4.033569471078550350e+01 4.889596499836378410e-03
4.058701345074587863e+01 4.786231569100285292e-03
4.083916815834436420e+01 4.677120002165859394e-03
4.108978611092747713e+01 4.612921128788697450e-03
4.134119394692694271e+01 4.562965274565081164e-03
4.159372926482761557e+01 4.481010577333986722e-03
4.184480996230068683e+01 4.386227687385203799e-03
4.209495048714620680e+01 4.353692195591161475e-03
4.234568601474854432e+01 4.274437807395550445e-03
4.259794184898333214e+01 4.226528014544766662e-03
4.284922176444433717e+01 4.155196772827120764e-03
4.309982534096671003e+01 4.067567875805863827e-03
4.335153475414617930e+01 3.968587037317306346e-03
4.360374984514007224e+01 3.936161381234643333e-03
4.385432838732079830e+01 3.867254396503237018e-03
4.410529766549178277e+01 3.848819200260018922e-03
4.435675536456894008e+01 3.769338132958824621e-03
4.460756668584335927e+01 3.741663875202487846e-03
4.485812369927145937e+01 3.623196371848031502e-03
4.510933196139897206e+01 3.567505121845454628e-03
4.536097672816924131e+01 3.530873279123897084e-03
4.561261869099184452e+01 3.495782949273884121e-03
4.586346064304911607e+01 3.418570603632925878e-03
4.611435299895526185e+01 3.365839023943133744e-03
4.636610302009028572e+01 3.350986043100175147e-03
4.661726081402038346e+01 3.303585786044425671e-03
4.686748045926628237e+01 3.263124839520377320e-03
4.712001000143001761e+01 3.211583114909298282e-03
4.737334269293729960e+01 3.204408050347055687e-03
4.762357272554871912e+01 3.113110463956170453e-03
4.787295862859781437e+01 3.076887598410875477e-03
4.812686710231834297e+01 3.025939602932933240e-03
4.837988354528783930e+01 2.976772184099587062e-03
4.862698975964909209e+01 2.928917254941749634e-03
4.887931961662670233e+01 2.879197552478121851e-03
4.913512531690142282e+01 2.875013310244386219e-03
4.938486646957150583e+01 2.768438802869081783e-03
4.963073103205424985e+01 2.715760373703828522e-03
4.988316058859187763e+01 2.697593278147689209e-03
5.013927392651110893e+01 2.657800238083335258e-03
5.038898445289544270e+01 2.591469151338256487e-03
5.063791314200675941e+01 2.642801305358306093e-03
5.089234515763529032e+01 2.572199519224724687e-03
5.114529266359630810e+01 2.536818129288013601e-03
5.138952878242714206e+01 2.476703297762880996e-03
5.163945178601188246e+01 2.430872846142258410e-03
5.190206698624180603e+01 2.384648191159078646e-03
5.215590084722179398e+01 2.411223197784566168e-03
5.238680673191466042e+01 2.375349816230019461e-03
5.263532591009818873e+01 2.420189881926939138e-03
5.290823119436031874e+01 2.375223989559676913e-03
5.316882575050344428e+01 2.322239187169682344e-03
5.338513341050097694e+01 2.258008437036092362e-03
5.363212510227822349e+01 2.222903918314391141e-03
5.391615723351310407e+01 2.261793038979941894e-03
5.419187693011466678e+01 2.101591277249936426e-03
5.439722241285236493e+01 2.049402104111451746e-03
5.462806064877949552e+01 2.146137774006384811e-03
5.491241494336609463e+01 1.933885953178591383e-03
5.519421446932921782e+01 1.851064681203048535e-03
5.543046826972861396e+01 2.445878336325180667e-03
5.561137265256709128e+01 2.524199360365077596e-03
