3.559856489878782115e-01 1.008670757296770375e+03
6.031648866026231293e-01 2.441807074381795815e+02
8.579160745827347778e-01 8.754650711799806118e+01
1.113464310595710716e+00 5.108039086072636081e+01
1.374039914321364408e+00 3.166694754300548809e+01
1.619154704570298309e+00 2.131956350023180846e+01
1.870686673430271840e+00 1.462567132790743685e+01
2.123290040706380832e+00 1.039591217198457329e+01
2.378144976376236119e+00 7.785257219810363338e+00
2.630489925835516996e+00 6.353785651920420108e+00
2.878653162679494670e+00 4.939513001780446722e+00
3.131144366275339319e+00 3.947851112570356147e+00
3.388159578333816313e+00 3.201738672594242274e+00
3.638741848210948149e+00 2.705687647866076961e+00
3.888315910732085268e+00 2.339646666965862210e+00
4.139052155837465996e+00 1.990813879416392096e+00
4.390305777018236988e+00 1.752999302393253300e+00
4.642172339120373081e+00 1.450296420673681697e+00
4.894678666149941293e+00 1.278132504636356970e+00
5.147269052361176378e+00 1.130651557542925234e+00
5.398003206656323272e+00 1.021787302350636972e+00
5.647798235368590269e+00 8.841836350963578894e-01
5.900534302989873581e+00 7.993969352298252451e-01
6.151460297009074374e+00 7.192939693373932020e-01
6.402630176204441526e+00 6.442384682298438747e-01
6.655964674748322096e+00 5.789880687218967870e-01
6.908782583105771202e+00 5.310962476133714860e-01
7.159060853508338873e+00 4.779645267156375499e-01
7.409414762591408632e+00 4.512080650183604713e-01
7.659227149364629561e+00 4.125958542013986041e-01
7.911559474606142395e+00 3.703581420511682931e-01
8.163750941790897997e+00 3.454502967755799792e-01
8.415757210439384295e+00 3.213057831781410134e-01
8.667638839289207198e+00 2.890628406413709994e-01
8.918801124864609520e+00 2.772283951477340636e-01
9.170480108345369530e+00 2.514838973459267990e-01
9.420566033467249412e+00 2.353907078454642310e-01
9.671642335271435797e+00 2.224664882376209130e-01
9.923426157758477473e+00 2.052773770624515548e-01
1.017396902749181820e+01 1.921262542773844728e-01
1.042533700753922155e+01 1.841613578431753884e-01
1.067702948358784276e+01 1.692932455063204944e-01
1.092969337256462303e+01 1.629726955124668752e-01
1.118211872033766419e+01 1.503635686169545738e-01
1.143346516925797296e+01 1.439553773195275943e-01
1.168350508557724687e+01 1.350150931534912779e-01
1.193379937775929100e+01 1.272711347578423247e-01
1.218553055762879112e+01 1.196927155627648953e-01
1.243711650801278878e+01 1.137781026957048330e-01
1.268867268647359303e+01 1.078447766955317189e-01
1.294075027177769144e+01 1.010599301343392126e-01
1.319267287020158363e+01 9.885618652059800782e-02
1.344470571782862756e+01 9.362747770931632851e-02
1.369480150283709641e+01 8.752976626048396269e-02
1.394591277066507828e+01 8.434849406514129122e-02
1.419764645764527167e+01 7.993845789859671536e-02
1.444766774168416212e+01 7.665593539771205223e-02
1.469906835825429070e+01 7.341608286794609750e-02
1.495059118111036511e+01 7.026831323574762866e-02
1.520261612590052991e+01 6.688512408587876656e-02
1.545415944503929495e+01 6.473320138484207897e-02
1.570456072545780124e+01 6.180945958332358103e-02
1.595705800128773966e+01 5.960052218254734135e-02
1.620829297830731619e+01 5.696497365324604961e-02
1.645966591028190962e+01 5.407789254943309171e-02
1.671125708846596325e+01 5.206854468123110063e-02
1.696160259490052624e+01 5.015022505770530548e-02
1.721370276108077135e+01 4.785925589345307873e-02
1.746543424102250341e+01 4.602696006434805337e-02
1.771598473288305442e+01 4.451350395310488262e-02
1.796653767411944003e+01 4.331593831906542513e-02
1.821765658501893270e+01 4.181357841165692091e-02
1.847053788120423334e+01 4.003436666223968154e-02
1.872257696809484173e+01 3.856476121852253636e-02
1.897394097105746269e+01 3.730100512863845225e-02
1.922542454726159988e+01 3.602220048786134582e-02
1.947607703355479103e+01 3.455419084258003898e-02
1.972678839839982601e+01 3.361748353501153863e-02
1.997802698857814363e+01 3.244814644492226979e-02
2.022863620534168660e+01 3.136291442696169385e-02
2.047969598507238231e+01 3.034938531066619719e-02
2.073250439107362553e+01 2.935687405949910164e-02
2.098435855211640089e+01 2.857366531899133144e-02
2.123502923393334640e+01 2.760559534141539956e-02
2.148629411178690773e+01 2.669571834224696710e-02
2.173831825513516591e+01 2.575471642814430862e-02
2.198972260956887226e+01 2.489869690414379944e-02
2.223974971000711420e+01 2.433406478388668026e-02
2.249141870643862973e+01 2.352900886065931868e-02
2.274404614890906373e+01 2.311863503841289288e-02
2.299521835768831579e+01 2.238858747930213763e-02
2.324620084136223852e+01 2.156826631269213521e-02
2.349757798664387209e+01 2.088419001233574740e-02
2.374870488118759937e+01 2.043784207000201233e-02
2.399988781917473091e+01 2.003256314665705431e-02
2.425071646049711305e+01 1.910962679762879049e-02
2.450187830577813841e+01 1.883311394889708099e-02
2.475391093216606109e+01 1.821477769065588462e-02
2.500524226975159792e+01 1.788234283869682972e-02
2.525610980153284402e+01 1.724133698085099364e-02
2.550801425092822328e+01 1.675561222500010841e-02
2.575943113325822864e+01 1.636317962585285418e-02
2.601074166866445125e+01 1.597757406066004429e-02
2.626234447079615464e+01 1.561354803748510323e-02
2.651347712943701751e+01 1.519294569429316573e-02
2.676474177984877656e+01 1.482006790964041608e-02
2.701628079430242479e+01 1.435749362642613040e-02
2.726734205837282232e+01 1.410074253557797204e-02
2.751837013544679422e+01 1.372427672546511386e-02
2.776937726815812724e+01 1.340671820020788475e-02
2.802070160973895341e+01 1.310925285847292995e-02
2.827249982643487058e+01 1.282738284290064167e-02
2.852407603869968966e+01 1.236756641156632440e-02
2.877567300468570721e+01 1.215687745080146209e-02
2.902733523039245256e+01 1.188634529527430109e-02
2.927861073083739996e+01 1.156729883136106175e-02
2.953003196193969160e+01 1.134575158465014715e-02
2.978106336846375157e+01 1.109457266489804507e-02
3.003148440777084716e+01 1.089183762753805941e-02
3.028303386126418673e+01 1.056554460286289118e-02
3.053456493440382857e+01 1.033869891898871879e-02
3.078585183944906944e+01 1.018610965137510885e-02
3.103757946070165730e+01 9.880975718330679836e-03
3.128931656795834826e+01 9.665180573449306048e-03
3.154125974608096428e+01 9.509217187241963617e-03
3.179158626791808828e+01 9.281893894841037468e-03
3.204196438636942190e+01 9.124909886147126656e-03
3.229344668057169798e+01 8.935026941101740366e-03
3.254489998018084407e+01 8.678254428299196285e-03
3.279660140319880668e+01 8.552222918361091983e-03
3.304772754686901237e+01 8.382772812857593875e-03
3.329949953441923327e+01 8.217981858962008362e-03
3.355173249539067371e+01 8.039167010890588619e-03
3.380235474142784824e+01 7.900727780860788974e-03
3.405292218889088218e+01 7.721478097736448644e-03
3.430455901572810262e+01 7.567285105272372400e-03
3.455605119154291316e+01 7.456216260580777327e-03
3.480708698418615654e+01 7.251555500076462685e-03
3.505823042281740243e+01 7.130086883648897866e-03
3.530983122122644602e+01 6.977563769325504338e-03
3.556111974160763367e+01 6.869577281053687243e-03
3.581195885960364933e+01 6.757735015494594280e-03
3.606348577968052638e+01 6.562079018770780245e-03
3.631495136683125935e+01 6.507199667567030270e-03
3.656646781331610185e+01 6.388798331871210420e-03
3.681800948534306173e+01 6.213023193124752978e-03
3.706942350460822411e+01 6.105097682626842506e-03
3.732119977997001570e+01 5.979196388185808141e-03
3.757249197135423202e+01 5.894184811109744702e-03
3.782324055213251057e+01 5.812501469872443337e-03
3.807430609684078604e+01 5.670888435813121499e-03
3.832526519371521090e+01 5.603280959128317112e-03
3.857704530181875668e+01 5.469319116758506773e-03
3.882896255048217427e+01 5.403035567138992495e-03
3.907976684424035341e+01 5.267615695303088340e-03
3.933085588900704010e+01 5.189614499670337604e-03
3.958184533965361140e+01 5.144475068900164136e-03
3.983320492881626507e+01 5.053607147504955190e-03
4.008506787586624398e+01 4.921169826847497999e-03
4.033569471078550350e+01 4.901665630261163933e-03
4.058701345074587863e+01 4.785808220873749748e-03
4.083916815834436420e+01 4.672642770009944983e-03
4.108978611092747713e+01 4.631888973189765557e-03
4.134119394692694271e+01 4.565654007395731316e-03
4.159372926482761557e+01 4.454194593011496540e-03
4.184480996230068683e+01 4.442841113350872416e-03
4.209495048714620680e+01 4.312956117320695427e-03
4.234568601474854432e+01 4.239681303386652091e-03
4.259794184898333214e+01 4.210928349983543081e-03
4.284922176444433717e+01 4.168200549741372593e-03
4.309982534096671003e+01 4.025234882607107122e-03
4.335153475414617930e+01 3.984483021859949216e-03
4.360374984514007224e+01 3.912002565054425486e-03
4.385432838732079830e+01 3.876983173568289160e-03
4.410529766549178277e+01 3.810189936352180104e-03
4.435675536456894008e+01 3.754472337689261988e-03
4.460756668584335927e+01 3.709083773886639838e-03
4.485812369927145937e+01 3.651862673806516735e-03
4.510933196139897206e+01 3.568173797221098602e-03
4.536097672816924131e+01 3.550307253187071944e-03
4.561261869099184452e+01 3.502563147651113328e-03
4.586346064304911607e+01 3.420626280153147170e-03
4.611435299895526185e+01 3.389604139527628655e-03
4.636610302009028572e+01 3.330147665332414911e-03
4.661726081402038346e+01 3.240297794132497231e-03
4.686748045926628237e+01 3.196130180947737414e-03
4.712001000143001761e+01 3.195627541459709463e-03
4.737334269293729960e+01 3.157283517500488954e-03
4.762357272554871912e+01 3.092495638023733465e-03
4.787295862859781437e+01 3.106286020613786489e-03
4.812686710231834297e+01 3.015705560489202828e-03
4.837988354528783930e+01 2.976728036098015735e-03
4.862698975964909209e+01 2.915815398439230814e-03
4.887931961662670233e+01 2.847882648144716648e-03
4.913512531690142282e+01 2.869283220129800489e-03
4.938486646957150583e+01 2.796153885393850690e-03
4.963073103205424985e+01 2.746274044063420818e-03
4.988316058859187763e+01 2.716894137559939647e-03
5.013927392651110893e+01 2.667139879715150780e-03
5.038898445289544270e+01 2.629124654434691379e-03
5.063791314200675941e+01 2.604725205576017156e-03
5.089234515763529032e+01 2.616283017750584486e-03
5.114529266359630810e+01 2.634232320836288766e-03
5.138952878242714206e+01 2.493743280071591441e-03
5.163945178601188246e+01 2.459354856085115958e-03
5.190206698624180603e+01 2.527128640672884983e-03
5.215590084722179398e+01 2.520262202861235732e-03
5.238680673191466042e+01 2.302963748999481246e-03
5.263532591009818873e+01 2.366382022790475444e-03
5.290823119436031874e+01 2.375168683717477584e-03
5.316882575050344428e+01 2.211898586383387495e-03
5.338513341050097694e+01 2.252688799601806728e-03
5.363212510227822349e+01 2.168602935174247012e-03
5.391615723351310407e+01 2.239229078800742973e-03
5.419187693011466678e+01 2.124402632556119525e-03
5.439722241285236493e+01 2.174476392409515745e-03
5.462806064877949552e+01 1.936364870922797519e-03
5.491241494336609463e+01 2.032553117961345863e-03
5.519421446932921782e+01 1.883334443336233573e-03
5.543046826972861396e+01 1.830459155559659547e-03
5.561137265256709128e+01 1.435938803359165534e-03
