3.559856489878782115e-01 9.073567734936115130e+02
6.031648866026231293e-01 2.555491548878506762e+02
8.579160745827347778e-01 8.930229090455905805e+01
1.113464310595710716e+00 5.049993634783636764e+01
1.374039914321364408e+00 3.191191635026122242e+01
1.619154704570298309e+00 2.193009976583590870e+01
1.870686673430271840e+00 1.381524518647550792e+01
2.123290040706380832e+00 1.046980759457583865e+01
2.378144976376236119e+00 7.563840379130984282e+00
2.630489925835516996e+00 5.998480395398045673e+00
2.878653162679494670e+00 4.955386735870279225e+00
3.131144366275339319e+00 4.233477339041224141e+00
3.388159578333816313e+00 3.135794276643095291e+00
3.638741848210948149e+00 2.820544264870646245e+00
3.888315910732085268e+00 2.273148143127051934e+00
4.139052155837465996e+00 1.971461688801599443e+00
4.390305777018236988e+00 1.680930925972432544e+00
4.642172339120373081e+00 1.496588751186829658e+00
4.894678666149941293e+00 1.286705761362562095e+00
5.147269052361176378e+00 1.152089421843918604e+00
5.398003206656323272e+00 1.010390634002212185e+00
5.647798235368590269e+00 8.882428385219159894e-01
5.900534302989873581e+00 8.062268935728217345e-01
6.151460297009074374e+00 7.187168523544062992e-01
6.402630176204441526e+00 6.462621211821402145e-01
6.655964674748322096e+00 5.828428033689042609e-01
6.908782583105771202e+00 5.389591474239758817e-01
7.159060853508338873e+00 4.907199774505512924e-01
7.409414762591408632e+00 4.357177185304653144e-01
7.659227149364629561e+00 4.068187278052560196e-01
7.911559474606142395e+00 3.723305513808224387e-01
8.163750941790897997e+00 3.356992053354803662e-01
8.415757210439384295e+00 3.123383960241981061e-01
8.667638839289207198e+00 2.941345043445663943e-01
8.918801124864609520e+00 2.754436153527398679e-01
9.170480108345369530e+00 2.531411544017587723e-01
9.420566033467249412e+00 2.343141892843804142e-01
9.671642335271435797e+00 2.165443344357305400e-01
9.923426157758477473e+00 2.102584390031075612e-01
1.017396902749181820e+01 1.931192560504211841e-01
1.042533700753922155e+01 1.813097454819554699e-01
1.067702948358784276e+01 1.713011764783664292e-01
1.092969337256462303e+01 1.619801135107849788e-01
1.118211872033766419e+01 1.520454667523079839e-01
1.143346516925797296e+01 1.438149919885612360e-01
1.168350508557724687e+01 1.338773185266103061e-01
1.193379937775929100e+01 1.269718946348055433e-01
1.218553055762879112e+01 1.201620144079330876e-01
1.243711650801278878e+01 1.138228177672730712e-01
1.268867268647359303e+01 1.087588271068625767e-01
1.294075027177769144e+01 1.021481990836290710e-01
1.319267287020158363e+01 9.746683721160485925e-02
1.344470571782862756e+01 9.355033174234013427e-02
1.369480150283709641e+01 8.858258156944377737e-02
1.394591277066507828e+01 8.454833167265099481e-02
1.419764645764527167e+01 8.070151642678845272e-02
1.444766774168416212e+01 7.590724693143920121e-02
1.469906835825429070e+01 7.342897509573548254e-02
1.495059118111036511e+01 7.086289490950353764e-02
1.520261612590052991e+01 6.754049058702520092e-02
1.545415944503929495e+01 6.434396803576078461e-02
1.570456072545780124e+01 6.167962111750375370e-02
1.595705800128773966e+01 5.991020937269849606e-02
1.620829297830731619e+01 5.689463346269495875e-02
1.645966591028190962e+01 5.421007218166356417e-02
1.671125708846596325e+01 5.289945156524433062e-02
1.696160259490052624e+01 4.994332600526744936e-02
1.721370276108077135e+01 4.855309035339264168e-02
1.746543424102250341e+01 4.645894947297038446e-02
1.771598473288305442e+01 4.494264699492094006e-02
1.796653767411944003e+01 4.267478114011025170e-02
1.821765658501893270e+01 4.129267684191712667e-02
1.847053788120423334e+01 3.970533102226066202e-02
1.872257696809484173e+01 3.851560563957966837e-02
1.897394097105746269e+01 3.751053576239213316e-02
1.922542454726159988e+01 3.590212727718347652e-02
1.947607703355479103e+01 3.462987622207704813e-02
1.972678839839982601e+01 3.357464022423824884e-02
1.997802698857814363e+01 3.265789213685168363e-02
2.022863620534168660e+01 3.129785877709779368e-02
2.047969598507238231e+01 3.048301295161398583e-02
2.073250439107362553e+01 2.963175120828966808e-02
2.098435855211640089e+01 2.846290875639724202e-02
2.123502923393334640e+01 2.731408154740821298e-02
2.148629411178690773e+01 2.666965780896011703e-02
2.173831825513516591e+01 2.587892650035150330e-02
2.198972260956887226e+01 2.511763693003631406e-02
2.223974971000711420e+01 2.462592431258482650e-02
2.249141870643862973e+01 2.356589875302204928e-02
2.274404614890906373e+01 2.298565396339690911e-02
2.299521835768831579e+01 2.226605347390217191e-02
2.324620084136223852e+01 2.169858572668710919e-02
2.349757798664387209e+01 2.098884653068934514e-02
2.374870488118759937e+01 2.026738197379846645e-02
2.399988781917473091e+01 1.987046528334806758e-02
2.425071646049711305e+01 1.938194298318986902e-02
2.450187830577813841e+01 1.876184341580627163e-02
2.475391093216606109e+01 1.828140977677431001e-02
2.500524226975159792e+01 1.784957181735831455e-02
2.525610980153284402e+01 1.728868309113174365e-02
2.550801425092822328e+01 1.680975505769639194e-02
2.575943113325822864e+01 1.647310957385897737e-02
2.601074166866445125e+01 1.596302889346551748e-02
2.626234447079615464e+01 1.562170125128993330e-02
2.651347712943701751e+01 1.512215083646032375e-02
2.676474177984877656e+01 1.478039081281937693e-02
2.701628079430242479e+01 1.435760039176916039e-02
2.726734205837282232e+01 1.405783195624397096e-02
2.751837013544679422e+01 1.377565713047478047e-02
2.776937726815812724e+01 1.343368925667066602e-02
2.802070160973895341e+01 1.301445378467104910e-02
2.827249982643487058e+01 1.271682778417775744e-02
2.852407603869968966e+01 1.242863436825024197e-02
2.877567300468570721e+01 1.214648910890824517e-02
2.902733523039245256e+01 1.197344465556678637e-02
2.927861073083739996e+01 1.156453568890138117e-02
2.953003196193969160e+01 1.140113611110481553e-02
2.978106336846375157e+01 1.109292908724075592e-02
3.003148440777084716e+01 1.088072493221495587e-02
3.028303386126418673e+01 1.061500608196381916e-02
3.053456493440382857e+01 1.036948593275396728e-02
3.078585183944906944e+01 1.012619060007162453e-02
3.103757946070165730e+01 9.878651165892210137e-03
3.128931656795834826e+01 9.700952532847518378e-03
3.154125974608096428e+01 9.467708735595881109e-03
3.179158626791808828e+01 9.310310794186428887e-03
3.204196438636942190e+01 9.155959652165424068e-03
3.229344668057169798e+01 8.857697396619396493e-03
3.254489998018084407e+01 8.769706605558400675e-03
3.279660140319880668e+01 8.594366879376312204e-03
3.304772754686901237e+01 8.354363770749512891e-03
3.329949953441923327e+01 8.232846491019553403e-03
3.355173249539067371e+01 8.033537390509435869e-03
3.380235474142784824e+01 7.914946066533099303e-03
3.405292218889088218e+01 7.763950852872610574e-03
3.430455901572810262e+01 7.556677058263081351e-03
3.455605119154291316e+01 7.419254405725301572e-03
3.480708698418615654e+01 7.228031172396042967e-03
3.505823042281740243e+01 7.142305767283557705e-03
3.530983122122644602e+01 7.000767801249135371e-03
3.556111974160763367e+01 6.882698288842806905e-03
3.581195885960364933e+01 6.706716159047713954e-03
3.606348577968052638e+01 6.600112835938217945e-03
3.631495136683125935e+01 6.481368078546088408e-03
3.656646781331610185e+01 6.346813938068113399e-03
3.681800948534306173e+01 6.244073803451112223e-03
3.706942350460822411e+01 6.132507626065903696e-03
3.732119977997001570e+01 6.023623957543610893e-03
3.757249197135423202e+01 5.929914212073471302e-03
3.782324055213251057e+01 5.800711507158834955e-03
3.807430609684078604e+01 5.749136137426108864e-03
3.832526519371521090e+01 5.540923784766125029e-03
3.857704530181875668e+01 5.504573629105525071e-03
3.882896255048217427e+01 5.414197796435435764e-03
3.907976684424035341e+01 5.349345159566520728e-03
3.933085588900704010e+01 5.196715182782521078e-03
3.958184533965361140e+01 5.163228661714106861e-03
3.983320492881626507e+01 5.015734811373176102e-03
4.008506787586624398e+01 4.974103076960344032e-03
4.033569471078550350e+01 4.872128785614287909e-03
4.058701345074587863e+01 4.811873140867221031e-03
4.083916815834436420e+01 4.710071399116975283e-03
4.108978611092747713e+01 4.635978769348854389e-03
4.134119394692694271e+01 4.527847329708405318e-03
4.159372926482761557e+01 4.475987206336947376e-03
4.184480996230068683e+01 4.407712411770860726e-03
4.209495048714620680e+01 4.299435745944642749e-03
4.234568601474854432e+01 4.249953514113683807e-03
4.259794184898333214e+01 4.185106414224635564e-03
4.284922176444433717e+01 4.122536808692145796e-03
4.309982534096671003e+01 4.045048970589412533e-03
4.335153475414617930e+01 4.011753234898502406e-03
4.360374984514007224e+01 3.943730334908059076e-03
4.385432838732079830e+01 3.866347063340659987e-03
4.410529766549178277e+01 3.843684354998154126e-03
4.435675536456894008e+01 3.814656662046170526e-03
4.460756668584335927e+01 3.698366300443094255e-03
4.485812369927145937e+01 3.634094183469346959e-03
4.510933196139897206e+01 3.565598148636856413e-03
4.536097672816924131e+01 3.530418380268396210e-03
4.561261869099184452e+01 3.484299628650509850e-03
4.586346064304911607e+01 3.457790124067588750e-03
4.611435299895526185e+01 3.367225080223123449e-03
4.636610302009028572e+01 3.286464514110869987e-03
4.661726081402038346e+01 3.290599348113061335e-03
4.686748045926628237e+01 3.223517545239980731e-03
4.712001000143001761e+01 3.199636222655798806e-03
4.737334269293729960e+01 3.100668055413394360e-03
4.762357272554871912e+01 3.124538774174971147e-03
4.787295862859781437e+01 3.094701072246349143e-03
4.812686710231834297e+01 2.993839302253427023e-03
4.837988354528783930e+01 2.997582566165180647e-03
4.862698975964909209e+01 2.940492607503408535e-03
4.887931961662670233e+01 2.911393419233402301e-03
4.913512531690142282e+01 2.813741769262546270e-03
4.938486646957150583e+01 2.771662733937825703e-03
4.963073103205424985e+01 2.750661610868907706e-03
4.988316058859187763e+01 2.817736938090193571e-03
5.013927392651110893e+01 2.722324225667239594e-03
5.038898445289544270e+01 2.617560587498730332e-03
5.063791314200675941e+01 2.590656958643580525e-03
5.089234515763529032e+01 2.624617312781375549e-03
5.114529266359630810e+01 2.589463878631596914e-03
5.138952878242714206e+01 2.462172973842379452e-03
5.163945178601188246e+01 2.452144397744836918e-03
5.190206698624180603e+01 2.387145678689982925e-03
5.215590084722179398e+01 2.400817738035546708e-03
5.238680673191466042e+01 2.375234887251120169e-03
5.263532591009818873e+01 2.303864259726448333e-03
5.290823119436031874e+01 2.228324545861298713e-03
5.316882575050344428e+01 2.274795569803405876e-03
5.338513341050097694e+01 2.295074136317652724e-03
5.363212510227822349e+01 2.183774274863629992e-03
5.391615723351310407e+01 2.190759273585365756e-03
5.419187693011466678e+01 2.225206135793604632e-03
5.439722241285236493e+01 2.130354050633717373e-03
5.462806064877949552e+01 2.233914473634670151e-03
5.491241494336609463e+01 2.540686395193003655e-03
5.519421446932921782e+01 2.470410410923284256e-03
5.543046826972861396e+01 2.321156588133136377e-03
5.561137265256709128e+01 2.730178101213544262e-03
