3.559856489878782115e-01 4.396703488008997738e+02
6.031648866026231293e-01 2.117587407921176919e+02
8.579160745827347778e-01 8.626605316880331031e+01
1.113464310595710716e+00 4.423059054810460111e+01
1.374039914321364408e+00 2.814669566616397134e+01
1.619154704570298309e+00 1.743852178953208210e+01
1.870686673430271840e+00 1.375932498464764642e+01
2.123290040706380832e+00 1.067331603496104364e+01
2.378144976376236119e+00 7.728914983745904799e+00
2.630489925835516996e+00 5.801636671184059679e+00
2.878653162679494670e+00 4.931789924908519751e+00
3.131144366275339319e+00 4.025663330682673013e+00
3.388159578333816313e+00 3.374230578791346691e+00
3.638741848210948149e+00 2.785999592389353907e+00
3.888315910732085268e+00 2.303317036451809852e+00
4.139052155837465996e+00 1.953396606922229939e+00
4.390305777018236988e+00 1.676804659692095578e+00
4.642172339120373081e+00 1.494995355059996367e+00
4.894678666149941293e+00 1.289961298999423578e+00
5.147269052361176378e+00 1.149477857325602592e+00
5.398003206656323272e+00 1.007370077224410965e+00
5.647798235368590269e+00 8.925831547325010495e-01
5.900534302989873581e+00 8.087828231716290839e-01
6.151460297009074374e+00 7.086555884712382181e-01
6.402630176204441526e+00 6.518669960322105439e-01
6.655964674748322096e+00 5.761328489803811959e-01
6.908782583105771202e+00 5.204003018481500042e-01
7.159060853508338873e+00 4.863813323293587620e-01
7.409414762591408632e+00 4.493102554542797167e-01
7.659227149364629561e+00 4.071158722243221617e-01
7.911559474606142395e+00 3.693264082584648000e-01
8.163750941790897997e+00 3.373928902756010983e-01
8.415757210439384295e+00 3.175886404492208048e-01
8.667638839289207198e+00 2.917956756780450966e-01
8.918801124864609520e+00 2.757631547175492526e-01
9.170480108345369530e+00 2.559764664321316774e-01
9.420566033467249412e+00 2.397175754298608852e-01
9.671642335271435797e+00 2.195484945414704625e-01
9.923426157758477473e+00 2.017880746013631932e-01
1.017396902749181820e+01 1.966954759595554991e-01
1.042533700753922155e+01 1.783597837080192761e-01
1.067702948358784276e+01 1.685970457688279189e-01
1.092969337256462303e+01 1.626707813398025892e-01
1.118211872033766419e+01 1.528722293493277040e-01
1.143346516925797296e+01 1.431729858355503260e-01
1.168350508557724687e+01 1.346930741330741588e-01
1.193379937775929100e+01 1.284619509790859149e-01
1.218553055762879112e+01 1.203816200860780561e-01
1.243711650801278878e+01 1.132966853144106306e-01
1.268867268647359303e+01 1.071070621805633449e-01
1.294075027177769144e+01 1.034202151367310113e-01
1.319267287020158363e+01 9.808447057675637182e-02
1.344470571782862756e+01 9.187476193036908656e-02
1.369480150283709641e+01 8.948530102992936774e-02
1.394591277066507828e+01 8.534634232513942098e-02
1.419764645764527167e+01 8.143156883604305007e-02
1.444766774168416212e+01 7.609774319113615793e-02
1.469906835825429070e+01 7.342880956537958803e-02
1.495059118111036511e+01 6.904100065539638120e-02
1.520261612590052991e+01 6.743631964715440796e-02
1.545415944503929495e+01 6.463685453938558534e-02
1.570456072545780124e+01 6.180137856780688888e-02
1.595705800128773966e+01 5.897215428474619076e-02
1.620829297830731619e+01 5.730853885158421895e-02
1.645966591028190962e+01 5.367674890055487008e-02
1.671125708846596325e+01 5.225013276153309127e-02
1.696160259490052624e+01 5.013408350199475422e-02
1.721370276108077135e+01 4.854057764834356081e-02
1.746543424102250341e+01 4.623858410651474071e-02
1.771598473288305442e+01 4.463183227092550748e-02
1.796653767411944003e+01 4.308647294478700623e-02
1.821765658501893270e+01 4.131596190088059062e-02
1.847053788120423334e+01 4.007216266089189127e-02
1.872257696809484173e+01 3.805940356369127975e-02
1.897394097105746269e+01 3.746944619594466674e-02
1.922542454726159988e+01 3.563695596834095397e-02
1.947607703355479103e+01 3.499224943676251115e-02
1.972678839839982601e+01 3.365082459469471293e-02
1.997802698857814363e+01 3.253508397080719788e-02
2.022863620534168660e+01 3.120455600440054725e-02
2.047969598507238231e+01 3.047452609151081460e-02
2.073250439107362553e+01 2.938847017192175101e-02
2.098435855211640089e+01 2.836062545053555373e-02
2.123502923393334640e+01 2.725126917468161450e-02
2.148629411178690773e+01 2.661521594296976240e-02
2.173831825513516591e+01 2.583232385256725369e-02
2.198972260956887226e+01 2.519317281346470511e-02
2.223974971000711420e+01 2.450889107642618969e-02
2.249141870643862973e+01 2.353384347518939004e-02
2.274404614890906373e+01 2.315303515117416930e-02
2.299521835768831579e+01 2.208876452232487464e-02
2.324620084136223852e+01 2.176859000564525595e-02
2.349757798664387209e+01 2.115247869054311808e-02
2.374870488118759937e+01 2.034422525044253527e-02
2.399988781917473091e+01 1.993982434889401620e-02
2.425071646049711305e+01 1.909659352062749449e-02
2.450187830577813841e+01 1.873593059494598617e-02
2.475391093216606109e+01 1.830655610926840843e-02
2.500524226975159792e+01 1.778363932861651633e-02
2.525610980153284402e+01 1.725650204207928098e-02
2.550801425092822328e+01 1.689164340367356118e-02
2.575943113325822864e+01 1.634826554115814332e-02
2.601074166866445125e+01 1.608123958055356420e-02
2.626234447079615464e+01 1.547244891697220105e-02
2.651347712943701751e+01 1.520703118647379580e-02
2.676474177984877656e+01 1.477966169905769664e-02
2.701628079430242479e+01 1.449113085697111697e-02
2.726734205837282232e+01 1.416939642144735521e-02
2.751837013544679422e+01 1.370600669571535833e-02
2.776937726815812724e+01 1.339380042498316409e-02
2.802070160973895341e+01 1.307652717539576140e-02
2.827249982643487058e+01 1.277294047357168012e-02
2.852407603869968966e+01 1.244799731411553277e-02
2.877567300468570721e+01 1.215934132080762758e-02
2.902733523039245256e+01 1.184250829422478848e-02
2.927861073083739996e+01 1.165440864887087868e-02
2.953003196193969160e+01 1.129709369743602150e-02
2.978106336846375157e+01 1.113460971218297769e-02
3.003148440777084716e+01 1.091544798940626178e-02
3.028303386126418673e+01 1.056624915804345137e-02
3.053456493440382857e+01 1.037680484378433569e-02
3.078585183944906944e+01 1.015687636171053697e-02
3.103757946070165730e+01 9.918297009962870336e-03
3.128931656795834826e+01 9.720512150365128931e-03
3.154125974608096428e+01 9.473902581473783377e-03
3.179158626791808828e+01 9.306466557602914580e-03
3.204196438636942190e+01 9.098329440262021769e-03
3.229344668057169798e+01 8.920236670956389197e-03
3.254489998018084407e+01 8.699043688093118995e-03
3.279660140319880668e+01 8.550895498451003759e-03
3.304772754686901237e+01 8.387182739916732022e-03
3.329949953441923327e+01 8.214124455061767513e-03
3.355173249539067371e+01 8.044291001055629831e-03
3.380235474142784824e+01 7.880946404594439333e-03
3.405292218889088218e+01 7.725698125794198436e-03
3.430455901572810262e+01 7.536446043286477298e-03
3.455605119154291316e+01 7.400838775252824471e-03
3.480708698418615654e+01 7.277322829427925778e-03
3.505823042281740243e+01 7.155841116843844087e-03
3.530983122122644602e+01 6.998221327393451541e-03
3.556111974160763367e+01 6.825728231663313189e-03
3.581195885960364933e+01 6.754424858658167330e-03
3.606348577968052638e+01 6.603592075403049398e-03
3.631495136683125935e+01 6.500876887804147089e-03
3.656646781331610185e+01 6.341554813193749432e-03
3.681800948534306173e+01 6.243643455160263755e-03
3.706942350460822411e+01 6.105593751397020430e-03
3.732119977997001570e+01 6.031071950282495750e-03
3.757249197135423202e+01 5.907448913638597976e-03
3.782324055213251057e+01 5.754645701053785409e-03
3.807430609684078604e+01 5.748472412313238369e-03
3.832526519371521090e+01 5.564862543908272868e-03
3.857704530181875668e+01 5.465812023076602709e-03
3.882896255048217427e+01 5.420656008325816858e-03
3.907976684424035341e+01 5.310151719201986094e-03
3.933085588900704010e+01 5.202481659721062621e-03
3.958184533965361140e+01 5.149401009941713750e-03
3.983320492881626507e+01 5.056913054243778426e-03
4.008506787586624398e+01 4.962506786960381618e-03
4.033569471078550350e+01 4.903949903815692755e-03
4.058701345074587863e+01 4.788859691904579115e-03
4.083916815834436420e+01 4.721738603415803065e-03
4.108978611092747713e+01 4.619403886806085387e-03
4.134119394692694271e+01 4.539506467178571446e-03
4.159372926482761557e+01 4.502310002446305130e-03
4.184480996230068683e+01 4.376190783396846813e-03
4.209495048714620680e+01 4.332332617348447039e-03
4.234568601474854432e+01 4.264192872578056667e-03
4.259794184898333214e+01 4.201608617879880846e-03
4.284922176444433717e+01 4.100897743441093458e-03
4.309982534096671003e+01 4.069535299282609972e-03
4.335153475414617930e+01 3.972069035178165015e-03
4.360374984514007224e+01 3.939281340992317054e-03
4.385432838732079830e+01 3.880316171781645306e-03
4.410529766549178277e+01 3.822950019017798927e-03
4.435675536456894008e+01 3.767896765997309598e-03
4.460756668584335927e+01 3.710261361991243692e-03
4.485812369927145937e+01 3.638424487056620207e-03
4.510933196139897206e+01 3.576791274342142925e-03
4.536097672816924131e+01 3.599379440855665548e-03
4.561261869099184452e+01 3.447037097126547274e-03
4.586346064304911607e+01 3.461348840481012420e-03
4.611435299895526185e+01 3.401653936030208346e-03
4.636610302009028572e+01 3.313438721485101844e-03
4.661726081402038346e+01 3.291564930284502939e-03
4.686748045926628237e+01 3.235000079833709550e-03
4.712001000143001761e+01 3.212240327849123604e-03
4.737334269293729960e+01 3.148162907697008191e-03
4.762357272554871912e+01 3.112962094980724174e-03
4.787295862859781437e+01 3.083413219312985433e-03
4.812686710231834297e+01 2.941052517138083647e-03
4.837988354528783930e+01 2.984482475264615096e-03
4.862698975964909209e+01 2.932090652282771676e-03
4.887931961662670233e+01 2.893386074278385487e-03
4.913512531690142282e+01 2.852716723209742459e-03
4.938486646957150583e+01 2.795692434835198026e-03
4.963073103205424985e+01 2.811877080891147899e-03
4.988316058859187763e+01 2.697749250392432203e-03
5.013927392651110893e+01 2.680395304693567599e-03
5.038898445289544270e+01 2.606114131937084608e-03
5.063791314200675941e+01 2.601133967945425032e-03
5.089234515763529032e+01 2.565228498892315172e-03
5.114529266359630810e+01 2.569787432805656358e-03
5.138952878242714206e+01 2.496141899589479195e-03
5.163945178601188246e+01 2.454086098161946741e-03
5.190206698624180603e+01 2.482200823419107149e-03
5.215590084722179398e+01 2.391111542843416503e-03
5.238680673191466042e+01 2.250678496149091743e-03
5.263532591009818873e+01 2.393840219707027255e-03
5.290823119436031874e+01 2.288224206804924474e-03
5.316882575050344428e+01 2.375364819573070468e-03
5.338513341050097694e+01 2.239994186688020437e-03
5.363212510227822349e+01 2.152214051123271365e-03
5.391615723351310407e+01 2.109537047124887630e-03
5.419187693011466678e+01 2.197551149065240898e-03
5.439722241285236493e+01 2.029685555447560599e-03
5.462806064877949552e+01 1.904106339778427427e-03
5.491241494336609463e+01 2.107382860190707384e-03
5.519421446932921782e+01 2.012949582143767208e-03
5.543046826972861396e+01 1.168466475169616277e-03
5.561137265256709128e+01 3.370869584807579828e-03
