3.559856489878782115e-01 1.131214183399833928e+03
6.031648866026231293e-01 1.594060760251993543e+02
8.579160745827347778e-01 1.085743493497144669e+02
1.113464310595710716e+00 5.597960796271335937e+01
1.374039914321364408e+00 3.112621989448728144e+01
1.619154704570298309e+00 1.960197608197435670e+01
1.870686673430271840e+00 1.437369198992697505e+01
2.123290040706380832e+00 1.050239797933284081e+01
2.378144976376236119e+00 7.774584218684720938e+00
2.630489925835516996e+00 6.005664440071587507e+00
2.878653162679494670e+00 4.910001543862521522e+00
3.131144366275339319e+00 3.974647679324669447e+00
3.388159578333816313e+00 3.207824530871270063e+00
3.638741848210948149e+00 2.846168754970894721e+00
3.888315910732085268e+00 2.303488638870673011e+00
4.139052155837465996e+00 1.992112614972950446e+00
4.390305777018236988e+00 1.695746755703535724e+00
4.642172339120373081e+00 1.477178472541346377e+00
4.894678666149941293e+00 1.293659231621457684e+00
5.147269052361176378e+00 1.164375332398446705e+00
5.398003206656323272e+00 1.015988938813438214e+00
5.647798235368590269e+00 8.970667130940438438e-01
5.900534302989873581e+00 8.155056510882499055e-01
6.151460297009074374e+00 7.119366294768102454e-01
6.402630176204441526e+00 6.547060724110901342e-01
6.655964674748322096e+00 5.880809661713914949e-01
6.908782583105771202e+00 5.295270664091903390e-01
7.159060853508338873e+00 4.892081132978714497e-01
7.409414762591408632e+00 4.586511592914225277e-01
7.659227149364629561e+00 4.084020006240682843e-01
7.911559474606142395e+00 3.740651038012605678e-01
8.163750941790897997e+00 3.430832639992287270e-01
8.415757210439384295e+00 3.166052618274394215e-01
8.667638839289207198e+00 2.981615922984964806e-01
8.918801124864609520e+00 2.745847886552157391e-01
9.170480108345369530e+00 2.522327504741635473e-01
9.420566033467249412e+00 2.378557510672178466e-01
9.671642335271435797e+00 2.198420692613019811e-01
9.923426157758477473e+00 2.070979712513636717e-01
1.017396902749181820e+01 1.953390502972320864e-01
1.042533700753922155e+01 1.826220571015327310e-01
1.067702948358784276e+01 1.727035749903327866e-01
1.092969337256462303e+01 1.619876394554270460e-01
1.118211872033766419e+01 1.520626618518590434e-01
1.143346516925797296e+01 1.434267551416257280e-01
1.168350508557724687e+01 1.334861072019616346e-01
1.193379937775929100e+01 1.270725134070848361e-01
1.218553055762879112e+01 1.201319115200709525e-01
1.243711650801278878e+01 1.141537099185326171e-01
1.268867268647359303e+01 1.079812295061929189e-01
1.294075027177769144e+01 1.039070857706286544e-01
1.319267287020158363e+01 9.723714577150127658e-02
1.344470571782862756e+01 9.267951083330151774e-02
1.369480150283709641e+01 8.950675602531912856e-02
1.394591277066507828e+01 8.221055268327118193e-02
1.419764645764527167e+01 8.113123052489980280e-02
1.444766774168416212e+01 7.677288543802071596e-02
1.469906835825429070e+01 7.356158747688795740e-02
1.495059118111036511e+01 7.001270255245783947e-02
1.520261612590052991e+01 6.760261291168692677e-02
1.545415944503929495e+01 6.459406825846963907e-02
1.570456072545780124e+01 6.107357263162375288e-02
1.595705800128773966e+01 5.901106386383092595e-02
1.620829297830731619e+01 5.640564276307959840e-02
1.645966591028190962e+01 5.400447039309964198e-02
1.671125708846596325e+01 5.161085028219167953e-02
1.696160259490052624e+01 4.999458212147703251e-02
1.721370276108077135e+01 4.851371129193216003e-02
1.746543424102250341e+01 4.659069499653515495e-02
1.771598473288305442e+01 4.502993214127654770e-02
1.796653767411944003e+01 4.311685540036275938e-02
1.821765658501893270e+01 4.135469690622536887e-02
1.847053788120423334e+01 4.010946460645711115e-02
1.872257696809484173e+01 3.887868749029057408e-02
1.897394097105746269e+01 3.735154421925222790e-02
1.922542454726159988e+01 3.582185447051829119e-02
1.947607703355479103e+01 3.480209183793768479e-02
1.972678839839982601e+01 3.364785772547566195e-02
1.997802698857814363e+01 3.243975747730351578e-02
2.022863620534168660e+01 3.162360949112803105e-02
2.047969598507238231e+01 3.028853194673949284e-02
2.073250439107362553e+01 2.938858073176649557e-02
2.098435855211640089e+01 2.861196508978555014e-02
2.123502923393334640e+01 2.766497883190144683e-02
2.148629411178690773e+01 2.645942195468740932e-02
2.173831825513516591e+01 2.592263989935752674e-02
2.198972260956887226e+01 2.504775083307341638e-02
2.223974971000711420e+01 2.411889476248798778e-02
2.249141870643862973e+01 2.363183354431113575e-02
2.274404614890906373e+01 2.306856611947311064e-02
2.299521835768831579e+01 2.219642688846948722e-02
2.324620084136223852e+01 2.165965815124147598e-02
2.349757798664387209e+01 2.084604137383062189e-02
2.374870488118759937e+01 2.050542402741578965e-02
2.399988781917473091e+01 1.995251263109946299e-02
2.425071646049711305e+01 1.913943852813219937e-02
2.450187830577813841e+01 1.886396114260726481e-02
2.475391093216606109e+01 1.820575240319254398e-02
2.500524226975159792e+01 1.774995418281659701e-02
2.525610980153284402e+01 1.745355133970085543e-02
2.550801425092822328e+01 1.681220549858012184e-02
2.575943113325822864e+01 1.647452539345034550e-02
2.601074166866445125e+01 1.602808214264521414e-02
2.626234447079615464e+01 1.566454053243813635e-02
2.651347712943701751e+01 1.516759556079014075e-02
2.676474177984877656e+01 1.489749136276994658e-02
2.701628079430242479e+01 1.445228367667204458e-02
2.726734205837282232e+01 1.390247827810165045e-02
2.751837013544679422e+01 1.368380869214413063e-02
2.776937726815812724e+01 1.342664851605684592e-02
2.802070160973895341e+01 1.309466327548844053e-02
2.827249982643487058e+01 1.268126250522481208e-02
2.852407603869968966e+01 1.240921735248273587e-02
2.877567300468570721e+01 1.212074621395419979e-02
2.902733523039245256e+01 1.188354425842038167e-02
2.927861073083739996e+01 1.165065834881892637e-02
2.953003196193969160e+01 1.139711353487863829e-02
2.978106336846375157e+01 1.108754960687436189e-02
3.003148440777084716e+01 1.080054108161354956e-02
3.028303386126418673e+01 1.062074086029922426e-02
3.053456493440382857e+01 1.035024889331581828e-02
3.078585183944906944e+01 1.012317297741008836e-02
3.103757946070165730e+01 9.932430706917291102e-03
3.128931656795834826e+01 9.706566905756781882e-03
3.154125974608096428e+01 9.475434625584977510e-03
3.179158626791808828e+01 9.370424857091932611e-03
3.204196438636942190e+01 9.142870477101171928e-03
3.229344668057169798e+01 8.951449829676239381e-03
3.254489998018084407e+01 8.740618542736425592e-03
3.279660140319880668e+01 8.528523417502468021e-03
3.304772754686901237e+01 8.350873894807672379e-03
3.329949953441923327e+01 8.213311696493374309e-03
3.355173249539067371e+01 8.030648752385198888e-03
3.380235474142784824e+01 7.865431459906372519e-03
3.405292218889088218e+01 7.696192299620395472e-03
3.430455901572810262e+01 7.561865361820038420e-03
3.455605119154291316e+01 7.432946888249063883e-03
3.480708698418615654e+01 7.262859393580393084e-03
3.505823042281740243e+01 7.172755025899196259e-03
3.530983122122644602e+01 6.988107694322689967e-03
3.556111974160763367e+01 6.886877309142650297e-03
3.581195885960364933e+01 6.746035336932209615e-03
3.606348577968052638e+01 6.559197096772691540e-03
3.631495136683125935e+01 6.488060769066984930e-03
3.656646781331610185e+01 6.394515731350882554e-03
3.681800948534306173e+01 6.256826679192395088e-03
3.706942350460822411e+01 6.159628826353518057e-03
3.732119977997001570e+01 6.007715160123648993e-03
3.757249197135423202e+01 5.930295495229017007e-03
3.782324055213251057e+01 5.772668435079363058e-03
3.807430609684078604e+01 5.693334265379884282e-03
3.832526519371521090e+01 5.594562076443981326e-03
3.857704530181875668e+01 5.473983637510278916e-03
3.882896255048217427e+01 5.404606544419063817e-03
3.907976684424035341e+01 5.308160049156416919e-03
3.933085588900704010e+01 5.203020121048101271e-03
3.958184533965361140e+01 5.091312532965582872e-03
3.983320492881626507e+01 5.054197397060007126e-03
4.008506787586624398e+01 4.963044861019174150e-03
4.033569471078550350e+01 4.844418803094080461e-03
4.058701345074587863e+01 4.812270152987301215e-03
4.083916815834436420e+01 4.681843804121244186e-03
4.108978611092747713e+01 4.642805060828976253e-03
4.134119394692694271e+01 4.557182702553149237e-03
4.159372926482761557e+01 4.468525386391073752e-03
4.184480996230068683e+01 4.425138570592744396e-03
4.209495048714620680e+01 4.321467683310926781e-03
4.234568601474854432e+01 4.264551224179681868e-03
4.259794184898333214e+01 4.206636074686873582e-03
4.284922176444433717e+01 4.129733812593473427e-03
4.309982534096671003e+01 4.071081884416690756e-03
4.335153475414617930e+01 4.004814778915704275e-03
4.360374984514007224e+01 3.947897071662950438e-03
4.385432838732079830e+01 3.871730712206443003e-03
4.410529766549178277e+01 3.827629521822262845e-03
4.435675536456894008e+01 3.751496622573433342e-03
4.460756668584335927e+01 3.660482159426518920e-03
4.485812369927145937e+01 3.645704893342592220e-03
4.510933196139897206e+01 3.619048898653223593e-03
4.536097672816924131e+01 3.529597853370116962e-03
4.561261869099184452e+01 3.472434712707219567e-03
4.586346064304911607e+01 3.468104977251825535e-03
4.611435299895526185e+01 3.369279436166552726e-03
4.636610302009028572e+01 3.336361095898206404e-03
4.661726081402038346e+01 3.262710399321374407e-03
4.686748045926628237e+01 3.251254308547297384e-03
4.712001000143001761e+01 3.193401755228297226e-03
4.737334269293729960e+01 3.091964951099450496e-03
4.762357272554871912e+01 3.063045504939125151e-03
4.787295862859781437e+01 3.086855763876016588e-03
4.812686710231834297e+01 2.982230026438417638e-03
4.837988354528783930e+01 2.919176094705822067e-03
4.862698975964909209e+01 2.935942371740367634e-03
4.887931961662670233e+01 2.904315680062218106e-03
4.913512531690142282e+01 2.851387617611640148e-03
4.938486646957150583e+01 2.797003529983398476e-03
4.963073103205424985e+01 2.803980538769571245e-03
4.988316058859187763e+01 2.745667501074946538e-03
5.013927392651110893e+01 2.715746858398706935e-03
5.038898445289544270e+01 2.595653709118424853e-03
5.063791314200675941e+01 2.609225935705969043e-03
5.089234515763529032e+01 2.570209496760182850e-03
5.114529266359630810e+01 2.550708385509022329e-03
5.138952878242714206e+01 2.562255146415526666e-03
5.163945178601188246e+01 2.546729165580649632e-03
5.190206698624180603e+01 2.497764773373566984e-03
5.215590084722179398e+01 2.343677976627743693e-03
5.238680673191466042e+01 2.314054910958320346e-03
5.263532591009818873e+01 2.272541101502966940e-03
5.290823119436031874e+01 2.317570991294829342e-03
5.316882575050344428e+01 2.215315221572969426e-03
5.338513341050097694e+01 2.215909670009613176e-03
5.363212510227822349e+01 2.326474363104333743e-03
5.391615723351310407e+01 2.193899319131468670e-03
5.419187693011466678e+01 2.192296399918761563e-03
5.439722241285236493e+01 2.196651949039383090e-03
5.462806064877949552e+01 2.165760701244475762e-03
5.491241494336609463e+01 2.043572811125317096e-03
5.519421446932921782e+01 1.800964676362106246e-03
5.543046826972861396e+01 2.526039300586244152e-03
5.561137265256709128e+01 1.234024595362359254e-03
