3.559856489878782115e-01 7.406378829527808421e+02
6.031648866026231293e-01 1.325111708326215023e+02
8.579160745827347778e-01 8.476743565230061961e+01
1.113464310595710716e+00 4.596714496582244891e+01
1.374039914321364408e+00 2.971712695821034700e+01
1.619154704570298309e+00 2.256273653156049619e+01
1.870686673430271840e+00 1.442508522637827717e+01
2.123290040706380832e+00 1.079720070764852657e+01
2.378144976376236119e+00 7.778341002766730128e+00
2.630489925835516996e+00 6.220302612639729389e+00
2.878653162679494670e+00 5.200141982494213444e+00
3.131144366275339319e+00 3.774456859276019483e+00
3.388159578333816313e+00 3.326412792202091406e+00
3.638741848210948149e+00 2.756742502145897333e+00
3.888315910732085268e+00 2.307351573496508657e+00
4.139052155837465996e+00 1.903271008791895813e+00
4.390305777018236988e+00 1.675295442873540708e+00
4.642172339120373081e+00 1.536576265784136863e+00
4.894678666149941293e+00 1.243655590801457489e+00
5.147269052361176378e+00 1.131444249943565961e+00
5.398003206656323272e+00 9.858082710274385096e-01
5.647798235368590269e+00 8.964441293154687962e-01
5.900534302989873581e+00 8.011455720530086255e-01
6.151460297009074374e+00 7.218808002561963866e-01
6.402630176204441526e+00 6.718929209504789224e-01
6.655964674748322096e+00 5.973803361713017068e-01
6.908782583105771202e+00 5.447239981109176510e-01
7.159060853508338873e+00 4.936713500233222973e-01
7.409414762591408632e+00 4.569880469944098134e-01
7.659227149364629561e+00 4.124784605429053785e-01
7.911559474606142395e+00 3.744455282407856411e-01
8.163750941790897997e+00 3.444059449636640013e-01
8.415757210439384295e+00 3.235161675826530581e-01
8.667638839289207198e+00 2.926302809111444025e-01
8.918801124864609520e+00 2.769267112341586290e-01
9.170480108345369530e+00 2.539912415494759435e-01
9.420566033467249412e+00 2.386605697391314118e-01
9.671642335271435797e+00 2.206365452333016730e-01
9.923426157758477473e+00 2.077530434098959211e-01
1.017396902749181820e+01 1.935517833763030493e-01
1.042533700753922155e+01 1.808136474410028949e-01
1.067702948358784276e+01 1.734320728817403678e-01
1.092969337256462303e+01 1.604097145454309592e-01
1.118211872033766419e+01 1.503073165402386835e-01
1.143346516925797296e+01 1.439831184844908019e-01
1.168350508557724687e+01 1.362221242533477872e-01
1.193379937775929100e+01 1.284332841502673628e-01
1.218553055762879112e+01 1.197852779635080051e-01
1.243711650801278878e+01 1.149821708387877423e-01
1.268867268647359303e+01 1.085521923289716750e-01
1.294075027177769144e+01 1.042185947708233196e-01
1.319267287020158363e+01 9.910287856659197314e-02
1.344470571782862756e+01 9.414931295113773690e-02
1.369480150283709641e+01 8.825735933528985888e-02
1.394591277066507828e+01 8.506674743896028290e-02
1.419764645764527167e+01 8.217369054140516438e-02
1.444766774168416212e+01 7.725365362268096781e-02
1.469906835825429070e+01 7.348083272538288857e-02
1.495059118111036511e+01 7.025287516572970015e-02
1.520261612590052991e+01 6.751329565383430709e-02
1.545415944503929495e+01 6.401269565378168991e-02
1.570456072545780124e+01 6.154568436048823976e-02
1.595705800128773966e+01 5.903655627147352813e-02
1.620829297830731619e+01 5.694392444566076517e-02
1.645966591028190962e+01 5.458023136126639169e-02
1.671125708846596325e+01 5.262620857851502132e-02
1.696160259490052624e+01 5.008293503955556225e-02
1.721370276108077135e+01 4.802656075145077946e-02
1.746543424102250341e+01 4.585513481239888306e-02
1.771598473288305442e+01 4.444538137157887786e-02
1.796653767411944003e+01 4.291731606730283394e-02
1.821765658501893270e+01 4.126905856265165179e-02
1.847053788120423334e+01 4.032866677689084245e-02
1.872257696809484173e+01 3.856874846156471692e-02
1.897394097105746269e+01 3.715117388805212750e-02
1.922542454726159988e+01 3.597711387599381722e-02
1.947607703355479103e+01 3.452491783893280042e-02
1.972678839839982601e+01 3.348527397455925564e-02
1.997802698857814363e+01 3.258016722770618739e-02
2.022863620534168660e+01 3.137492059520700927e-02
2.047969598507238231e+01 3.048791526285564782e-02
2.073250439107362553e+01 2.951082153242586339e-02
2.098435855211640089e+01 2.848477259130252973e-02
2.123502923393334640e+01 2.785633500602643225e-02
2.148629411178690773e+01 2.653331085028703615e-02
2.173831825513516591e+01 2.589556095548633391e-02
2.198972260956887226e+01 2.517626712480231996e-02
2.223974971000711420e+01 2.438300476544723663e-02
2.249141870643862973e+01 2.344960801109940637e-02
2.274404614890906373e+01 2.295792905894288027e-02
2.299521835768831579e+01 2.207848647555898589e-02
2.324620084136223852e+01 2.157042932897082488e-02
2.349757798664387209e+01 2.103175398621968256e-02
2.374870488118759937e+01 2.033745978598872420e-02
2.399988781917473091e+01 1.978423451468294333e-02
2.425071646049711305e+01 1.930036995493545141e-02
2.450187830577813841e+01 1.877043313592815024e-02
2.475391093216606109e+01 1.824965455093995048e-02
2.500524226975159792e+01 1.778412841110849768e-02
2.525610980153284402e+01 1.730690605863469816e-02
2.550801425092822328e+01 1.690425730263430196e-02
2.575943113325822864e+01 1.636131183184137000e-02
2.601074166866445125e+01 1.604514671501844694e-02
2.626234447079615464e+01 1.560449779312899667e-02
2.651347712943701751e+01 1.517831858029051323e-02
2.676474177984877656e+01 1.481053473678815846e-02
2.701628079430242479e+01 1.449640307462481126e-02
2.726734205837282232e+01 1.398363828292222000e-02
2.751837013544679422e+01 1.373697980534433274e-02
2.776937726815812724e+01 1.330030310906223090e-02
2.802070160973895341e+01 1.305908800204733794e-02
2.827249982643487058e+01 1.278264106221677250e-02
2.852407603869968966e+01 1.246471941411696725e-02
2.877567300468570721e+01 1.216003175309789998e-02
2.902733523039245256e+01 1.188347418782396969e-02
2.927861073083739996e+01 1.158532286519924417e-02
2.953003196193969160e+01 1.139694167716789018e-02
2.978106336846375157e+01 1.107299752778663493e-02
3.003148440777084716e+01 1.083155618359357870e-02
3.028303386126418673e+01 1.052789410890841645e-02
3.053456493440382857e+01 1.038047647959802235e-02
3.078585183944906944e+01 1.015134988827659339e-02
3.103757946070165730e+01 9.987439748698935180e-03
3.128931656795834826e+01 9.698373882405313465e-03
3.154125974608096428e+01 9.488268874813831841e-03
3.179158626791808828e+01 9.305767214870881016e-03
3.204196438636942190e+01 9.044233126557034430e-03
3.229344668057169798e+01 8.907316327439112474e-03
3.254489998018084407e+01 8.740810718245494229e-03
3.279660140319880668e+01 8.544426098090132302e-03
3.304772754686901237e+01 8.347179408111051607e-03
3.329949953441923327e+01 8.231703844501888495e-03
3.355173249539067371e+01 8.018679254089673691e-03
3.380235474142784824e+01 7.864181239251791591e-03
3.405292218889088218e+01 7.722272289954468932e-03
3.430455901572810262e+01 7.595749209489034356e-03
3.455605119154291316e+01 7.429705893649928353e-03
3.480708698418615654e+01 7.291359211605084878e-03
3.505823042281740243e+01 7.113805949704812143e-03
3.530983122122644602e+01 6.999986560334551904e-03
3.556111974160763367e+01 6.862537804023758313e-03
3.581195885960364933e+01 6.749591576170280854e-03
3.606348577968052638e+01 6.614539394891752119e-03
3.631495136683125935e+01 6.491279013970005680e-03
3.656646781331610185e+01 6.364792503383362963e-03
3.681800948534306173e+01 6.232350359445057268e-03
3.706942350460822411e+01 6.131748438689645607e-03
3.732119977997001570e+01 6.025014153293479884e-03
3.757249197135423202e+01 5.886743985394572200e-03
3.782324055213251057e+01 5.792537972472913341e-03
3.807430609684078604e+01 5.688087829607566329e-03
3.832526519371521090e+01 5.605003099697363107e-03
3.857704530181875668e+01 5.497056458578041156e-03
3.882896255048217427e+01 5.420813529064550003e-03
3.907976684424035341e+01 5.314846751514117236e-03
3.933085588900704010e+01 5.187050293878322192e-03
3.958184533965361140e+01 5.124433768136444495e-03
3.983320492881626507e+01 5.079464319768155212e-03
4.008506787586624398e+01 4.985733176488712538e-03
4.033569471078550350e+01 4.852411346461682311e-03
4.058701345074587863e+01 4.786760758189264990e-03
4.083916815834436420e+01 4.694529334408426534e-03
4.108978611092747713e+01 4.642714971803395610e-03
4.134119394692694271e+01 4.555522845384951496e-03
4.159372926482761557e+01 4.497542498356953133e-03
4.184480996230068683e+01 4.396123333740641070e-03
4.209495048714620680e+01 4.323913849409347088e-03
4.234568601474854432e+01 4.277318703248067858e-03
4.259794184898333214e+01 4.223953748587764602e-03
4.284922176444433717e+01 4.121674402833687932e-03
4.309982534096671003e+01 4.070295727406251368e-03
4.335153475414617930e+01 4.022856794214576051e-03
4.360374984514007224e+01 3.929287586972820233e-03
4.385432838732079830e+01 3.872435062549342902e-03
4.410529766549178277e+01 3.838032119787537864e-03
4.435675536456894008e+01 3.750322893289454937e-03
4.460756668584335927e+01 3.682284973595806483e-03
4.485812369927145937e+01 3.666060897291879752e-03
4.510933196139897206e+01 3.615116428032106102e-03
4.536097672816924131e+01 3.537742872825589985e-03
4.561261869099184452e+01 3.497614496746508095e-03
4.586346064304911607e+01 3.459403324284399898e-03
4.611435299895526185e+01 3.365444930056789817e-03
4.636610302009028572e+01 3.280035728775726120e-03
4.661726081402038346e+01 3.329399209491945739e-03
4.686748045926628237e+01 3.240433596927938097e-03
4.712001000143001761e+01 3.200514805028908775e-03
4.737334269293729960e+01 3.154137139022361331e-03
4.762357272554871912e+01 3.095932190509355711e-03
4.787295862859781437e+01 3.003793665176820570e-03
4.812686710231834297e+01 3.023223461678286976e-03
4.837988354528783930e+01 2.981694816021669085e-03
4.862698975964909209e+01 2.921876273993988422e-03
4.887931961662670233e+01 2.884701696107530057e-03
4.913512531690142282e+01 2.799787992552882094e-03
4.938486646957150583e+01 2.779573741826315246e-03
4.963073103205424985e+01 2.795781205264000462e-03
4.988316058859187763e+01 2.681538057852075364e-03
5.013927392651110893e+01 2.699294307782387336e-03
5.038898445289544270e+01 2.652497250267635363e-03
5.063791314200675941e+01 2.574702297530239489e-03
5.089234515763529032e+01 2.568565792530396429e-03
5.114529266359630810e+01 2.544453255075164021e-03
5.138952878242714206e+01 2.490747521477085225e-03
5.163945178601188246e+01 2.428232952283383879e-03
5.190206698624180603e+01 2.430208142468869275e-03
5.215590084722179398e+01 2.415004277037983808e-03
5.238680673191466042e+01 2.443917151993829293e-03
5.263532591009818873e+01 2.330910941140118368e-03
5.290823119436031874e+01 2.239814096482387312e-03
5.316882575050344428e+01 2.334221074913999522e-03
5.338513341050097694e+01 2.310984083885997409e-03
5.363212510227822349e+01 2.200203654719541137e-03
5.391615723351310407e+01 2.385705784205975014e-03
5.419187693011466678e+01 2.205589186488383317e-03
5.439722241285236493e+01 1.996686892177213738e-03
5.462806064877949552e+01 2.109379150158867313e-03
5.491241494336609463e+01 1.819125648205160983e-03
5.519421446932921782e+01 1.927674435800654342e-03
5.543046826972861396e+01 1.860756404441112847e-03
5.561137265256709128e+01 1.532837373469696359e-03
