3.559856489878782115e-01 5.893325447419356351e+02
6.031648866026231293e-01 2.616697836728508832e+02
8.579160745827347778e-01 1.121706339060874313e+02
1.113464310595710716e+00 4.655569445020753960e+01
1.374039914321364408e+00 3.103781191833872910e+01
1.619154704570298309e+00 1.952011054673875634e+01
1.870686673430271840e+00 1.306932697047051128e+01
2.123290040706380832e+00 1.064000126078307495e+01
2.378144976376236119e+00 8.082295777488338828e+00
2.630489925835516996e+00 6.265733896152720028e+00
2.878653162679494670e+00 4.826931659640434802e+00
3.131144366275339319e+00 3.924279253977542847e+00
3.388159578333816313e+00 3.338670407360240677e+00
3.638741848210948149e+00 2.603820550386792831e+00
3.888315910732085268e+00 2.311427383647450817e+00
4.139052155837465996e+00 1.927856528791708657e+00
4.390305777018236988e+00 1.706270636602877255e+00
4.642172339120373081e+00 1.473977633035109980e+00
4.894678666149941293e+00 1.273392643633705745e+00
5.147269052361176378e+00 1.121424191469099663e+00
5.398003206656323272e+00 9.733333225306521896e-01
5.647798235368590269e+00 8.991722808575272063e-01
5.900534302989873581e+00 7.958679402160069305e-01
6.151460297009074374e+00 6.998883637725955564e-01
6.402630176204441526e+00 6.600778460962952732e-01
6.655964674748322096e+00 5.830948957902438723e-01
6.908782583105771202e+00 5.323503281804515819e-01
7.159060853508338873e+00 4.810910886032206402e-01
7.409414762591408632e+00 4.519235470365520757e-01
7.659227149364629561e+00 4.067070383360877339e-01
7.911559474606142395e+00 3.659646430651415927e-01
8.163750941790897997e+00 3.440849191587651568e-01
8.415757210439384295e+00 3.198840265371099001e-01
8.667638839289207198e+00 3.008350969098275707e-01
8.918801124864609520e+00 2.755275371988288313e-01
9.170480108345369530e+00 2.480525503818178656e-01
9.420566033467249412e+00 2.380962220863623302e-01
9.671642335271435797e+00 2.191144781836268096e-01
9.923426157758477473e+00 2.077258163967611038e-01
1.017396902749181820e+01 1.961163990061507156e-01
1.042533700753922155e+01 1.817946078681894617e-01
1.067702948358784276e+01 1.723212867143201210e-01
1.092969337256462303e+01 1.608768725420091916e-01
1.118211872033766419e+01 1.503532687125175293e-01
1.143346516925797296e+01 1.431429458105837604e-01
1.168350508557724687e+01 1.341921151838242621e-01
1.193379937775929100e+01 1.278820771545751689e-01
1.218553055762879112e+01 1.206871090295763005e-01
1.243711650801278878e+01 1.142138514547470507e-01
1.268867268647359303e+01 1.089590874589721897e-01
1.294075027177769144e+01 1.039201086299857690e-01
1.319267287020158363e+01 9.959669994705411256e-02
1.344470571782862756e+01 9.375973957078911902e-02
1.369480150283709641e+01 8.923275947158970656e-02
1.394591277066507828e+01 8.406128774243880331e-02
1.419764645764527167e+01 8.151011930760569679e-02
1.444766774168416212e+01 7.712487877327421637e-02
1.469906835825429070e+01 7.389773986937116235e-02
1.495059118111036511e+01 7.000287467639448868e-02
1.520261612590052991e+01 6.653078774633024162e-02
1.545415944503929495e+01 6.431759491736922796e-02
1.570456072545780124e+01 6.214714594997691743e-02
1.595705800128773966e+01 5.883114391618234768e-02
1.620829297830731619e+01 5.729812090349048481e-02
1.645966591028190962e+01 5.464471161030634572e-02
1.671125708846596325e+01 5.216043405068444133e-02
1.696160259490052624e+01 5.034337638901918710e-02
1.721370276108077135e+01 4.846981758347664038e-02
1.746543424102250341e+01 4.663637684383901971e-02
1.771598473288305442e+01 4.465378610642518203e-02
1.796653767411944003e+01 4.308070390597375926e-02
1.821765658501893270e+01 4.136372879415822074e-02
1.847053788120423334e+01 3.992698326111379648e-02
1.872257696809484173e+01 3.877777959643916028e-02
1.897394097105746269e+01 3.705459300484417046e-02
1.922542454726159988e+01 3.622130867547317806e-02
1.947607703355479103e+01 3.484660975906513775e-02
1.972678839839982601e+01 3.316398173965325741e-02
1.997802698857814363e+01 3.266140986913360772e-02
2.022863620534168660e+01 3.129455897132139147e-02
2.047969598507238231e+01 3.041578709531391964e-02
2.073250439107362553e+01 2.926980818819284111e-02
2.098435855211640089e+01 2.842079633109470885e-02
2.123502923393334640e+01 2.762522390000779482e-02
2.148629411178690773e+01 2.656687066552719176e-02
2.173831825513516591e+01 2.592801277258419829e-02
2.198972260956887226e+01 2.525194177420731281e-02
2.223974971000711420e+01 2.417395067761688235e-02
2.249141870643862973e+01 2.359552142268319178e-02
2.274404614890906373e+01 2.306361436829815204e-02
2.299521835768831579e+01 2.203368640114146057e-02
2.324620084136223852e+01 2.154205057442209331e-02
2.349757798664387209e+01 2.096590618464017064e-02
2.374870488118759937e+01 2.030905985050387302e-02
2.399988781917473091e+01 1.978536812868689210e-02
2.425071646049711305e+01 1.928991451456567655e-02
2.450187830577813841e+01 1.883873001942679495e-02
2.475391093216606109e+01 1.828539996378223537e-02
2.500524226975159792e+01 1.783819574983984760e-02
2.525610980153284402e+01 1.731831336300397595e-02
2.550801425092822328e+01 1.672131795672039678e-02
2.575943113325822864e+01 1.653280971715518494e-02
2.601074166866445125e+01 1.591734532183912768e-02
2.626234447079615464e+01 1.550804041735466890e-02
2.651347712943701751e+01 1.517048913168314930e-02
2.676474177984877656e+01 1.474335221405795315e-02
2.701628079430242479e+01 1.446666784959037451e-02
2.726734205837282232e+01 1.412062261046864199e-02
2.751837013544679422e+01 1.366234950643310103e-02
2.776937726815812724e+01 1.340520791052359807e-02
2.802070160973895341e+01 1.305956008523719708e-02
2.827249982643487058e+01 1.276784561330138179e-02
2.852407603869968966e+01 1.245885655220144508e-02
2.877567300468570721e+01 1.213818456838058717e-02
2.902733523039245256e+01 1.188944001665654185e-02
2.927861073083739996e+01 1.159636347885215080e-02
2.953003196193969160e+01 1.135425571075764258e-02
2.978106336846375157e+01 1.108033548498331931e-02
3.003148440777084716e+01 1.079704508534134327e-02
3.028303386126418673e+01 1.054547451201833311e-02
3.053456493440382857e+01 1.035425837432762085e-02
3.078585183944906944e+01 1.019636517265164188e-02
3.103757946070165730e+01 1.000219083547060177e-02
3.128931656795834826e+01 9.701716794626979654e-03
3.154125974608096428e+01 9.503011533396827151e-03
3.179158626791808828e+01 9.316872910906472127e-03
3.204196438636942190e+01 9.107074601958951160e-03
3.229344668057169798e+01 8.915962176659830360e-03
3.254489998018084407e+01 8.677604132763709968e-03
3.279660140319880668e+01 8.531894615952191965e-03
3.304772754686901237e+01 8.347820925062629516e-03
3.329949953441923327e+01 8.192214511311309011e-03
3.355173249539067371e+01 8.089552367777195704e-03
3.380235474142784824e+01 7.918809745704438047e-03
3.405292218889088218e+01 7.687417196329553518e-03
3.430455901572810262e+01 7.587912753185225602e-03
3.455605119154291316e+01 7.428295224912236094e-03
3.480708698418615654e+01 7.278078776198956996e-03
3.505823042281740243e+01 7.081536454293756513e-03
3.530983122122644602e+01 6.944242375950536970e-03
3.556111974160763367e+01 6.866754432641891150e-03
3.581195885960364933e+01 6.783333159157920247e-03
3.606348577968052638e+01 6.582308196032889830e-03
3.631495136683125935e+01 6.465385619224200270e-03
3.656646781331610185e+01 6.345792137274597344e-03
3.681800948534306173e+01 6.243485165415309929e-03
3.706942350460822411e+01 6.169433148712701216e-03
3.732119977997001570e+01 6.003519320223000590e-03
3.757249197135423202e+01 5.887722115329642285e-03
3.782324055213251057e+01 5.819309733573510904e-03
3.807430609684078604e+01 5.670341283079463265e-03
3.832526519371521090e+01 5.584255517185651718e-03
3.857704530181875668e+01 5.483844661168591102e-03
3.882896255048217427e+01 5.425361514320511599e-03
3.907976684424035341e+01 5.312917839039513548e-03
3.933085588900704010e+01 5.202759528283841528e-03
3.958184533965361140e+01 5.114829402101853974e-03
3.983320492881626507e+01 5.041301900961953249e-03
4.008506787586624398e+01 4.954374461093831623e-03
4.033569471078550350e+01 4.890528900653643568e-03
4.058701345074587863e+01 4.765027741174226832e-03
4.083916815834436420e+01 4.730823795811458718e-03
4.108978611092747713e+01 4.647230515071622964e-03
4.134119394692694271e+01 4.578868399873575919e-03
4.159372926482761557e+01 4.468975174897681438e-03
4.184480996230068683e+01 4.414702940462682072e-03
4.209495048714620680e+01 4.329398861792262479e-03
4.234568601474854432e+01 4.281953291635557518e-03
4.259794184898333214e+01 4.194293101190540302e-03
4.284922176444433717e+01 4.143043814711473531e-03
4.309982534096671003e+01 4.063272063019143440e-03
4.335153475414617930e+01 4.012500709121260417e-03
4.360374984514007224e+01 3.930042970749951688e-03
4.385432838732079830e+01 3.855101844734182010e-03
4.410529766549178277e+01 3.826248816854423487e-03
4.435675536456894008e+01 3.753427988357587331e-03
4.460756668584335927e+01 3.683541241037477550e-03
4.485812369927145937e+01 3.654111472724344729e-03
4.510933196139897206e+01 3.591227772708054013e-03
4.536097672816924131e+01 3.549644786836080902e-03
4.561261869099184452e+01 3.451477080835652946e-03
4.586346064304911607e+01 3.462300422590567327e-03
4.611435299895526185e+01 3.428110650084325185e-03
4.636610302009028572e+01 3.353438362874666331e-03
4.661726081402038346e+01 3.290207158527663506e-03
4.686748045926628237e+01 3.244591675267344873e-03
4.712001000143001761e+01 3.240879988543257997e-03
4.737334269293729960e+01 3.164844752112506380e-03
4.762357272554871912e+01 3.098091340316786770e-03
4.787295862859781437e+01 3.046964448917229874e-03
4.812686710231834297e+01 2.995822660641202749e-03
4.837988354528783930e+01 3.071557711062229863e-03
4.862698975964909209e+01 2.937440577971180394e-03
4.887931961662670233e+01 2.840769116857143253e-03
4.913512531690142282e+01 2.862125409161111328e-03
4.938486646957150583e+01 2.797158839148437045e-03
4.963073103205424985e+01 2.740645688779605287e-03
4.988316058859187763e+01 2.723131760551179489e-03
5.013927392651110893e+01 2.772841972622035276e-03
5.038898445289544270e+01 2.640236836855413324e-03
5.063791314200675941e+01 2.646489752878298900e-03
5.089234515763529032e+01 2.645235829932732468e-03
5.114529266359630810e+01 2.520213160102707448e-03
5.138952878242714206e+01 2.511372019120978235e-03
5.163945178601188246e+01 2.551051543294096703e-03
5.190206698624180603e+01 2.450441569106596735e-03
5.215590084722179398e+01 2.514924596993904377e-03
5.238680673191466042e+01 2.407183754688885843e-03
5.263532591009818873e+01 2.305743011949759613e-03
5.290823119436031874e+01 2.279663851255309646e-03
5.316882575050344428e+01 2.303335999639119416e-03
5.338513341050097694e+01 2.294963308700053925e-03
5.363212510227822349e+01 2.206288332570342185e-03
5.391615723351310407e+01 2.232015519130075686e-03
5.419187693011466678e+01 2.125309988956053907e-03
5.439722241285236493e+01 1.894743619565373346e-03
5.462806064877949552e+01 2.015725115061520103e-03
5.491241494336609463e+01 2.104163441792611215e-03
5.519421446932921782e+01 1.941416595248905566e-03
5.543046826972861396e+01 2.505413284506045196e-03
5.561137265256709128e+01 1.856212284738611475e-03
