3.559856489878782115e-01 7.231011451196901589e+02
6.031648866026231293e-01 2.649528495803331225e+02
8.579160745827347778e-01 8.572803846875011402e+01
1.113464310595710716e+00 4.781300882812005426e+01
1.374039914321364408e+00 2.964252702854075494e+01
1.619154704570298309e+00 1.994127818726590107e+01
1.870686673430271840e+00 1.414500659855539766e+01
2.123290040706380832e+00 1.083002220294484452e+01
2.378144976376236119e+00 7.685594012893943727e+00
2.630489925835516996e+00 5.872837818080819616e+00
2.878653162679494670e+00 4.982202764201321799e+00
3.131144366275339319e+00 4.121747218073327446e+00
3.388159578333816313e+00 3.229048587031430273e+00
3.638741848210948149e+00 2.677138911084945949e+00
3.888315910732085268e+00 2.379549398217892353e+00
4.139052155837465996e+00 1.954005950380917955e+00
4.390305777018236988e+00 1.663189570499462810e+00
4.642172339120373081e+00 1.459475732094509759e+00
4.894678666149941293e+00 1.303838910998947886e+00
5.147269052361176378e+00 1.143002333441105911e+00
5.398003206656323272e+00 1.039762880771065712e+00
5.647798235368590269e+00 8.894025610014612004e-01
5.900534302989873581e+00 7.990921765322934744e-01
6.151460297009074374e+00 7.223813867951028866e-01
6.402630176204441526e+00 6.473381165019980177e-01
6.655964674748322096e+00 5.930765860989738458e-01
6.908782583105771202e+00 5.225928358054191536e-01
7.159060853508338873e+00 4.836629392637525338e-01
7.409414762591408632e+00 4.401779382328272483e-01
7.659227149364629561e+00 4.160539972313639923e-01
7.911559474606142395e+00 3.761978103027870945e-01
8.163750941790897997e+00 3.487934189878720281e-01
8.415757210439384295e+00 3.171400905334336162e-01
8.667638839289207198e+00 2.964666734418970329e-01
8.918801124864609520e+00 2.691821089416081558e-01
9.170480108345369530e+00 2.526636100191102519e-01
9.420566033467249412e+00 2.365477450491587919e-01
9.671642335271435797e+00 2.229816648568421766e-01
9.923426157758477473e+00 2.077298488217691197e-01
1.017396902749181820e+01 1.923452082100544913e-01
1.042533700753922155e+01 1.816429656793441261e-01
1.067702948358784276e+01 1.690494906484870663e-01
1.092969337256462303e+01 1.592091349468538475e-01
1.118211872033766419e+01 1.500862316823443621e-01
1.143346516925797296e+01 1.437886635906120425e-01
1.168350508557724687e+01 1.370081015432946248e-01
1.193379937775929100e+01 1.303887545847642049e-01
1.218553055762879112e+01 1.200351070722946029e-01
1.243711650801278878e+01 1.151821132958026211e-01
1.268867268647359303e+01 1.085352980942068807e-01
1.294075027177769144e+01 1.033373247429951319e-01
1.319267287020158363e+01 9.675740432480915698e-02
1.344470571782862756e+01 9.156890347144368281e-02
1.369480150283709641e+01 9.016661083511527675e-02
1.394591277066507828e+01 8.428442221686351099e-02
1.419764645764527167e+01 8.017685305867006118e-02
1.444766774168416212e+01 7.700946676314363026e-02
1.469906835825429070e+01 7.400505742676907750e-02
1.495059118111036511e+01 6.933523121818878365e-02
1.520261612590052991e+01 6.730496584703223040e-02
1.545415944503929495e+01 6.435048507451587851e-02
1.570456072545780124e+01 6.182863277529002805e-02
1.595705800128773966e+01 5.946884814441905087e-02
1.620829297830731619e+01 5.658873349443847844e-02
1.645966591028190962e+01 5.415247768356043490e-02
1.671125708846596325e+01 5.247402716667622785e-02
1.696160259490052624e+01 5.028927871690271056e-02
1.721370276108077135e+01 4.854493548552962778e-02
1.746543424102250341e+01 4.625776284549258655e-02
1.771598473288305442e+01 4.452886042912613390e-02
1.796653767411944003e+01 4.285819807122882852e-02
1.821765658501893270e+01 4.128725298979873254e-02
1.847053788120423334e+01 4.002301860658794702e-02
1.872257696809484173e+01 3.851749518781780873e-02
1.897394097105746269e+01 3.718626099704025467e-02
1.922542454726159988e+01 3.598038035604679552e-02
1.947607703355479103e+01 3.461980951051266131e-02
1.972678839839982601e+01 3.375564412837715050e-02
1.997802698857814363e+01 3.223813384235730412e-02
2.022863620534168660e+01 3.135536765904495260e-02
2.047969598507238231e+01 3.040321661535185307e-02
2.073250439107362553e+01 2.946427505241890413e-02
2.098435855211640089e+01 2.813641833315175256e-02
2.123502923393334640e+01 2.754932710602227622e-02
2.148629411178690773e+01 2.679261510442439154e-02
2.173831825513516591e+01 2.581083149288410095e-02
2.198972260956887226e+01 2.505986312053585727e-02
2.223974971000711420e+01 2.438434152093941695e-02
2.249141870643862973e+01 2.363661740151878562e-02
2.274404614890906373e+01 2.277536010097302652e-02
2.299521835768831579e+01 2.213467728921506006e-02
2.324620084136223852e+01 2.162296459202928123e-02
2.349757798664387209e+01 2.087017294118292260e-02
2.374870488118759937e+01 2.031519979330083728e-02
2.399988781917473091e+01 1.975615606887089898e-02
2.425071646049711305e+01 1.926444082579603645e-02
2.450187830577813841e+01 1.874851329850037163e-02
2.475391093216606109e+01 1.817176262945172441e-02
2.500524226975159792e+01 1.780561777893741038e-02
2.525610980153284402e+01 1.740957626400232300e-02
2.550801425092822328e+01 1.685067996867524800e-02
2.575943113325822864e+01 1.641933851445220513e-02
2.601074166866445125e+01 1.588168156682828389e-02
2.626234447079615464e+01 1.559096628660014590e-02
2.651347712943701751e+01 1.520031444747418914e-02
2.676474177984877656e+01 1.476091485485109094e-02
2.701628079430242479e+01 1.453185665329844757e-02
2.726734205837282232e+01 1.411938810157172854e-02
2.751837013544679422e+01 1.369457491638477638e-02
2.776937726815812724e+01 1.340344768697495845e-02
2.802070160973895341e+01 1.308083505658259524e-02
2.827249982643487058e+01 1.276642505608976443e-02
2.852407603869968966e+01 1.238770820478788358e-02
2.877567300468570721e+01 1.215428704532776037e-02
2.902733523039245256e+01 1.190702637187104722e-02
2.927861073083739996e+01 1.157189510622979797e-02
2.953003196193969160e+01 1.138687004467171457e-02
2.978106336846375157e+01 1.107654498228947959e-02
3.003148440777084716e+01 1.085341298429650519e-02
3.028303386126418673e+01 1.060870984014640299e-02
3.053456493440382857e+01 1.038216659567027522e-02
3.078585183944906944e+01 1.014884256615435597e-02
3.103757946070165730e+01 9.884226053753037908e-03
3.128931656795834826e+01 9.684459847531554783e-03
3.154125974608096428e+01 9.482636302449496887e-03
3.179158626791808828e+01 9.271239466685359323e-03
3.204196438636942190e+01 9.129742703253614783e-03
3.229344668057169798e+01 8.907805662462520147e-03
3.254489998018084407e+01 8.753242573621264691e-03
3.279660140319880668e+01 8.567119509420418819e-03
3.304772754686901237e+01 8.326943291289511453e-03
3.329949953441923327e+01 8.194231936427421453e-03
3.355173249539067371e+01 8.077467572389392461e-03
3.380235474142784824e+01 7.875175576752470319e-03
3.405292218889088218e+01 7.708224947469583324e-03
3.430455901572810262e+01 7.579903731947907480e-03
3.455605119154291316e+01 7.405531498258217590e-03
3.480708698418615654e+01 7.262462924638990285e-03
3.505823042281740243e+01 7.135084611535315313e-03
3.530983122122644602e+01 6.960250218298414358e-03
3.556111974160763367e+01 6.911058040372220629e-03
3.581195885960364933e+01 6.762208710174790090e-03
3.606348577968052638e+01 6.592590581022714918e-03
3.631495136683125935e+01 6.455906338973929626e-03
3.656646781331610185e+01 6.379451524458857811e-03
3.681800948534306173e+01 6.261797738971969056e-03
3.706942350460822411e+01 6.163064280177240999e-03
3.732119977997001570e+01 5.997640827102217707e-03
3.757249197135423202e+01 5.930199375079700519e-03
3.782324055213251057e+01 5.800839058242970685e-03
3.807430609684078604e+01 5.728999803107446241e-03
3.832526519371521090e+01 5.596981574924568895e-03
3.857704530181875668e+01 5.485156476761523202e-03
3.882896255048217427e+01 5.395180242522389612e-03
3.907976684424035341e+01 5.321254302438404270e-03
3.933085588900704010e+01 5.195265260243489211e-03
3.958184533965361140e+01 5.125301448650849620e-03
3.983320492881626507e+01 5.037131272291303467e-03
4.008506787586624398e+01 4.932417670205030934e-03
4.033569471078550350e+01 4.905213100886389802e-03
4.058701345074587863e+01 4.779507493596793326e-03
4.083916815834436420e+01 4.727956644472920515e-03
4.108978611092747713e+01 4.640775313489533573e-03
4.134119394692694271e+01 4.574227620713924858e-03
4.159372926482761557e+01 4.494504657267682848e-03
4.184480996230068683e+01 4.417051278829988575e-03
4.209495048714620680e+01 4.370631675978890740e-03
4.234568601474854432e+01 4.246571990652679880e-03
4.259794184898333214e+01 4.205656648054618973e-03
4.284922176444433717e+01 4.148129627631293691e-03
4.309982534096671003e+01 4.052032511137805375e-03
4.335153475414617930e+01 4.060101136149162245e-03
4.360374984514007224e+01 3.936227740297439277e-03
4.385432838732079830e+01 3.863839097078592549e-03
4.410529766549178277e+01 3.796890678714247378e-03
4.435675536456894008e+01 3.758017549860168029e-03
4.460756668584335927e+01 3.690921587195165540e-03
4.485812369927145937e+01 3.663772675042573524e-03
4.510933196139897206e+01 3.557303192905028263e-03
4.536097672816924131e+01 3.547376934412151041e-03
4.561261869099184452e+01 3.492887150659991936e-03
4.586346064304911607e+01 3.427981359625737259e-03
4.611435299895526185e+01 3.366112048083921924e-03
4.636610302009028572e+01 3.309177208749054019e-03
4.661726081402038346e+01 3.275944984022238077e-03
4.686748045926628237e+01 3.274090101784534260e-03
4.712001000143001761e+01 3.171216235358067376e-03
4.737334269293729960e+01 3.133485253144514988e-03
4.762357272554871912e+01 3.071755196343153339e-03
4.787295862859781437e+01 3.001081702023353573e-03
4.812686710231834297e+01 3.018622031876906382e-03
4.837988354528783930e+01 2.982445610107284373e-03
4.862698975964909209e+01 2.967266789580081526e-03
4.887931961662670233e+01 2.866940720399187032e-03
4.913512531690142282e+01 2.758882068117577812e-03
4.938486646957150583e+01 2.792079245594793029e-03
4.963073103205424985e+01 2.750187104824476213e-03
4.988316058859187763e+01 2.730450654111540258e-03
5.013927392651110893e+01 2.687453680996935729e-03
5.038898445289544270e+01 2.677610632194683728e-03
5.063791314200675941e+01 2.618959512591550499e-03
5.089234515763529032e+01 2.605305543786098649e-03
5.114529266359630810e+01 2.499271876078908595e-03
5.138952878242714206e+01 2.529140872932735245e-03
5.163945178601188246e+01 2.517758026962385164e-03
5.190206698624180603e+01 2.460847880690487932e-03
5.215590084722179398e+01 2.528189926830885607e-03
5.238680673191466042e+01 2.416168590354688533e-03
5.263532591009818873e+01 2.291443915188350229e-03
5.290823119436031874e+01 2.357768331587216555e-03
5.316882575050344428e+01 2.352152461103028738e-03
5.338513341050097694e+01 2.312294289824511941e-03
5.363212510227822349e+01 2.174713063722055403e-03
5.391615723351310407e+01 2.293338239370309832e-03
5.419187693011466678e+01 2.039589910189674570e-03
5.439722241285236493e+01 2.199819576569421540e-03
5.462806064877949552e+01 1.887078843502665217e-03
5.491241494336609463e+01 2.272446075174603102e-03
5.519421446932921782e+01 2.232906726092868770e-03
5.543046826972861396e+01 1.905212771592122104e-03
5.561137265256709128e+01 3.640657711128508344e-03
