3.559856489878782115e-01 7.683198723731200062e+02
6.031648866026231293e-01 1.794474061657137725e+02
8.579160745827347778e-01 1.065662179074299871e+02
1.113464310595710716e+00 4.799931218663009957e+01
1.374039914321364408e+00 3.133015755228586841e+01
1.619154704570298309e+00 1.902960238714888774e+01
1.870686673430271840e+00 1.420502998747629597e+01
2.123290040706380832e+00 1.070714079624932857e+01
2.378144976376236119e+00 8.646685605215763459e+00
2.630489925835516996e+00 6.294795679211862449e+00
2.878653162679494670e+00 5.043784013297603508e+00
3.131144366275339319e+00 3.887801195487718520e+00
3.388159578333816313e+00 3.218641356435502310e+00
3.638741848210948149e+00 2.699116989287467572e+00
3.888315910732085268e+00 2.296072906116027657e+00
4.139052155837465996e+00 1.986639519158649003e+00
4.390305777018236988e+00 1.764517556504122009e+00
4.642172339120373081e+00 1.526196030164776118e+00
4.894678666149941293e+00 1.274842777977757136e+00
5.147269052361176378e+00 1.130858692776475660e+00
5.398003206656323272e+00 1.001921682533870150e+00
5.647798235368590269e+00 8.931668453998932167e-01
5.900534302989873581e+00 8.103872915598935300e-01
6.151460297009074374e+00 7.300506433963162012e-01
6.402630176204441526e+00 6.535567603773703160e-01
6.655964674748322096e+00 5.865377930294934927e-01
6.908782583105771202e+00 5.294632882252435779e-01
7.159060853508338873e+00 4.879150596622593983e-01
7.409414762591408632e+00 4.440391319001316117e-01
7.659227149364629561e+00 4.007892242536566507e-01
7.911559474606142395e+00 3.810666519646441763e-01
8.163750941790897997e+00 3.432482698801098131e-01
8.415757210439384295e+00 3.178891517883666862e-01
8.667638839289207198e+00 2.940841580848198022e-01
8.918801124864609520e+00 2.741301047357548315e-01
9.170480108345369530e+00 2.533921189016239972e-01
9.420566033467249412e+00 2.361569674922395778e-01
9.671642335271435797e+00 2.237208738821563070e-01
9.923426157758477473e+00 2.060334469807712232e-01
1.017396902749181820e+01 1.933135742892335973e-01
1.042533700753922155e+01 1.812369794922828181e-01
1.067702948358784276e+01 1.710804652409720905e-01
1.092969337256462303e+01 1.607865667553718403e-01
1.118211872033766419e+01 1.512069434358478126e-01
1.143346516925797296e+01 1.436395330983405438e-01
1.168350508557724687e+01 1.361678251172695753e-01
1.193379937775929100e+01 1.256701831391033863e-01
1.218553055762879112e+01 1.218040213163690544e-01
1.243711650801278878e+01 1.150320575368680570e-01
1.268867268647359303e+01 1.076891421203518412e-01
1.294075027177769144e+01 1.026283954263110532e-01
1.319267287020158363e+01 9.795160690716385454e-02
1.344470571782862756e+01 9.335336957562542781e-02
1.369480150283709641e+01 8.896098904804605745e-02
1.394591277066507828e+01 8.533829801399925308e-02
1.419764645764527167e+01 8.057458393305064193e-02
1.444766774168416212e+01 7.698366224305173977e-02
1.469906835825429070e+01 7.404216034214870790e-02
1.495059118111036511e+01 7.069322501820138327e-02
1.520261612590052991e+01 6.719123718667785461e-02
1.545415944503929495e+01 6.436400407003332880e-02
1.570456072545780124e+01 6.208400145791147240e-02
1.595705800128773966e+01 5.867294503518479670e-02
1.620829297830731619e+01 5.655070326755764348e-02
1.645966591028190962e+01 5.485828846468596143e-02
1.671125708846596325e+01 5.207346486912980271e-02
1.696160259490052624e+01 5.011608371711875204e-02
1.721370276108077135e+01 4.821641274450035042e-02
1.746543424102250341e+01 4.676482777628403892e-02
1.771598473288305442e+01 4.459042210768924402e-02
1.796653767411944003e+01 4.298972586657644201e-02
1.821765658501893270e+01 4.155996139107574761e-02
1.847053788120423334e+01 3.980050252045422982e-02
1.872257696809484173e+01 3.835710109059579237e-02
1.897394097105746269e+01 3.697473096227505557e-02
1.922542454726159988e+01 3.594413192597342016e-02
1.947607703355479103e+01 3.492962606909590789e-02
1.972678839839982601e+01 3.340926158956714770e-02
1.997802698857814363e+01 3.251464479326395679e-02
2.022863620534168660e+01 3.104081344942256210e-02
2.047969598507238231e+01 3.021682615893850343e-02
2.073250439107362553e+01 2.948484163094758359e-02
2.098435855211640089e+01 2.867690641539715965e-02
2.123502923393334640e+01 2.777994988787233985e-02
2.148629411178690773e+01 2.657146011081132353e-02
2.173831825513516591e+01 2.622153827733828685e-02
2.198972260956887226e+01 2.524816332688247303e-02
2.223974971000711420e+01 2.436382688979925326e-02
2.249141870643862973e+01 2.375250213141863465e-02
2.274404614890906373e+01 2.300968284940130976e-02
2.299521835768831579e+01 2.228719976665442457e-02
2.324620084136223852e+01 2.171301532641552873e-02
2.349757798664387209e+01 2.101251822800246152e-02
2.374870488118759937e+01 2.019978747833929555e-02
2.399988781917473091e+01 1.997988659699716577e-02
2.425071646049711305e+01 1.924483892617126837e-02
2.450187830577813841e+01 1.877523563859080646e-02
2.475391093216606109e+01 1.814546323478757536e-02
2.500524226975159792e+01 1.772894735522350523e-02
2.525610980153284402e+01 1.720741065427651775e-02
2.550801425092822328e+01 1.681923380997816728e-02
2.575943113325822864e+01 1.655592795456562252e-02
2.601074166866445125e+01 1.595950481453799197e-02
2.626234447079615464e+01 1.558782233653687767e-02
2.651347712943701751e+01 1.506606246021810480e-02
2.676474177984877656e+01 1.472700794802122605e-02
2.701628079430242479e+01 1.448069051993348781e-02
2.726734205837282232e+01 1.404583043543465234e-02
2.751837013544679422e+01 1.366210376368790988e-02
2.776937726815812724e+01 1.337932484968514663e-02
2.802070160973895341e+01 1.307064353055260343e-02
2.827249982643487058e+01 1.275138309112539871e-02
2.852407603869968966e+01 1.245530086809056025e-02
2.877567300468570721e+01 1.223394663328272389e-02
2.902733523039245256e+01 1.185913475359277706e-02
2.927861073083739996e+01 1.155446164662735954e-02
2.953003196193969160e+01 1.136635711907291874e-02
2.978106336846375157e+01 1.117116700336413630e-02
3.003148440777084716e+01 1.082429178495921893e-02
3.028303386126418673e+01 1.060293447880515660e-02
3.053456493440382857e+01 1.034240026240148928e-02
3.078585183944906944e+01 1.007943232373294078e-02
3.103757946070165730e+01 9.921006109191998767e-03
3.128931656795834826e+01 9.725383265315903566e-03
3.154125974608096428e+01 9.476569434147099139e-03
3.179158626791808828e+01 9.238495622953209196e-03
3.204196438636942190e+01 9.107341170836908556e-03
3.229344668057169798e+01 8.888124934486285947e-03
3.254489998018084407e+01 8.710061223990584606e-03
3.279660140319880668e+01 8.579395134098083409e-03
3.304772754686901237e+01 8.376468384816595017e-03
3.329949953441923327e+01 8.204677649201234935e-03
3.355173249539067371e+01 8.033798442625640981e-03
3.380235474142784824e+01 7.901107136801241437e-03
3.405292218889088218e+01 7.716701250975692775e-03
3.430455901572810262e+01 7.584509541975766912e-03
3.455605119154291316e+01 7.450253711723594553e-03
3.480708698418615654e+01 7.289646123990859566e-03
3.505823042281740243e+01 7.099433735580522320e-03
3.530983122122644602e+01 6.961249166621473645e-03
3.556111974160763367e+01 6.887550803595615494e-03
3.581195885960364933e+01 6.701216682368628039e-03
3.606348577968052638e+01 6.613748622792519835e-03
3.631495136683125935e+01 6.503790777530310714e-03
3.656646781331610185e+01 6.352843127806217377e-03
3.681800948534306173e+01 6.270163691521513268e-03
3.706942350460822411e+01 6.159415591068691936e-03
3.732119977997001570e+01 6.040510341633453101e-03
3.757249197135423202e+01 5.891820859216306480e-03
3.782324055213251057e+01 5.831188145955777148e-03
3.807430609684078604e+01 5.699754184982386632e-03
3.832526519371521090e+01 5.638768962030541766e-03
3.857704530181875668e+01 5.470564340955654144e-03
3.882896255048217427e+01 5.400533989999085210e-03
3.907976684424035341e+01 5.312813321017001607e-03
3.933085588900704010e+01 5.266980003162179819e-03
3.958184533965361140e+01 5.133206165006250384e-03
3.983320492881626507e+01 5.044305120313363235e-03
4.008506787586624398e+01 4.981437936154830756e-03
4.033569471078550350e+01 4.889576705262673427e-03
4.058701345074587863e+01 4.808764779820874635e-03
4.083916815834436420e+01 4.702080521926682403e-03
4.108978611092747713e+01 4.643660816251236716e-03
4.134119394692694271e+01 4.516197719156577611e-03
4.159372926482761557e+01 4.494711915324607968e-03
4.184480996230068683e+01 4.410710685697073752e-03
4.209495048714620680e+01 4.388322617653428459e-03
4.234568601474854432e+01 4.284932726246731133e-03
4.259794184898333214e+01 4.210024157129433307e-03
4.284922176444433717e+01 4.137942095070581104e-03
4.309982534096671003e+01 4.032204307790756594e-03
4.335153475414617930e+01 4.028519853384880493e-03
4.360374984514007224e+01 3.936283735827402104e-03
4.385432838732079830e+01 3.869347646141771142e-03
4.410529766549178277e+01 3.825972118103650958e-03
4.435675536456894008e+01 3.794869939283240790e-03
4.460756668584335927e+01 3.680422078745021388e-03
4.485812369927145937e+01 3.647464265622422930e-03
4.510933196139897206e+01 3.637431965641391932e-03
4.536097672816924131e+01 3.538332047378768379e-03
4.561261869099184452e+01 3.503776799837600778e-03
4.586346064304911607e+01 3.410092432138560163e-03
4.611435299895526185e+01 3.408830864169692682e-03
4.636610302009028572e+01 3.359774523035668429e-03
4.661726081402038346e+01 3.259737470175860016e-03
4.686748045926628237e+01 3.256105220503041631e-03
4.712001000143001761e+01 3.211088757445520765e-03
4.737334269293729960e+01 3.118784301589384855e-03
4.762357272554871912e+01 3.078770659845832692e-03
4.787295862859781437e+01 3.073388766983029419e-03
4.812686710231834297e+01 3.015869033973563994e-03
4.837988354528783930e+01 2.970399125205452646e-03
4.862698975964909209e+01 2.878419741643740461e-03
4.887931961662670233e+01 2.866038013618703827e-03
4.913512531690142282e+01 2.872325584652117309e-03
4.938486646957150583e+01 2.812057340824410979e-03
4.963073103205424985e+01 2.768320819047016303e-03
4.988316058859187763e+01 2.719020003535187711e-03
5.013927392651110893e+01 2.656110733412715263e-03
5.038898445289544270e+01 2.674426738858056048e-03
5.063791314200675941e+01 2.634277410106025067e-03
5.089234515763529032e+01 2.555344245882450009e-03
5.114529266359630810e+01 2.511227488702406658e-03
5.138952878242714206e+01 2.452952913194136192e-03
5.163945178601188246e+01 2.472564623777796788e-03
5.190206698624180603e+01 2.397472148917835413e-03
5.215590084722179398e+01 2.429945219286927353e-03
5.238680673191466042e+01 2.378087360856744742e-03
5.263532591009818873e+01 2.442890931018206185e-03
5.290823119436031874e+01 2.316031109103507991e-03
5.316882575050344428e+01 2.166844300962622680e-03
5.338513341050097694e+01 2.118908310068353881e-03
5.363212510227822349e+01 2.192735237892357632e-03
5.391615723351310407e+01 2.130040231050187808e-03
5.419187693011466678e+01 2.317189244005150601e-03
5.439722241285236493e+01 1.911406237455786413e-03
5.462806064877949552e+01 2.196757223281613387e-03
5.491241494336609463e+01 2.267594515208915407e-03
5.519421446932921782e+01 2.201610263822402838e-03
5.543046826972861396e+01 1.013254578711134460e-03
5.561137265256709128e+01 2.333188557993954356e-03
