3.559856489878782115e-01 7.045924093070418621e+02
6.031648866026231293e-01 2.617501501180004198e+02
8.579160745827347778e-01 8.258123840058111398e+01
1.113464310595710716e+00 4.859182493254595414e+01
1.374039914321364408e+00 2.854641905987094219e+01
1.619154704570298309e+00 2.060779376151691977e+01
1.870686673430271840e+00 1.372838997354509694e+01
2.123290040706380832e+00 1.018427130523690671e+01
2.378144976376236119e+00 7.972996008357000619e+00
2.630489925835516996e+00 5.969669530965808768e+00
2.878653162679494670e+00 4.975706639799843956e+00
3.131144366275339319e+00 4.097807922148862581e+00
3.388159578333816313e+00 3.447463273305384934e+00
3.638741848210948149e+00 2.743537247101378806e+00
3.888315910732085268e+00 2.308548444870098582e+00
4.139052155837465996e+00 1.962196110090818069e+00
4.390305777018236988e+00 1.749074909257180899e+00
4.642172339120373081e+00 1.475267547708033256e+00
4.894678666149941293e+00 1.308574254203483944e+00
5.147269052361176378e+00 1.147978400499777951e+00
5.398003206656323272e+00 9.928749020482614540e-01
5.647798235368590269e+00 8.946742341589406511e-01
5.900534302989873581e+00 7.722412372875291364e-01
6.151460297009074374e+00 6.997631800611907593e-01
6.402630176204441526e+00 6.276773871519245596e-01
6.655964674748322096e+00 5.765373687159975891e-01
6.908782583105771202e+00 5.224428734033546018e-01
7.159060853508338873e+00 4.821339834774540090e-01
7.409414762591408632e+00 4.405432059955630142e-01
7.659227149364629561e+00 4.094054418735918466e-01
7.911559474606142395e+00 3.808098014827598909e-01
8.163750941790897997e+00 3.504046397996859463e-01
8.415757210439384295e+00 3.172338120609052847e-01
8.667638839289207198e+00 2.945517203088695024e-01
8.918801124864609520e+00 2.733922578926668567e-01
9.170480108345369530e+00 2.550774152738419231e-01
9.420566033467249412e+00 2.369147008937082521e-01
9.671642335271435797e+00 2.227339326423735388e-01
9.923426157758477473e+00 2.036856874234180270e-01
1.017396902749181820e+01 1.924370342158350233e-01
1.042533700753922155e+01 1.821264667853091379e-01
1.067702948358784276e+01 1.714787153681460175e-01
1.092969337256462303e+01 1.597525283722213418e-01
1.118211872033766419e+01 1.547965851603649856e-01
1.143346516925797296e+01 1.447929471442175042e-01
1.168350508557724687e+01 1.341950275537271142e-01
1.193379937775929100e+01 1.289044364572052015e-01
1.218553055762879112e+01 1.199038250080651374e-01
1.243711650801278878e+01 1.147225526988049776e-01
1.268867268647359303e+01 1.074163358439952920e-01
1.294075027177769144e+01 1.026478305015239151e-01
1.319267287020158363e+01 9.796314103583529664e-02
1.344470571782862756e+01 9.397186769807751305e-02
1.369480150283709641e+01 8.847635254547252248e-02
1.394591277066507828e+01 8.399222407229076093e-02
1.419764645764527167e+01 7.994003205399910494e-02
1.444766774168416212e+01 7.712107229395818997e-02
1.469906835825429070e+01 7.264082406618579957e-02
1.495059118111036511e+01 7.019653071189974058e-02
1.520261612590052991e+01 6.740067008861470865e-02
1.545415944503929495e+01 6.491607613047541137e-02
1.570456072545780124e+01 6.186164742308679354e-02
1.595705800128773966e+01 5.929633995272959313e-02
1.620829297830731619e+01 5.615107838308032451e-02
1.645966591028190962e+01 5.440361443303743522e-02
1.671125708846596325e+01 5.197847095591223709e-02
1.696160259490052624e+01 5.019756876963100273e-02
1.721370276108077135e+01 4.814857699155115911e-02
1.746543424102250341e+01 4.667268795244183116e-02
1.771598473288305442e+01 4.434965241831733546e-02
1.796653767411944003e+01 4.277694854195247809e-02
1.821765658501893270e+01 4.153521775881765382e-02
1.847053788120423334e+01 3.983587536653820926e-02
1.872257696809484173e+01 3.872555769528757824e-02
1.897394097105746269e+01 3.713191161604238039e-02
1.922542454726159988e+01 3.633355289994652515e-02
1.947607703355479103e+01 3.481590113426945299e-02
1.972678839839982601e+01 3.343793974272083608e-02
1.997802698857814363e+01 3.231339448511547779e-02
2.022863620534168660e+01 3.104103297527231742e-02
2.047969598507238231e+01 3.014668311623033142e-02
2.073250439107362553e+01 2.948401505052802504e-02
2.098435855211640089e+01 2.843246226670373411e-02
2.123502923393334640e+01 2.745526671220365963e-02
2.148629411178690773e+01 2.667407467032452059e-02
2.173831825513516591e+01 2.587144038189102477e-02
2.198972260956887226e+01 2.512054374215643218e-02
2.223974971000711420e+01 2.424991407456092082e-02
2.249141870643862973e+01 2.352589010260438054e-02
2.274404614890906373e+01 2.301767134336799719e-02
2.299521835768831579e+01 2.230876207532394434e-02
2.324620084136223852e+01 2.159989369074876916e-02
2.349757798664387209e+01 2.107231010758853565e-02
2.374870488118759937e+01 2.037636844185756330e-02
2.399988781917473091e+01 1.969013169145089615e-02
2.425071646049711305e+01 1.927599564021737974e-02
2.450187830577813841e+01 1.866926261149973176e-02
2.475391093216606109e+01 1.832684071562468153e-02
2.500524226975159792e+01 1.769994224887107975e-02
2.525610980153284402e+01 1.726238515960064682e-02
2.550801425092822328e+01 1.687080844941454480e-02
2.575943113325822864e+01 1.647232227929795040e-02
2.601074166866445125e+01 1.585641850179092191e-02
2.626234447079615464e+01 1.554852603022259180e-02
2.651347712943701751e+01 1.515299085758967101e-02
2.676474177984877656e+01 1.469098894187059919e-02
2.701628079430242479e+01 1.446994801112584141e-02
2.726734205837282232e+01 1.411158154259886319e-02
2.751837013544679422e+01 1.373235535564459528e-02
2.776937726815812724e+01 1.335312814732430610e-02
2.802070160973895341e+01 1.306359701890893663e-02
2.827249982643487058e+01 1.276067598417713819e-02
2.852407603869968966e+01 1.245759019020920011e-02
2.877567300468570721e+01 1.222064996481724355e-02
2.902733523039245256e+01 1.194399643712376613e-02
2.927861073083739996e+01 1.158223816129454187e-02
2.953003196193969160e+01 1.134230212339925811e-02
2.978106336846375157e+01 1.100239571549606853e-02
3.003148440777084716e+01 1.081287309806003988e-02
3.028303386126418673e+01 1.062922319220177547e-02
3.053456493440382857e+01 1.038765989623776850e-02
3.078585183944906944e+01 1.011469468287906279e-02
3.103757946070165730e+01 9.953077268676767744e-03
3.128931656795834826e+01 9.766457424409716662e-03
3.154125974608096428e+01 9.556660214953284146e-03
3.179158626791808828e+01 9.307093213496842390e-03
3.204196438636942190e+01 9.086459307446597550e-03
3.229344668057169798e+01 8.883783194835440447e-03
3.254489998018084407e+01 8.745291458272212368e-03
3.279660140319880668e+01 8.566653217920690636e-03
3.304772754686901237e+01 8.376845690441617892e-03
3.329949953441923327e+01 8.204014762292068802e-03
3.355173249539067371e+01 8.082271298846569266e-03
3.380235474142784824e+01 7.852843107992318189e-03
3.405292218889088218e+01 7.702395161419108884e-03
3.430455901572810262e+01 7.554231076801137292e-03
3.455605119154291316e+01 7.447824089098786099e-03
3.480708698418615654e+01 7.298027319291583090e-03
3.505823042281740243e+01 7.146508881168282638e-03
3.530983122122644602e+01 6.992165918536632011e-03
3.556111974160763367e+01 6.886825151906239388e-03
3.581195885960364933e+01 6.726540022658279369e-03
3.606348577968052638e+01 6.604726518264958726e-03
3.631495136683125935e+01 6.464509943523800116e-03
3.656646781331610185e+01 6.393938183995378013e-03
3.681800948534306173e+01 6.260932632795875030e-03
3.706942350460822411e+01 6.138516261807006741e-03
3.732119977997001570e+01 5.995101096924165818e-03
3.757249197135423202e+01 5.892857018810301883e-03
3.782324055213251057e+01 5.801704541165557220e-03
3.807430609684078604e+01 5.725962960034607606e-03
3.832526519371521090e+01 5.627612929432104782e-03
3.857704530181875668e+01 5.488466409610896421e-03
3.882896255048217427e+01 5.414623853535254112e-03
3.907976684424035341e+01 5.333592725460752082e-03
3.933085588900704010e+01 5.207344197541294989e-03
3.958184533965361140e+01 5.181543888072714585e-03
3.983320492881626507e+01 5.043305179092313559e-03
4.008506787586624398e+01 4.919590488979358467e-03
4.033569471078550350e+01 4.867296960005782457e-03
4.058701345074587863e+01 4.770956334167674243e-03
4.083916815834436420e+01 4.728104564898695863e-03
4.108978611092747713e+01 4.580612398580581265e-03
4.134119394692694271e+01 4.566498894284985038e-03
4.159372926482761557e+01 4.483475330753172033e-03
4.184480996230068683e+01 4.400040718668226519e-03
4.209495048714620680e+01 4.334898691411541091e-03
4.234568601474854432e+01 4.263539927833734540e-03
4.259794184898333214e+01 4.192408620502308288e-03
4.284922176444433717e+01 4.115903706329227495e-03
4.309982534096671003e+01 4.073990906330961226e-03
4.335153475414617930e+01 4.052460132415201116e-03
4.360374984514007224e+01 3.944323558989783728e-03
4.385432838732079830e+01 3.867853488435823994e-03
4.410529766549178277e+01 3.800047067816153708e-03
4.435675536456894008e+01 3.754264475629602322e-03
4.460756668584335927e+01 3.678194521316165231e-03
4.485812369927145937e+01 3.651221896368283051e-03
4.510933196139897206e+01 3.591048583854425640e-03
4.536097672816924131e+01 3.534082450314529611e-03
4.561261869099184452e+01 3.492335463126523300e-03
4.586346064304911607e+01 3.375616991206841552e-03
4.611435299895526185e+01 3.356497182938768687e-03
4.636610302009028572e+01 3.316816598123306301e-03
4.661726081402038346e+01 3.269949254479750066e-03
4.686748045926628237e+01 3.238600256005322309e-03
4.712001000143001761e+01 3.215499842787384287e-03
4.737334269293729960e+01 3.179367323584591197e-03
4.762357272554871912e+01 3.084694317626851274e-03
4.787295862859781437e+01 3.053651280901507024e-03
4.812686710231834297e+01 3.029811565615766773e-03
4.837988354528783930e+01 2.995406656477159028e-03
4.862698975964909209e+01 2.917828048899393997e-03
4.887931961662670233e+01 2.785889532059900638e-03
4.913512531690142282e+01 2.836738877729275219e-03
4.938486646957150583e+01 2.857438183014359215e-03
4.963073103205424985e+01 2.780104974182886525e-03
4.988316058859187763e+01 2.732422241185685115e-03
5.013927392651110893e+01 2.733523145605742596e-03
5.038898445289544270e+01 2.608680361392388611e-03
5.063791314200675941e+01 2.590367632476519612e-03
5.089234515763529032e+01 2.574481466158916147e-03
5.114529266359630810e+01 2.540231962983320688e-03
5.138952878242714206e+01 2.505779852139678777e-03
5.163945178601188246e+01 2.494173244058359596e-03
5.190206698624180603e+01 2.496160192122367800e-03
5.215590084722179398e+01 2.369331603895652363e-03
5.238680673191466042e+01 2.403485058855569633e-03
5.263532591009818873e+01 2.369859717762625578e-03
5.290823119436031874e+01 2.186116654093052825e-03
5.316882575050344428e+01 2.346187157814448154e-03
5.338513341050097694e+01 2.215760766480022893e-03
5.363212510227822349e+01 2.199652561276126562e-03
5.391615723351310407e+01 2.227703473380855930e-03
5.419187693011466678e+01 2.163410645428802143e-03
5.439722241285236493e+01 2.158589039873762966e-03
5.462806064877949552e+01 1.957489912638850967e-03
5.491241494336609463e+01 1.761224354869925365e-03
5.519421446932921782e+01 1.512745183071023637e-03
5.543046826972861396e+01 1.420623125600440186e-03
5.561137265256709128e+01 2.030597205453261913e-03
