3.559856489878782115e-01 5.769527520908546876e+02
6.031648866026231293e-01 2.176097990211371780e+02
8.579160745827347778e-01 9.822824034611360844e+01
1.113464310595710716e+00 4.992506929503903734e+01
1.374039914321364408e+00 3.208994393816399082e+01
1.619154704570298309e+00 2.143135034768449998e+01
1.870686673430271840e+00 1.454359211194266521e+01
2.123290040706380832e+00 1.011590810786777794e+01
2.378144976376236119e+00 8.294539110016071248e+00
2.630489925835516996e+00 6.300457589767013644e+00
2.878653162679494670e+00 4.886156732835214456e+00
3.131144366275339319e+00 4.111380052179960387e+00
3.388159578333816313e+00 3.267732679618152059e+00
3.638741848210948149e+00 2.721228276119263434e+00
3.888315910732085268e+00 2.419313903273434985e+00
4.139052155837465996e+00 1.993918293004885101e+00
4.390305777018236988e+00 1.744723612378076494e+00
4.642172339120373081e+00 1.464399718930495364e+00
4.894678666149941293e+00 1.263506057936316429e+00
5.147269052361176378e+00 1.105823544388071955e+00
5.398003206656323272e+00 9.977152905763529978e-01
5.647798235368590269e+00 9.081640429362017874e-01
5.900534302989873581e+00 8.162059415229364623e-01
6.151460297009074374e+00 7.181347282158413448e-01
6.402630176204441526e+00 6.546623816146033281e-01
6.655964674748322096e+00 5.838858928198962239e-01
6.908782583105771202e+00 5.089465188375058569e-01
7.159060853508338873e+00 4.719283205427894923e-01
7.409414762591408632e+00 4.432350674569437987e-01
7.659227149364629561e+00 4.073312964082375087e-01
7.911559474606142395e+00 3.715523044314561485e-01
8.163750941790897997e+00 3.435836864372387445e-01
8.415757210439384295e+00 3.205322844926284942e-01
8.667638839289207198e+00 2.960308370290805624e-01
8.918801124864609520e+00 2.711725404128761951e-01
9.170480108345369530e+00 2.555563687007296192e-01
9.420566033467249412e+00 2.354563499488492584e-01
9.671642335271435797e+00 2.209259388328835005e-01
9.923426157758477473e+00 2.112705422512947406e-01
1.017396902749181820e+01 1.921197422635243235e-01
1.042533700753922155e+01 1.833426411069608575e-01
1.067702948358784276e+01 1.706987675064831622e-01
1.092969337256462303e+01 1.599762776990727997e-01
1.118211872033766419e+01 1.494349846210921151e-01
1.143346516925797296e+01 1.423849685467035164e-01
1.168350508557724687e+01 1.351840749041938738e-01
1.193379937775929100e+01 1.261651965189311553e-01
1.218553055762879112e+01 1.198352783628154894e-01
1.243711650801278878e+01 1.143819762423570752e-01
1.268867268647359303e+01 1.097562127160005702e-01
1.294075027177769144e+01 1.045981440313035749e-01
1.319267287020158363e+01 9.847254991178275296e-02
1.344470571782862756e+01 9.276827888371136366e-02
1.369480150283709641e+01 8.806919298741071322e-02
1.394591277066507828e+01 8.414769411118996900e-02
1.419764645764527167e+01 8.056654117933495507e-02
1.444766774168416212e+01 7.688721762285861960e-02
1.469906835825429070e+01 7.437913356827881295e-02
1.495059118111036511e+01 6.946354829469167380e-02
1.520261612590052991e+01 6.681265333656527527e-02
1.545415944503929495e+01 6.432204973570300466e-02
1.570456072545780124e+01 6.147587422434937221e-02
1.595705800128773966e+01 5.884172991765870137e-02
1.620829297830731619e+01 5.684509954519791075e-02
1.645966591028190962e+01 5.436212161681087257e-02
1.671125708846596325e+01 5.219868457208709511e-02
1.696160259490052624e+01 5.055608170847945837e-02
1.721370276108077135e+01 4.843710664127212628e-02
1.746543424102250341e+01 4.622340294722677295e-02
1.771598473288305442e+01 4.451919767644659659e-02
1.796653767411944003e+01 4.348376334510956759e-02
1.821765658501893270e+01 4.148227421384376862e-02
1.847053788120423334e+01 3.968408223913767047e-02
1.872257696809484173e+01 3.851269392630523453e-02
1.897394097105746269e+01 3.716731125484702691e-02
1.922542454726159988e+01 3.602161457499133274e-02
1.947607703355479103e+01 3.465922615078374097e-02
1.972678839839982601e+01 3.335344443906262946e-02
1.997802698857814363e+01 3.247594399141662258e-02
2.022863620534168660e+01 3.113295486262447967e-02
2.047969598507238231e+01 3.057560507445984677e-02
2.073250439107362553e+01 2.922496961005521116e-02
2.098435855211640089e+01 2.843926732280664324e-02
2.123502923393334640e+01 2.734914357213277802e-02
2.148629411178690773e+01 2.672917715126121516e-02
2.173831825513516591e+01 2.587753733734800624e-02
2.198972260956887226e+01 2.500976196840331775e-02
2.223974971000711420e+01 2.418098592602562977e-02
2.249141870643862973e+01 2.362824398527455308e-02
2.274404614890906373e+01 2.290800851734456009e-02
2.299521835768831579e+01 2.231701018476160356e-02
2.324620084136223852e+01 2.150883712463698416e-02
2.349757798664387209e+01 2.112987638039615090e-02
2.374870488118759937e+01 2.043958983424174966e-02
2.399988781917473091e+01 1.981092196510858897e-02
2.425071646049711305e+01 1.928960846069686583e-02
2.450187830577813841e+01 1.875778988971930558e-02
2.475391093216606109e+01 1.810520649917944994e-02
2.500524226975159792e+01 1.781209977723420546e-02
2.525610980153284402e+01 1.732763573409778352e-02
2.550801425092822328e+01 1.681351864123483211e-02
2.575943113325822864e+01 1.626729308752034725e-02
2.601074166866445125e+01 1.597208282773843538e-02
2.626234447079615464e+01 1.560385364508973943e-02
2.651347712943701751e+01 1.517602538873785191e-02
2.676474177984877656e+01 1.475032485925779728e-02
2.701628079430242479e+01 1.452923412058950911e-02
2.726734205837282232e+01 1.399325517217428830e-02
2.751837013544679422e+01 1.359310813405045261e-02
2.776937726815812724e+01 1.343462795101297777e-02
2.802070160973895341e+01 1.311401471701726003e-02
2.827249982643487058e+01 1.279143750730177970e-02
2.852407603869968966e+01 1.245247212647812053e-02
2.877567300468570721e+01 1.212282524095375548e-02
2.902733523039245256e+01 1.186018248998388022e-02
2.927861073083739996e+01 1.160023336275233831e-02
2.953003196193969160e+01 1.132589321738516029e-02
2.978106336846375157e+01 1.108965955284386615e-02
3.003148440777084716e+01 1.080251447786411724e-02
3.028303386126418673e+01 1.062347411411970408e-02
3.053456493440382857e+01 1.034837631861744781e-02
3.078585183944906944e+01 1.021670699382602396e-02
3.103757946070165730e+01 9.967103555362425912e-03
3.128931656795834826e+01 9.709015304174058864e-03
3.154125974608096428e+01 9.506706697006631415e-03
3.179158626791808828e+01 9.330951326808473167e-03
3.204196438636942190e+01 9.095257438478844200e-03
3.229344668057169798e+01 8.906459211597696213e-03
3.254489998018084407e+01 8.726977451377324752e-03
3.279660140319880668e+01 8.541962344668368665e-03
3.304772754686901237e+01 8.350663811984447918e-03
3.329949953441923327e+01 8.176777805760185661e-03
3.355173249539067371e+01 8.046817533607445935e-03
3.380235474142784824e+01 7.818842471412960210e-03
3.405292218889088218e+01 7.771559300193107284e-03
3.430455901572810262e+01 7.539652124240678495e-03
3.455605119154291316e+01 7.469604802936287251e-03
3.480708698418615654e+01 7.296747855711262394e-03
3.505823042281740243e+01 7.162706422704776150e-03
3.530983122122644602e+01 7.046873256154303870e-03
3.556111974160763367e+01 6.815383416761728805e-03
3.581195885960364933e+01 6.747632327035182724e-03
3.606348577968052638e+01 6.601544889517202939e-03
3.631495136683125935e+01 6.468494463960407399e-03
3.656646781331610185e+01 6.340361664726438910e-03
3.681800948534306173e+01 6.216309415596222090e-03
3.706942350460822411e+01 6.126379959034274243e-03
3.732119977997001570e+01 6.051736178692686784e-03
3.757249197135423202e+01 5.883589484178803654e-03
3.782324055213251057e+01 5.800879243121111889e-03
3.807430609684078604e+01 5.723417324584778067e-03
3.832526519371521090e+01 5.604697042347072528e-03
3.857704530181875668e+01 5.493456430694605708e-03
3.882896255048217427e+01 5.395007704967914181e-03
3.907976684424035341e+01 5.283372895624805811e-03
3.933085588900704010e+01 5.207366576403510590e-03
3.958184533965361140e+01 5.154914562672620326e-03
3.983320492881626507e+01 5.075342288732190114e-03
4.008506787586624398e+01 4.980363182634457708e-03
4.033569471078550350e+01 4.835730511457328636e-03
4.058701345074587863e+01 4.799906024099951686e-03
4.083916815834436420e+01 4.738627519636186107e-03
4.108978611092747713e+01 4.606433850585515272e-03
4.134119394692694271e+01 4.597196122897322969e-03
4.159372926482761557e+01 4.471171968241777032e-03
4.184480996230068683e+01 4.436753809339335011e-03
4.209495048714620680e+01 4.318896856040955155e-03
4.234568601474854432e+01 4.298329442397056527e-03
4.259794184898333214e+01 4.169002633987952192e-03
4.284922176444433717e+01 4.154372480812543351e-03
4.309982534096671003e+01 4.077616759881506729e-03
4.335153475414617930e+01 4.015856182383956835e-03
4.360374984514007224e+01 3.933855996777891988e-03
4.385432838732079830e+01 3.876526884233775540e-03
4.410529766549178277e+01 3.811257268815553337e-03
4.435675536456894008e+01 3.748803877613803015e-03
4.460756668584335927e+01 3.704430192346306293e-03
4.485812369927145937e+01 3.652650321331723723e-03
4.510933196139897206e+01 3.572838607917924823e-03
4.536097672816924131e+01 3.536571072851333111e-03
4.561261869099184452e+01 3.471807135164222194e-03
4.586346064304911607e+01 3.406127496698777273e-03
4.611435299895526185e+01 3.355155712230468903e-03
4.636610302009028572e+01 3.299125302560725580e-03
4.661726081402038346e+01 3.265571063089421806e-03
4.686748045926628237e+01 3.213051209303013477e-03
4.712001000143001761e+01 3.181371898103297138e-03
4.737334269293729960e+01 3.132435422851504499e-03
4.762357272554871912e+01 3.129874213295079019e-03
4.787295862859781437e+01 3.054202047415286326e-03
4.812686710231834297e+01 3.014381735814592421e-03
4.837988354528783930e+01 2.928262573485155250e-03
4.862698975964909209e+01 2.888514025848481354e-03
4.887931961662670233e+01 2.879933645155945045e-03
4.913512531690142282e+01 2.787651475124028159e-03
4.938486646957150583e+01 2.841374362776268904e-03
4.963073103205424985e+01 2.785712315816818094e-03
4.988316058859187763e+01 2.722663591838906175e-03
5.013927392651110893e+01 2.655370385378859679e-03
5.038898445289544270e+01 2.648987468018971884e-03
5.063791314200675941e+01 2.674837001127731376e-03
5.089234515763529032e+01 2.543558740077359222e-03
5.114529266359630810e+01 2.511845437257210871e-03
5.138952878242714206e+01 2.525469230469978409e-03
5.163945178601188246e+01 2.502456120634084877e-03
5.190206698624180603e+01 2.493016097386430759e-03
5.215590084722179398e+01 2.490560797610806131e-03
5.238680673191466042e+01 2.362504683683373449e-03
5.263532591009818873e+01 2.310089482212701606e-03
5.290823119436031874e+01 2.491060444908882541e-03
5.316882575050344428e+01 2.286430093450006733e-03
5.338513341050097694e+01 2.269729435833829807e-03
5.363212510227822349e+01 2.281618043972162297e-03
5.391615723351310407e+01 2.309849886802155250e-03
5.419187693011466678e+01 2.215774192361167141e-03
5.439722241285236493e+01 2.146687594618235280e-03
5.462806064877949552e+01 2.325282762790308912e-03
5.491241494336609463e+01 1.981667305978243501e-03
5.519421446932921782e+01 2.224913281977636791e-03
5.543046826972861396e+01 1.847948602399410167e-03
5.561137265256709128e+01 1.152280802271085387e-03
