3.559856489878782115e-01 8.440960609282655014e+02
6.031648866026231293e-01 1.803312778575224229e+02
8.579160745827347778e-01 1.032170676970014256e+02
1.113464310595710716e+00 5.881095715645822963e+01
1.374039914321364408e+00 2.928060832408445791e+01
1.619154704570298309e+00 1.907760604324308318e+01
1.870686673430271840e+00 1.485566905857208830e+01
2.123290040706380832e+00 1.137904758647896664e+01
2.378144976376236119e+00 8.592589838332896690e+00
2.630489925835516996e+00 5.835849726469557019e+00
2.878653162679494670e+00 5.095195556987865970e+00
3.131144366275339319e+00 4.078571011942245583e+00
3.388159578333816313e+00 3.345453753212059400e+00
3.638741848210948149e+00 2.665511578017062622e+00
3.888315910732085268e+00 2.326901134031365448e+00
4.139052155837465996e+00 1.940938913799308940e+00
4.390305777018236988e+00 1.675832866114841613e+00
4.642172339120373081e+00 1.492151612528523463e+00
4.894678666149941293e+00 1.291690774310723988e+00
5.147269052361176378e+00 1.081581527500013129e+00
5.398003206656323272e+00 1.000918334919813413e+00
5.647798235368590269e+00 9.152658005703050437e-01
5.900534302989873581e+00 7.762711324696354165e-01
6.151460297009074374e+00 7.193033620442875753e-01
6.402630176204441526e+00 6.481664732135398177e-01
6.655964674748322096e+00 5.857289241420287063e-01
6.908782583105771202e+00 5.300690910784309207e-01
7.159060853508338873e+00 4.851132011541020028e-01
7.409414762591408632e+00 4.441527807702327357e-01
7.659227149364629561e+00 4.164808566447176230e-01
7.911559474606142395e+00 3.759179289661248591e-01
8.163750941790897997e+00 3.492479164124881463e-01
8.415757210439384295e+00 3.315496962673585846e-01
8.667638839289207198e+00 2.934662724712677750e-01
8.918801124864609520e+00 2.710859676499394189e-01
9.170480108345369530e+00 2.564110345793456647e-01
9.420566033467249412e+00 2.368368206426275657e-01
9.671642335271435797e+00 2.206977396089454257e-01
9.923426157758477473e+00 2.089901970157797273e-01
1.017396902749181820e+01 1.917827809709520270e-01
1.042533700753922155e+01 1.803940698204817006e-01
1.067702948358784276e+01 1.705212193657468234e-01
1.092969337256462303e+01 1.611016246332327151e-01
1.118211872033766419e+01 1.519593681684318909e-01
1.143346516925797296e+01 1.416903767528146230e-01
1.168350508557724687e+01 1.338995964324461163e-01
1.193379937775929100e+01 1.273587356971812579e-01
1.218553055762879112e+01 1.201085958902837619e-01
1.243711650801278878e+01 1.156868592480619212e-01
1.268867268647359303e+01 1.084805185875249572e-01
1.294075027177769144e+01 1.024916412903828095e-01
1.319267287020158363e+01 9.748543377701951451e-02
1.344470571782862756e+01 9.412926014062571178e-02
1.369480150283709641e+01 8.900835997185939374e-02
1.394591277066507828e+01 8.498680832168925559e-02
1.419764645764527167e+01 7.993535356372676037e-02
1.444766774168416212e+01 7.604235477710033497e-02
1.469906835825429070e+01 7.308396783022888532e-02
1.495059118111036511e+01 7.019381906262754656e-02
1.520261612590052991e+01 6.758008465122346264e-02
1.545415944503929495e+01 6.384884775242967436e-02
1.570456072545780124e+01 6.147106932122414769e-02
1.595705800128773966e+01 5.870363917119926500e-02
1.620829297830731619e+01 5.684219160385856062e-02
1.645966591028190962e+01 5.415562912432868303e-02
1.671125708846596325e+01 5.187721819802976198e-02
1.696160259490052624e+01 5.001562717963572990e-02
1.721370276108077135e+01 4.830601086697290658e-02
1.746543424102250341e+01 4.644620915018340263e-02
1.771598473288305442e+01 4.519350374183531832e-02
1.796653767411944003e+01 4.332696590900329131e-02
1.821765658501893270e+01 4.166825534826225363e-02
1.847053788120423334e+01 4.001204413604196597e-02
1.872257696809484173e+01 3.843882452408466793e-02
1.897394097105746269e+01 3.754836904362886946e-02
1.922542454726159988e+01 3.570792001198968418e-02
1.947607703355479103e+01 3.465152156352911683e-02
1.972678839839982601e+01 3.386734486029185920e-02
1.997802698857814363e+01 3.248555878765215649e-02
2.022863620534168660e+01 3.115061629671895399e-02
2.047969598507238231e+01 3.046042946966652509e-02
2.073250439107362553e+01 2.949529399255677170e-02
2.098435855211640089e+01 2.855427478146733977e-02
2.123502923393334640e+01 2.769040832357637025e-02
2.148629411178690773e+01 2.659161967658347364e-02
2.173831825513516591e+01 2.595832980098426029e-02
2.198972260956887226e+01 2.501118348882798784e-02
2.223974971000711420e+01 2.452294844050856640e-02
2.249141870643862973e+01 2.375646872361596509e-02
2.274404614890906373e+01 2.299687470899476616e-02
2.299521835768831579e+01 2.217516345765606356e-02
2.324620084136223852e+01 2.168238712693202827e-02
2.349757798664387209e+01 2.114124914718859549e-02
2.374870488118759937e+01 2.030130653893836429e-02
2.399988781917473091e+01 1.983360590315528388e-02
2.425071646049711305e+01 1.933574764426208500e-02
2.450187830577813841e+01 1.879761874539008504e-02
2.475391093216606109e+01 1.825360741940235815e-02
2.500524226975159792e+01 1.775401138504269227e-02
2.525610980153284402e+01 1.730751548861941824e-02
2.550801425092822328e+01 1.673201419174672258e-02
2.575943113325822864e+01 1.646064747444471801e-02
2.601074166866445125e+01 1.603439282931544765e-02
2.626234447079615464e+01 1.548980227368819580e-02
2.651347712943701751e+01 1.517364177593093916e-02
2.676474177984877656e+01 1.474729857548772241e-02
2.701628079430242479e+01 1.452924908628783034e-02
2.726734205837282232e+01 1.414083188664145077e-02
2.751837013544679422e+01 1.368804134050637979e-02
2.776937726815812724e+01 1.342005750942366904e-02
2.802070160973895341e+01 1.311260803921866086e-02
2.827249982643487058e+01 1.267510798221382039e-02
2.852407603869968966e+01 1.238380343250325075e-02
2.877567300468570721e+01 1.219390679737459605e-02
2.902733523039245256e+01 1.185172807124623348e-02
2.927861073083739996e+01 1.159297586964402361e-02
2.953003196193969160e+01 1.126746178028628295e-02
2.978106336846375157e+01 1.109430344971181794e-02
3.003148440777084716e+01 1.079973755089108471e-02
3.028303386126418673e+01 1.061699627990074328e-02
3.053456493440382857e+01 1.032291124405411605e-02
3.078585183944906944e+01 1.018497177522749951e-02
3.103757946070165730e+01 9.955057078130052570e-03
3.128931656795834826e+01 9.715059302610963912e-03
3.154125974608096428e+01 9.482048776697093659e-03
3.179158626791808828e+01 9.298871122935337477e-03
3.204196438636942190e+01 9.112582282235529366e-03
3.229344668057169798e+01 8.871269098257372060e-03
3.254489998018084407e+01 8.777522188736164993e-03
3.279660140319880668e+01 8.542127435818579195e-03
3.304772754686901237e+01 8.352190502433916308e-03
3.329949953441923327e+01 8.227162147573819154e-03
3.355173249539067371e+01 8.022045204733164667e-03
3.380235474142784824e+01 7.915753805818246530e-03
3.405292218889088218e+01 7.712615078118454336e-03
3.430455901572810262e+01 7.549097097412896598e-03
3.455605119154291316e+01 7.382090485823038922e-03
3.480708698418615654e+01 7.289999440654731586e-03
3.505823042281740243e+01 7.119583721935689689e-03
3.530983122122644602e+01 6.962709584468440745e-03
3.556111974160763367e+01 6.854465843082509745e-03
3.581195885960364933e+01 6.724162791603781331e-03
3.606348577968052638e+01 6.614528927337810435e-03
3.631495136683125935e+01 6.431794994525038070e-03
3.656646781331610185e+01 6.374160224697995696e-03
3.681800948534306173e+01 6.276490840923562575e-03
3.706942350460822411e+01 6.147894798741541759e-03
3.732119977997001570e+01 6.001254438907190243e-03
3.757249197135423202e+01 5.919099978403567948e-03
3.782324055213251057e+01 5.779259686790645320e-03
3.807430609684078604e+01 5.709143820006776747e-03
3.832526519371521090e+01 5.567113295793075199e-03
3.857704530181875668e+01 5.490618959563149486e-03
3.882896255048217427e+01 5.412513598982814610e-03
3.907976684424035341e+01 5.306491244795734884e-03
3.933085588900704010e+01 5.230796850937550688e-03
3.958184533965361140e+01 5.137464610665509919e-03
3.983320492881626507e+01 5.062937264896556072e-03
4.008506787586624398e+01 5.007858244446198974e-03
4.033569471078550350e+01 4.813904822574644610e-03
4.058701345074587863e+01 4.788871288801560024e-03
4.083916815834436420e+01 4.702264654731721366e-03
4.108978611092747713e+01 4.661946539155113929e-03
4.134119394692694271e+01 4.561923886587769192e-03
4.159372926482761557e+01 4.532557981979695033e-03
4.184480996230068683e+01 4.419203768263826708e-03
4.209495048714620680e+01 4.344023380405043211e-03
4.234568601474854432e+01 4.252791415313499426e-03
4.259794184898333214e+01 4.205075558617642553e-03
4.284922176444433717e+01 4.135504180532513334e-03
4.309982534096671003e+01 4.029718796812577566e-03
4.335153475414617930e+01 4.020601509619646345e-03
4.360374984514007224e+01 3.956944510055564190e-03
4.385432838732079830e+01 3.884267265645179306e-03
4.410529766549178277e+01 3.835719125216947942e-03
4.435675536456894008e+01 3.758077018959798867e-03
4.460756668584335927e+01 3.708427304047384309e-03
4.485812369927145937e+01 3.655596688155495367e-03
4.510933196139897206e+01 3.560096211629006861e-03
4.536097672816924131e+01 3.531698173192123185e-03
4.561261869099184452e+01 3.545003581477090132e-03
4.586346064304911607e+01 3.431366380678522055e-03
4.611435299895526185e+01 3.407300467520314822e-03
4.636610302009028572e+01 3.301956258824742876e-03
4.661726081402038346e+01 3.313115894898722557e-03
4.686748045926628237e+01 3.258962375325994039e-03
4.712001000143001761e+01 3.186731411238626858e-03
4.737334269293729960e+01 3.128009544739380945e-03
4.762357272554871912e+01 3.127887693222519087e-03
4.787295862859781437e+01 3.061778638402430554e-03
4.812686710231834297e+01 2.976084581340582812e-03
4.837988354528783930e+01 2.975392642229718072e-03
4.862698975964909209e+01 2.903650746765018553e-03
4.887931961662670233e+01 2.861735236426765118e-03
4.913512531690142282e+01 2.875189771913323842e-03
4.938486646957150583e+01 2.801967513966534089e-03
4.963073103205424985e+01 2.734125424124865013e-03
4.988316058859187763e+01 2.679764177993884666e-03
5.013927392651110893e+01 2.695206263338403071e-03
5.038898445289544270e+01 2.641732356674975947e-03
5.063791314200675941e+01 2.626612495828957276e-03
5.089234515763529032e+01 2.575369114025258515e-03
5.114529266359630810e+01 2.563930658087465019e-03
5.138952878242714206e+01 2.535588751053744015e-03
5.163945178601188246e+01 2.477376231404647064e-03
5.190206698624180603e+01 2.430099228334679957e-03
5.215590084722179398e+01 2.430753594215102811e-03
5.238680673191466042e+01 2.432989514121782892e-03
5.263532591009818873e+01 2.240471293484275466e-03
5.290823119436031874e+01 2.355656143469589316e-03
5.316882575050344428e+01 2.326018220064456250e-03
5.338513341050097694e+01 2.333165190054348886e-03
5.363212510227822349e+01 2.366156277840241167e-03
5.391615723351310407e+01 2.302787652767687276e-03
5.419187693011466678e+01 2.228750635237810966e-03
5.439722241285236493e+01 2.200256670108444688e-03
5.462806064877949552e+01 2.095158020101109322e-03
5.491241494336609463e+01 2.142771104212314905e-03
5.519421446932921782e+01 2.453500632517711770e-03
5.543046826972861396e+01 1.854618858035394406e-03
5.561137265256709128e+01 1.591639366333846232e-03
