3.559856489878782115e-01 7.482273464001914363e+02
6.031648866026231293e-01 1.515667388951903831e+02
8.579160745827347778e-01 8.722001119888417975e+01
1.113464310595710716e+00 5.077115534714563694e+01
1.374039914321364408e+00 3.058488309466588717e+01
1.619154704570298309e+00 2.134641814843527641e+01
1.870686673430271840e+00 1.514577720772299507e+01
2.123290040706380832e+00 1.087293968709486336e+01
2.378144976376236119e+00 7.733800337806918002e+00
2.630489925835516996e+00 6.156301916652342499e+00
2.878653162679494670e+00 4.854816776023443303e+00
3.131144366275339319e+00 3.868117263773922954e+00
3.388159578333816313e+00 3.363647705970405077e+00
3.638741848210948149e+00 2.868440997417244898e+00
3.888315910732085268e+00 2.296769401115569931e+00
4.139052155837465996e+00 2.001995067270177397e+00
4.390305777018236988e+00 1.693672777154924036e+00
4.642172339120373081e+00 1.475531241095115798e+00
4.894678666149941293e+00 1.312400762331345838e+00
5.147269052361176378e+00 1.149094163114687150e+00
5.398003206656323272e+00 9.736200778023276214e-01
5.647798235368590269e+00 8.826500534544458043e-01
5.900534302989873581e+00 7.974186996237403457e-01
6.151460297009074374e+00 7.298783178550002360e-01
6.402630176204441526e+00 6.572599296335319696e-01
6.655964674748322096e+00 5.879141850184117501e-01
6.908782583105771202e+00 5.407000798719301393e-01
7.159060853508338873e+00 4.977290500945198426e-01
7.409414762591408632e+00 4.484173241210094307e-01
7.659227149364629561e+00 4.072847952804791172e-01
7.911559474606142395e+00 3.808024020160983847e-01
8.163750941790897997e+00 3.458675851151293279e-01
8.415757210439384295e+00 3.221406711838347148e-01
8.667638839289207198e+00 2.944851322426457196e-01
8.918801124864609520e+00 2.778072452314941376e-01
9.170480108345369530e+00 2.524511406755394205e-01
9.420566033467249412e+00 2.411530192744275047e-01
9.671642335271435797e+00 2.240868381195806058e-01
9.923426157758477473e+00 2.067706356825177449e-01
1.017396902749181820e+01 1.960314142345661315e-01
1.042533700753922155e+01 1.844202114965730888e-01
1.067702948358784276e+01 1.678633184477148210e-01
1.092969337256462303e+01 1.598825401836342364e-01
1.118211872033766419e+01 1.502366648700707019e-01
1.143346516925797296e+01 1.409288449806884169e-01
1.168350508557724687e+01 1.348697137906835486e-01
1.193379937775929100e+01 1.267406169180728681e-01
1.218553055762879112e+01 1.196375743709337663e-01
1.243711650801278878e+01 1.139435044171274586e-01
1.268867268647359303e+01 1.085815564528353760e-01
1.294075027177769144e+01 1.025966504034169363e-01
1.319267287020158363e+01 9.761692134129439091e-02
1.344470571782862756e+01 9.307132024735706444e-02
1.369480150283709641e+01 8.780116277415148107e-02
1.394591277066507828e+01 8.504788163443924298e-02
1.419764645764527167e+01 8.057007648618788598e-02
1.444766774168416212e+01 7.700931803092078698e-02
1.469906835825429070e+01 7.282447013659788804e-02
1.495059118111036511e+01 7.032687830839420839e-02
1.520261612590052991e+01 6.769488051338977408e-02
1.545415944503929495e+01 6.349769034908822607e-02
1.570456072545780124e+01 6.068969894247152469e-02
1.595705800128773966e+01 5.888050733525004854e-02
1.620829297830731619e+01 5.659820014755350542e-02
1.645966591028190962e+01 5.478379328762812694e-02
1.671125708846596325e+01 5.220224352714377541e-02
1.696160259490052624e+01 5.036475595803873578e-02
1.721370276108077135e+01 4.795376597274182001e-02
1.746543424102250341e+01 4.626343196446196931e-02
1.771598473288305442e+01 4.493565071082560730e-02
1.796653767411944003e+01 4.274922217146918946e-02
1.821765658501893270e+01 4.114115727173310588e-02
1.847053788120423334e+01 3.990608099852518270e-02
1.872257696809484173e+01 3.869640864008420250e-02
1.897394097105746269e+01 3.699788552362395094e-02
1.922542454726159988e+01 3.570991087448956158e-02
1.947607703355479103e+01 3.428468475975863378e-02
1.972678839839982601e+01 3.351843488808533417e-02
1.997802698857814363e+01 3.277181527795097055e-02
2.022863620534168660e+01 3.130246188609282776e-02
2.047969598507238231e+01 3.045546050618895897e-02
2.073250439107362553e+01 2.935945791791887485e-02
2.098435855211640089e+01 2.843818775946171246e-02
2.123502923393334640e+01 2.782175621906081073e-02
2.148629411178690773e+01 2.678028381487088799e-02
2.173831825513516591e+01 2.594409461506955866e-02
2.198972260956887226e+01 2.514479614113165895e-02
2.223974971000711420e+01 2.425876957332667033e-02
2.249141870643862973e+01 2.356254808918111648e-02
2.274404614890906373e+01 2.303685725849959065e-02
2.299521835768831579e+01 2.215542977223835044e-02
2.324620084136223852e+01 2.168391514757369784e-02
2.349757798664387209e+01 2.092159220483649079e-02
2.374870488118759937e+01 2.036080881801039313e-02
2.399988781917473091e+01 1.988511933008977120e-02
2.425071646049711305e+01 1.917309612151625250e-02
2.450187830577813841e+01 1.880869519527411660e-02
2.475391093216606109e+01 1.827170542555741489e-02
2.500524226975159792e+01 1.774383511329370028e-02
2.525610980153284402e+01 1.724864489209178980e-02
2.550801425092822328e+01 1.678390406047492595e-02
2.575943113325822864e+01 1.629594804618266987e-02
2.601074166866445125e+01 1.593326273076395641e-02
2.626234447079615464e+01 1.547120990683003607e-02
2.651347712943701751e+01 1.524859931901144210e-02
2.676474177984877656e+01 1.482251823127725236e-02
2.701628079430242479e+01 1.439512128421186615e-02
2.726734205837282232e+01 1.421282064980311684e-02
2.751837013544679422e+01 1.371775137416731544e-02
2.776937726815812724e+01 1.345159830281067621e-02
2.802070160973895341e+01 1.303430711089561406e-02
2.827249982643487058e+01 1.277921646506121819e-02
2.852407603869968966e+01 1.249006370976563952e-02
2.877567300468570721e+01 1.211754858042540274e-02
2.902733523039245256e+01 1.186698676324322160e-02
2.927861073083739996e+01 1.165223688303858134e-02
2.953003196193969160e+01 1.131590012582627154e-02
2.978106336846375157e+01 1.110308231189201592e-02
3.003148440777084716e+01 1.083577250374132342e-02
3.028303386126418673e+01 1.059200972041651583e-02
3.053456493440382857e+01 1.036073811733900785e-02
3.078585183944906944e+01 1.015131859214706174e-02
3.103757946070165730e+01 9.913327252003275442e-03
3.128931656795834826e+01 9.678245816170256630e-03
3.154125974608096428e+01 9.493650641877017862e-03
3.179158626791808828e+01 9.286823869584003369e-03
3.204196438636942190e+01 9.089313617014536592e-03
3.229344668057169798e+01 8.898854347110610533e-03
3.254489998018084407e+01 8.744117567923986520e-03
3.279660140319880668e+01 8.526707104158905148e-03
3.304772754686901237e+01 8.311755991322963485e-03
3.329949953441923327e+01 8.192771765680147492e-03
3.355173249539067371e+01 8.024392149444340566e-03
3.380235474142784824e+01 7.859571197989590960e-03
3.405292218889088218e+01 7.690210041940602308e-03
3.430455901572810262e+01 7.566474417893773521e-03
3.455605119154291316e+01 7.437199631421644377e-03
3.480708698418615654e+01 7.313185706675813177e-03
3.505823042281740243e+01 7.101002162143743232e-03
3.530983122122644602e+01 6.941157996130268432e-03
3.556111974160763367e+01 6.859582685797832938e-03
3.581195885960364933e+01 6.744377655884629778e-03
3.606348577968052638e+01 6.594854816820415813e-03
3.631495136683125935e+01 6.478236037952007920e-03
3.656646781331610185e+01 6.384075827164612318e-03
3.681800948534306173e+01 6.262478839004238622e-03
3.706942350460822411e+01 6.108891043722928897e-03
3.732119977997001570e+01 6.018112716931671088e-03
3.757249197135423202e+01 5.940335069128381551e-03
3.782324055213251057e+01 5.807260149408866208e-03
3.807430609684078604e+01 5.722304098336707806e-03
3.832526519371521090e+01 5.570518298309454393e-03
3.857704530181875668e+01 5.472762667963941043e-03
3.882896255048217427e+01 5.355788984132002668e-03
3.907976684424035341e+01 5.259976926113165731e-03
3.933085588900704010e+01 5.227935829121805461e-03
3.958184533965361140e+01 5.139894285762943577e-03
3.983320492881626507e+01 5.048506460847534960e-03
4.008506787586624398e+01 4.984647959594095193e-03
4.033569471078550350e+01 4.866247914566476131e-03
4.058701345074587863e+01 4.771581321128696117e-03
4.083916815834436420e+01 4.699171655032681125e-03
4.108978611092747713e+01 4.614844894948108567e-03
4.134119394692694271e+01 4.530210836943718983e-03
4.159372926482761557e+01 4.488546871826841998e-03
4.184480996230068683e+01 4.389456627118824665e-03
4.209495048714620680e+01 4.360262452842473754e-03
4.234568601474854432e+01 4.255273993330606526e-03
4.259794184898333214e+01 4.210548215384207586e-03
4.284922176444433717e+01 4.130231867130238974e-03
4.309982534096671003e+01 4.055237525532099339e-03
4.335153475414617930e+01 4.005623617337681665e-03
4.360374984514007224e+01 3.956096398316903857e-03
4.385432838732079830e+01 3.862735501456948401e-03
4.410529766549178277e+01 3.853325617162208817e-03
4.435675536456894008e+01 3.760023558336090827e-03
4.460756668584335927e+01 3.714063224331758985e-03
4.485812369927145937e+01 3.673359122503947263e-03
4.510933196139897206e+01 3.598883838173061109e-03
4.536097672816924131e+01 3.582493087857149035e-03
4.561261869099184452e+01 3.463774938436852292e-03
4.586346064304911607e+01 3.445524469732663513e-03
4.611435299895526185e+01 3.343493206637555490e-03
4.636610302009028572e+01 3.317157535590659328e-03
4.661726081402038346e+01 3.262563171301771821e-03
4.686748045926628237e+01 3.223868437891151684e-03
4.712001000143001761e+01 3.189262937785016742e-03
4.737334269293729960e+01 3.123994397162178308e-03
4.762357272554871912e+01 3.084989575017710751e-03
4.787295862859781437e+01 3.100497219994468191e-03
4.812686710231834297e+01 3.058594108187963345e-03
4.837988354528783930e+01 2.925435458760986766e-03
4.862698975964909209e+01 2.930476427236350899e-03
4.887931961662670233e+01 2.893206561034364094e-03
4.913512531690142282e+01 2.823997523807834746e-03
4.938486646957150583e+01 2.783946807444225881e-03
4.963073103205424985e+01 2.804763117948690359e-03
4.988316058859187763e+01 2.657015486846403454e-03
5.013927392651110893e+01 2.671181289642969234e-03
5.038898445289544270e+01 2.615662957132183775e-03
5.063791314200675941e+01 2.630462375289550382e-03
5.089234515763529032e+01 2.578339450146697499e-03
5.114529266359630810e+01 2.516744221466257238e-03
5.138952878242714206e+01 2.588363265584416647e-03
5.163945178601188246e+01 2.515140749131585234e-03
5.190206698624180603e+01 2.396636870649559992e-03
5.215590084722179398e+01 2.384809308726966188e-03
5.238680673191466042e+01 2.329000023450761205e-03
5.263532591009818873e+01 2.344480490241162250e-03
5.290823119436031874e+01 2.345809473991974058e-03
5.316882575050344428e+01 2.300436528386841546e-03
5.338513341050097694e+01 2.203936333164004287e-03
5.363212510227822349e+01 2.299078608197492341e-03
5.391615723351310407e+01 2.160918161063171000e-03
5.419187693011466678e+01 2.190116704327383940e-03
5.439722241285236493e+01 2.028572905851982588e-03
5.462806064877949552e+01 2.011590414028343026e-03
5.491241494336609463e+01 1.653159109743684374e-03
5.519421446932921782e+01 1.946264108135953600e-03
5.543046826972861396e+01 3.095097832932562111e-03
5.561137265256709128e+01 1.202697958137423102e-03
