3.559856489878782115e-01 5.569879973425801154e+02
6.031648866026231293e-01 2.018338567008076723e+02
8.579160745827347778e-01 9.359904807912604952e+01
1.113464310595710716e+00 5.270955004590225457e+01
1.374039914321364408e+00 2.970800563330889332e+01
1.619154704570298309e+00 2.007826119357313743e+01
1.870686673430271840e+00 1.473197953014520856e+01
2.123290040706380832e+00 9.243983701520633645e+00
2.378144976376236119e+00 8.489691076610291987e+00
2.630489925835516996e+00 6.293622665487494494e+00
2.878653162679494670e+00 4.765126726928412104e+00
3.131144366275339319e+00 4.162177144318570221e+00
3.388159578333816313e+00 3.218184684533603068e+00
3.638741848210948149e+00 2.787969999548219668e+00
3.888315910732085268e+00 2.384897559326939920e+00
4.139052155837465996e+00 1.942315778807119031e+00
4.390305777018236988e+00 1.608506152583927706e+00
4.642172339120373081e+00 1.466012714093178682e+00
4.894678666149941293e+00 1.272754024919708904e+00
5.147269052361176378e+00 1.123399730704276012e+00
5.398003206656323272e+00 1.011834009266057599e+00
5.647798235368590269e+00 9.146258471087508335e-01
5.900534302989873581e+00 7.787850318951046180e-01
6.151460297009074374e+00 7.077794777043151520e-01
6.402630176204441526e+00 6.446542450451340223e-01
6.655964674748322096e+00 5.850965657174694856e-01
6.908782583105771202e+00 5.363198262781666559e-01
7.159060853508338873e+00 4.873817729319562808e-01
7.409414762591408632e+00 4.315007700821764658e-01
7.659227149364629561e+00 4.150746149460116108e-01
7.911559474606142395e+00 3.698359720991731825e-01
8.163750941790897997e+00 3.511953030770689210e-01
8.415757210439384295e+00 3.176867492875640742e-01
8.667638839289207198e+00 2.952236740906590273e-01
8.918801124864609520e+00 2.743593000160771678e-01
9.170480108345369530e+00 2.586459728942608338e-01
9.420566033467249412e+00 2.359769120741062598e-01
9.671642335271435797e+00 2.209435399592187543e-01
9.923426157758477473e+00 2.076054301549067060e-01
1.017396902749181820e+01 1.917942321729080024e-01
1.042533700753922155e+01 1.847843549255906714e-01
1.067702948358784276e+01 1.693832930559842354e-01
1.092969337256462303e+01 1.606411889043165009e-01
1.118211872033766419e+01 1.540109381488738438e-01
1.143346516925797296e+01 1.424894646237755969e-01
1.168350508557724687e+01 1.354726832889779908e-01
1.193379937775929100e+01 1.279935819567185329e-01
1.218553055762879112e+01 1.195289446954975049e-01
1.243711650801278878e+01 1.144548723518331729e-01
1.268867268647359303e+01 1.080273131481791493e-01
1.294075027177769144e+01 1.031558331832681669e-01
1.319267287020158363e+01 9.811487803840775179e-02
1.344470571782862756e+01 9.322598252889381654e-02
1.369480150283709641e+01 8.898097892566678158e-02
1.394591277066507828e+01 8.437043581181884189e-02
1.419764645764527167e+01 8.111640664962713188e-02
1.444766774168416212e+01 7.650965654444391584e-02
1.469906835825429070e+01 7.371323631336802740e-02
1.495059118111036511e+01 7.011102138997193922e-02
1.520261612590052991e+01 6.716586005296780459e-02
1.545415944503929495e+01 6.429763243073165213e-02
1.570456072545780124e+01 6.147255239200492827e-02
1.595705800128773966e+01 5.875958887650861023e-02
1.620829297830731619e+01 5.584274209027945135e-02
1.645966591028190962e+01 5.444858065964598010e-02
1.671125708846596325e+01 5.214902432720799202e-02
1.696160259490052624e+01 4.967956432071844036e-02
1.721370276108077135e+01 4.800656783910507014e-02
1.746543424102250341e+01 4.616932064879028519e-02
1.771598473288305442e+01 4.476791435713570882e-02
1.796653767411944003e+01 4.277045558620327925e-02
1.821765658501893270e+01 4.123674288017581402e-02
1.847053788120423334e+01 3.980213761124404975e-02
1.872257696809484173e+01 3.851500620511741357e-02
1.897394097105746269e+01 3.717937754323263899e-02
1.922542454726159988e+01 3.592507904577635358e-02
1.947607703355479103e+01 3.470683498593465227e-02
1.972678839839982601e+01 3.374730254185681622e-02
1.997802698857814363e+01 3.245398646829650291e-02
2.022863620534168660e+01 3.158532618992376806e-02
2.047969598507238231e+01 3.050641867260422274e-02
2.073250439107362553e+01 2.939420151464650771e-02
2.098435855211640089e+01 2.845824430500155239e-02
2.123502923393334640e+01 2.760502467426031309e-02
2.148629411178690773e+01 2.650133402099771884e-02
2.173831825513516591e+01 2.574193965498837097e-02
2.198972260956887226e+01 2.510963092277380265e-02
2.223974971000711420e+01 2.427417823401513408e-02
2.249141870643862973e+01 2.348872138571824267e-02
2.274404614890906373e+01 2.277992746408823849e-02
2.299521835768831579e+01 2.221583332795521934e-02
2.324620084136223852e+01 2.160200395600593570e-02
2.349757798664387209e+01 2.086115874533588099e-02
2.374870488118759937e+01 2.037579474676514193e-02
2.399988781917473091e+01 1.987997459821337284e-02
2.425071646049711305e+01 1.931160062835614658e-02
2.450187830577813841e+01 1.883383741512346596e-02
2.475391093216606109e+01 1.831502184744492404e-02
2.500524226975159792e+01 1.783906437818592525e-02
2.525610980153284402e+01 1.709836056831616144e-02
2.550801425092822328e+01 1.693117977805955882e-02
2.575943113325822864e+01 1.635306564638192711e-02
2.601074166866445125e+01 1.592596506472728629e-02
2.626234447079615464e+01 1.562690670059838777e-02
2.651347712943701751e+01 1.519690784397037704e-02
2.676474177984877656e+01 1.479963772159766447e-02
2.701628079430242479e+01 1.437011179149092280e-02
2.726734205837282232e+01 1.413009458673935084e-02
2.751837013544679422e+01 1.376775279071850398e-02
2.776937726815812724e+01 1.346184051670360621e-02
2.802070160973895341e+01 1.315860020443345400e-02
2.827249982643487058e+01 1.281994044287820822e-02
2.852407603869968966e+01 1.244943846466839248e-02
2.877567300468570721e+01 1.210265328590140466e-02
2.902733523039245256e+01 1.197621492757620920e-02
2.927861073083739996e+01 1.160388286855874168e-02
2.953003196193969160e+01 1.132124056016807316e-02
2.978106336846375157e+01 1.103142768948164182e-02
3.003148440777084716e+01 1.080408289231458117e-02
3.028303386126418673e+01 1.057924932257438798e-02
3.053456493440382857e+01 1.036839238329842310e-02
3.078585183944906944e+01 1.010820017581970202e-02
3.103757946070165730e+01 9.913411535973836938e-03
3.128931656795834826e+01 9.737823990567145288e-03
3.154125974608096428e+01 9.523912034158251577e-03
3.179158626791808828e+01 9.327882142614544320e-03
3.204196438636942190e+01 9.117747432394102125e-03
3.229344668057169798e+01 8.913016720228872369e-03
3.254489998018084407e+01 8.701969403310185966e-03
3.279660140319880668e+01 8.546362633886566557e-03
3.304772754686901237e+01 8.332930792759962388e-03
3.329949953441923327e+01 8.164573548951106416e-03
3.355173249539067371e+01 8.029090561904341644e-03
3.380235474142784824e+01 7.874694153548108047e-03
3.405292218889088218e+01 7.701801518292839509e-03
3.430455901572810262e+01 7.597819942753749646e-03
3.455605119154291316e+01 7.421573207987202866e-03
3.480708698418615654e+01 7.280266201313178448e-03
3.505823042281740243e+01 7.142105873063992784e-03
3.530983122122644602e+01 6.965899192328505775e-03
3.556111974160763367e+01 6.885701766849368875e-03
3.581195885960364933e+01 6.748659033921551934e-03
3.606348577968052638e+01 6.618555082654282648e-03
3.631495136683125935e+01 6.458260959178661366e-03
3.656646781331610185e+01 6.396026505183473147e-03
3.681800948534306173e+01 6.253623286788191973e-03
3.706942350460822411e+01 6.148809183636304819e-03
3.732119977997001570e+01 5.986819448720774074e-03
3.757249197135423202e+01 5.874768036512684199e-03
3.782324055213251057e+01 5.812849098624756940e-03
3.807430609684078604e+01 5.686623407314763540e-03
3.832526519371521090e+01 5.587743281044318076e-03
3.857704530181875668e+01 5.485792807472421144e-03
3.882896255048217427e+01 5.334050318385597303e-03
3.907976684424035341e+01 5.319947542578345318e-03
3.933085588900704010e+01 5.208797725841002139e-03
3.958184533965361140e+01 5.148288998081067443e-03
3.983320492881626507e+01 5.045440077831330784e-03
4.008506787586624398e+01 4.934667223678083220e-03
4.033569471078550350e+01 4.918031400700948776e-03
4.058701345074587863e+01 4.769119259672019613e-03
4.083916815834436420e+01 4.718332397064593439e-03
4.108978611092747713e+01 4.649640421904886051e-03
4.134119394692694271e+01 4.578993973178313928e-03
4.159372926482761557e+01 4.513375406675780750e-03
4.184480996230068683e+01 4.398687405885328902e-03
4.209495048714620680e+01 4.293961365901806902e-03
4.234568601474854432e+01 4.238276373527655010e-03
4.259794184898333214e+01 4.193497903175411219e-03
4.284922176444433717e+01 4.124394044442209438e-03
4.309982534096671003e+01 4.093687945115016130e-03
4.335153475414617930e+01 4.004517424631480992e-03
4.360374984514007224e+01 3.942029989474526291e-03
4.385432838732079830e+01 3.873755562877476827e-03
4.410529766549178277e+01 3.800943736240812443e-03
4.435675536456894008e+01 3.748993294145656994e-03
4.460756668584335927e+01 3.692961945661999475e-03
4.485812369927145937e+01 3.651889798904892504e-03
4.510933196139897206e+01 3.587829948864151592e-03
4.536097672816924131e+01 3.528796675505097014e-03
4.561261869099184452e+01 3.521823990480630120e-03
4.586346064304911607e+01 3.478448212803165150e-03
4.611435299895526185e+01 3.339815779186732381e-03
4.636610302009028572e+01 3.343334358535605174e-03
4.661726081402038346e+01 3.304261079605861143e-03
4.686748045926628237e+01 3.247927436450537882e-03
4.712001000143001761e+01 3.152154343737789861e-03
4.737334269293729960e+01 3.074901456371016174e-03
4.762357272554871912e+01 3.114385067238805999e-03
4.787295862859781437e+01 3.050016021217721602e-03
4.812686710231834297e+01 3.005736574112344208e-03
4.837988354528783930e+01 2.969971806453437085e-03
4.862698975964909209e+01 2.971775617301138876e-03
4.887931961662670233e+01 2.892826086965298062e-03
4.913512531690142282e+01 2.851716153580874814e-03
4.938486646957150583e+01 2.757818720391686830e-03
4.963073103205424985e+01 2.794740224159704238e-03
4.988316058859187763e+01 2.718264259177098369e-03
5.013927392651110893e+01 2.727537598412765017e-03
5.038898445289544270e+01 2.659782615477019902e-03
5.063791314200675941e+01 2.656671318482144509e-03
5.089234515763529032e+01 2.607786528546454392e-03
5.114529266359630810e+01 2.557174697819146383e-03
5.138952878242714206e+01 2.457238222225839337e-03
5.163945178601188246e+01 2.491157869451226647e-03
5.190206698624180603e+01 2.479622262363875319e-03
5.215590084722179398e+01 2.225135037100109923e-03
5.238680673191466042e+01 2.297762448516584184e-03
5.263532591009818873e+01 2.370219798096461546e-03
5.290823119436031874e+01 2.274022724079788425e-03
5.316882575050344428e+01 2.240900044458117406e-03
5.338513341050097694e+01 2.203486379034839265e-03
5.363212510227822349e+01 2.229877808296532905e-03
5.391615723351310407e+01 2.198790904923964701e-03
5.419187693011466678e+01 2.421544530408621838e-03
5.439722241285236493e+01 2.149614363629809635e-03
5.462806064877949552e+01 2.252015514718424139e-03
5.491241494336609463e+01 2.137651396487270927e-03
5.519421446932921782e+01 1.967996058056110335e-03
5.543046826972861396e+01 2.517555409481627739e-03
5.561137265256709128e+01 1.559016896351794529e-03
