3.559856489878782115e-01 7.723059532693653182e+02
6.031648866026231293e-01 2.099697729181686725e+02
8.579160745827347778e-01 1.038348983587315786e+02
1.113464310595710716e+00 4.832946883021633511e+01
1.374039914321364408e+00 2.480833129293302264e+01
1.619154704570298309e+00 2.092082067271665480e+01
1.870686673430271840e+00 1.501750618847841245e+01
2.123290040706380832e+00 1.073788521443378663e+01
2.378144976376236119e+00 7.789535801272381654e+00
2.630489925835516996e+00 5.971656659763294073e+00
2.878653162679494670e+00 4.787888921549720678e+00
3.131144366275339319e+00 3.977586437848350531e+00
3.388159578333816313e+00 3.424702409807165004e+00
3.638741848210948149e+00 2.813496259859021187e+00
3.888315910732085268e+00 2.399959532251215499e+00
4.139052155837465996e+00 2.070372290476077293e+00
4.390305777018236988e+00 1.671450841271067578e+00
4.642172339120373081e+00 1.515668131381836092e+00
4.894678666149941293e+00 1.322895766389447836e+00
5.147269052361176378e+00 1.092590033155033113e+00
5.398003206656323272e+00 9.932300187028779703e-01
5.647798235368590269e+00 9.199837198368814306e-01
5.900534302989873581e+00 7.964381208464621498e-01
6.151460297009074374e+00 7.071588345969775924e-01
6.402630176204441526e+00 6.566644081138619526e-01
6.655964674748322096e+00 5.793591413999054085e-01
6.908782583105771202e+00 5.207181436280882147e-01
7.159060853508338873e+00 4.778213112346972880e-01
7.409414762591408632e+00 4.512718620640491785e-01
7.659227149364629561e+00 4.193576719787184270e-01
7.911559474606142395e+00 3.769627989990558814e-01
8.163750941790897997e+00 3.470728332614529954e-01
8.415757210439384295e+00 3.146617323517731379e-01
8.667638839289207198e+00 2.939998972349012751e-01
8.918801124864609520e+00 2.778649963318090554e-01
9.170480108345369530e+00 2.557915059180304040e-01
9.420566033467249412e+00 2.393578205103302770e-01
9.671642335271435797e+00 2.182804523249850803e-01
9.923426157758477473e+00 2.053751734897864001e-01
1.017396902749181820e+01 1.942626670192096894e-01
1.042533700753922155e+01 1.795409014972120243e-01
1.067702948358784276e+01 1.704690555604838342e-01
1.092969337256462303e+01 1.594410090718129946e-01
1.118211872033766419e+01 1.511118065718675685e-01
1.143346516925797296e+01 1.422034149756812860e-01
1.168350508557724687e+01 1.345068383803832979e-01
1.193379937775929100e+01 1.260433636681039526e-01
1.218553055762879112e+01 1.203694063758784100e-01
1.243711650801278878e+01 1.151106993568971060e-01
1.268867268647359303e+01 1.089660929991909943e-01
1.294075027177769144e+01 1.029561636501905575e-01
1.319267287020158363e+01 9.716286057871764692e-02
1.344470571782862756e+01 9.160754808988350040e-02
1.369480150283709641e+01 8.774382440881867140e-02
1.394591277066507828e+01 8.467328270327949269e-02
1.419764645764527167e+01 7.987417549454084442e-02
1.444766774168416212e+01 7.622590444118815256e-02
1.469906835825429070e+01 7.346222691125318949e-02
1.495059118111036511e+01 7.063005612902435726e-02
1.520261612590052991e+01 6.688510112008455577e-02
1.545415944503929495e+01 6.375298471810408873e-02
1.570456072545780124e+01 6.206046172547532297e-02
1.595705800128773966e+01 5.859605763568685732e-02
1.620829297830731619e+01 5.735729527356518004e-02
1.645966591028190962e+01 5.434050935839269264e-02
1.671125708846596325e+01 5.214940628129983990e-02
1.696160259490052624e+01 5.071350151515536392e-02
1.721370276108077135e+01 4.829925639862723413e-02
1.746543424102250341e+01 4.675989924914771695e-02
1.771598473288305442e+01 4.458582973232388946e-02
1.796653767411944003e+01 4.336074066482903389e-02
1.821765658501893270e+01 4.145214594546264147e-02
1.847053788120423334e+01 3.970616333668700731e-02
1.872257696809484173e+01 3.864667308062124523e-02
1.897394097105746269e+01 3.732905105384717176e-02
1.922542454726159988e+01 3.585149098765451348e-02
1.947607703355479103e+01 3.492725825673548973e-02
1.972678839839982601e+01 3.354265996460757682e-02
1.997802698857814363e+01 3.236895754762329769e-02
2.022863620534168660e+01 3.146282823859482269e-02
2.047969598507238231e+01 3.050287474776260804e-02
2.073250439107362553e+01 2.934597093632262607e-02
2.098435855211640089e+01 2.828045145675909047e-02
2.123502923393334640e+01 2.762482716840634553e-02
2.148629411178690773e+01 2.656726151856212206e-02
2.173831825513516591e+01 2.606267061350912503e-02
2.198972260956887226e+01 2.495073339361580239e-02
2.223974971000711420e+01 2.462102661426133349e-02
2.249141870643862973e+01 2.367312706848291939e-02
2.274404614890906373e+01 2.293110602898177849e-02
2.299521835768831579e+01 2.229072424189522394e-02
2.324620084136223852e+01 2.164531269892883483e-02
2.349757798664387209e+01 2.092028401280008817e-02
2.374870488118759937e+01 2.023294281942385545e-02
2.399988781917473091e+01 1.981738386458081064e-02
2.425071646049711305e+01 1.943650563323033251e-02
2.450187830577813841e+01 1.870451024727492334e-02
2.475391093216606109e+01 1.823248464182996437e-02
2.500524226975159792e+01 1.768992022331325464e-02
2.525610980153284402e+01 1.739930005754633177e-02
2.550801425092822328e+01 1.680253309657029487e-02
2.575943113325822864e+01 1.644792006749694335e-02
2.601074166866445125e+01 1.610735217729388283e-02
2.626234447079615464e+01 1.556430147373153751e-02
2.651347712943701751e+01 1.521280564918445904e-02
2.676474177984877656e+01 1.475126367852231876e-02
2.701628079430242479e+01 1.438899791483961611e-02
2.726734205837282232e+01 1.408072999887459605e-02
2.751837013544679422e+01 1.372265518011527539e-02
2.776937726815812724e+01 1.339663552627224155e-02
2.802070160973895341e+01 1.300903165172245975e-02
2.827249982643487058e+01 1.270926868351832627e-02
2.852407603869968966e+01 1.245618089705655476e-02
2.877567300468570721e+01 1.223919730569513961e-02
2.902733523039245256e+01 1.181475866533610551e-02
2.927861073083739996e+01 1.160783280264675657e-02
2.953003196193969160e+01 1.137022167850347890e-02
2.978106336846375157e+01 1.106606066211991354e-02
3.003148440777084716e+01 1.087473740897606025e-02
3.028303386126418673e+01 1.063819032700884411e-02
3.053456493440382857e+01 1.033506003274595186e-02
3.078585183944906944e+01 1.013200615981072611e-02
3.103757946070165730e+01 9.893371407254658578e-03
3.128931656795834826e+01 9.716936029683261727e-03
3.154125974608096428e+01 9.481824135558210298e-03
3.179158626791808828e+01 9.296355924176619850e-03
3.204196438636942190e+01 9.147457305132644309e-03
3.229344668057169798e+01 8.931554061350554380e-03
3.254489998018084407e+01 8.748889358896944426e-03
3.279660140319880668e+01 8.612826365895493233e-03
3.304772754686901237e+01 8.355398205554764174e-03
3.329949953441923327e+01 8.179548593306875878e-03
3.355173249539067371e+01 8.032407901923792684e-03
3.380235474142784824e+01 7.842132130229049689e-03
3.405292218889088218e+01 7.698365953130830754e-03
3.430455901572810262e+01 7.540006788281159236e-03
3.455605119154291316e+01 7.390926229677434976e-03
3.480708698418615654e+01 7.255721910753706524e-03
3.505823042281740243e+01 7.120052030210025432e-03
3.530983122122644602e+01 7.005909164705730226e-03
3.556111974160763367e+01 6.895987675394867761e-03
3.581195885960364933e+01 6.752386299093039376e-03
3.606348577968052638e+01 6.608542662499479990e-03
3.631495136683125935e+01 6.494625931277637002e-03
3.656646781331610185e+01 6.358600841972950404e-03
3.681800948534306173e+01 6.241968904091567752e-03
3.706942350460822411e+01 6.132889744371692632e-03
3.732119977997001570e+01 6.029792199759335773e-03
3.757249197135423202e+01 5.936502573692378076e-03
3.782324055213251057e+01 5.782531985072992403e-03
3.807430609684078604e+01 5.735761276349892433e-03
3.832526519371521090e+01 5.581301787967319315e-03
3.857704530181875668e+01 5.534979318268127765e-03
3.882896255048217427e+01 5.444585648991799587e-03
3.907976684424035341e+01 5.332878724024186189e-03
3.933085588900704010e+01 5.231174190802885537e-03
3.958184533965361140e+01 5.166621234955677891e-03
3.983320492881626507e+01 5.026574684244561851e-03
4.008506787586624398e+01 4.962440916852078887e-03
4.033569471078550350e+01 4.897953871092014522e-03
4.058701345074587863e+01 4.790381898136699367e-03
4.083916815834436420e+01 4.693659523033757996e-03
4.108978611092747713e+01 4.636627269473177215e-03
4.134119394692694271e+01 4.532083776702760386e-03
4.159372926482761557e+01 4.455467970839397003e-03
4.184480996230068683e+01 4.377839345829398661e-03
4.209495048714620680e+01 4.326026789845983066e-03
4.234568601474854432e+01 4.273472266231054077e-03
4.259794184898333214e+01 4.187094108549130334e-03
4.284922176444433717e+01 4.144927342910645698e-03
4.309982534096671003e+01 4.058540504537303667e-03
4.335153475414617930e+01 3.968805718722137957e-03
4.360374984514007224e+01 3.933049833834631644e-03
4.385432838732079830e+01 3.894253717971802101e-03
4.410529766549178277e+01 3.779477918819252723e-03
4.435675536456894008e+01 3.765224272737653817e-03
4.460756668584335927e+01 3.699577360358132557e-03
4.485812369927145937e+01 3.618132554584099596e-03
4.510933196139897206e+01 3.557321209394526465e-03
4.536097672816924131e+01 3.533003037460250885e-03
4.561261869099184452e+01 3.438217590728485148e-03
4.586346064304911607e+01 3.438636537180469067e-03
4.611435299895526185e+01 3.300144629946725940e-03
4.636610302009028572e+01 3.364831565586725009e-03
4.661726081402038346e+01 3.288210535471418252e-03
4.686748045926628237e+01 3.213397603239624700e-03
4.712001000143001761e+01 3.117396287245975846e-03
4.737334269293729960e+01 3.149063720844496629e-03
4.762357272554871912e+01 3.085758510324621180e-03
4.787295862859781437e+01 3.076204602834754689e-03
4.812686710231834297e+01 3.021026810022298375e-03
4.837988354528783930e+01 2.990259111354798532e-03
4.862698975964909209e+01 2.879634822329433120e-03
4.887931961662670233e+01 2.871353352665811150e-03
4.913512531690142282e+01 2.855143109759489348e-03
4.938486646957150583e+01 2.866402645893567462e-03
4.963073103205424985e+01 2.792809237637734841e-03
4.988316058859187763e+01 2.693093172937437944e-03
5.013927392651110893e+01 2.685302814390676945e-03
5.038898445289544270e+01 2.638807642490595406e-03
5.063791314200675941e+01 2.615370363584908382e-03
5.089234515763529032e+01 2.529400203226278478e-03
5.114529266359630810e+01 2.566870056445109613e-03
5.138952878242714206e+01 2.534137916589103336e-03
5.163945178601188246e+01 2.467127795049524428e-03
5.190206698624180603e+01 2.402005258640614593e-03
5.215590084722179398e+01 2.428424890822590814e-03
5.238680673191466042e+01 2.362432267166554318e-03
5.263532591009818873e+01 2.404034715196793921e-03
5.290823119436031874e+01 2.363442916822868379e-03
5.316882575050344428e+01 2.333608257409674341e-03
5.338513341050097694e+01 2.279143302753591695e-03
5.363212510227822349e+01 2.241009318360209258e-03
5.391615723351310407e+01 2.352520306055168060e-03
5.419187693011466678e+01 2.062792879717869222e-03
5.439722241285236493e+01 1.990835557016404182e-03
5.462806064877949552e+01 1.771175070188409388e-03
5.491241494336609463e+01 2.042409163289550956e-03
5.519421446932921782e+01 1.759759810369907092e-03
5.543046826972861396e+01 1.562913655919421401e-03
5.561137265256709128e+01 3.166510753945207032e-03
