3.559856489878782115e-01 9.645700758803889130e+02
6.031648866026231293e-01 1.241793864519469395e+02
8.579160745827347778e-01 8.567809456387301736e+01
1.113464310595710716e+00 4.743575054436583116e+01
1.374039914321364408e+00 2.796449611285487080e+01
1.619154704570298309e+00 1.972752141746309107e+01
1.870686673430271840e+00 1.339836568061407185e+01
2.123290040706380832e+00 9.981399606463783769e+00
2.378144976376236119e+00 8.106666763020360378e+00
2.630489925835516996e+00 6.092549047747626290e+00
2.878653162679494670e+00 4.783925047030710864e+00
3.131144366275339319e+00 4.190042509981700469e+00
3.388159578333816313e+00 3.267372730675447201e+00
3.638741848210948149e+00 2.810804569639585804e+00
3.888315910732085268e+00 2.320870040080590169e+00
4.139052155837465996e+00 2.023409611058791580e+00
4.390305777018236988e+00 1.665710931469396971e+00
4.642172339120373081e+00 1.455179757347406122e+00
4.894678666149941293e+00 1.321438794718053256e+00
5.147269052361176378e+00 1.113597548115646818e+00
5.398003206656323272e+00 9.938760020955761387e-01
5.647798235368590269e+00 8.901552038466800099e-01
5.900534302989873581e+00 8.091111948727346403e-01
6.151460297009074374e+00 7.018796951441776955e-01
6.402630176204441526e+00 6.414083289599802340e-01
6.655964674748322096e+00 5.890055381948011703e-01
6.908782583105771202e+00 5.323941380166202775e-01
7.159060853508338873e+00 4.917908055292650182e-01
7.409414762591408632e+00 4.409254230635036298e-01
7.659227149364629561e+00 4.089289281710724588e-01
7.911559474606142395e+00 3.749062353508155754e-01
8.163750941790897997e+00 3.439526527485581853e-01
8.415757210439384295e+00 3.156687314223244334e-01
8.667638839289207198e+00 2.918802981085571457e-01
8.918801124864609520e+00 2.786483871361355447e-01
9.170480108345369530e+00 2.502455441697408189e-01
9.420566033467249412e+00 2.405554006332661088e-01
9.671642335271435797e+00 2.178606596246958904e-01
9.923426157758477473e+00 2.136414148198610141e-01
1.017396902749181820e+01 1.922811131266067008e-01
1.042533700753922155e+01 1.810767239839749798e-01
1.067702948358784276e+01 1.734868588199632855e-01
1.092969337256462303e+01 1.634900521707468024e-01
1.118211872033766419e+01 1.482404275554356221e-01
1.143346516925797296e+01 1.449061515488961893e-01
1.168350508557724687e+01 1.309940235613822612e-01
1.193379937775929100e+01 1.264277565079629240e-01
1.218553055762879112e+01 1.202815376327970448e-01
1.243711650801278878e+01 1.142549375022645503e-01
1.268867268647359303e+01 1.072712803544714349e-01
1.294075027177769144e+01 1.027687405599462533e-01
1.319267287020158363e+01 9.671769352945314147e-02
1.344470571782862756e+01 9.438381250640248687e-02
1.369480150283709641e+01 8.811032742992511158e-02
1.394591277066507828e+01 8.563094042034316566e-02
1.419764645764527167e+01 7.990150118029573645e-02
1.444766774168416212e+01 7.658470078703490114e-02
1.469906835825429070e+01 7.333428440611861054e-02
1.495059118111036511e+01 6.979753922724517279e-02
1.520261612590052991e+01 6.709615819762014544e-02
1.545415944503929495e+01 6.501680001996092140e-02
1.570456072545780124e+01 6.103717944593382849e-02
1.595705800128773966e+01 5.831121067774885924e-02
1.620829297830731619e+01 5.692324669722294284e-02
1.645966591028190962e+01 5.468377417554780295e-02
1.671125708846596325e+01 5.236410388692614576e-02
1.696160259490052624e+01 5.007414167562590501e-02
1.721370276108077135e+01 4.887874698165317611e-02
1.746543424102250341e+01 4.639639204816738832e-02
1.771598473288305442e+01 4.441675314376847955e-02
1.796653767411944003e+01 4.251528895837167893e-02
1.821765658501893270e+01 4.160714773989115933e-02
1.847053788120423334e+01 3.992679441640539784e-02
1.872257696809484173e+01 3.876711814154695790e-02
1.897394097105746269e+01 3.689180258288832226e-02
1.922542454726159988e+01 3.617210192388937290e-02
1.947607703355479103e+01 3.481944997464818392e-02
1.972678839839982601e+01 3.369377080616390435e-02
1.997802698857814363e+01 3.235645724071434248e-02
2.022863620534168660e+01 3.135097918061613420e-02
2.047969598507238231e+01 3.003904960098117277e-02
2.073250439107362553e+01 2.944443233842347282e-02
2.098435855211640089e+01 2.849250590119781212e-02
2.123502923393334640e+01 2.760071344954953543e-02
2.148629411178690773e+01 2.660586225743916816e-02
2.173831825513516591e+01 2.578596307516079628e-02
2.198972260956887226e+01 2.500899488251113675e-02
2.223974971000711420e+01 2.440253974233195025e-02
2.249141870643862973e+01 2.372878986282708422e-02
2.274404614890906373e+01 2.279515698916406360e-02
2.299521835768831579e+01 2.211090747570750026e-02
2.324620084136223852e+01 2.157237134057203576e-02
2.349757798664387209e+01 2.094946293094471224e-02
2.374870488118759937e+01 2.043584606985135790e-02
2.399988781917473091e+01 1.998975494566120059e-02
2.425071646049711305e+01 1.935207261605263046e-02
2.450187830577813841e+01 1.880763290476724844e-02
2.475391093216606109e+01 1.823815115378367435e-02
2.500524226975159792e+01 1.776488966605827002e-02
2.525610980153284402e+01 1.730680301940915392e-02
2.550801425092822328e+01 1.680358356671948078e-02
2.575943113325822864e+01 1.652864965400161965e-02
2.601074166866445125e+01 1.597107980494421112e-02
2.626234447079615464e+01 1.567948318207040836e-02
2.651347712943701751e+01 1.520195278727734349e-02
2.676474177984877656e+01 1.480019884618986349e-02
2.701628079430242479e+01 1.440464634656491924e-02
2.726734205837282232e+01 1.418503072616731850e-02
2.751837013544679422e+01 1.379600374421546989e-02
2.776937726815812724e+01 1.338947538351423737e-02
2.802070160973895341e+01 1.308410524687960395e-02
2.827249982643487058e+01 1.285761447182882412e-02
2.852407603869968966e+01 1.244848376997758667e-02
2.877567300468570721e+01 1.215094457153745311e-02
2.902733523039245256e+01 1.194571029690569101e-02
2.927861073083739996e+01 1.161738281692597380e-02
2.953003196193969160e+01 1.137425161562271268e-02
2.978106336846375157e+01 1.114476148834872039e-02
3.003148440777084716e+01 1.084751207188454532e-02
3.028303386126418673e+01 1.064689221017673174e-02
3.053456493440382857e+01 1.038160743007638352e-02
3.078585183944906944e+01 1.014175543479096421e-02
3.103757946070165730e+01 9.900265507755157471e-03
3.128931656795834826e+01 9.703417783492773036e-03
3.154125974608096428e+01 9.530493233248381671e-03
3.179158626791808828e+01 9.286056835853963298e-03
3.204196438636942190e+01 9.141396112815081479e-03
3.229344668057169798e+01 8.944148052170341687e-03
3.254489998018084407e+01 8.758441038795311204e-03
3.279660140319880668e+01 8.564561401675422139e-03
3.304772754686901237e+01 8.375375130190983869e-03
3.329949953441923327e+01 8.184801065395904199e-03
3.355173249539067371e+01 8.000699935335160023e-03
3.380235474142784824e+01 7.877489929678254191e-03
3.405292218889088218e+01 7.691052905839211237e-03
3.430455901572810262e+01 7.549474438083535188e-03
3.455605119154291316e+01 7.403191202840367705e-03
3.480708698418615654e+01 7.262972514226830739e-03
3.505823042281740243e+01 7.107502915318693153e-03
3.530983122122644602e+01 7.012696343950950741e-03
3.556111974160763367e+01 6.859210260690987160e-03
3.581195885960364933e+01 6.712296678951385105e-03
3.606348577968052638e+01 6.601536464754312154e-03
3.631495136683125935e+01 6.446766903371516089e-03
3.656646781331610185e+01 6.349694048921583275e-03
3.681800948534306173e+01 6.274232657905730141e-03
3.706942350460822411e+01 6.145545698438214903e-03
3.732119977997001570e+01 6.040179936749817159e-03
3.757249197135423202e+01 5.903460528187226726e-03
3.782324055213251057e+01 5.839447603017340269e-03
3.807430609684078604e+01 5.657246706135722267e-03
3.832526519371521090e+01 5.569281813926866588e-03
3.857704530181875668e+01 5.509000402565727289e-03
3.882896255048217427e+01 5.414110692754736144e-03
3.907976684424035341e+01 5.308489565141186889e-03
3.933085588900704010e+01 5.225360850208357784e-03
3.958184533965361140e+01 5.135128873359164590e-03
3.983320492881626507e+01 5.000676634665811131e-03
4.008506787586624398e+01 4.983038824828755174e-03
4.033569471078550350e+01 4.875601634839659380e-03
4.058701345074587863e+01 4.792279249060950666e-03
4.083916815834436420e+01 4.715986811398844084e-03
4.108978611092747713e+01 4.613996725927117445e-03
4.134119394692694271e+01 4.552057719850656492e-03
4.159372926482761557e+01 4.490042702674983816e-03
4.184480996230068683e+01 4.403040487898187555e-03
4.209495048714620680e+01 4.326250294735106347e-03
4.234568601474854432e+01 4.289327447008535986e-03
4.259794184898333214e+01 4.221737239554008286e-03
4.284922176444433717e+01 4.117984477670573983e-03
4.309982534096671003e+01 4.081053587515144458e-03
4.335153475414617930e+01 3.989279462062916663e-03
4.360374984514007224e+01 3.902459959706375617e-03
4.385432838732079830e+01 3.866134838296279852e-03
4.410529766549178277e+01 3.782475015609352773e-03
4.435675536456894008e+01 3.724500816824254882e-03
4.460756668584335927e+01 3.696145074285435515e-03
4.485812369927145937e+01 3.651444544884938602e-03
4.510933196139897206e+01 3.596009454073478308e-03
4.536097672816924131e+01 3.530573899282543789e-03
4.561261869099184452e+01 3.474163331829537103e-03
4.586346064304911607e+01 3.413163463172763038e-03
4.611435299895526185e+01 3.358714390912849457e-03
4.636610302009028572e+01 3.349323820587376665e-03
4.661726081402038346e+01 3.273761497497987283e-03
4.686748045926628237e+01 3.242701106020312498e-03
4.712001000143001761e+01 3.198428178416786241e-03
4.737334269293729960e+01 3.154180312709025259e-03
4.762357272554871912e+01 3.072243455641860289e-03
4.787295862859781437e+01 3.015731782481695551e-03
4.812686710231834297e+01 3.071398118644646982e-03
4.837988354528783930e+01 2.965289286286426282e-03
4.862698975964909209e+01 2.924091235519799166e-03
4.887931961662670233e+01 2.882152456497771680e-03
4.913512531690142282e+01 2.820098960039657630e-03
4.938486646957150583e+01 2.831969528939381597e-03
4.963073103205424985e+01 2.796440119171003658e-03
4.988316058859187763e+01 2.760617744061525866e-03
5.013927392651110893e+01 2.714544342238534979e-03
5.038898445289544270e+01 2.747677371080626749e-03
5.063791314200675941e+01 2.606547326431177952e-03
5.089234515763529032e+01 2.629246295381970199e-03
5.114529266359630810e+01 2.586112783493634774e-03
5.138952878242714206e+01 2.492676473131083450e-03
5.163945178601188246e+01 2.423144506465572511e-03
5.190206698624180603e+01 2.429468273870424334e-03
5.215590084722179398e+01 2.426607188506482455e-03
5.238680673191466042e+01 2.424977246073999320e-03
5.263532591009818873e+01 2.342722101754616225e-03
5.290823119436031874e+01 2.218694240813209005e-03
5.316882575050344428e+01 2.249600768417239598e-03
5.338513341050097694e+01 2.188771657346080726e-03
5.363212510227822349e+01 2.367697912275346615e-03
5.391615723351310407e+01 2.136979076285145090e-03
5.419187693011466678e+01 2.164718247458708843e-03
5.439722241285236493e+01 2.130073184712188809e-03
5.462806064877949552e+01 2.324102892432912924e-03
5.491241494336609463e+01 2.055801734824232174e-03
5.519421446932921782e+01 1.901096254935290882e-03
5.543046826972861396e+01 1.656890003298311549e-03
5.561137265256709128e+01 1.547474764703012573e-03
