3.559856489878782115e-01 6.639878225994458489e+02
6.031648866026231293e-01 1.593185790948097349e+02
8.579160745827347778e-01 8.970747238343163588e+01
1.113464310595710716e+00 4.633649165860423125e+01
1.374039914321364408e+00 2.920583845161748471e+01
1.619154704570298309e+00 1.869933693448061973e+01
1.870686673430271840e+00 1.470925375611028052e+01
2.123290040706380832e+00 1.170027192241733260e+01
2.378144976376236119e+00 8.280809360998073743e+00
2.630489925835516996e+00 6.053809140949174328e+00
2.878653162679494670e+00 4.856972771853578230e+00
3.131144366275339319e+00 4.304908868986911941e+00
3.388159578333816313e+00 3.265132334191240826e+00
3.638741848210948149e+00 2.718179080771510492e+00
3.888315910732085268e+00 2.222087239972731609e+00
4.139052155837465996e+00 2.022278773366307458e+00
4.390305777018236988e+00 1.743348195898638320e+00
4.642172339120373081e+00 1.484625700621333477e+00
4.894678666149941293e+00 1.285997803588268429e+00
5.147269052361176378e+00 1.151228709711250797e+00
5.398003206656323272e+00 1.019529867163017745e+00
5.647798235368590269e+00 9.069363571116459966e-01
5.900534302989873581e+00 8.090988189255198249e-01
6.151460297009074374e+00 7.103128525770371349e-01
6.402630176204441526e+00 6.570385277898941334e-01
6.655964674748322096e+00 5.879630414023565566e-01
6.908782583105771202e+00 5.177741081688456148e-01
7.159060853508338873e+00 4.835633816049639266e-01
7.409414762591408632e+00 4.520925897159772666e-01
7.659227149364629561e+00 4.052666636646144460e-01
7.911559474606142395e+00 3.770430242855901115e-01
8.163750941790897997e+00 3.401915381792284809e-01
8.415757210439384295e+00 3.166935985647079121e-01
8.667638839289207198e+00 2.926405882537176928e-01
8.918801124864609520e+00 2.716841374573336632e-01
9.170480108345369530e+00 2.525998242079497413e-01
9.420566033467249412e+00 2.385928024298085148e-01
9.671642335271435797e+00 2.195433986972267215e-01
9.923426157758477473e+00 2.092928005327479857e-01
1.017396902749181820e+01 1.953468392943597254e-01
1.042533700753922155e+01 1.808005738651849159e-01
1.067702948358784276e+01 1.685782044856976580e-01
1.092969337256462303e+01 1.604683317170047252e-01
1.118211872033766419e+01 1.517461291362886822e-01
1.143346516925797296e+01 1.442694122254286893e-01
1.168350508557724687e+01 1.345003312132867779e-01
1.193379937775929100e+01 1.267930342730804183e-01
1.218553055762879112e+01 1.226106805478067718e-01
1.243711650801278878e+01 1.140321667105637371e-01
1.268867268647359303e+01 1.089877193825543877e-01
1.294075027177769144e+01 1.024735464166890847e-01
1.319267287020158363e+01 9.668381952689142356e-02
1.344470571782862756e+01 9.247961349125437269e-02
1.369480150283709641e+01 8.910222991770834489e-02
1.394591277066507828e+01 8.375068064076209018e-02
1.419764645764527167e+01 8.076138720725695164e-02
1.444766774168416212e+01 7.660829533561379356e-02
1.469906835825429070e+01 7.317232597076349376e-02
1.495059118111036511e+01 7.057576701449561063e-02
1.520261612590052991e+01 6.711433893369661563e-02
1.545415944503929495e+01 6.469409690206566477e-02
1.570456072545780124e+01 6.178165480407530469e-02
1.595705800128773966e+01 5.902157174028248993e-02
1.620829297830731619e+01 5.700488546979255028e-02
1.645966591028190962e+01 5.455499889597986707e-02
1.671125708846596325e+01 5.215725095001094713e-02
1.696160259490052624e+01 5.004123980821821582e-02
1.721370276108077135e+01 4.810327829154691787e-02
1.746543424102250341e+01 4.619382460743126639e-02
1.771598473288305442e+01 4.461453346347309806e-02
1.796653767411944003e+01 4.259728097873281827e-02
1.821765658501893270e+01 4.145511044383045490e-02
1.847053788120423334e+01 4.024324401182077793e-02
1.872257696809484173e+01 3.853869117949412781e-02
1.897394097105746269e+01 3.741931233443207550e-02
1.922542454726159988e+01 3.596581862873651086e-02
1.947607703355479103e+01 3.460131821848204392e-02
1.972678839839982601e+01 3.362473405824917966e-02
1.997802698857814363e+01 3.225425842766127538e-02
2.022863620534168660e+01 3.150061192474990640e-02
2.047969598507238231e+01 3.060585836711586863e-02
2.073250439107362553e+01 2.942126099316515891e-02
2.098435855211640089e+01 2.847250707900127881e-02
2.123502923393334640e+01 2.740953931781814693e-02
2.148629411178690773e+01 2.652509175182383300e-02
2.173831825513516591e+01 2.596979595133324520e-02
2.198972260956887226e+01 2.508133307189380420e-02
2.223974971000711420e+01 2.431545542381942371e-02
2.249141870643862973e+01 2.375639736295879004e-02
2.274404614890906373e+01 2.303152718240385893e-02
2.299521835768831579e+01 2.212708947608004253e-02
2.324620084136223852e+01 2.176112667746028795e-02
2.349757798664387209e+01 2.101760017384520646e-02
2.374870488118759937e+01 2.026319527870719048e-02
2.399988781917473091e+01 1.987072643507721212e-02
2.425071646049711305e+01 1.920815575792283320e-02
2.450187830577813841e+01 1.882812443884024009e-02
2.475391093216606109e+01 1.821276102648833675e-02
2.500524226975159792e+01 1.776168184831911426e-02
2.525610980153284402e+01 1.728075893669400037e-02
2.550801425092822328e+01 1.686548644773841130e-02
2.575943113325822864e+01 1.641957549746273295e-02
2.601074166866445125e+01 1.600414632158514774e-02
2.626234447079615464e+01 1.554461542664923278e-02
2.651347712943701751e+01 1.521985100393083087e-02
2.676474177984877656e+01 1.476487312277636500e-02
2.701628079430242479e+01 1.435639801081252907e-02
2.726734205837282232e+01 1.405297265207280412e-02
2.751837013544679422e+01 1.371839324322886647e-02
2.776937726815812724e+01 1.344307512003709189e-02
2.802070160973895341e+01 1.315302021478661869e-02
2.827249982643487058e+01 1.277042628088059621e-02
2.852407603869968966e+01 1.247479975782601024e-02
2.877567300468570721e+01 1.221612436605893151e-02
2.902733523039245256e+01 1.189487209585755011e-02
2.927861073083739996e+01 1.164677148897140697e-02
2.953003196193969160e+01 1.131091116489954702e-02
2.978106336846375157e+01 1.114361321630783289e-02
3.003148440777084716e+01 1.092061973525381910e-02
3.028303386126418673e+01 1.059286676307981921e-02
3.053456493440382857e+01 1.032603989958714649e-02
3.078585183944906944e+01 1.017453271492994686e-02
3.103757946070165730e+01 9.927007731407417115e-03
3.128931656795834826e+01 9.735134059903520834e-03
3.154125974608096428e+01 9.517780868864950464e-03
3.179158626791808828e+01 9.251624458955134273e-03
3.204196438636942190e+01 9.090624617394529872e-03
3.229344668057169798e+01 8.902678132294790381e-03
3.254489998018084407e+01 8.742417865324281570e-03
3.279660140319880668e+01 8.501143589092291508e-03
3.304772754686901237e+01 8.330846057100566721e-03
3.329949953441923327e+01 8.261887410286284858e-03
3.355173249539067371e+01 8.038735654241891543e-03
3.380235474142784824e+01 7.810116201658451850e-03
3.405292218889088218e+01 7.701370672104900297e-03
3.430455901572810262e+01 7.574643900790120274e-03
3.455605119154291316e+01 7.409430506678613831e-03
3.480708698418615654e+01 7.294827695661100161e-03
3.505823042281740243e+01 7.121873777368119447e-03
3.530983122122644602e+01 7.002766534966967105e-03
3.556111974160763367e+01 6.841561320471618336e-03
3.581195885960364933e+01 6.715683722513225533e-03
3.606348577968052638e+01 6.633296705475772749e-03
3.631495136683125935e+01 6.472614901607969505e-03
3.656646781331610185e+01 6.363229346940938412e-03
3.681800948534306173e+01 6.213577078662435582e-03
3.706942350460822411e+01 6.113268041465625031e-03
3.732119977997001570e+01 6.003496929367623317e-03
3.757249197135423202e+01 5.900647171166757167e-03
3.782324055213251057e+01 5.824107779075427677e-03
3.807430609684078604e+01 5.696817367147936038e-03
3.832526519371521090e+01 5.625377807479724560e-03
3.857704530181875668e+01 5.503777199037746849e-03
3.882896255048217427e+01 5.404596729877485066e-03
3.907976684424035341e+01 5.295682483717085824e-03
3.933085588900704010e+01 5.219990124586039275e-03
3.958184533965361140e+01 5.125018860707605296e-03
3.983320492881626507e+01 5.044164975289930700e-03
4.008506787586624398e+01 4.929277506212204236e-03
4.033569471078550350e+01 4.899541231571456767e-03
4.058701345074587863e+01 4.783286640631065866e-03
4.083916815834436420e+01 4.722363234421864120e-03
4.108978611092747713e+01 4.649525680768652226e-03
4.134119394692694271e+01 4.538657122218964744e-03
4.159372926482761557e+01 4.489358838082199710e-03
4.184480996230068683e+01 4.402493543193666641e-03
4.209495048714620680e+01 4.336411331840797981e-03
4.234568601474854432e+01 4.289342329557209454e-03
4.259794184898333214e+01 4.200090464825541846e-03
4.284922176444433717e+01 4.172173701831513419e-03
4.309982534096671003e+01 4.075296258662827222e-03
4.335153475414617930e+01 4.011778075537630536e-03
4.360374984514007224e+01 3.892008400780402107e-03
4.385432838732079830e+01 3.892750803149542908e-03
4.410529766549178277e+01 3.849151405622648191e-03
4.435675536456894008e+01 3.765653119844990151e-03
4.460756668584335927e+01 3.739474087735272616e-03
4.485812369927145937e+01 3.637757468242033831e-03
4.510933196139897206e+01 3.544254209811220635e-03
4.536097672816924131e+01 3.535081696938105564e-03
4.561261869099184452e+01 3.490899237494988084e-03
4.586346064304911607e+01 3.426229959180628840e-03
4.611435299895526185e+01 3.388895049917122794e-03
4.636610302009028572e+01 3.342267345636153273e-03
4.661726081402038346e+01 3.287371707426073753e-03
4.686748045926628237e+01 3.246721405121334204e-03
4.712001000143001761e+01 3.212521253883632733e-03
4.737334269293729960e+01 3.079507830544052794e-03
4.762357272554871912e+01 3.079931417271647084e-03
4.787295862859781437e+01 3.071152162715728648e-03
4.812686710231834297e+01 3.033719131925605682e-03
4.837988354528783930e+01 2.949891051324913561e-03
4.862698975964909209e+01 2.946093937382996634e-03
4.887931961662670233e+01 2.917409651987662791e-03
4.913512531690142282e+01 2.851763146639303779e-03
4.938486646957150583e+01 2.810704556222190943e-03
4.963073103205424985e+01 2.811707007795564636e-03
4.988316058859187763e+01 2.727889654913040300e-03
5.013927392651110893e+01 2.664087849102514741e-03
5.038898445289544270e+01 2.621610857937336538e-03
5.063791314200675941e+01 2.616956437767673817e-03
5.089234515763529032e+01 2.607927672748647924e-03
5.114529266359630810e+01 2.521697918757816615e-03
5.138952878242714206e+01 2.486103777076460828e-03
5.163945178601188246e+01 2.457920575461841530e-03
5.190206698624180603e+01 2.491904920642207949e-03
5.215590084722179398e+01 2.488278539630804469e-03
5.238680673191466042e+01 2.473410768252673822e-03
5.263532591009818873e+01 2.291374656190274528e-03
5.290823119436031874e+01 2.332372782019577657e-03
5.316882575050344428e+01 2.264123243601718488e-03
5.338513341050097694e+01 2.474230620740233092e-03
5.363212510227822349e+01 2.212099677682136459e-03
5.391615723351310407e+01 2.157930151693965726e-03
5.419187693011466678e+01 1.997165574096047575e-03
5.439722241285236493e+01 2.064677511441423939e-03
5.462806064877949552e+01 2.486499196761887687e-03
5.491241494336609463e+01 1.981546118453854192e-03
5.519421446932921782e+01 2.315841558967532323e-03
5.543046826972861396e+01 3.843017167125194547e-03
5.561137265256709128e+01 4.290989008473615300e-03
