3.559856489878782115e-01 5.665848782989278334e+02
6.031648866026231293e-01 2.147556391461415046e+02
8.579160745827347778e-01 9.720777273661229856e+01
1.113464310595710716e+00 4.533450256526437983e+01
1.374039914321364408e+00 3.218237829177330411e+01
1.619154704570298309e+00 2.168319125685234283e+01
1.870686673430271840e+00 1.436481103446418928e+01
2.123290040706380832e+00 1.055557777143850018e+01
2.378144976376236119e+00 7.974807194823251066e+00
2.630489925835516996e+00 6.183605165269630888e+00
2.878653162679494670e+00 4.876613935246854936e+00
3.131144366275339319e+00 3.749918369417674757e+00
3.388159578333816313e+00 3.483060048785418861e+00
3.638741848210948149e+00 2.665384116665596714e+00
3.888315910732085268e+00 2.433290524796988930e+00
4.139052155837465996e+00 1.942579295974873776e+00
4.390305777018236988e+00 1.662039747455427152e+00
4.642172339120373081e+00 1.507163461528813642e+00
4.894678666149941293e+00 1.303374321490503362e+00
5.147269052361176378e+00 1.127008206743818075e+00
5.398003206656323272e+00 9.912730195233225849e-01
5.647798235368590269e+00 9.012631206877640411e-01
5.900534302989873581e+00 7.969556126822348041e-01
6.151460297009074374e+00 7.164140815817796604e-01
6.402630176204441526e+00 6.610349056942919077e-01
6.655964674748322096e+00 5.925228004342415478e-01
6.908782583105771202e+00 5.332231503128006533e-01
7.159060853508338873e+00 4.921070911585274099e-01
7.409414762591408632e+00 4.403141363997596369e-01
7.659227149364629561e+00 4.005142646115399385e-01
7.911559474606142395e+00 3.699673338699263070e-01
8.163750941790897997e+00 3.391226160095482944e-01
8.415757210439384295e+00 3.235991655878077133e-01
8.667638839289207198e+00 2.991148476987259275e-01
8.918801124864609520e+00 2.711654249394431226e-01
9.170480108345369530e+00 2.527752726188473575e-01
9.420566033467249412e+00 2.385693579056062663e-01
9.671642335271435797e+00 2.259630312788971640e-01
9.923426157758477473e+00 2.054839111008107677e-01
1.017396902749181820e+01 1.912057650349696658e-01
1.042533700753922155e+01 1.831880943822155328e-01
1.067702948358784276e+01 1.689840226583156357e-01
1.092969337256462303e+01 1.623146681415187087e-01
1.118211872033766419e+01 1.496140509251306094e-01
1.143346516925797296e+01 1.443166666077353444e-01
1.168350508557724687e+01 1.353643974887617785e-01
1.193379937775929100e+01 1.274615362759757287e-01
1.218553055762879112e+01 1.193180945438056945e-01
1.243711650801278878e+01 1.141499042647999285e-01
1.268867268647359303e+01 1.067497373900782448e-01
1.294075027177769144e+01 1.036447175949816446e-01
1.319267287020158363e+01 9.815954176318626712e-02
1.344470571782862756e+01 9.260147690347365901e-02
1.369480150283709641e+01 8.857057936138121312e-02
1.394591277066507828e+01 8.449569792932209999e-02
1.419764645764527167e+01 7.982740152539628820e-02
1.444766774168416212e+01 7.677022899460886340e-02
1.469906835825429070e+01 7.370419943041103816e-02
1.495059118111036511e+01 7.055206437411060127e-02
1.520261612590052991e+01 6.697280597599636343e-02
1.545415944503929495e+01 6.452737708215625090e-02
1.570456072545780124e+01 6.195466531989506087e-02
1.595705800128773966e+01 5.968631450105127412e-02
1.620829297830731619e+01 5.695220847742510362e-02
1.645966591028190962e+01 5.454291184789096525e-02
1.671125708846596325e+01 5.229061536283304001e-02
1.696160259490052624e+01 5.021332922870107296e-02
1.721370276108077135e+01 4.806751966227404416e-02
1.746543424102250341e+01 4.688096392177000526e-02
1.771598473288305442e+01 4.515487542923651149e-02
1.796653767411944003e+01 4.262154880128971035e-02
1.821765658501893270e+01 4.107903195422216158e-02
1.847053788120423334e+01 4.024850661700143939e-02
1.872257696809484173e+01 3.847790680410162478e-02
1.897394097105746269e+01 3.682768407563821733e-02
1.922542454726159988e+01 3.568474692063262899e-02
1.947607703355479103e+01 3.479156841883903478e-02
1.972678839839982601e+01 3.357539502988424879e-02
1.997802698857814363e+01 3.241239418285692814e-02
2.022863620534168660e+01 3.109980304818094066e-02
2.047969598507238231e+01 3.020420747790607263e-02
2.073250439107362553e+01 2.933361504046790025e-02
2.098435855211640089e+01 2.827927391414908689e-02
2.123502923393334640e+01 2.761911332702046695e-02
2.148629411178690773e+01 2.664517879067782036e-02
2.173831825513516591e+01 2.585018462525882216e-02
2.198972260956887226e+01 2.489615383321835268e-02
2.223974971000711420e+01 2.439121387901047738e-02
2.249141870643862973e+01 2.348796947612022054e-02
2.274404614890906373e+01 2.310393439577598101e-02
2.299521835768831579e+01 2.234183462405383083e-02
2.324620084136223852e+01 2.171901251913620559e-02
2.349757798664387209e+01 2.087803951423069723e-02
2.374870488118759937e+01 2.040215761917317169e-02
2.399988781917473091e+01 2.004017650896323943e-02
2.425071646049711305e+01 1.917716331946773753e-02
2.450187830577813841e+01 1.882402061474307622e-02
2.475391093216606109e+01 1.835339543280637212e-02
2.500524226975159792e+01 1.782583264938431694e-02
2.525610980153284402e+01 1.722335799415446872e-02
2.550801425092822328e+01 1.679855532834268958e-02
2.575943113325822864e+01 1.644010184973036109e-02
2.601074166866445125e+01 1.596391135066407840e-02
2.626234447079615464e+01 1.554505820033867496e-02
2.651347712943701751e+01 1.517406891139830814e-02
2.676474177984877656e+01 1.472758855087586034e-02
2.701628079430242479e+01 1.444092182745860924e-02
2.726734205837282232e+01 1.409188870303467074e-02
2.751837013544679422e+01 1.372456879862046959e-02
2.776937726815812724e+01 1.338935933817434094e-02
2.802070160973895341e+01 1.303848488644043443e-02
2.827249982643487058e+01 1.289055513491085998e-02
2.852407603869968966e+01 1.245475547782939202e-02
2.877567300468570721e+01 1.217366355575382961e-02
2.902733523039245256e+01 1.189360808034886814e-02
2.927861073083739996e+01 1.168429268017795453e-02
2.953003196193969160e+01 1.129132330257719662e-02
2.978106336846375157e+01 1.110863110719540608e-02
3.003148440777084716e+01 1.081336314349580670e-02
3.028303386126418673e+01 1.057527523179994412e-02
3.053456493440382857e+01 1.030688867784517945e-02
3.078585183944906944e+01 1.017209617960832153e-02
3.103757946070165730e+01 9.942127673736518220e-03
3.128931656795834826e+01 9.687690256782972159e-03
3.154125974608096428e+01 9.467941913831634179e-03
3.179158626791808828e+01 9.289592753481873411e-03
3.204196438636942190e+01 9.079360420650627039e-03
3.229344668057169798e+01 8.909899941619343899e-03
3.254489998018084407e+01 8.715475099838561335e-03
3.279660140319880668e+01 8.537408751459639109e-03
3.304772754686901237e+01 8.359640170577649007e-03
3.329949953441923327e+01 8.222743860865310700e-03
3.355173249539067371e+01 8.046862536150190329e-03
3.380235474142784824e+01 7.903038967504421447e-03
3.405292218889088218e+01 7.753647720887550839e-03
3.430455901572810262e+01 7.556934864754280730e-03
3.455605119154291316e+01 7.390330087099517345e-03
3.480708698418615654e+01 7.285449333893721964e-03
3.505823042281740243e+01 7.142229386313334559e-03
3.530983122122644602e+01 6.963072482266696034e-03
3.556111974160763367e+01 6.857706058674909420e-03
3.581195885960364933e+01 6.762226076638896272e-03
3.606348577968052638e+01 6.615695501705359978e-03
3.631495136683125935e+01 6.507274097325085882e-03
3.656646781331610185e+01 6.368333807111273975e-03
3.681800948534306173e+01 6.226058270720031922e-03
3.706942350460822411e+01 6.139816596969407264e-03
3.732119977997001570e+01 6.007974184598276028e-03
3.757249197135423202e+01 5.900643082816412269e-03
3.782324055213251057e+01 5.830516171025169718e-03
3.807430609684078604e+01 5.687204118138140287e-03
3.832526519371521090e+01 5.570237735207643481e-03
3.857704530181875668e+01 5.483797003027090187e-03
3.882896255048217427e+01 5.407889678866292099e-03
3.907976684424035341e+01 5.339661328508940423e-03
3.933085588900704010e+01 5.219644306832748291e-03
3.958184533965361140e+01 5.100492162036136118e-03
3.983320492881626507e+01 5.005400784259805662e-03
4.008506787586624398e+01 4.962271651150549148e-03
4.033569471078550350e+01 4.895511036615518737e-03
4.058701345074587863e+01 4.799708571085025376e-03
4.083916815834436420e+01 4.708173008109509117e-03
4.108978611092747713e+01 4.659530004649035766e-03
4.134119394692694271e+01 4.579971908359189471e-03
4.159372926482761557e+01 4.493568997535650304e-03
4.184480996230068683e+01 4.415999176699317817e-03
4.209495048714620680e+01 4.328343661033211796e-03
4.234568601474854432e+01 4.266543094483567916e-03
4.259794184898333214e+01 4.233651950660023526e-03
4.284922176444433717e+01 4.126190376596093785e-03
4.309982534096671003e+01 4.033395782429814898e-03
4.335153475414617930e+01 3.977442614980179064e-03
4.360374984514007224e+01 3.958789364846113275e-03
4.385432838732079830e+01 3.889449971176875583e-03
4.410529766549178277e+01 3.827342239362540709e-03
4.435675536456894008e+01 3.755529779607077751e-03
4.460756668584335927e+01 3.701212506019715444e-03
4.485812369927145937e+01 3.650355521897205233e-03
4.510933196139897206e+01 3.595789430090129586e-03
4.536097672816924131e+01 3.529290040968736681e-03
4.561261869099184452e+01 3.480710496345373797e-03
4.586346064304911607e+01 3.405631765699024694e-03
4.611435299895526185e+01 3.371470767432460571e-03
4.636610302009028572e+01 3.302114543444641809e-03
4.661726081402038346e+01 3.274388810645562434e-03
4.686748045926628237e+01 3.217238734863160643e-03
4.712001000143001761e+01 3.188236994213030154e-03
4.737334269293729960e+01 3.147861003258244431e-03
4.762357272554871912e+01 3.105721097788477492e-03
4.787295862859781437e+01 3.042303871669708743e-03
4.812686710231834297e+01 3.034386999027488801e-03
4.837988354528783930e+01 2.972790896722107921e-03
4.862698975964909209e+01 2.933725599234839575e-03
4.887931961662670233e+01 2.895010174731854364e-03
4.913512531690142282e+01 2.866843737805525871e-03
4.938486646957150583e+01 2.785108122715669338e-03
4.963073103205424985e+01 2.755776493396282743e-03
4.988316058859187763e+01 2.690384172764122544e-03
5.013927392651110893e+01 2.665630659938693966e-03
5.038898445289544270e+01 2.647278232053067604e-03
5.063791314200675941e+01 2.578223661608142550e-03
5.089234515763529032e+01 2.568829291154520536e-03
5.114529266359630810e+01 2.562669337000607166e-03
5.138952878242714206e+01 2.572523247779962951e-03
5.163945178601188246e+01 2.475586808927044812e-03
5.190206698624180603e+01 2.512506396885738538e-03
5.215590084722179398e+01 2.322603730899678361e-03
5.238680673191466042e+01 2.365397789258403410e-03
5.263532591009818873e+01 2.266165055180421103e-03
5.290823119436031874e+01 2.336520681785218042e-03
5.316882575050344428e+01 2.259325562145913114e-03
5.338513341050097694e+01 2.139763351645529357e-03
5.363212510227822349e+01 2.190412432464004366e-03
5.391615723351310407e+01 2.152832852541662189e-03
5.419187693011466678e+01 2.162967737142245262e-03
5.439722241285236493e+01 1.965233946087889278e-03
5.462806064877949552e+01 2.063565209221181456e-03
5.491241494336609463e+01 2.262790995349594613e-03
5.519421446932921782e+01 2.488869746877876710e-03
5.543046826972861396e+01 2.375025855831454976e-03
5.561137265256709128e+01 2.713926235066573597e-03
