3.559856489878782115e-01 7.227349304087464361e+02
6.031648866026231293e-01 2.382491691089778953e+02
8.579160745827347778e-01 9.875194478014843469e+01
1.113464310595710716e+00 4.826964584238947253e+01
1.374039914321364408e+00 3.136832071843073777e+01
1.619154704570298309e+00 2.107201396935275639e+01
1.870686673430271840e+00 1.453257097059373315e+01
2.123290040706380832e+00 1.000974803760906973e+01
2.378144976376236119e+00 7.402594069190299386e+00
2.630489925835516996e+00 6.146803769159174813e+00
2.878653162679494670e+00 4.834811480855593757e+00
3.131144366275339319e+00 4.063783137573711457e+00
3.388159578333816313e+00 3.284176455011593720e+00
3.638741848210948149e+00 2.890676550075526041e+00
3.888315910732085268e+00 2.319806671366079431e+00
4.139052155837465996e+00 2.072345427541559815e+00
4.390305777018236988e+00 1.722252660565387838e+00
4.642172339120373081e+00 1.480689919105131036e+00
4.894678666149941293e+00 1.269770134311168031e+00
5.147269052361176378e+00 1.114490924646584391e+00
5.398003206656323272e+00 1.003019546900420389e+00
5.647798235368590269e+00 8.909478237655172883e-01
5.900534302989873581e+00 8.243677450442234989e-01
6.151460297009074374e+00 7.181659210099953228e-01
6.402630176204441526e+00 6.372417428740954071e-01
6.655964674748322096e+00 5.766765000108491357e-01
6.908782583105771202e+00 5.197033476043015909e-01
7.159060853508338873e+00 4.856924654252780527e-01
7.409414762591408632e+00 4.489467039889244449e-01
7.659227149364629561e+00 4.048018353574506789e-01
7.911559474606142395e+00 3.709888900030303138e-01
8.163750941790897997e+00 3.484495908649828388e-01
8.415757210439384295e+00 3.224245475397274907e-01
8.667638839289207198e+00 2.986486646470136175e-01
8.918801124864609520e+00 2.732063789383247232e-01
9.170480108345369530e+00 2.543794662628635628e-01
9.420566033467249412e+00 2.367833680234761595e-01
9.671642335271435797e+00 2.193919294363418648e-01
9.923426157758477473e+00 2.083937475690942898e-01
1.017396902749181820e+01 1.946790187101452851e-01
1.042533700753922155e+01 1.863011196631150501e-01
1.067702948358784276e+01 1.685008723277867659e-01
1.092969337256462303e+01 1.600789806297764628e-01
1.118211872033766419e+01 1.504669607985308633e-01
1.143346516925797296e+01 1.420029922143808687e-01
1.168350508557724687e+01 1.339239573908519720e-01
1.193379937775929100e+01 1.270857181793837720e-01
1.218553055762879112e+01 1.212101183733185344e-01
1.243711650801278878e+01 1.133063613039618361e-01
1.268867268647359303e+01 1.082597937280606049e-01
1.294075027177769144e+01 1.010772175188247995e-01
1.319267287020158363e+01 9.721925451407639751e-02
1.344470571782862756e+01 9.231493835191187380e-02
1.369480150283709641e+01 8.876082542090110716e-02
1.394591277066507828e+01 8.372084950108595047e-02
1.419764645764527167e+01 8.005292711300149300e-02
1.444766774168416212e+01 7.661327290936824352e-02
1.469906835825429070e+01 7.284176116568741310e-02
1.495059118111036511e+01 6.966369780595979555e-02
1.520261612590052991e+01 6.732947800880341449e-02
1.545415944503929495e+01 6.459092629285806408e-02
1.570456072545780124e+01 6.132701948080095805e-02
1.595705800128773966e+01 5.858316982642552961e-02
1.620829297830731619e+01 5.707371846969067769e-02
1.645966591028190962e+01 5.443089219415655350e-02
1.671125708846596325e+01 5.246303022306211816e-02
1.696160259490052624e+01 5.008928358894593896e-02
1.721370276108077135e+01 4.863358127547140475e-02
1.746543424102250341e+01 4.601054312819795322e-02
1.771598473288305442e+01 4.479013524846085781e-02
1.796653767411944003e+01 4.288160902348010090e-02
1.821765658501893270e+01 4.139004495956168789e-02
1.847053788120423334e+01 3.989367771801782814e-02
1.872257696809484173e+01 3.864123302273059224e-02
1.897394097105746269e+01 3.740729381648793400e-02
1.922542454726159988e+01 3.585086613568468084e-02
1.947607703355479103e+01 3.460194891518425520e-02
1.972678839839982601e+01 3.364354889577971658e-02
1.997802698857814363e+01 3.235867986614329728e-02
2.022863620534168660e+01 3.160984444879216815e-02
2.047969598507238231e+01 3.071108557015686871e-02
2.073250439107362553e+01 2.933692049713088057e-02
2.098435855211640089e+01 2.837908671256905366e-02
2.123502923393334640e+01 2.740338535540248407e-02
2.148629411178690773e+01 2.669477855840158426e-02
2.173831825513516591e+01 2.584589305515906307e-02
2.198972260956887226e+01 2.515925033892070506e-02
2.223974971000711420e+01 2.454902026279794092e-02
2.249141870643862973e+01 2.362314922293816399e-02
2.274404614890906373e+01 2.279095516351268072e-02
2.299521835768831579e+01 2.207214120246188752e-02
2.324620084136223852e+01 2.160590798494569156e-02
2.349757798664387209e+01 2.103361821721778935e-02
2.374870488118759937e+01 2.030424884348484837e-02
2.399988781917473091e+01 1.986558939243049035e-02
2.425071646049711305e+01 1.922162420580584424e-02
2.450187830577813841e+01 1.866683652989705941e-02
2.475391093216606109e+01 1.823763789985310274e-02
2.500524226975159792e+01 1.769907130364096678e-02
2.525610980153284402e+01 1.738112754153649242e-02
2.550801425092822328e+01 1.679868591450497245e-02
2.575943113325822864e+01 1.632070250585977711e-02
2.601074166866445125e+01 1.599855226308594808e-02
2.626234447079615464e+01 1.556975591681024167e-02
2.651347712943701751e+01 1.514336402088701378e-02
2.676474177984877656e+01 1.468129012128029098e-02
2.701628079430242479e+01 1.446761922435923879e-02
2.726734205837282232e+01 1.409354007549016262e-02
2.751837013544679422e+01 1.372515072843628198e-02
2.776937726815812724e+01 1.344706910767104469e-02
2.802070160973895341e+01 1.310089013421587324e-02
2.827249982643487058e+01 1.272384954947818406e-02
2.852407603869968966e+01 1.252161533680313729e-02
2.877567300468570721e+01 1.214483690466578239e-02
2.902733523039245256e+01 1.182579329120266899e-02
2.927861073083739996e+01 1.166943821413197850e-02
2.953003196193969160e+01 1.135036365128301757e-02
2.978106336846375157e+01 1.113990885292085072e-02
3.003148440777084716e+01 1.082166339227705332e-02
3.028303386126418673e+01 1.059678782035063452e-02
3.053456493440382857e+01 1.040395642753941773e-02
3.078585183944906944e+01 1.016777582362973255e-02
3.103757946070165730e+01 9.866149065915928371e-03
3.128931656795834826e+01 9.668066055099745412e-03
3.154125974608096428e+01 9.497610133156078258e-03
3.179158626791808828e+01 9.293686242164204275e-03
3.204196438636942190e+01 9.109125319426087178e-03
3.229344668057169798e+01 8.974752729176424873e-03
3.254489998018084407e+01 8.755766977538742557e-03
3.279660140319880668e+01 8.551201953991661303e-03
3.304772754686901237e+01 8.359094454966572302e-03
3.329949953441923327e+01 8.263998250222765948e-03
3.355173249539067371e+01 8.070335719097026378e-03
3.380235474142784824e+01 7.865392227276640780e-03
3.405292218889088218e+01 7.714186396187636130e-03
3.430455901572810262e+01 7.576333461945057926e-03
3.455605119154291316e+01 7.447379733646614444e-03
3.480708698418615654e+01 7.265770081344495764e-03
3.505823042281740243e+01 7.124992649590180388e-03
3.530983122122644602e+01 6.972851084152780626e-03
3.556111974160763367e+01 6.807380365290128903e-03
3.581195885960364933e+01 6.770551639084926993e-03
3.606348577968052638e+01 6.617504698549863534e-03
3.631495136683125935e+01 6.521389870385930695e-03
3.656646781331610185e+01 6.363887118380875778e-03
3.681800948534306173e+01 6.237107969369185163e-03
3.706942350460822411e+01 6.126533540440569012e-03
3.732119977997001570e+01 6.042408056021221496e-03
3.757249197135423202e+01 5.906134688234568678e-03
3.782324055213251057e+01 5.792821437368151326e-03
3.807430609684078604e+01 5.673189886062300277e-03
3.832526519371521090e+01 5.628466767808414442e-03
3.857704530181875668e+01 5.493453179690944120e-03
3.882896255048217427e+01 5.414122295731341704e-03
3.907976684424035341e+01 5.300226183356712521e-03
3.933085588900704010e+01 5.201825246186792505e-03
3.958184533965361140e+01 5.118700358419405599e-03
3.983320492881626507e+01 5.050834003314108242e-03
4.008506787586624398e+01 4.980715478839931390e-03
4.033569471078550350e+01 4.883616879171786065e-03
4.058701345074587863e+01 4.799505789209530110e-03
4.083916815834436420e+01 4.728871552515821232e-03
4.108978611092747713e+01 4.635203149285331559e-03
4.134119394692694271e+01 4.571636355772563769e-03
4.159372926482761557e+01 4.482329981465285086e-03
4.184480996230068683e+01 4.407289538334573098e-03
4.209495048714620680e+01 4.326201149175049922e-03
4.234568601474854432e+01 4.265129105008111030e-03
4.259794184898333214e+01 4.175826936071332096e-03
4.284922176444433717e+01 4.100769457971405359e-03
4.309982534096671003e+01 4.077360750708961500e-03
4.335153475414617930e+01 3.983747074973465960e-03
4.360374984514007224e+01 3.947427529198732458e-03
4.385432838732079830e+01 3.851984072541536283e-03
4.410529766549178277e+01 3.800049379845642141e-03
4.435675536456894008e+01 3.767265876487983865e-03
4.460756668584335927e+01 3.677863392676973802e-03
4.485812369927145937e+01 3.622237576640637956e-03
4.510933196139897206e+01 3.634609863843047458e-03
4.536097672816924131e+01 3.528109859250378941e-03
4.561261869099184452e+01 3.470180307803936645e-03
4.586346064304911607e+01 3.438688651983989007e-03
4.611435299895526185e+01 3.383582373458124664e-03
4.636610302009028572e+01 3.347019569355515981e-03
4.661726081402038346e+01 3.265784942378705761e-03
4.686748045926628237e+01 3.223326200286394123e-03
4.712001000143001761e+01 3.155581486006486108e-03
4.737334269293729960e+01 3.183963530902500939e-03
4.762357272554871912e+01 3.098332249364050758e-03
4.787295862859781437e+01 3.033904415090971605e-03
4.812686710231834297e+01 2.966549813068344605e-03
4.837988354528783930e+01 2.930242951758865733e-03
4.862698975964909209e+01 2.919006504524574060e-03
4.887931961662670233e+01 2.910899537883036934e-03
4.913512531690142282e+01 2.858901592819164481e-03
4.938486646957150583e+01 2.790573170243264550e-03
4.963073103205424985e+01 2.766844067234234747e-03
4.988316058859187763e+01 2.700210399078208177e-03
5.013927392651110893e+01 2.702103011829306602e-03
5.038898445289544270e+01 2.676478865754278093e-03
5.063791314200675941e+01 2.601389834318252464e-03
5.089234515763529032e+01 2.566655349958436947e-03
5.114529266359630810e+01 2.543037814274859074e-03
5.138952878242714206e+01 2.523439999648843888e-03
5.163945178601188246e+01 2.448437686258266716e-03
5.190206698624180603e+01 2.432831146213902847e-03
5.215590084722179398e+01 2.421084614756827038e-03
5.238680673191466042e+01 2.347394527905829337e-03
5.263532591009818873e+01 2.284457948938401536e-03
5.290823119436031874e+01 2.305201464097336294e-03
5.316882575050344428e+01 2.286086521755962761e-03
5.338513341050097694e+01 2.232255935411579621e-03
5.363212510227822349e+01 2.135221164817827436e-03
5.391615723351310407e+01 2.327575638434230092e-03
5.419187693011466678e+01 2.098840651381943864e-03
5.439722241285236493e+01 2.024429939086162464e-03
5.462806064877949552e+01 2.445996615369643457e-03
5.491241494336609463e+01 2.455804574773325956e-03
5.519421446932921782e+01 1.743457162052721192e-03
5.543046826972861396e+01 1.822463356122401611e-03
5.561137265256709128e+01 2.205146756278841911e-03
