3.559856489878782115e-01 7.222644725352445221e+02
6.031648866026231293e-01 1.595436246175786721e+02
8.579160745827347778e-01 9.263251627960045198e+01
1.113464310595710716e+00 4.067893966294601427e+01
1.374039914321364408e+00 2.861474890479680866e+01
1.619154704570298309e+00 2.186119562679908057e+01
1.870686673430271840e+00 1.428081875186244254e+01
2.123290040706380832e+00 1.110438927952488974e+01
2.378144976376236119e+00 8.450603703234790487e+00
2.630489925835516996e+00 5.906069584536303374e+00
2.878653162679494670e+00 4.744655570994273042e+00
3.131144366275339319e+00 3.893932778818279594e+00
3.388159578333816313e+00 3.382646969225874045e+00
3.638741848210948149e+00 2.783498173714066048e+00
3.888315910732085268e+00 2.311020748730766794e+00
4.139052155837465996e+00 2.032415408449483873e+00
4.390305777018236988e+00 1.711406870836232219e+00
4.642172339120373081e+00 1.456751951579301707e+00
4.894678666149941293e+00 1.309320107305740999e+00
5.147269052361176378e+00 1.128720682154444210e+00
5.398003206656323272e+00 1.032319966946035006e+00
5.647798235368590269e+00 9.003506883654281978e-01
5.900534302989873581e+00 8.187849303792844591e-01
6.151460297009074374e+00 7.076533656622799873e-01
6.402630176204441526e+00 6.605549307082165811e-01
6.655964674748322096e+00 5.887298708008399384e-01
6.908782583105771202e+00 5.381287836218785481e-01
7.159060853508338873e+00 4.927343487037946224e-01
7.409414762591408632e+00 4.405728477663521936e-01
7.659227149364629561e+00 4.070631382474596549e-01
7.911559474606142395e+00 3.710903873870139424e-01
8.163750941790897997e+00 3.444912501118671533e-01
8.415757210439384295e+00 3.202316942985165005e-01
8.667638839289207198e+00 2.951935688855822359e-01
8.918801124864609520e+00 2.695215288062944858e-01
9.170480108345369530e+00 2.555519235814682211e-01
9.420566033467249412e+00 2.377939342081509810e-01
9.671642335271435797e+00 2.171773190852112900e-01
9.923426157758477473e+00 2.058977995788341397e-01
1.017396902749181820e+01 1.938385161248932786e-01
1.042533700753922155e+01 1.812065682667519106e-01
1.067702948358784276e+01 1.708425079787799228e-01
1.092969337256462303e+01 1.601989178177279927e-01
1.118211872033766419e+01 1.522038445106868032e-01
1.143346516925797296e+01 1.414923402939321506e-01
1.168350508557724687e+01 1.352081418086064357e-01
1.193379937775929100e+01 1.276523639315853831e-01
1.218553055762879112e+01 1.213168915592421765e-01
1.243711650801278878e+01 1.145736446337630998e-01
1.268867268647359303e+01 1.073501175836006627e-01
1.294075027177769144e+01 1.045635915818427242e-01
1.319267287020158363e+01 9.846445128562081317e-02
1.344470571782862756e+01 9.293764818681207740e-02
1.369480150283709641e+01 8.784501181126060099e-02
1.394591277066507828e+01 8.354345573215037069e-02
1.419764645764527167e+01 8.082906864009369030e-02
1.444766774168416212e+01 7.615389848981202192e-02
1.469906835825429070e+01 7.332462192146407820e-02
1.495059118111036511e+01 6.964480140084060300e-02
1.520261612590052991e+01 6.662255321904254901e-02
1.545415944503929495e+01 6.422690927774314662e-02
1.570456072545780124e+01 6.179234712516305794e-02
1.595705800128773966e+01 5.894091197091217565e-02
1.620829297830731619e+01 5.697972502151129465e-02
1.645966591028190962e+01 5.413091105617630350e-02
1.671125708846596325e+01 5.189136081588011096e-02
1.696160259490052624e+01 4.975048577417218870e-02
1.721370276108077135e+01 4.829491512326776481e-02
1.746543424102250341e+01 4.607915907943418293e-02
1.771598473288305442e+01 4.464012480166217739e-02
1.796653767411944003e+01 4.297499550724816209e-02
1.821765658501893270e+01 4.128179881867044543e-02
1.847053788120423334e+01 3.966080131476908133e-02
1.872257696809484173e+01 3.850798000085586120e-02
1.897394097105746269e+01 3.735014298364098401e-02
1.922542454726159988e+01 3.632682225143054472e-02
1.947607703355479103e+01 3.487260162279742087e-02
1.972678839839982601e+01 3.340557946912591641e-02
1.997802698857814363e+01 3.266074081242292121e-02
2.022863620534168660e+01 3.119686380816225763e-02
2.047969598507238231e+01 3.054984917316126355e-02
2.073250439107362553e+01 2.931342040396064247e-02
2.098435855211640089e+01 2.836340075518327744e-02
2.123502923393334640e+01 2.738386050280565420e-02
2.148629411178690773e+01 2.655797335424985722e-02
2.173831825513516591e+01 2.603995894465459607e-02
2.198972260956887226e+01 2.502043542705234894e-02
2.223974971000711420e+01 2.437039276730219514e-02
2.249141870643862973e+01 2.377018430674474742e-02
2.274404614890906373e+01 2.303803747584769884e-02
2.299521835768831579e+01 2.217953164204880534e-02
2.324620084136223852e+01 2.167574114132455113e-02
2.349757798664387209e+01 2.105334916296554282e-02
2.374870488118759937e+01 2.047444613841691713e-02
2.399988781917473091e+01 1.999236954547685061e-02
2.425071646049711305e+01 1.925703137999161887e-02
2.450187830577813841e+01 1.863077400574539300e-02
2.475391093216606109e+01 1.831577241851135504e-02
2.500524226975159792e+01 1.783321259326747094e-02
2.525610980153284402e+01 1.728298627055686182e-02
2.550801425092822328e+01 1.678333839211035294e-02
2.575943113325822864e+01 1.644763224966181922e-02
2.601074166866445125e+01 1.592033208004986489e-02
2.626234447079615464e+01 1.551062933257397677e-02
2.651347712943701751e+01 1.514963083154698652e-02
2.676474177984877656e+01 1.478675434300449031e-02
2.701628079430242479e+01 1.437468381218791162e-02
2.726734205837282232e+01 1.414358877021723929e-02
2.751837013544679422e+01 1.371037094733577877e-02
2.776937726815812724e+01 1.334400592638044711e-02
2.802070160973895341e+01 1.304758078366351215e-02
2.827249982643487058e+01 1.275327364124383307e-02
2.852407603869968966e+01 1.244504107092891249e-02
2.877567300468570721e+01 1.218820801525452406e-02
2.902733523039245256e+01 1.187638289190235362e-02
2.927861073083739996e+01 1.163266836575055536e-02
2.953003196193969160e+01 1.132476964606139724e-02
2.978106336846375157e+01 1.116293700766640869e-02
3.003148440777084716e+01 1.084478977701441339e-02
3.028303386126418673e+01 1.058300745958068965e-02
3.053456493440382857e+01 1.040435190489335214e-02
3.078585183944906944e+01 1.011719382057700393e-02
3.103757946070165730e+01 9.906138373885920584e-03
3.128931656795834826e+01 9.697323083205484917e-03
3.154125974608096428e+01 9.540728102900823335e-03
3.179158626791808828e+01 9.254334399482351189e-03
3.204196438636942190e+01 9.105777232834889184e-03
3.229344668057169798e+01 8.929121848529819258e-03
3.254489998018084407e+01 8.702538789199621566e-03
3.279660140319880668e+01 8.546329162417241193e-03
3.304772754686901237e+01 8.438473529439414339e-03
3.329949953441923327e+01 8.166576723650087813e-03
3.355173249539067371e+01 8.020008875303080362e-03
3.380235474142784824e+01 7.863656794548850443e-03
3.405292218889088218e+01 7.685094517108620633e-03
3.430455901572810262e+01 7.496686252002044033e-03
3.455605119154291316e+01 7.390985083956838099e-03
3.480708698418615654e+01 7.280784116083750465e-03
3.505823042281740243e+01 7.144871364570880116e-03
3.530983122122644602e+01 7.036199142793975354e-03
3.556111974160763367e+01 6.845684400291192004e-03
3.581195885960364933e+01 6.738683219546084090e-03
3.606348577968052638e+01 6.629258165261896034e-03
3.631495136683125935e+01 6.496324553213447643e-03
3.656646781331610185e+01 6.346826976546307217e-03
3.681800948534306173e+01 6.286965673253739478e-03
3.706942350460822411e+01 6.103391206929967630e-03
3.732119977997001570e+01 5.995024809832644359e-03
3.757249197135423202e+01 5.914009178894607914e-03
3.782324055213251057e+01 5.771409643325054600e-03
3.807430609684078604e+01 5.700944657550667885e-03
3.832526519371521090e+01 5.625574098321367913e-03
3.857704530181875668e+01 5.518396292159526671e-03
3.882896255048217427e+01 5.401029352481327879e-03
3.907976684424035341e+01 5.300829947106821746e-03
3.933085588900704010e+01 5.207315026118879316e-03
3.958184533965361140e+01 5.082425433253610729e-03
3.983320492881626507e+01 5.038882870827384765e-03
4.008506787586624398e+01 4.958222530995580815e-03
4.033569471078550350e+01 4.881256573768051783e-03
4.058701345074587863e+01 4.804329877769073116e-03
4.083916815834436420e+01 4.695288770646800433e-03
4.108978611092747713e+01 4.599093639812906059e-03
4.134119394692694271e+01 4.584766019993843922e-03
4.159372926482761557e+01 4.477360230529523095e-03
4.184480996230068683e+01 4.430631055890653196e-03
4.209495048714620680e+01 4.320322828124617195e-03
4.234568601474854432e+01 4.302540920569449326e-03
4.259794184898333214e+01 4.220552569176058526e-03
4.284922176444433717e+01 4.110109186811642355e-03
4.309982534096671003e+01 4.093638010965398866e-03
4.335153475414617930e+01 4.023392789487394497e-03
4.360374984514007224e+01 3.906489820422057516e-03
4.385432838732079830e+01 3.847617915716785610e-03
4.410529766549178277e+01 3.793648031713401595e-03
4.435675536456894008e+01 3.755095363055489278e-03
4.460756668584335927e+01 3.706951822994581335e-03
4.485812369927145937e+01 3.641994391240972306e-03
4.510933196139897206e+01 3.575208376534002187e-03
4.536097672816924131e+01 3.537676808834431738e-03
4.561261869099184452e+01 3.494934117079490522e-03
4.586346064304911607e+01 3.454224033355914047e-03
4.611435299895526185e+01 3.378719581220413892e-03
4.636610302009028572e+01 3.328844001409880533e-03
4.661726081402038346e+01 3.258420779625200055e-03
4.686748045926628237e+01 3.235968496279974672e-03
4.712001000143001761e+01 3.190084897020426837e-03
4.737334269293729960e+01 3.123679306823390778e-03
4.762357272554871912e+01 3.114264735918611474e-03
4.787295862859781437e+01 3.053755727581402256e-03
4.812686710231834297e+01 2.944162223143005110e-03
4.837988354528783930e+01 2.980384901421056706e-03
4.862698975964909209e+01 2.904440928006116283e-03
4.887931961662670233e+01 2.854773281074970276e-03
4.913512531690142282e+01 2.844813109985768178e-03
4.938486646957150583e+01 2.816408062350649229e-03
4.963073103205424985e+01 2.736213684381703579e-03
4.988316058859187763e+01 2.712790282257975753e-03
5.013927392651110893e+01 2.732204610789094445e-03
5.038898445289544270e+01 2.618515863040632094e-03
5.063791314200675941e+01 2.637028087658228794e-03
5.089234515763529032e+01 2.571202460036282802e-03
5.114529266359630810e+01 2.550678567678061476e-03
5.138952878242714206e+01 2.546493365277687371e-03
5.163945178601188246e+01 2.450178301460657123e-03
5.190206698624180603e+01 2.459612265048114876e-03
5.215590084722179398e+01 2.418236260338628516e-03
5.238680673191466042e+01 2.334897553843743711e-03
5.263532591009818873e+01 2.351227257350335491e-03
5.290823119436031874e+01 2.253296352579152624e-03
5.316882575050344428e+01 2.304137035381131557e-03
5.338513341050097694e+01 2.201220267330597589e-03
5.363212510227822349e+01 2.253880904779573518e-03
5.391615723351310407e+01 2.166002992360480019e-03
5.419187693011466678e+01 2.361700701215647610e-03
5.439722241285236493e+01 2.056410203409725097e-03
5.462806064877949552e+01 2.477000966346185832e-03
5.491241494336609463e+01 2.390906076532499456e-03
5.519421446932921782e+01 2.673782204769376784e-03
5.543046826972861396e+01 1.857886141230845811e-03
5.561137265256709128e+01 1.974245622649706006e-03
