3.559856489878782115e-01 7.813795510111781368e+02
6.031648866026231293e-01 2.254649512861183496e+02
8.579160745827347778e-01 8.605370580718437168e+01
1.113464310595710716e+00 4.870068132713910103e+01
1.374039914321364408e+00 3.115081467137301630e+01
1.619154704570298309e+00 2.024250255217193484e+01
1.870686673430271840e+00 1.257834254471835500e+01
2.123290040706380832e+00 1.143224563923614134e+01
2.378144976376236119e+00 7.725538730960810341e+00
2.630489925835516996e+00 5.798033457178272343e+00
2.878653162679494670e+00 4.954830856602265854e+00
3.131144366275339319e+00 4.009991969049140792e+00
3.388159578333816313e+00 3.266616353364037106e+00
3.638741848210948149e+00 2.690358169938494637e+00
3.888315910732085268e+00 2.255915385169787513e+00
4.139052155837465996e+00 1.935854196501585189e+00
4.390305777018236988e+00 1.667998502186105014e+00
4.642172339120373081e+00 1.573801369064009581e+00
4.894678666149941293e+00 1.321425113725130940e+00
5.147269052361176378e+00 1.114479017431178720e+00
5.398003206656323272e+00 9.751230312964610514e-01
5.647798235368590269e+00 8.884389601531956782e-01
5.900534302989873581e+00 8.024048012496565185e-01
6.151460297009074374e+00 7.025140383626704566e-01
6.402630176204441526e+00 6.380407627444680818e-01
6.655964674748322096e+00 5.721611513790388903e-01
6.908782583105771202e+00 5.226510164741456910e-01
7.159060853508338873e+00 4.750549559605794503e-01
7.409414762591408632e+00 4.376759100307588968e-01
7.659227149364629561e+00 4.088696410858763119e-01
7.911559474606142395e+00 3.739389985336862843e-01
8.163750941790897997e+00 3.381998567991058025e-01
8.415757210439384295e+00 3.209082564386525616e-01
8.667638839289207198e+00 2.943332002332640362e-01
8.918801124864609520e+00 2.728474211499282709e-01
9.170480108345369530e+00 2.527123266880637042e-01
9.420566033467249412e+00 2.374653560547753117e-01
9.671642335271435797e+00 2.190484529791302259e-01
9.923426157758477473e+00 2.060894502296443942e-01
1.017396902749181820e+01 1.905741524861831737e-01
1.042533700753922155e+01 1.785288610512847651e-01
1.067702948358784276e+01 1.713255335664219947e-01
1.092969337256462303e+01 1.629429821170391701e-01
1.118211872033766419e+01 1.501862313183873754e-01
1.143346516925797296e+01 1.417837558191161751e-01
1.168350508557724687e+01 1.342101779919683546e-01
1.193379937775929100e+01 1.259109509775304669e-01
1.218553055762879112e+01 1.201597843017233186e-01
1.243711650801278878e+01 1.136430263192224344e-01
1.268867268647359303e+01 1.083186572090885508e-01
1.294075027177769144e+01 1.029367368285412088e-01
1.319267287020158363e+01 9.804370364192581400e-02
1.344470571782862756e+01 9.300046188403315872e-02
1.369480150283709641e+01 8.934571878918384780e-02
1.394591277066507828e+01 8.481198030334838323e-02
1.419764645764527167e+01 8.028174290078449182e-02
1.444766774168416212e+01 7.643440595118843051e-02
1.469906835825429070e+01 7.216486397474464187e-02
1.495059118111036511e+01 6.969300208563827814e-02
1.520261612590052991e+01 6.685740911974140388e-02
1.545415944503929495e+01 6.405592161873592538e-02
1.570456072545780124e+01 6.201217899162369401e-02
1.595705800128773966e+01 5.896915865899512998e-02
1.620829297830731619e+01 5.628542687448363085e-02
1.645966591028190962e+01 5.377328407816250877e-02
1.671125708846596325e+01 5.227031732035832684e-02
1.696160259490052624e+01 5.005341902954798389e-02
1.721370276108077135e+01 4.782362959184015966e-02
1.746543424102250341e+01 4.619497198145471051e-02
1.771598473288305442e+01 4.478713124689259750e-02
1.796653767411944003e+01 4.307221245025669859e-02
1.821765658501893270e+01 4.148146316914536058e-02
1.847053788120423334e+01 4.055369820882981369e-02
1.872257696809484173e+01 3.864537870710057360e-02
1.897394097105746269e+01 3.732938331650183239e-02
1.922542454726159988e+01 3.614780548151486778e-02
1.947607703355479103e+01 3.426587764723742352e-02
1.972678839839982601e+01 3.369588995103571516e-02
1.997802698857814363e+01 3.260113838193429842e-02
2.022863620534168660e+01 3.157488393282809058e-02
2.047969598507238231e+01 3.006410929325261522e-02
2.073250439107362553e+01 2.959112307794345073e-02
2.098435855211640089e+01 2.848285482638705096e-02
2.123502923393334640e+01 2.779493192663183912e-02
2.148629411178690773e+01 2.700930412022870333e-02
2.173831825513516591e+01 2.570733294027567617e-02
2.198972260956887226e+01 2.532163815730754247e-02
2.223974971000711420e+01 2.417144254344531784e-02
2.249141870643862973e+01 2.362821222053019740e-02
2.274404614890906373e+01 2.291746099432710043e-02
2.299521835768831579e+01 2.222335456392735692e-02
2.324620084136223852e+01 2.153926458133879202e-02
2.349757798664387209e+01 2.099107611542339047e-02
2.374870488118759937e+01 2.052004201843276796e-02
2.399988781917473091e+01 1.973365891934903207e-02
2.425071646049711305e+01 1.929704856993712594e-02
2.450187830577813841e+01 1.869474236362005104e-02
2.475391093216606109e+01 1.823153578167569996e-02
2.500524226975159792e+01 1.768684706810164792e-02
2.525610980153284402e+01 1.736863639973062340e-02
2.550801425092822328e+01 1.684629785079270678e-02
2.575943113325822864e+01 1.649723450386180595e-02
2.601074166866445125e+01 1.601783622930809392e-02
2.626234447079615464e+01 1.556234161786084792e-02
2.651347712943701751e+01 1.521037586797627586e-02
2.676474177984877656e+01 1.473769704291173245e-02
2.701628079430242479e+01 1.441892200417442191e-02
2.726734205837282232e+01 1.406528792962111717e-02
2.751837013544679422e+01 1.379018894253201434e-02
2.776937726815812724e+01 1.347393784131311126e-02
2.802070160973895341e+01 1.309561813824103478e-02
2.827249982643487058e+01 1.279387278834839999e-02
2.852407603869968966e+01 1.241663746771753084e-02
2.877567300468570721e+01 1.221346050145370732e-02
2.902733523039245256e+01 1.188709244205237228e-02
2.927861073083739996e+01 1.163122220151551790e-02
2.953003196193969160e+01 1.132696746997406863e-02
2.978106336846375157e+01 1.106067855010493470e-02
3.003148440777084716e+01 1.083691514250486113e-02
3.028303386126418673e+01 1.060897355900194267e-02
3.053456493440382857e+01 1.036228710480861445e-02
3.078585183944906944e+01 1.017725701645310309e-02
3.103757946070165730e+01 9.851971800120946227e-03
3.128931656795834826e+01 9.659334576971888991e-03
3.154125974608096428e+01 9.488408655072170378e-03
3.179158626791808828e+01 9.227934703117904314e-03
3.204196438636942190e+01 9.144314878233096230e-03
3.229344668057169798e+01 8.912416480968727781e-03
3.254489998018084407e+01 8.730004462401878482e-03
3.279660140319880668e+01 8.548095315448327527e-03
3.304772754686901237e+01 8.379706839661625606e-03
3.329949953441923327e+01 8.165240565642025231e-03
3.355173249539067371e+01 8.028976009957644253e-03
3.380235474142784824e+01 7.870817563145462992e-03
3.405292218889088218e+01 7.736169419538598511e-03
3.430455901572810262e+01 7.573416884500296271e-03
3.455605119154291316e+01 7.425637046529345170e-03
3.480708698418615654e+01 7.289580440887569873e-03
3.505823042281740243e+01 7.131533988671940986e-03
3.530983122122644602e+01 6.997349198109501824e-03
3.556111974160763367e+01 6.835078859330261103e-03
3.581195885960364933e+01 6.707729308716461197e-03
3.606348577968052638e+01 6.618496793349647016e-03
3.631495136683125935e+01 6.480698100351457193e-03
3.656646781331610185e+01 6.358328084186770299e-03
3.681800948534306173e+01 6.213496830885973515e-03
3.706942350460822411e+01 6.104437377660923252e-03
3.732119977997001570e+01 6.015412983173794477e-03
3.757249197135423202e+01 5.930181253842771970e-03
3.782324055213251057e+01 5.788171025922630303e-03
3.807430609684078604e+01 5.687780351781474529e-03
3.832526519371521090e+01 5.632974895746079534e-03
3.857704530181875668e+01 5.484404649597862495e-03
3.882896255048217427e+01 5.420085196166332143e-03
3.907976684424035341e+01 5.314216804531346136e-03
3.933085588900704010e+01 5.232473581038581470e-03
3.958184533965361140e+01 5.131891437124932141e-03
3.983320492881626507e+01 5.006533506014318631e-03
4.008506787586624398e+01 4.979317683587515184e-03
4.033569471078550350e+01 4.864648688695871227e-03
4.058701345074587863e+01 4.783494261821684239e-03
4.083916815834436420e+01 4.694102213416448920e-03
4.108978611092747713e+01 4.646805604300356662e-03
4.134119394692694271e+01 4.564212611007375554e-03
4.159372926482761557e+01 4.472897999530482671e-03
4.184480996230068683e+01 4.418835942788174216e-03
4.209495048714620680e+01 4.341261448899185957e-03
4.234568601474854432e+01 4.255152137613800456e-03
4.259794184898333214e+01 4.186665361364231078e-03
4.284922176444433717e+01 4.091202492217243906e-03
4.309982534096671003e+01 4.070533807406907269e-03
4.335153475414617930e+01 4.012778314394468623e-03
4.360374984514007224e+01 3.897885974170543083e-03
4.385432838732079830e+01 3.878749569031709251e-03
4.410529766549178277e+01 3.821802739713275453e-03
4.435675536456894008e+01 3.750723507000735309e-03
4.460756668584335927e+01 3.724870251569247556e-03
4.485812369927145937e+01 3.650960883144800315e-03
4.510933196139897206e+01 3.597925456330352493e-03
4.536097672816924131e+01 3.554062430104636995e-03
4.561261869099184452e+01 3.475330024156992811e-03
4.586346064304911607e+01 3.428357086301513177e-03
4.611435299895526185e+01 3.365547052833736501e-03
4.636610302009028572e+01 3.324962521517914674e-03
4.661726081402038346e+01 3.280075811013563082e-03
4.686748045926628237e+01 3.238038327907388249e-03
4.712001000143001761e+01 3.200279093515701143e-03
4.737334269293729960e+01 3.092835659338818294e-03
4.762357272554871912e+01 3.121548253315716524e-03
4.787295862859781437e+01 3.061306375170895835e-03
4.812686710231834297e+01 3.004171111007878162e-03
4.837988354528783930e+01 2.956471846770149670e-03
4.862698975964909209e+01 2.962220969243398866e-03
4.887931961662670233e+01 2.855188624989459314e-03
4.913512531690142282e+01 2.816195338441325816e-03
4.938486646957150583e+01 2.769101014835309137e-03
4.963073103205424985e+01 2.760808955368658762e-03
4.988316058859187763e+01 2.692311190991203071e-03
5.013927392651110893e+01 2.668844699179577160e-03
5.038898445289544270e+01 2.600442943752286074e-03
5.063791314200675941e+01 2.634112715391399417e-03
5.089234515763529032e+01 2.634816747364862165e-03
5.114529266359630810e+01 2.520619621233402378e-03
5.138952878242714206e+01 2.510949794978350243e-03
5.163945178601188246e+01 2.451633597761990451e-03
5.190206698624180603e+01 2.403328234604827467e-03
5.215590084722179398e+01 2.364609717620543439e-03
5.238680673191466042e+01 2.374969953503778750e-03
5.263532591009818873e+01 2.426649155614920596e-03
5.290823119436031874e+01 2.376911697807482585e-03
5.316882575050344428e+01 2.297253396561524039e-03
5.338513341050097694e+01 2.269992810077513939e-03
5.363212510227822349e+01 2.296933728813664935e-03
5.391615723351310407e+01 2.204360751021411987e-03
5.419187693011466678e+01 2.226586450481499342e-03
5.439722241285236493e+01 2.527997463366783021e-03
5.462806064877949552e+01 2.090056998815402207e-03
5.491241494336609463e+01 2.298013022909760686e-03
5.519421446932921782e+01 1.581808931205651086e-03
5.543046826972861396e+01 1.634496897706373903e-03
5.561137265256709128e+01 2.015224738383140143e-03
