3.559856489878782115e-01 6.783003866527957371e+02
6.031648866026231293e-01 2.665673550271506542e+02
8.579160745827347778e-01 1.032410254795089628e+02
1.113464310595710716e+00 4.767124530533308757e+01
1.374039914321364408e+00 2.723858656886608642e+01
1.619154704570298309e+00 1.894590754992817594e+01
1.870686673430271840e+00 1.370769939723939856e+01
2.123290040706380832e+00 9.979009026042415798e+00
2.378144976376236119e+00 7.827090752817851715e+00
2.630489925835516996e+00 6.975084223399349526e+00
2.878653162679494670e+00 5.042005509385822926e+00
3.131144366275339319e+00 3.822682296260683898e+00
3.388159578333816313e+00 3.100559545329476308e+00
3.638741848210948149e+00 2.636832777538005157e+00
3.888315910732085268e+00 2.276810588393281432e+00
4.139052155837465996e+00 1.987126119985322070e+00
4.390305777018236988e+00 1.686265710268399332e+00
4.642172339120373081e+00 1.474431382648459188e+00
4.894678666149941293e+00 1.329920628460511844e+00
5.147269052361176378e+00 1.124415587696188767e+00
5.398003206656323272e+00 1.015328198747517785e+00
5.647798235368590269e+00 8.601281741867811137e-01
5.900534302989873581e+00 7.951690719957397180e-01
6.151460297009074374e+00 7.316313616073792936e-01
6.402630176204441526e+00 6.488328325319409062e-01
6.655964674748322096e+00 5.618651555406184439e-01
6.908782583105771202e+00 5.181023769943257085e-01
7.159060853508338873e+00 4.746375291696818821e-01
7.409414762591408632e+00 4.475727705061288142e-01
7.659227149364629561e+00 4.040140475355173399e-01
7.911559474606142395e+00 3.706837100983829680e-01
8.163750941790897997e+00 3.472960786117755827e-01
8.415757210439384295e+00 3.143841608415272049e-01
8.667638839289207198e+00 2.908194609629714544e-01
8.918801124864609520e+00 2.712171063536752968e-01
9.170480108345369530e+00 2.576176880111520351e-01
9.420566033467249412e+00 2.361248132427714308e-01
9.671642335271435797e+00 2.226179828279446216e-01
9.923426157758477473e+00 2.086824593429342234e-01
1.017396902749181820e+01 1.942978077749443477e-01
1.042533700753922155e+01 1.813339149657146321e-01
1.067702948358784276e+01 1.717283505210364936e-01
1.092969337256462303e+01 1.581375523213018608e-01
1.118211872033766419e+01 1.503263706788077192e-01
1.143346516925797296e+01 1.444130688579166322e-01
1.168350508557724687e+01 1.352289502275536293e-01
1.193379937775929100e+01 1.279059973400023253e-01
1.218553055762879112e+01 1.204352394722044278e-01
1.243711650801278878e+01 1.136361738642609892e-01
1.268867268647359303e+01 1.076253689158575416e-01
1.294075027177769144e+01 1.029494770562288941e-01
1.319267287020158363e+01 9.827407060003578998e-02
1.344470571782862756e+01 9.261914809865931519e-02
1.369480150283709641e+01 8.752156508108778488e-02
1.394591277066507828e+01 8.409815576193929720e-02
1.419764645764527167e+01 8.092226386270288951e-02
1.444766774168416212e+01 7.585585983115948616e-02
1.469906835825429070e+01 7.311651804831961754e-02
1.495059118111036511e+01 6.991049468516498389e-02
1.520261612590052991e+01 6.738390465683931352e-02
1.545415944503929495e+01 6.438123682383124768e-02
1.570456072545780124e+01 6.204158138432205871e-02
1.595705800128773966e+01 5.855068015952188953e-02
1.620829297830731619e+01 5.609904109024889396e-02
1.645966591028190962e+01 5.421047566541057489e-02
1.671125708846596325e+01 5.256509978971721925e-02
1.696160259490052624e+01 5.014980344514943789e-02
1.721370276108077135e+01 4.826945211551466469e-02
1.746543424102250341e+01 4.612661280516834605e-02
1.771598473288305442e+01 4.453103612087894875e-02
1.796653767411944003e+01 4.284558130877454823e-02
1.821765658501893270e+01 4.161954389656133402e-02
1.847053788120423334e+01 4.008837379533873591e-02
1.872257696809484173e+01 3.853432503133338849e-02
1.897394097105746269e+01 3.704059079269736432e-02
1.922542454726159988e+01 3.562876928790689041e-02
1.947607703355479103e+01 3.456412576113697399e-02
1.972678839839982601e+01 3.351422799963767185e-02
1.997802698857814363e+01 3.218039331597657982e-02
2.022863620534168660e+01 3.140532301245954616e-02
2.047969598507238231e+01 3.020871036797185410e-02
2.073250439107362553e+01 2.953044736680162860e-02
2.098435855211640089e+01 2.849790189355213069e-02
2.123502923393334640e+01 2.740620249428749738e-02
2.148629411178690773e+01 2.674856490365857056e-02
2.173831825513516591e+01 2.576694228147208277e-02
2.198972260956887226e+01 2.509647532622780522e-02
2.223974971000711420e+01 2.426228864780330396e-02
2.249141870643862973e+01 2.351077311688234278e-02
2.274404614890906373e+01 2.284275879786915736e-02
2.299521835768831579e+01 2.206376498294825364e-02
2.324620084136223852e+01 2.159992767208673836e-02
2.349757798664387209e+01 2.094459935843917195e-02
2.374870488118759937e+01 2.029195603949759605e-02
2.399988781917473091e+01 1.977218133717916285e-02
2.425071646049711305e+01 1.917025457064000862e-02
2.450187830577813841e+01 1.879653409928410193e-02
2.475391093216606109e+01 1.826682213077243655e-02
2.500524226975159792e+01 1.782527380812047244e-02
2.525610980153284402e+01 1.726974812723213598e-02
2.550801425092822328e+01 1.677510632483517408e-02
2.575943113325822864e+01 1.633531667879671925e-02
2.601074166866445125e+01 1.581502484474845219e-02
2.626234447079615464e+01 1.558855576905158850e-02
2.651347712943701751e+01 1.512676496638856553e-02
2.676474177984877656e+01 1.478212716732238592e-02
2.701628079430242479e+01 1.442226647486638189e-02
2.726734205837282232e+01 1.399066442043610595e-02
2.751837013544679422e+01 1.371770751112741903e-02
2.776937726815812724e+01 1.338977565136552882e-02
2.802070160973895341e+01 1.305888582609057019e-02
2.827249982643487058e+01 1.281828373384604793e-02
2.852407603869968966e+01 1.242897245568862913e-02
2.877567300468570721e+01 1.215180708236984763e-02
2.902733523039245256e+01 1.189184050540358778e-02
2.927861073083739996e+01 1.162573741376814185e-02
2.953003196193969160e+01 1.131344163412275304e-02
2.978106336846375157e+01 1.115499110540946713e-02
3.003148440777084716e+01 1.089142493770552458e-02
3.028303386126418673e+01 1.063175717409264691e-02
3.053456493440382857e+01 1.037580323173601347e-02
3.078585183944906944e+01 1.011909191696025966e-02
3.103757946070165730e+01 9.874621405847694086e-03
3.128931656795834826e+01 9.684249629713145152e-03
3.154125974608096428e+01 9.512051611886569724e-03
3.179158626791808828e+01 9.298061125383448242e-03
3.204196438636942190e+01 9.094922349111181012e-03
3.229344668057169798e+01 8.904871272588987807e-03
3.254489998018084407e+01 8.670038651315721545e-03
3.279660140319880668e+01 8.537005304324076643e-03
3.304772754686901237e+01 8.344916424711822101e-03
3.329949953441923327e+01 8.218714733543014753e-03
3.355173249539067371e+01 8.045274465998617994e-03
3.380235474142784824e+01 7.857640655551789005e-03
3.405292218889088218e+01 7.680162041937473386e-03
3.430455901572810262e+01 7.515213735848258816e-03
3.455605119154291316e+01 7.394543384406838775e-03
3.480708698418615654e+01 7.297179499825960994e-03
3.505823042281740243e+01 7.116139631909513923e-03
3.530983122122644602e+01 6.989981527260456795e-03
3.556111974160763367e+01 6.854302572614575165e-03
3.581195885960364933e+01 6.715709867003421575e-03
3.606348577968052638e+01 6.609251862593760324e-03
3.631495136683125935e+01 6.466828074111065361e-03
3.656646781331610185e+01 6.387220998082365764e-03
3.681800948534306173e+01 6.264866434746126263e-03
3.706942350460822411e+01 6.114642800532391238e-03
3.732119977997001570e+01 6.079826205740791571e-03
3.757249197135423202e+01 5.894301749010625452e-03
3.782324055213251057e+01 5.825884408597189860e-03
3.807430609684078604e+01 5.695510561300855604e-03
3.832526519371521090e+01 5.588011147263110059e-03
3.857704530181875668e+01 5.485845405877765903e-03
3.882896255048217427e+01 5.438434142291655692e-03
3.907976684424035341e+01 5.302092967290958705e-03
3.933085588900704010e+01 5.250540788488871138e-03
3.958184533965361140e+01 5.101598513898472978e-03
3.983320492881626507e+01 5.009954678910404080e-03
4.008506787586624398e+01 4.963085937952636459e-03
4.033569471078550350e+01 4.895940998643445383e-03
4.058701345074587863e+01 4.761789594286900719e-03
4.083916815834436420e+01 4.692132473949481991e-03
4.108978611092747713e+01 4.620286829276900112e-03
4.134119394692694271e+01 4.528263399561961028e-03
4.159372926482761557e+01 4.511189547086701980e-03
4.184480996230068683e+01 4.419557882546101477e-03
4.209495048714620680e+01 4.334751674697007000e-03
4.234568601474854432e+01 4.268716791215204989e-03
4.259794184898333214e+01 4.190072357538311004e-03
4.284922176444433717e+01 4.119161022375337350e-03
4.309982534096671003e+01 4.060089615934614309e-03
4.335153475414617930e+01 4.035834546713597433e-03
4.360374984514007224e+01 3.939408700086653725e-03
4.385432838732079830e+01 3.888690909481723208e-03
4.410529766549178277e+01 3.824024877968990564e-03
4.435675536456894008e+01 3.721608000212320560e-03
4.460756668584335927e+01 3.698922132724505752e-03
4.485812369927145937e+01 3.649311488684899539e-03
4.510933196139897206e+01 3.587229711652788287e-03
4.536097672816924131e+01 3.552991940677289236e-03
4.561261869099184452e+01 3.485936809870943988e-03
4.586346064304911607e+01 3.415968449539627440e-03
4.611435299895526185e+01 3.372525682037151931e-03
4.636610302009028572e+01 3.291518330441401460e-03
4.661726081402038346e+01 3.306686313073208070e-03
4.686748045926628237e+01 3.266219016315888637e-03
4.712001000143001761e+01 3.200342797016325451e-03
4.737334269293729960e+01 3.175089234157109797e-03
4.762357272554871912e+01 3.106144773126796443e-03
4.787295862859781437e+01 3.042643652708941840e-03
4.812686710231834297e+01 3.045819396742683802e-03
4.837988354528783930e+01 2.935804633179919711e-03
4.862698975964909209e+01 2.895657372660046750e-03
4.887931961662670233e+01 2.872864196457647172e-03
4.913512531690142282e+01 2.852456597794975589e-03
4.938486646957150583e+01 2.833042350908038763e-03
4.963073103205424985e+01 2.827795265664340054e-03
4.988316058859187763e+01 2.670643617566720307e-03
5.013927392651110893e+01 2.645930636897649967e-03
5.038898445289544270e+01 2.682054039325856062e-03
5.063791314200675941e+01 2.603196735156194496e-03
5.089234515763529032e+01 2.605665876388386839e-03
5.114529266359630810e+01 2.629582860449733699e-03
5.138952878242714206e+01 2.501244655018887344e-03
5.163945178601188246e+01 2.410534064623948321e-03
5.190206698624180603e+01 2.421302348958745323e-03
5.215590084722179398e+01 2.401369314252809525e-03
5.238680673191466042e+01 2.440015860009297956e-03
5.263532591009818873e+01 2.315458889884161858e-03
5.290823119436031874e+01 2.402221047825336964e-03
5.316882575050344428e+01 2.365972246528555423e-03
5.338513341050097694e+01 2.376033796315437253e-03
5.363212510227822349e+01 2.200616279580785029e-03
5.391615723351310407e+01 2.236755157549956147e-03
5.419187693011466678e+01 2.242396833578555806e-03
5.439722241285236493e+01 2.209344409279566639e-03
5.462806064877949552e+01 2.156916417815077282e-03
5.491241494336609463e+01 1.987098581080855384e-03
5.519421446932921782e+01 2.366193907720727518e-03
5.543046826972861396e+01 1.677601431331932980e-03
5.561137265256709128e+01 9.421070211725944641e-04
