3.559856489878782115e-01 4.857709191908298862e+02
6.031648866026231293e-01 2.241317398367011720e+02
8.579160745827347778e-01 1.109189692831469358e+02
1.113464310595710716e+00 4.290786290325969077e+01
1.374039914321364408e+00 3.165775822167510611e+01
1.619154704570298309e+00 1.860427824118178464e+01
1.870686673430271840e+00 1.546231575273769998e+01
2.123290040706380832e+00 1.013126099634422239e+01
2.378144976376236119e+00 8.437085085033015019e+00
2.630489925835516996e+00 5.986059596979766972e+00
2.878653162679494670e+00 4.988642613462322295e+00
3.131144366275339319e+00 4.024568886337211993e+00
3.388159578333816313e+00 3.222982347050267649e+00
3.638741848210948149e+00 2.750610144567311011e+00
3.888315910732085268e+00 2.382747460726390543e+00
4.139052155837465996e+00 2.002629777946303591e+00
4.390305777018236988e+00 1.663463784615581975e+00
4.642172339120373081e+00 1.508427718566401898e+00
4.894678666149941293e+00 1.279161895430805274e+00
5.147269052361176378e+00 1.153095691847723980e+00
5.398003206656323272e+00 1.013587252724312826e+00
5.647798235368590269e+00 9.105369518244904592e-01
5.900534302989873581e+00 8.021578789363174034e-01
6.151460297009074374e+00 6.996915726288861492e-01
6.402630176204441526e+00 6.589856114169470036e-01
6.655964674748322096e+00 5.880694771139870491e-01
6.908782583105771202e+00 5.212847607583002141e-01
7.159060853508338873e+00 4.981913911316720456e-01
7.409414762591408632e+00 4.548802816794475512e-01
7.659227149364629561e+00 4.011115213168167659e-01
7.911559474606142395e+00 3.727899069441507063e-01
8.163750941790897997e+00 3.512102805803244965e-01
8.415757210439384295e+00 3.167353255306633586e-01
8.667638839289207198e+00 2.900362695804349356e-01
8.918801124864609520e+00 2.767676565449989079e-01
9.170480108345369530e+00 2.546850642714236224e-01
9.420566033467249412e+00 2.372454803069428408e-01
9.671642335271435797e+00 2.216385894275187951e-01
9.923426157758477473e+00 2.099376572423506671e-01
1.017396902749181820e+01 1.918645564957674465e-01
1.042533700753922155e+01 1.825905066907137220e-01
1.067702948358784276e+01 1.696301676795445024e-01
1.092969337256462303e+01 1.591607898408187172e-01
1.118211872033766419e+01 1.523300626724560236e-01
1.143346516925797296e+01 1.445854786374551060e-01
1.168350508557724687e+01 1.357023633440609667e-01
1.193379937775929100e+01 1.259099301976440155e-01
1.218553055762879112e+01 1.209465753764022988e-01
1.243711650801278878e+01 1.136646039259654878e-01
1.268867268647359303e+01 1.097687679346348033e-01
1.294075027177769144e+01 1.032577726821686526e-01
1.319267287020158363e+01 9.823842732514975751e-02
1.344470571782862756e+01 9.382106827313042852e-02
1.369480150283709641e+01 8.843928356685093473e-02
1.394591277066507828e+01 8.456313812047960843e-02
1.419764645764527167e+01 7.983492426153000754e-02
1.444766774168416212e+01 7.699756246187089426e-02
1.469906835825429070e+01 7.322306358300488538e-02
1.495059118111036511e+01 6.914526248537278263e-02
1.520261612590052991e+01 6.768409254020991972e-02
1.545415944503929495e+01 6.495563481802286987e-02
1.570456072545780124e+01 6.131780290715053289e-02
1.595705800128773966e+01 5.843455122595082180e-02
1.620829297830731619e+01 5.696718168269065269e-02
1.645966591028190962e+01 5.405686290282145368e-02
1.671125708846596325e+01 5.256576580332167348e-02
1.696160259490052624e+01 5.025621042325292831e-02
1.721370276108077135e+01 4.793752223944408586e-02
1.746543424102250341e+01 4.665921294573154715e-02
1.771598473288305442e+01 4.485533540050522933e-02
1.796653767411944003e+01 4.265480786170307986e-02
1.821765658501893270e+01 4.158781070940263669e-02
1.847053788120423334e+01 3.993023215313938612e-02
1.872257696809484173e+01 3.869258257392414052e-02
1.897394097105746269e+01 3.740901488764985378e-02
1.922542454726159988e+01 3.568862081405341918e-02
1.947607703355479103e+01 3.462485561390350741e-02
1.972678839839982601e+01 3.376253965439672544e-02
1.997802698857814363e+01 3.245704749907594999e-02
2.022863620534168660e+01 3.125278761466184635e-02
2.047969598507238231e+01 3.030260025786696634e-02
2.073250439107362553e+01 2.923783478169416847e-02
2.098435855211640089e+01 2.839126605458832872e-02
2.123502923393334640e+01 2.731766161696039252e-02
2.148629411178690773e+01 2.672606006963006500e-02
2.173831825513516591e+01 2.578528904362261884e-02
2.198972260956887226e+01 2.505917747545653024e-02
2.223974971000711420e+01 2.432620045346149673e-02
2.249141870643862973e+01 2.362138618835892684e-02
2.274404614890906373e+01 2.295199665862268298e-02
2.299521835768831579e+01 2.209297629869801799e-02
2.324620084136223852e+01 2.178709938409907274e-02
2.349757798664387209e+01 2.103245705568091567e-02
2.374870488118759937e+01 2.032107857545200486e-02
2.399988781917473091e+01 1.979243611558041335e-02
2.425071646049711305e+01 1.930079110764945649e-02
2.450187830577813841e+01 1.878508023126897880e-02
2.475391093216606109e+01 1.833708149260071876e-02
2.500524226975159792e+01 1.780766694086939952e-02
2.525610980153284402e+01 1.724515391437862408e-02
2.550801425092822328e+01 1.682463672424303058e-02
2.575943113325822864e+01 1.643819053849090300e-02
2.601074166866445125e+01 1.602695095570511388e-02
2.626234447079615464e+01 1.566202222858517623e-02
2.651347712943701751e+01 1.516778948088158378e-02
2.676474177984877656e+01 1.484118828265060773e-02
2.701628079430242479e+01 1.430494959351315612e-02
2.726734205837282232e+01 1.398072028611364349e-02
2.751837013544679422e+01 1.367036635656764150e-02
2.776937726815812724e+01 1.334765686205494073e-02
2.802070160973895341e+01 1.295023154404368639e-02
2.827249982643487058e+01 1.277113092850946062e-02
2.852407603869968966e+01 1.240514791151699041e-02
2.877567300468570721e+01 1.217701256770052642e-02
2.902733523039245256e+01 1.190663220750057955e-02
2.927861073083739996e+01 1.159220966783910955e-02
2.953003196193969160e+01 1.132650567590274236e-02
2.978106336846375157e+01 1.111718200624470070e-02
3.003148440777084716e+01 1.083695847670075249e-02
3.028303386126418673e+01 1.053546301676414922e-02
3.053456493440382857e+01 1.035310364340668796e-02
3.078585183944906944e+01 1.010489199174018429e-02
3.103757946070165730e+01 9.927880734537200200e-03
3.128931656795834826e+01 9.741188862193687556e-03
3.154125974608096428e+01 9.478521424727149453e-03
3.179158626791808828e+01 9.272789953749933228e-03
3.204196438636942190e+01 9.077071629462486399e-03
3.229344668057169798e+01 8.914952613060491554e-03
3.254489998018084407e+01 8.683235615568040203e-03
3.279660140319880668e+01 8.544050904017962134e-03
3.304772754686901237e+01 8.355638179790025183e-03
3.329949953441923327e+01 8.200765861909339524e-03
3.355173249539067371e+01 8.023270123286145930e-03
3.380235474142784824e+01 7.938813778381747371e-03
3.405292218889088218e+01 7.727006600568308431e-03
3.430455901572810262e+01 7.581584396049257345e-03
3.455605119154291316e+01 7.437749602381733480e-03
3.480708698418615654e+01 7.313849028548478556e-03
3.505823042281740243e+01 7.128598575205982550e-03
3.530983122122644602e+01 6.999753851803408242e-03
3.556111974160763367e+01 6.890154855265702774e-03
3.581195885960364933e+01 6.703414728557399727e-03
3.606348577968052638e+01 6.564353087792060282e-03
3.631495136683125935e+01 6.489486557793615155e-03
3.656646781331610185e+01 6.385219637478854564e-03
3.681800948534306173e+01 6.258216059171478954e-03
3.706942350460822411e+01 6.092282158284612059e-03
3.732119977997001570e+01 5.989864977318648878e-03
3.757249197135423202e+01 5.902846502380238759e-03
3.782324055213251057e+01 5.794415164066906571e-03
3.807430609684078604e+01 5.707645576315783197e-03
3.832526519371521090e+01 5.612046069317519481e-03
3.857704530181875668e+01 5.505829393531079530e-03
3.882896255048217427e+01 5.405166970028496207e-03
3.907976684424035341e+01 5.315146089950431411e-03
3.933085588900704010e+01 5.220288961623228106e-03
3.958184533965361140e+01 5.094638914329009498e-03
3.983320492881626507e+01 5.046263772235673462e-03
4.008506787586624398e+01 4.929513628379467334e-03
4.033569471078550350e+01 4.885688023524077661e-03
4.058701345074587863e+01 4.798354060315117818e-03
4.083916815834436420e+01 4.704582801274699057e-03
4.108978611092747713e+01 4.656317215122815489e-03
4.134119394692694271e+01 4.546262062712120786e-03
4.159372926482761557e+01 4.520851742629033998e-03
4.184480996230068683e+01 4.397278209116297319e-03
4.209495048714620680e+01 4.306952114029116187e-03
4.234568601474854432e+01 4.282636885974626384e-03
4.259794184898333214e+01 4.181796592889411822e-03
4.284922176444433717e+01 4.121851440569238370e-03
4.309982534096671003e+01 4.054587741818582378e-03
4.335153475414617930e+01 4.039675353665990974e-03
4.360374984514007224e+01 3.930488078670630117e-03
4.385432838732079830e+01 3.855234368203843635e-03
4.410529766549178277e+01 3.837273604914988312e-03
4.435675536456894008e+01 3.769587726845992273e-03
4.460756668584335927e+01 3.683681409165939259e-03
4.485812369927145937e+01 3.644956337277973323e-03
4.510933196139897206e+01 3.623335893855271581e-03
4.536097672816924131e+01 3.551405429855742247e-03
4.561261869099184452e+01 3.484430008308829919e-03
4.586346064304911607e+01 3.425534968193174983e-03
4.611435299895526185e+01 3.415330221764122532e-03
4.636610302009028572e+01 3.327470610168922673e-03
4.661726081402038346e+01 3.240569284472961248e-03
4.686748045926628237e+01 3.207071750203524009e-03
4.712001000143001761e+01 3.191751002811145897e-03
4.737334269293729960e+01 3.154651260070325588e-03
4.762357272554871912e+01 3.069572796785176045e-03
4.787295862859781437e+01 3.054766386827328407e-03
4.812686710231834297e+01 3.032095832264985937e-03
4.837988354528783930e+01 2.967624347516746152e-03
4.862698975964909209e+01 2.913858667615250916e-03
4.887931961662670233e+01 2.850237463977281765e-03
4.913512531690142282e+01 2.802791436622435045e-03
4.938486646957150583e+01 2.829744168185283765e-03
4.963073103205424985e+01 2.777997814416589221e-03
4.988316058859187763e+01 2.749770672266756925e-03
5.013927392651110893e+01 2.720155187678524340e-03
5.038898445289544270e+01 2.652851086334334554e-03
5.063791314200675941e+01 2.630651122400595211e-03
5.089234515763529032e+01 2.603185594987652510e-03
5.114529266359630810e+01 2.566162158830091744e-03
5.138952878242714206e+01 2.561193320323280290e-03
5.163945178601188246e+01 2.471277955218216180e-03
5.190206698624180603e+01 2.374842914147200484e-03
5.215590084722179398e+01 2.404444747378361395e-03
5.238680673191466042e+01 2.397782956532034347e-03
5.263532591009818873e+01 2.401728196991664843e-03
5.290823119436031874e+01 2.301537722729178354e-03
5.316882575050344428e+01 2.296622197829723856e-03
5.338513341050097694e+01 2.280122381580466321e-03
5.363212510227822349e+01 2.166630639215294096e-03
5.391615723351310407e+01 2.177288671432242150e-03
5.419187693011466678e+01 2.045168125707296121e-03
5.439722241285236493e+01 2.231736844579284770e-03
5.462806064877949552e+01 2.258939465850766121e-03
5.491241494336609463e+01 2.009725759489992564e-03
5.519421446932921782e+01 2.011974595734467106e-03
5.543046826972861396e+01 4.345832725056880848e-03
5.561137265256709128e+01 1.777707692310897310e-03
