3.559856489878782115e-01 8.419837414451956192e+02
6.031648866026231293e-01 2.619193091291401743e+02
8.579160745827347778e-01 9.708411096527322570e+01
1.113464310595710716e+00 5.535109705110112088e+01
1.374039914321364408e+00 2.857681102533046413e+01
1.619154704570298309e+00 2.068796098838868858e+01
1.870686673430271840e+00 1.450697047293122210e+01
2.123290040706380832e+00 1.028743377243210944e+01
2.378144976376236119e+00 7.541800410739229577e+00
2.630489925835516996e+00 6.392753607947246230e+00
2.878653162679494670e+00 4.701982778954131525e+00
3.131144366275339319e+00 3.870131976077913816e+00
3.388159578333816313e+00 3.268223361808651806e+00
3.638741848210948149e+00 2.637609417759054775e+00
3.888315910732085268e+00 2.217940567656356166e+00
4.139052155837465996e+00 2.015861009215278443e+00
4.390305777018236988e+00 1.742340473109084575e+00
4.642172339120373081e+00 1.460149701385004661e+00
4.894678666149941293e+00 1.259364594213782107e+00
5.147269052361176378e+00 1.114973963491928899e+00
5.398003206656323272e+00 1.028405391089024734e+00
5.647798235368590269e+00 9.060900499065914770e-01
5.900534302989873581e+00 7.938627380490507202e-01
6.151460297009074374e+00 6.960743315016596489e-01
6.402630176204441526e+00 6.402912299446948952e-01
6.655964674748322096e+00 6.027834491273135198e-01
6.908782583105771202e+00 5.356625533217947988e-01
7.159060853508338873e+00 4.920744104504581884e-01
7.409414762591408632e+00 4.491086997655778235e-01
7.659227149364629561e+00 3.983646654475677118e-01
7.911559474606142395e+00 3.815185262305206271e-01
8.163750941790897997e+00 3.429549903267491984e-01
8.415757210439384295e+00 3.176309404078028198e-01
8.667638839289207198e+00 2.892587866755261250e-01
8.918801124864609520e+00 2.707173187026055694e-01
9.170480108345369530e+00 2.517054445266119211e-01
9.420566033467249412e+00 2.351438612672420714e-01
9.671642335271435797e+00 2.225242152303363863e-01
9.923426157758477473e+00 2.061320409182941515e-01
1.017396902749181820e+01 1.957554647734242315e-01
1.042533700753922155e+01 1.801939067197038669e-01
1.067702948358784276e+01 1.696880979042550419e-01
1.092969337256462303e+01 1.606045352169561957e-01
1.118211872033766419e+01 1.502597950168522156e-01
1.143346516925797296e+01 1.441886159342383733e-01
1.168350508557724687e+01 1.344624972402530816e-01
1.193379937775929100e+01 1.264600243257635037e-01
1.218553055762879112e+01 1.213863509930259849e-01
1.243711650801278878e+01 1.125009482884708756e-01
1.268867268647359303e+01 1.089751871086535179e-01
1.294075027177769144e+01 1.033407276790150736e-01
1.319267287020158363e+01 9.869027782783992842e-02
1.344470571782862756e+01 9.269369901185139926e-02
1.369480150283709641e+01 8.959403014363613582e-02
1.394591277066507828e+01 8.362060799769813202e-02
1.419764645764527167e+01 8.114137609739956181e-02
1.444766774168416212e+01 7.597883343839653691e-02
1.469906835825429070e+01 7.331196031873710162e-02
1.495059118111036511e+01 7.040754550223489450e-02
1.520261612590052991e+01 6.726666434151581941e-02
1.545415944503929495e+01 6.480281818474797895e-02
1.570456072545780124e+01 6.182774646555450060e-02
1.595705800128773966e+01 5.888046909676949298e-02
1.620829297830731619e+01 5.646929081315978788e-02
1.645966591028190962e+01 5.448283214470671376e-02
1.671125708846596325e+01 5.223425643748976638e-02
1.696160259490052624e+01 4.935705506792632813e-02
1.721370276108077135e+01 4.851407894463652393e-02
1.746543424102250341e+01 4.658136942012610499e-02
1.771598473288305442e+01 4.459535395491154297e-02
1.796653767411944003e+01 4.313116918974969211e-02
1.821765658501893270e+01 4.117190110764726990e-02
1.847053788120423334e+01 4.000513511197363592e-02
1.872257696809484173e+01 3.857926779799049355e-02
1.897394097105746269e+01 3.712604248108052757e-02
1.922542454726159988e+01 3.571778509268448698e-02
1.947607703355479103e+01 3.462766330529587488e-02
1.972678839839982601e+01 3.322054160043766413e-02
1.997802698857814363e+01 3.272611243429757871e-02
2.022863620534168660e+01 3.135340762893274597e-02
2.047969598507238231e+01 3.051457246863043676e-02
2.073250439107362553e+01 2.945377215143243910e-02
2.098435855211640089e+01 2.838328418369135547e-02
2.123502923393334640e+01 2.743097015922772372e-02
2.148629411178690773e+01 2.660722892058476133e-02
2.173831825513516591e+01 2.583270735859595491e-02
2.198972260956887226e+01 2.497551581041002750e-02
2.223974971000711420e+01 2.428900648028595524e-02
2.249141870643862973e+01 2.357860790294624351e-02
2.274404614890906373e+01 2.289092078762300364e-02
2.299521835768831579e+01 2.239669035195339386e-02
2.324620084136223852e+01 2.155575178447525705e-02
2.349757798664387209e+01 2.097535605462987757e-02
2.374870488118759937e+01 2.035015999268738676e-02
2.399988781917473091e+01 1.975405575474139738e-02
2.425071646049711305e+01 1.927011758139890799e-02
2.450187830577813841e+01 1.875660996092639102e-02
2.475391093216606109e+01 1.829230141521133793e-02
2.500524226975159792e+01 1.762201115567663123e-02
2.525610980153284402e+01 1.727264896957655602e-02
2.550801425092822328e+01 1.682637706868837790e-02
2.575943113325822864e+01 1.650544178515418042e-02
2.601074166866445125e+01 1.593962288456586898e-02
2.626234447079615464e+01 1.553912204047822911e-02
2.651347712943701751e+01 1.519594238086436483e-02
2.676474177984877656e+01 1.484414299746773629e-02
2.701628079430242479e+01 1.441884433912344471e-02
2.726734205837282232e+01 1.402864854841801533e-02
2.751837013544679422e+01 1.376655210009266814e-02
2.776937726815812724e+01 1.341467089040329283e-02
2.802070160973895341e+01 1.312907079883825906e-02
2.827249982643487058e+01 1.280465123442235675e-02
2.852407603869968966e+01 1.236584668214517346e-02
2.877567300468570721e+01 1.220425141064541107e-02
2.902733523039245256e+01 1.196958889559258075e-02
2.927861073083739996e+01 1.156843070528052603e-02
2.953003196193969160e+01 1.130246247917921637e-02
2.978106336846375157e+01 1.109815534977969843e-02
3.003148440777084716e+01 1.082191323394731709e-02
3.028303386126418673e+01 1.057385569056530292e-02
3.053456493440382857e+01 1.031493923662560840e-02
3.078585183944906944e+01 1.016981898363003220e-02
3.103757946070165730e+01 9.946450244340161728e-03
3.128931656795834826e+01 9.687441924624232842e-03
3.154125974608096428e+01 9.528091740600711651e-03
3.179158626791808828e+01 9.265573814807206987e-03
3.204196438636942190e+01 9.070855710709318717e-03
3.229344668057169798e+01 8.911616097614689577e-03
3.254489998018084407e+01 8.720699468006378602e-03
3.279660140319880668e+01 8.550506190664814918e-03
3.304772754686901237e+01 8.381838537712208922e-03
3.329949953441923327e+01 8.149438312020595293e-03
3.355173249539067371e+01 8.047309562750973311e-03
3.380235474142784824e+01 7.843657865782701147e-03
3.405292218889088218e+01 7.720311306741800897e-03
3.430455901572810262e+01 7.564804137924253241e-03
3.455605119154291316e+01 7.435994191158932891e-03
3.480708698418615654e+01 7.286889918465899209e-03
3.505823042281740243e+01 7.132007001258404075e-03
3.530983122122644602e+01 6.987760929995377561e-03
3.556111974160763367e+01 6.876621276438336927e-03
3.581195885960364933e+01 6.735230464229208062e-03
3.606348577968052638e+01 6.588940805571155516e-03
3.631495136683125935e+01 6.482440333156177896e-03
3.656646781331610185e+01 6.405475900724431557e-03
3.681800948534306173e+01 6.244776836499243630e-03
3.706942350460822411e+01 6.160392071201208769e-03
3.732119977997001570e+01 6.012531418811853032e-03
3.757249197135423202e+01 5.905129389284917082e-03
3.782324055213251057e+01 5.764148195723165294e-03
3.807430609684078604e+01 5.710534438450761557e-03
3.832526519371521090e+01 5.623746267864094400e-03
3.857704530181875668e+01 5.510384253096758077e-03
3.882896255048217427e+01 5.368194084256397609e-03
3.907976684424035341e+01 5.306692722778486374e-03
3.933085588900704010e+01 5.218771792733312674e-03
3.958184533965361140e+01 5.145904563433825393e-03
3.983320492881626507e+01 5.042742941574660485e-03
4.008506787586624398e+01 4.991168628863012699e-03
4.033569471078550350e+01 4.876256014222718309e-03
4.058701345074587863e+01 4.799324357379432249e-03
4.083916815834436420e+01 4.686586392928532123e-03
4.108978611092747713e+01 4.628208660801812549e-03
4.134119394692694271e+01 4.569381734760921340e-03
4.159372926482761557e+01 4.476551216441622058e-03
4.184480996230068683e+01 4.400239866064756603e-03
4.209495048714620680e+01 4.332053429483849298e-03
4.234568601474854432e+01 4.272343356657013445e-03
4.259794184898333214e+01 4.186132609036703409e-03
4.284922176444433717e+01 4.115540167539562949e-03
4.309982534096671003e+01 4.089641843341779853e-03
4.335153475414617930e+01 4.006688441584639084e-03
4.360374984514007224e+01 3.958760608115305044e-03
4.385432838732079830e+01 3.887750043106918355e-03
4.410529766549178277e+01 3.830886823997708100e-03
4.435675536456894008e+01 3.760965707109038651e-03
4.460756668584335927e+01 3.729057801872261331e-03
4.485812369927145937e+01 3.637872536934247392e-03
4.510933196139897206e+01 3.562349171325473150e-03
4.536097672816924131e+01 3.522437469441874920e-03
4.561261869099184452e+01 3.485580165577624370e-03
4.586346064304911607e+01 3.446669853541220203e-03
4.611435299895526185e+01 3.410801021263840278e-03
4.636610302009028572e+01 3.334237628411054408e-03
4.661726081402038346e+01 3.299326870846465681e-03
4.686748045926628237e+01 3.258577253482697854e-03
4.712001000143001761e+01 3.170083798701277614e-03
4.737334269293729960e+01 3.158132066826985478e-03
4.762357272554871912e+01 3.123695395602111950e-03
4.787295862859781437e+01 3.045682502837320036e-03
4.812686710231834297e+01 3.026922375394853690e-03
4.837988354528783930e+01 2.988812320912807158e-03
4.862698975964909209e+01 2.933340392562650348e-03
4.887931961662670233e+01 2.841352424878610707e-03
4.913512531690142282e+01 2.832774088567452993e-03
4.938486646957150583e+01 2.791890694935203129e-03
4.963073103205424985e+01 2.757409811469574857e-03
4.988316058859187763e+01 2.684686862005967838e-03
5.013927392651110893e+01 2.694414267692914720e-03
5.038898445289544270e+01 2.636556932036922003e-03
5.063791314200675941e+01 2.646907593493431042e-03
5.089234515763529032e+01 2.578643633943729797e-03
5.114529266359630810e+01 2.555926899503948354e-03
5.138952878242714206e+01 2.505850400684227989e-03
5.163945178601188246e+01 2.475281149174668894e-03
5.190206698624180603e+01 2.444708262276885403e-03
5.215590084722179398e+01 2.367145050868331435e-03
5.238680673191466042e+01 2.388406438254950161e-03
5.263532591009818873e+01 2.279182191119634264e-03
5.290823119436031874e+01 2.225791153409368943e-03
5.316882575050344428e+01 2.307182268274074032e-03
5.338513341050097694e+01 2.210777589444456494e-03
5.363212510227822349e+01 2.093066491218119763e-03
5.391615723351310407e+01 2.306913186309080856e-03
5.419187693011466678e+01 1.996554921585365090e-03
5.439722241285236493e+01 2.290701268764567481e-03
5.462806064877949552e+01 2.327997964813342119e-03
5.491241494336609463e+01 2.023966296914530161e-03
5.519421446932921782e+01 2.241071811841177912e-03
5.543046826972861396e+01 1.122504088210999132e-03
5.561137265256709128e+01 1.727149196277140463e-03
