3.559856489878782115e-01 9.952664048206668213e+02
6.031648866026231293e-01 2.296996614518774606e+02
8.579160745827347778e-01 1.002597464828785263e+02
1.113464310595710716e+00 5.175432294067306316e+01
1.374039914321364408e+00 3.088457462433049727e+01
1.619154704570298309e+00 2.048161370672523063e+01
1.870686673430271840e+00 1.454201544797629175e+01
2.123290040706380832e+00 1.011800039359291858e+01
2.378144976376236119e+00 7.709170654379791543e+00
2.630489925835516996e+00 6.230786940407024410e+00
2.878653162679494670e+00 4.788496533098638430e+00
3.131144366275339319e+00 4.152248251614902408e+00
3.388159578333816313e+00 3.346550575993458843e+00
3.638741848210948149e+00 2.783619332524172485e+00
3.888315910732085268e+00 2.213992479564796945e+00
4.139052155837465996e+00 2.047642221614254687e+00
4.390305777018236988e+00 1.671755545203736926e+00
4.642172339120373081e+00 1.473025070599218500e+00
4.894678666149941293e+00 1.303080073540505701e+00
5.147269052361176378e+00 1.124749252087245077e+00
5.398003206656323272e+00 9.911709550283911430e-01
5.647798235368590269e+00 9.135701238167227567e-01
5.900534302989873581e+00 7.913845479621048895e-01
6.151460297009074374e+00 7.209727689645730742e-01
6.402630176204441526e+00 6.662908140754061348e-01
6.655964674748322096e+00 5.840792394651304065e-01
6.908782583105771202e+00 5.287240833340947077e-01
7.159060853508338873e+00 4.933080941499800032e-01
7.409414762591408632e+00 4.277848283234052529e-01
7.659227149364629561e+00 4.085869022927470784e-01
7.911559474606142395e+00 3.831281231108906171e-01
8.163750941790897997e+00 3.441976721095825198e-01
8.415757210439384295e+00 3.162760696522525783e-01
8.667638839289207198e+00 2.964465532967285322e-01
8.918801124864609520e+00 2.692536586648770491e-01
9.170480108345369530e+00 2.557207782954950548e-01
9.420566033467249412e+00 2.410258988899678656e-01
9.671642335271435797e+00 2.193018735493721949e-01
9.923426157758477473e+00 2.062344784038155077e-01
1.017396902749181820e+01 1.930841435857067467e-01
1.042533700753922155e+01 1.806942872783100507e-01
1.067702948358784276e+01 1.691799543338500800e-01
1.092969337256462303e+01 1.613224100575644804e-01
1.118211872033766419e+01 1.500721225743133491e-01
1.143346516925797296e+01 1.426707276349359621e-01
1.168350508557724687e+01 1.347037911661300713e-01
1.193379937775929100e+01 1.279405872686531775e-01
1.218553055762879112e+01 1.197549958196956615e-01
1.243711650801278878e+01 1.141161024199325164e-01
1.268867268647359303e+01 1.087425617357994090e-01
1.294075027177769144e+01 1.036838298340374137e-01
1.319267287020158363e+01 9.786395423223241685e-02
1.344470571782862756e+01 9.286722609479119983e-02
1.369480150283709641e+01 8.877879370618338428e-02
1.394591277066507828e+01 8.525554597448321836e-02
1.419764645764527167e+01 8.157658661774651321e-02
1.444766774168416212e+01 7.714964399132115402e-02
1.469906835825429070e+01 7.448279358808260198e-02
1.495059118111036511e+01 7.010986443961970960e-02
1.520261612590052991e+01 6.718596756061469277e-02
1.545415944503929495e+01 6.385932822212543603e-02
1.570456072545780124e+01 6.182414471044406917e-02
1.595705800128773966e+01 5.928235367611339734e-02
1.620829297830731619e+01 5.687559092895658197e-02
1.645966591028190962e+01 5.451447613474239701e-02
1.671125708846596325e+01 5.182993196611391379e-02
1.696160259490052624e+01 4.981809376870308115e-02
1.721370276108077135e+01 4.811149088566271659e-02
1.746543424102250341e+01 4.641303969404845381e-02
1.771598473288305442e+01 4.525142736183751513e-02
1.796653767411944003e+01 4.305981221763206801e-02
1.821765658501893270e+01 4.155482395881529567e-02
1.847053788120423334e+01 4.006916886193986893e-02
1.872257696809484173e+01 3.881336739704215055e-02
1.897394097105746269e+01 3.715752953332043113e-02
1.922542454726159988e+01 3.598566908320344898e-02
1.947607703355479103e+01 3.494214671493124647e-02
1.972678839839982601e+01 3.327631469307453654e-02
1.997802698857814363e+01 3.236493522201558393e-02
2.022863620534168660e+01 3.155255225596904911e-02
2.047969598507238231e+01 3.024121838804327833e-02
2.073250439107362553e+01 2.935007802360204907e-02
2.098435855211640089e+01 2.860897014362104654e-02
2.123502923393334640e+01 2.772977704109251887e-02
2.148629411178690773e+01 2.656668856736047260e-02
2.173831825513516591e+01 2.586983513692299452e-02
2.198972260956887226e+01 2.488895516967093088e-02
2.223974971000711420e+01 2.409878991118302380e-02
2.249141870643862973e+01 2.347440534841702120e-02
2.274404614890906373e+01 2.280082517425170013e-02
2.299521835768831579e+01 2.210240233735312476e-02
2.324620084136223852e+01 2.148208512361924130e-02
2.349757798664387209e+01 2.112873388583565507e-02
2.374870488118759937e+01 2.048803134192722988e-02
2.399988781917473091e+01 2.001732499990759029e-02
2.425071646049711305e+01 1.931378827855399077e-02
2.450187830577813841e+01 1.890873927618461070e-02
2.475391093216606109e+01 1.815753204860912420e-02
2.500524226975159792e+01 1.789630376486707822e-02
2.525610980153284402e+01 1.714409780405926412e-02
2.550801425092822328e+01 1.680216880816429517e-02
2.575943113325822864e+01 1.633862483782928809e-02
2.601074166866445125e+01 1.597801182103073675e-02
2.626234447079615464e+01 1.560905461008564588e-02
2.651347712943701751e+01 1.522133822258066663e-02
2.676474177984877656e+01 1.476349869407459978e-02
2.701628079430242479e+01 1.441791073116558720e-02
2.726734205837282232e+01 1.415709836450898540e-02
2.751837013544679422e+01 1.373284298986241284e-02
2.776937726815812724e+01 1.347273161600819058e-02
2.802070160973895341e+01 1.303565818744291567e-02
2.827249982643487058e+01 1.273586175493528205e-02
2.852407603869968966e+01 1.242776658676033111e-02
2.877567300468570721e+01 1.218825368626805412e-02
2.902733523039245256e+01 1.189247132501021834e-02
2.927861073083739996e+01 1.162035119710049316e-02
2.953003196193969160e+01 1.134702982809786438e-02
2.978106336846375157e+01 1.117155796123948421e-02
3.003148440777084716e+01 1.086761366445515922e-02
3.028303386126418673e+01 1.060203387578364034e-02
3.053456493440382857e+01 1.038871201019082521e-02
3.078585183944906944e+01 1.015370887041052751e-02
3.103757946070165730e+01 9.922713267397798020e-03
3.128931656795834826e+01 9.666784978960710553e-03
3.154125974608096428e+01 9.517177662111896488e-03
3.179158626791808828e+01 9.280879285825405570e-03
3.204196438636942190e+01 9.134937781813082247e-03
3.229344668057169798e+01 8.908129294952764343e-03
3.254489998018084407e+01 8.732487631551169582e-03
3.279660140319880668e+01 8.531034779454922320e-03
3.304772754686901237e+01 8.391410052264446431e-03
3.329949953441923327e+01 8.181859823681624302e-03
3.355173249539067371e+01 8.038011937553327796e-03
3.380235474142784824e+01 7.859832137879154898e-03
3.405292218889088218e+01 7.732288165457648806e-03
3.430455901572810262e+01 7.583771688409422784e-03
3.455605119154291316e+01 7.460052037912731984e-03
3.480708698418615654e+01 7.262309100022854361e-03
3.505823042281740243e+01 7.125101814569092737e-03
3.530983122122644602e+01 7.019038723065166782e-03
3.556111974160763367e+01 6.878391804734602932e-03
3.581195885960364933e+01 6.716903878563573217e-03
3.606348577968052638e+01 6.634898951424189617e-03
3.631495136683125935e+01 6.480609454741424226e-03
3.656646781331610185e+01 6.367388353298632404e-03
3.681800948534306173e+01 6.248268570745484259e-03
3.706942350460822411e+01 6.103227824653087268e-03
3.732119977997001570e+01 5.994942386301126136e-03
3.757249197135423202e+01 5.910952743826736015e-03
3.782324055213251057e+01 5.785894202489894403e-03
3.807430609684078604e+01 5.699547145390080304e-03
3.832526519371521090e+01 5.603017695616038796e-03
3.857704530181875668e+01 5.474481411067344018e-03
3.882896255048217427e+01 5.412606828635642235e-03
3.907976684424035341e+01 5.336387728101571817e-03
3.933085588900704010e+01 5.214543436707289557e-03
3.958184533965361140e+01 5.115191331894681712e-03
3.983320492881626507e+01 5.024077649819221926e-03
4.008506787586624398e+01 4.949249198603612038e-03
4.033569471078550350e+01 4.877500842357600230e-03
4.058701345074587863e+01 4.816425475331150355e-03
4.083916815834436420e+01 4.694388880367773333e-03
4.108978611092747713e+01 4.643735513632395694e-03
4.134119394692694271e+01 4.554364982333039547e-03
4.159372926482761557e+01 4.493994592374854317e-03
4.184480996230068683e+01 4.428791631962505394e-03
4.209495048714620680e+01 4.358526004985419783e-03
4.234568601474854432e+01 4.252234549710956144e-03
4.259794184898333214e+01 4.153131049590605070e-03
4.284922176444433717e+01 4.140263913927228097e-03
4.309982534096671003e+01 4.044172400703956519e-03
4.335153475414617930e+01 3.962124323357749459e-03
4.360374984514007224e+01 3.910340313837358008e-03
4.385432838732079830e+01 3.863744729159563577e-03
4.410529766549178277e+01 3.826337922085663434e-03
4.435675536456894008e+01 3.741160596426448479e-03
4.460756668584335927e+01 3.703452860598780479e-03
4.485812369927145937e+01 3.651515897709432974e-03
4.510933196139897206e+01 3.561931959502519490e-03
4.536097672816924131e+01 3.526221649263285018e-03
4.561261869099184452e+01 3.462838418758552340e-03
4.586346064304911607e+01 3.470772470719068765e-03
4.611435299895526185e+01 3.326147507584881029e-03
4.636610302009028572e+01 3.379705901089311015e-03
4.661726081402038346e+01 3.318150708694303074e-03
4.686748045926628237e+01 3.245786492182507060e-03
4.712001000143001761e+01 3.201087105919462033e-03
4.737334269293729960e+01 3.156051713149380256e-03
4.762357272554871912e+01 3.119791631697951123e-03
4.787295862859781437e+01 3.060944806061543372e-03
4.812686710231834297e+01 2.983833241124913410e-03
4.837988354528783930e+01 2.946603790258206425e-03
4.862698975964909209e+01 2.926467015372429762e-03
4.887931961662670233e+01 2.906883500592930252e-03
4.913512531690142282e+01 2.847360312221538722e-03
4.938486646957150583e+01 2.810075989013051997e-03
4.963073103205424985e+01 2.743893406418663333e-03
4.988316058859187763e+01 2.737757061902423242e-03
5.013927392651110893e+01 2.699900382663358769e-03
5.038898445289544270e+01 2.649820900740711398e-03
5.063791314200675941e+01 2.651439810454786408e-03
5.089234515763529032e+01 2.525907837608353749e-03
5.114529266359630810e+01 2.448245451362754399e-03
5.138952878242714206e+01 2.466852008784709786e-03
5.163945178601188246e+01 2.572189312788234882e-03
5.190206698624180603e+01 2.392987412320250057e-03
5.215590084722179398e+01 2.449226981050594588e-03
5.238680673191466042e+01 2.307109664259618127e-03
5.263532591009818873e+01 2.350245586877608081e-03
5.290823119436031874e+01 2.311072241283520894e-03
5.316882575050344428e+01 2.258885786526651940e-03
5.338513341050097694e+01 2.295348560231723432e-03
5.363212510227822349e+01 2.183497738073762653e-03
5.391615723351310407e+01 2.126769950247275540e-03
5.419187693011466678e+01 2.253313119014081420e-03
5.439722241285236493e+01 1.968062789217444458e-03
5.462806064877949552e+01 2.037464736710382050e-03
5.491241494336609463e+01 2.110354816796516757e-03
5.519421446932921782e+01 2.233251572131040360e-03
5.543046826972861396e+01 2.025122409299527290e-03
5.561137265256709128e+01 9.485306686306742112e-04
