3.559856489878782115e-01 4.741425719404493861e+02
6.031648866026231293e-01 2.370755585962372152e+02
8.579160745827347778e-01 8.695268675652040713e+01
1.113464310595710716e+00 4.739618686360476829e+01
1.374039914321364408e+00 3.207494117556244362e+01
1.619154704570298309e+00 2.248917412531950433e+01
1.870686673430271840e+00 1.410078933718667749e+01
2.123290040706380832e+00 1.119281760296411754e+01
2.378144976376236119e+00 8.533625570296637264e+00
2.630489925835516996e+00 6.051591097378155482e+00
2.878653162679494670e+00 4.824918733551870176e+00
3.131144366275339319e+00 4.017546743926391883e+00
3.388159578333816313e+00 3.171073083448002983e+00
3.638741848210948149e+00 2.781112612486598135e+00
3.888315910732085268e+00 2.326192170410236404e+00
4.139052155837465996e+00 1.957768838135683254e+00
4.390305777018236988e+00 1.712634757669923236e+00
4.642172339120373081e+00 1.522822467093829513e+00
4.894678666149941293e+00 1.337368177887418241e+00
5.147269052361176378e+00 1.157437245801333114e+00
5.398003206656323272e+00 1.047289916785784758e+00
5.647798235368590269e+00 9.127077066500809410e-01
5.900534302989873581e+00 7.838374829508917285e-01
6.151460297009074374e+00 7.308531712139340053e-01
6.402630176204441526e+00 6.475847466363391369e-01
6.655964674748322096e+00 5.743432863352879725e-01
6.908782583105771202e+00 5.146391251510792353e-01
7.159060853508338873e+00 4.889270765716143274e-01
7.409414762591408632e+00 4.525688890302252965e-01
7.659227149364629561e+00 3.975536854513955776e-01
7.911559474606142395e+00 3.688354104960412383e-01
8.163750941790897997e+00 3.427673530420546899e-01
8.415757210439384295e+00 3.195046018484707928e-01
8.667638839289207198e+00 2.934405538687473447e-01
8.918801124864609520e+00 2.733605479940138250e-01
9.170480108345369530e+00 2.521976890458330067e-01
9.420566033467249412e+00 2.398740808460961549e-01
9.671642335271435797e+00 2.200420934262206918e-01
9.923426157758477473e+00 2.037269849347729533e-01
1.017396902749181820e+01 1.944280757098508783e-01
1.042533700753922155e+01 1.803464673079548108e-01
1.067702948358784276e+01 1.721731060114596867e-01
1.092969337256462303e+01 1.629943141829480191e-01
1.118211872033766419e+01 1.523323035476494003e-01
1.143346516925797296e+01 1.420814073498762042e-01
1.168350508557724687e+01 1.349965010303121327e-01
1.193379937775929100e+01 1.270305649929436287e-01
1.218553055762879112e+01 1.213215264813144317e-01
1.243711650801278878e+01 1.147725181901795288e-01
1.268867268647359303e+01 1.080919038692648299e-01
1.294075027177769144e+01 1.027943225800169447e-01
1.319267287020158363e+01 9.792002604960196865e-02
1.344470571782862756e+01 9.236068826829808842e-02
1.369480150283709641e+01 8.815165449578840628e-02
1.394591277066507828e+01 8.437641490592476257e-02
1.419764645764527167e+01 8.118989071875711006e-02
1.444766774168416212e+01 7.758960354660811298e-02
1.469906835825429070e+01 7.319803137528796411e-02
1.495059118111036511e+01 7.057217407742004400e-02
1.520261612590052991e+01 6.760469329589748055e-02
1.545415944503929495e+01 6.500749004046728341e-02
1.570456072545780124e+01 6.165648882817859056e-02
1.595705800128773966e+01 5.917688148415482102e-02
1.620829297830731619e+01 5.614596954004019702e-02
1.645966591028190962e+01 5.441231669824294487e-02
1.671125708846596325e+01 5.282867492084692557e-02
1.696160259490052624e+01 5.008559767673952112e-02
1.721370276108077135e+01 4.885858853935921842e-02
1.746543424102250341e+01 4.678406134227499485e-02
1.771598473288305442e+01 4.514738498396627525e-02
1.796653767411944003e+01 4.282992828029297955e-02
1.821765658501893270e+01 4.129883660389905425e-02
1.847053788120423334e+01 3.980714990691736760e-02
1.872257696809484173e+01 3.835857863941058432e-02
1.897394097105746269e+01 3.691387614374646436e-02
1.922542454726159988e+01 3.593065946658526022e-02
1.947607703355479103e+01 3.438247489443844312e-02
1.972678839839982601e+01 3.324885341462033989e-02
1.997802698857814363e+01 3.238287814335852333e-02
2.022863620534168660e+01 3.119537871338913179e-02
2.047969598507238231e+01 3.040284068031074913e-02
2.073250439107362553e+01 2.946642147797683825e-02
2.098435855211640089e+01 2.849063316897719814e-02
2.123502923393334640e+01 2.770793185309685519e-02
2.148629411178690773e+01 2.667447937659709820e-02
2.173831825513516591e+01 2.578115064699829789e-02
2.198972260956887226e+01 2.520841645404884451e-02
2.223974971000711420e+01 2.436900262031881093e-02
2.249141870643862973e+01 2.372320919693800267e-02
2.274404614890906373e+01 2.285741486077243548e-02
2.299521835768831579e+01 2.225703006444090457e-02
2.324620084136223852e+01 2.157317002101926187e-02
2.349757798664387209e+01 2.104010085198754904e-02
2.374870488118759937e+01 2.059158492615590155e-02
2.399988781917473091e+01 1.991082680623492557e-02
2.425071646049711305e+01 1.932130126228031805e-02
2.450187830577813841e+01 1.876564625523461163e-02
2.475391093216606109e+01 1.825233844459312610e-02
2.500524226975159792e+01 1.783478611308337430e-02
2.525610980153284402e+01 1.721021790808927032e-02
2.550801425092822328e+01 1.677224702083987204e-02
2.575943113325822864e+01 1.645959071557585515e-02
2.601074166866445125e+01 1.606610756517639488e-02
2.626234447079615464e+01 1.554934753003180646e-02
2.651347712943701751e+01 1.505475123252849809e-02
2.676474177984877656e+01 1.479473802631146688e-02
2.701628079430242479e+01 1.447391263220066705e-02
2.726734205837282232e+01 1.403713486315654249e-02
2.751837013544679422e+01 1.365980899784387075e-02
2.776937726815812724e+01 1.334305214769833901e-02
2.802070160973895341e+01 1.316975371393530950e-02
2.827249982643487058e+01 1.283240478987916766e-02
2.852407603869968966e+01 1.246375053533259510e-02
2.877567300468570721e+01 1.216578653365222445e-02
2.902733523039245256e+01 1.188747189789711965e-02
2.927861073083739996e+01 1.165412255140461581e-02
2.953003196193969160e+01 1.141410907449003607e-02
2.978106336846375157e+01 1.109160464318644998e-02
3.003148440777084716e+01 1.087107913108132512e-02
3.028303386126418673e+01 1.055556958317183276e-02
3.053456493440382857e+01 1.032675513118559880e-02
3.078585183944906944e+01 1.011340529412378154e-02
3.103757946070165730e+01 9.856954195162224291e-03
3.128931656795834826e+01 9.671456183688300831e-03
3.154125974608096428e+01 9.532672043208831325e-03
3.179158626791808828e+01 9.332884109617290563e-03
3.204196438636942190e+01 9.063872195993952566e-03
3.229344668057169798e+01 8.901014204970235724e-03
3.254489998018084407e+01 8.759517183090153800e-03
3.279660140319880668e+01 8.539520976447908737e-03
3.304772754686901237e+01 8.390513148306693800e-03
3.329949953441923327e+01 8.197551379272499661e-03
3.355173249539067371e+01 8.032734553408580822e-03
3.380235474142784824e+01 7.878666508256462406e-03
3.405292218889088218e+01 7.718064982339000249e-03
3.430455901572810262e+01 7.547337680607428372e-03
3.455605119154291316e+01 7.363787021748975994e-03
3.480708698418615654e+01 7.283484391699388862e-03
3.505823042281740243e+01 7.148635095746543912e-03
3.530983122122644602e+01 7.004174642238384166e-03
3.556111974160763367e+01 6.855680367845032493e-03
3.581195885960364933e+01 6.756648276431761677e-03
3.606348577968052638e+01 6.609950905073894156e-03
3.631495136683125935e+01 6.457951892733644790e-03
3.656646781331610185e+01 6.384319078824844500e-03
3.681800948534306173e+01 6.242758282644060228e-03
3.706942350460822411e+01 6.124514387407077945e-03
3.732119977997001570e+01 5.998142848454741070e-03
3.757249197135423202e+01 5.908250253694279433e-03
3.782324055213251057e+01 5.813901203531374705e-03
3.807430609684078604e+01 5.689267539677493254e-03
3.832526519371521090e+01 5.615403598735255533e-03
3.857704530181875668e+01 5.503594029892795378e-03
3.882896255048217427e+01 5.419724295777915077e-03
3.907976684424035341e+01 5.313090517805574807e-03
3.933085588900704010e+01 5.181679602309801659e-03
3.958184533965361140e+01 5.159004589203264324e-03
3.983320492881626507e+01 5.065860649096821586e-03
4.008506787586624398e+01 4.955838409569408506e-03
4.033569471078550350e+01 4.842713753804802658e-03
4.058701345074587863e+01 4.784962711860958444e-03
4.083916815834436420e+01 4.679338638679975126e-03
4.108978611092747713e+01 4.622878515817222672e-03
4.134119394692694271e+01 4.554491943645272954e-03
4.159372926482761557e+01 4.474447779177922156e-03
4.184480996230068683e+01 4.405578199636571435e-03
4.209495048714620680e+01 4.343150781523991838e-03
4.234568601474854432e+01 4.266787243005873420e-03
4.259794184898333214e+01 4.186622348194678905e-03
4.284922176444433717e+01 4.135156667710139858e-03
4.309982534096671003e+01 4.073350855099197934e-03
4.335153475414617930e+01 3.984438376485578692e-03
4.360374984514007224e+01 3.958110508628720665e-03
4.385432838732079830e+01 3.914444356256980943e-03
4.410529766549178277e+01 3.854034056958777210e-03
4.435675536456894008e+01 3.768011008786100249e-03
4.460756668584335927e+01 3.716454496100478951e-03
4.485812369927145937e+01 3.641205046880086407e-03
4.510933196139897206e+01 3.571740620969519192e-03
4.536097672816924131e+01 3.513311322891251795e-03
4.561261869099184452e+01 3.488995532693717639e-03
4.586346064304911607e+01 3.421962295170297239e-03
4.611435299895526185e+01 3.375952576627326389e-03
4.636610302009028572e+01 3.294743657633108277e-03
4.661726081402038346e+01 3.306927959159708993e-03
4.686748045926628237e+01 3.262056238782324799e-03
4.712001000143001761e+01 3.231191316967181679e-03
4.737334269293729960e+01 3.153329111153734942e-03
4.762357272554871912e+01 3.130271314508231099e-03
4.787295862859781437e+01 3.039312835043796873e-03
4.812686710231834297e+01 3.009599069476267142e-03
4.837988354528783930e+01 2.975387734204323550e-03
4.862698975964909209e+01 2.928262409176065478e-03
4.887931961662670233e+01 2.877562424607448335e-03
4.913512531690142282e+01 2.861985363801846337e-03
4.938486646957150583e+01 2.813242576173561639e-03
4.963073103205424985e+01 2.766178620323346288e-03
4.988316058859187763e+01 2.673975701223987173e-03
5.013927392651110893e+01 2.618277294543915751e-03
5.038898445289544270e+01 2.608685406664399981e-03
5.063791314200675941e+01 2.661457396087110478e-03
5.089234515763529032e+01 2.588089455627949880e-03
5.114529266359630810e+01 2.480881849953717102e-03
5.138952878242714206e+01 2.573965138476735394e-03
5.163945178601188246e+01 2.481460061985369964e-03
5.190206698624180603e+01 2.356418749404703972e-03
5.215590084722179398e+01 2.532690331859484105e-03
5.238680673191466042e+01 2.314104761502294803e-03
5.263532591009818873e+01 2.384483333969311582e-03
5.290823119436031874e+01 2.342488593191384676e-03
5.316882575050344428e+01 2.339154700072466984e-03
5.338513341050097694e+01 2.253226874378605211e-03
5.363212510227822349e+01 2.291867958996577845e-03
5.391615723351310407e+01 2.162286367085295129e-03
5.419187693011466678e+01 2.059868849759914633e-03
5.439722241285236493e+01 2.182170141295209243e-03
5.462806064877949552e+01 1.992763508792635020e-03
5.491241494336609463e+01 2.089961690294430980e-03
5.519421446932921782e+01 2.222637271760667318e-03
5.543046826972861396e+01 3.586837602610287463e-03
5.561137265256709128e+01 6.080117121134425307e-04
