3.559856489878782115e-01 8.083489117966767026e+02
6.031648866026231293e-01 1.981705387392963189e+02
8.579160745827347778e-01 9.424783614813748045e+01
1.113464310595710716e+00 4.883309870599496350e+01
1.374039914321364408e+00 2.751671544386052304e+01
1.619154704570298309e+00 1.977068634281764758e+01
1.870686673430271840e+00 1.435276560040182403e+01
2.123290040706380832e+00 1.097530965183460516e+01
2.378144976376236119e+00 8.006528831654959433e+00
2.630489925835516996e+00 5.921519805497366562e+00
2.878653162679494670e+00 4.857563947011067640e+00
3.131144366275339319e+00 4.064862726361842427e+00
3.388159578333816313e+00 3.340331531015450217e+00
3.638741848210948149e+00 2.878496109369068634e+00
3.888315910732085268e+00 2.243531188032390045e+00
4.139052155837465996e+00 1.901477291021917759e+00
4.390305777018236988e+00 1.688491684108681001e+00
4.642172339120373081e+00 1.416823688260105962e+00
4.894678666149941293e+00 1.309227361534712086e+00
5.147269052361176378e+00 1.135428951691461741e+00
5.398003206656323272e+00 1.022933006988208104e+00
5.647798235368590269e+00 8.967976155103826175e-01
5.900534302989873581e+00 7.997069669880924048e-01
6.151460297009074374e+00 7.131270322585065990e-01
6.402630176204441526e+00 6.619754093486590607e-01
6.655964674748322096e+00 5.940695218164562252e-01
6.908782583105771202e+00 5.378804023437947501e-01
7.159060853508338873e+00 4.950277557532728467e-01
7.409414762591408632e+00 4.364076752024947936e-01
7.659227149364629561e+00 4.004826431945849863e-01
7.911559474606142395e+00 3.806731913805577183e-01
8.163750941790897997e+00 3.361493501473403200e-01
8.415757210439384295e+00 3.201242140176967510e-01
8.667638839289207198e+00 2.921404300459167769e-01
8.918801124864609520e+00 2.767797178180204654e-01
9.170480108345369530e+00 2.511245164779598027e-01
9.420566033467249412e+00 2.364015073043855275e-01
9.671642335271435797e+00 2.212862090736714415e-01
9.923426157758477473e+00 2.057924065773408528e-01
1.017396902749181820e+01 1.923252053485488555e-01
1.042533700753922155e+01 1.822692528604333007e-01
1.067702948358784276e+01 1.705142889439270060e-01
1.092969337256462303e+01 1.569493246001616438e-01
1.118211872033766419e+01 1.504468800578941667e-01
1.143346516925797296e+01 1.425361377526090101e-01
1.168350508557724687e+01 1.334059707926749938e-01
1.193379937775929100e+01 1.265893684723310153e-01
1.218553055762879112e+01 1.210632504698014034e-01
1.243711650801278878e+01 1.147878523592371219e-01
1.268867268647359303e+01 1.092077658215716146e-01
1.294075027177769144e+01 1.018880750146923669e-01
1.319267287020158363e+01 9.846962715008027167e-02
1.344470571782862756e+01 9.274890512788665220e-02
1.369480150283709641e+01 8.920999558619249759e-02
1.394591277066507828e+01 8.457148111272833058e-02
1.419764645764527167e+01 8.083909383913996660e-02
1.444766774168416212e+01 7.670397190716846114e-02
1.469906835825429070e+01 7.357276042391200366e-02
1.495059118111036511e+01 7.035570154026583867e-02
1.520261612590052991e+01 6.706476567139341149e-02
1.545415944503929495e+01 6.412322369633989549e-02
1.570456072545780124e+01 6.148580907914325683e-02
1.595705800128773966e+01 5.928845509890832977e-02
1.620829297830731619e+01 5.646144045931197897e-02
1.645966591028190962e+01 5.351919825116559226e-02
1.671125708846596325e+01 5.231079249324138702e-02
1.696160259490052624e+01 4.983128983808743362e-02
1.721370276108077135e+01 4.813682985794753150e-02
1.746543424102250341e+01 4.629127521694424707e-02
1.771598473288305442e+01 4.499012183580736179e-02
1.796653767411944003e+01 4.293707851116591867e-02
1.821765658501893270e+01 4.125474524482745237e-02
1.847053788120423334e+01 3.979471829050602871e-02
1.872257696809484173e+01 3.881970259656022243e-02
1.897394097105746269e+01 3.744091855235115451e-02
1.922542454726159988e+01 3.569850658731517357e-02
1.947607703355479103e+01 3.483532217001759218e-02
1.972678839839982601e+01 3.337301250202159147e-02
1.997802698857814363e+01 3.233500815061175065e-02
2.022863620534168660e+01 3.110088237784166751e-02
2.047969598507238231e+01 3.043327279371613875e-02
2.073250439107362553e+01 2.956224608147557317e-02
2.098435855211640089e+01 2.840645688848878608e-02
2.123502923393334640e+01 2.762029941830517962e-02
2.148629411178690773e+01 2.655536702349882427e-02
2.173831825513516591e+01 2.577117893334105597e-02
2.198972260956887226e+01 2.508562730780798666e-02
2.223974971000711420e+01 2.424500340328158976e-02
2.249141870643862973e+01 2.368977080279872222e-02
2.274404614890906373e+01 2.311684594079854368e-02
2.299521835768831579e+01 2.224155236352285542e-02
2.324620084136223852e+01 2.166188464410963646e-02
2.349757798664387209e+01 2.089545228859049711e-02
2.374870488118759937e+01 2.045707458623090974e-02
2.399988781917473091e+01 1.996134019207281007e-02
2.425071646049711305e+01 1.936461968998138064e-02
2.450187830577813841e+01 1.880712014336189883e-02
2.475391093216606109e+01 1.836159971742966704e-02
2.500524226975159792e+01 1.770665690379647286e-02
2.525610980153284402e+01 1.731967596256775432e-02
2.550801425092822328e+01 1.685651565250513920e-02
2.575943113325822864e+01 1.639786845209860108e-02
2.601074166866445125e+01 1.594352855975965724e-02
2.626234447079615464e+01 1.563471777025862014e-02
2.651347712943701751e+01 1.514618797161289103e-02
2.676474177984877656e+01 1.487309205381721899e-02
2.701628079430242479e+01 1.435684004641886793e-02
2.726734205837282232e+01 1.407139026528184816e-02
2.751837013544679422e+01 1.367770553039339074e-02
2.776937726815812724e+01 1.339150770357087038e-02
2.802070160973895341e+01 1.305864689403451497e-02
2.827249982643487058e+01 1.278450274564086990e-02
2.852407603869968966e+01 1.237542448823094644e-02
2.877567300468570721e+01 1.219333833133796029e-02
2.902733523039245256e+01 1.191650396310765282e-02
2.927861073083739996e+01 1.157171784445347636e-02
2.953003196193969160e+01 1.140918494220634002e-02
2.978106336846375157e+01 1.110203540167271040e-02
3.003148440777084716e+01 1.081868409182183688e-02
3.028303386126418673e+01 1.060795022202355893e-02
3.053456493440382857e+01 1.036557570845407852e-02
3.078585183944906944e+01 1.014187503562415452e-02
3.103757946070165730e+01 9.845161053612001834e-03
3.128931656795834826e+01 9.705152047181964808e-03
3.154125974608096428e+01 9.522761957402049379e-03
3.179158626791808828e+01 9.295884379241541734e-03
3.204196438636942190e+01 9.080757114319821036e-03
3.229344668057169798e+01 8.874021144437823846e-03
3.254489998018084407e+01 8.724822598128047224e-03
3.279660140319880668e+01 8.536415347051519789e-03
3.304772754686901237e+01 8.354934518905031415e-03
3.329949953441923327e+01 8.214009075783765962e-03
3.355173249539067371e+01 8.017002426327694137e-03
3.380235474142784824e+01 7.861761330684814697e-03
3.405292218889088218e+01 7.710647696962918962e-03
3.430455901572810262e+01 7.603184176238959868e-03
3.455605119154291316e+01 7.369336866134533655e-03
3.480708698418615654e+01 7.301758039101165221e-03
3.505823042281740243e+01 7.120264175561273265e-03
3.530983122122644602e+01 6.983506636430486872e-03
3.556111974160763367e+01 6.850685516746220054e-03
3.581195885960364933e+01 6.729648262875425821e-03
3.606348577968052638e+01 6.595782551037652694e-03
3.631495136683125935e+01 6.454983843663848059e-03
3.656646781331610185e+01 6.365351487055499226e-03
3.681800948534306173e+01 6.210635871370042901e-03
3.706942350460822411e+01 6.092274615333583519e-03
3.732119977997001570e+01 6.042431224391771674e-03
3.757249197135423202e+01 5.910909054729301601e-03
3.782324055213251057e+01 5.820549858524695294e-03
3.807430609684078604e+01 5.717621768910569752e-03
3.832526519371521090e+01 5.608685410600278143e-03
3.857704530181875668e+01 5.506738027204991469e-03
3.882896255048217427e+01 5.405306842368822612e-03
3.907976684424035341e+01 5.277820193909489935e-03
3.933085588900704010e+01 5.195626539376826253e-03
3.958184533965361140e+01 5.109005834111320608e-03
3.983320492881626507e+01 5.045964018498505683e-03
4.008506787586624398e+01 4.976200054134574495e-03
4.033569471078550350e+01 4.929139467759711957e-03
4.058701345074587863e+01 4.803741554648206964e-03
4.083916815834436420e+01 4.701673629618327056e-03
4.108978611092747713e+01 4.632039449764208637e-03
4.134119394692694271e+01 4.551732675544539752e-03
4.159372926482761557e+01 4.514994318985370708e-03
4.184480996230068683e+01 4.393078183455794740e-03
4.209495048714620680e+01 4.331630394323136152e-03
4.234568601474854432e+01 4.257717397106758339e-03
4.259794184898333214e+01 4.185798909158710245e-03
4.284922176444433717e+01 4.126371140681484896e-03
4.309982534096671003e+01 4.059260070714896911e-03
4.335153475414617930e+01 4.049051824384031217e-03
4.360374984514007224e+01 3.905395403062456982e-03
4.385432838732079830e+01 3.864391636204286742e-03
4.410529766549178277e+01 3.837049138850034697e-03
4.435675536456894008e+01 3.732610764261244923e-03
4.460756668584335927e+01 3.704514501239309504e-03
4.485812369927145937e+01 3.623618426576914742e-03
4.510933196139897206e+01 3.575847312078683261e-03
4.536097672816924131e+01 3.538349371414134786e-03
4.561261869099184452e+01 3.486976519520750342e-03
4.586346064304911607e+01 3.442418214909620088e-03
4.611435299895526185e+01 3.374669506808915427e-03
4.636610302009028572e+01 3.324311612475413635e-03
4.661726081402038346e+01 3.249506330223380420e-03
4.686748045926628237e+01 3.198217690505805472e-03
4.712001000143001761e+01 3.159778011859143681e-03
4.737334269293729960e+01 3.118895403846413776e-03
4.762357272554871912e+01 3.124899909801076049e-03
4.787295862859781437e+01 3.080274076881656456e-03
4.812686710231834297e+01 3.031269207776981015e-03
4.837988354528783930e+01 2.915096424799188714e-03
4.862698975964909209e+01 2.899517529100547990e-03
4.887931961662670233e+01 2.859570395101628144e-03
4.913512531690142282e+01 2.827662677064385344e-03
4.938486646957150583e+01 2.793333113127434344e-03
4.963073103205424985e+01 2.745771150813321616e-03
4.988316058859187763e+01 2.724527833509860549e-03
5.013927392651110893e+01 2.736012559063393142e-03
5.038898445289544270e+01 2.642021438022854572e-03
5.063791314200675941e+01 2.617115750788981919e-03
5.089234515763529032e+01 2.630421110095307411e-03
5.114529266359630810e+01 2.519586136030798045e-03
5.138952878242714206e+01 2.550853881850579166e-03
5.163945178601188246e+01 2.462596184182847415e-03
5.190206698624180603e+01 2.404136650825091596e-03
5.215590084722179398e+01 2.429094761506805662e-03
5.238680673191466042e+01 2.458093333652542831e-03
5.263532591009818873e+01 2.309930500951714542e-03
5.290823119436031874e+01 2.390795818769038492e-03
5.316882575050344428e+01 2.281355872540151777e-03
5.338513341050097694e+01 2.307904070730550702e-03
5.363212510227822349e+01 2.321532490222462299e-03
5.391615723351310407e+01 2.137597461601480325e-03
5.419187693011466678e+01 2.112276579142128522e-03
5.439722241285236493e+01 1.907393712588195765e-03
5.462806064877949552e+01 2.031815872947979277e-03
5.491241494336609463e+01 1.787983575727034339e-03
5.519421446932921782e+01 1.901723069321493769e-03
5.543046826972861396e+01 1.414668897144735456e-03
5.561137265256709128e+01 2.279517521095532177e-03
