3.559856489878782115e-01 8.403831696350107450e+02
6.031648866026231293e-01 2.466648029334932346e+02
8.579160745827347778e-01 9.502861150164648052e+01
1.113464310595710716e+00 4.947280612792534527e+01
1.374039914321364408e+00 2.787245820732485413e+01
1.619154704570298309e+00 1.936486919510573657e+01
1.870686673430271840e+00 1.404865696635013528e+01
2.123290040706380832e+00 9.946427181355563363e+00
2.378144976376236119e+00 8.286401381807056765e+00
2.630489925835516996e+00 6.221628801898355654e+00
2.878653162679494670e+00 5.122642363451954672e+00
3.131144366275339319e+00 4.013086343302330938e+00
3.388159578333816313e+00 3.107753893685721192e+00
3.638741848210948149e+00 2.727194176964074401e+00
3.888315910732085268e+00 2.272305091836662072e+00
4.139052155837465996e+00 1.989751445527259355e+00
4.390305777018236988e+00 1.652194160339946594e+00
4.642172339120373081e+00 1.528298333439366052e+00
4.894678666149941293e+00 1.251337950158836199e+00
5.147269052361176378e+00 1.155668400262394035e+00
5.398003206656323272e+00 1.002340091327313720e+00
5.647798235368590269e+00 8.856585109332715255e-01
5.900534302989873581e+00 7.751064998454721966e-01
6.151460297009074374e+00 7.141219698615766109e-01
6.402630176204441526e+00 6.559723961942990345e-01
6.655964674748322096e+00 5.855864071984600017e-01
6.908782583105771202e+00 5.466579120612206077e-01
7.159060853508338873e+00 4.893179122243621615e-01
7.409414762591408632e+00 4.486617334459912509e-01
7.659227149364629561e+00 4.082914119605529080e-01
7.911559474606142395e+00 3.641710773510601906e-01
8.163750941790897997e+00 3.443437178840543234e-01
8.415757210439384295e+00 3.208292725834095971e-01
8.667638839289207198e+00 2.892950316364393260e-01
8.918801124864609520e+00 2.748152262469834017e-01
9.170480108345369530e+00 2.565633713619022149e-01
9.420566033467249412e+00 2.321373579118089781e-01
9.671642335271435797e+00 2.200299898435198465e-01
9.923426157758477473e+00 2.098858478432536756e-01
1.017396902749181820e+01 1.927154352277151983e-01
1.042533700753922155e+01 1.811032829540867861e-01
1.067702948358784276e+01 1.717705784801670243e-01
1.092969337256462303e+01 1.593235831017195958e-01
1.118211872033766419e+01 1.507470583299286015e-01
1.143346516925797296e+01 1.413729895523337943e-01
1.168350508557724687e+01 1.368209994922378048e-01
1.193379937775929100e+01 1.274225670198377014e-01
1.218553055762879112e+01 1.208758960199720761e-01
1.243711650801278878e+01 1.129913580124020933e-01
1.268867268647359303e+01 1.073193764023597369e-01
1.294075027177769144e+01 1.020437684059167238e-01
1.319267287020158363e+01 9.804436815754971613e-02
1.344470571782862756e+01 9.248085882229638288e-02
1.369480150283709641e+01 8.771336139766122697e-02
1.394591277066507828e+01 8.460117904179466353e-02
1.419764645764527167e+01 8.034345928619122945e-02
1.444766774168416212e+01 7.675659457679161191e-02
1.469906835825429070e+01 7.304979573947756322e-02
1.495059118111036511e+01 7.049643975621122660e-02
1.520261612590052991e+01 6.636997965375848740e-02
1.545415944503929495e+01 6.461529230356757858e-02
1.570456072545780124e+01 6.093564054807332903e-02
1.595705800128773966e+01 5.884148037014830246e-02
1.620829297830731619e+01 5.695469681955282748e-02
1.645966591028190962e+01 5.443308763460422139e-02
1.671125708846596325e+01 5.230261033737441945e-02
1.696160259490052624e+01 5.025182980182775483e-02
1.721370276108077135e+01 4.851799130355107653e-02
1.746543424102250341e+01 4.684313827710046702e-02
1.771598473288305442e+01 4.474817022893094742e-02
1.796653767411944003e+01 4.317001670815152903e-02
1.821765658501893270e+01 4.138552747062974879e-02
1.847053788120423334e+01 4.000875440700055186e-02
1.872257696809484173e+01 3.846545596316135185e-02
1.897394097105746269e+01 3.725172945126278140e-02
1.922542454726159988e+01 3.589642015107691320e-02
1.947607703355479103e+01 3.479372271959059459e-02
1.972678839839982601e+01 3.345050113629900734e-02
1.997802698857814363e+01 3.230735832089751819e-02
2.022863620534168660e+01 3.158577534791259106e-02
2.047969598507238231e+01 3.028604250355090843e-02
2.073250439107362553e+01 2.956321285691010034e-02
2.098435855211640089e+01 2.829520718265094228e-02
2.123502923393334640e+01 2.722425447759684036e-02
2.148629411178690773e+01 2.675390512767505946e-02
2.173831825513516591e+01 2.604859231282708951e-02
2.198972260956887226e+01 2.501055467469803090e-02
2.223974971000711420e+01 2.425222814398031099e-02
2.249141870643862973e+01 2.361676816803471440e-02
2.274404614890906373e+01 2.282508531287165410e-02
2.299521835768831579e+01 2.221070162012497504e-02
2.324620084136223852e+01 2.159235912820466757e-02
2.349757798664387209e+01 2.099842766183964565e-02
2.374870488118759937e+01 2.048292894449093779e-02
2.399988781917473091e+01 2.004369744865653474e-02
2.425071646049711305e+01 1.932512031427363261e-02
2.450187830577813841e+01 1.877852139677198273e-02
2.475391093216606109e+01 1.823540263482358037e-02
2.500524226975159792e+01 1.783065143900169208e-02
2.525610980153284402e+01 1.717270011234070526e-02
2.550801425092822328e+01 1.684537462537115740e-02
2.575943113325822864e+01 1.639525436340363504e-02
2.601074166866445125e+01 1.595947352694403881e-02
2.626234447079615464e+01 1.571370617001845854e-02
2.651347712943701751e+01 1.526332385802631891e-02
2.676474177984877656e+01 1.476183213074783694e-02
2.701628079430242479e+01 1.447602812961682785e-02
2.726734205837282232e+01 1.412856274180715119e-02
2.751837013544679422e+01 1.367592372160291066e-02
2.776937726815812724e+01 1.341253348672944400e-02
2.802070160973895341e+01 1.304938225491429973e-02
2.827249982643487058e+01 1.285499327069927408e-02
2.852407603869968966e+01 1.242765869407949121e-02
2.877567300468570721e+01 1.220197299475841643e-02
2.902733523039245256e+01 1.191644371548806515e-02
2.927861073083739996e+01 1.159804061473995902e-02
2.953003196193969160e+01 1.132105234436084698e-02
2.978106336846375157e+01 1.111884795796423686e-02
3.003148440777084716e+01 1.086498907725881244e-02
3.028303386126418673e+01 1.066237957293552155e-02
3.053456493440382857e+01 1.038381369985242123e-02
3.078585183944906944e+01 1.016510814146452668e-02
3.103757946070165730e+01 9.940768278099528649e-03
3.128931656795834826e+01 9.749340876649876392e-03
3.154125974608096428e+01 9.570936363160784804e-03
3.179158626791808828e+01 9.310465764857127693e-03
3.204196438636942190e+01 9.104360737952607585e-03
3.229344668057169798e+01 8.868314480835635602e-03
3.254489998018084407e+01 8.686551907119059376e-03
3.279660140319880668e+01 8.511204082590964962e-03
3.304772754686901237e+01 8.410024097448710878e-03
3.329949953441923327e+01 8.158261210464076707e-03
3.355173249539067371e+01 8.047357933843599445e-03
3.380235474142784824e+01 7.889934119444974234e-03
3.405292218889088218e+01 7.709588781177654539e-03
3.430455901572810262e+01 7.597630185915250391e-03
3.455605119154291316e+01 7.433724772092412635e-03
3.480708698418615654e+01 7.233460679673026777e-03
3.505823042281740243e+01 7.164426594185019544e-03
3.530983122122644602e+01 7.007952340093994217e-03
3.556111974160763367e+01 6.828430571878916534e-03
3.581195885960364933e+01 6.722148138103305540e-03
3.606348577968052638e+01 6.585375668141120638e-03
3.631495136683125935e+01 6.469253490533267113e-03
3.656646781331610185e+01 6.355446329006537130e-03
3.681800948534306173e+01 6.248874299474209935e-03
3.706942350460822411e+01 6.123859643539403784e-03
3.732119977997001570e+01 6.010796156569981480e-03
3.757249197135423202e+01 5.888939287572496351e-03
3.782324055213251057e+01 5.814143318283072556e-03
3.807430609684078604e+01 5.674411954515185506e-03
3.832526519371521090e+01 5.569248177189975099e-03
3.857704530181875668e+01 5.521474802914542318e-03
3.882896255048217427e+01 5.407052608945736583e-03
3.907976684424035341e+01 5.269166458017933950e-03
3.933085588900704010e+01 5.258674736472761756e-03
3.958184533965361140e+01 5.086914897561494418e-03
3.983320492881626507e+01 5.052490526733939211e-03
4.008506787586624398e+01 4.955430508530656204e-03
4.033569471078550350e+01 4.859758262953484120e-03
4.058701345074587863e+01 4.788481702420172188e-03
4.083916815834436420e+01 4.717079643559098263e-03
4.108978611092747713e+01 4.623190056633402940e-03
4.134119394692694271e+01 4.585467446875655592e-03
4.159372926482761557e+01 4.475900585596545751e-03
4.184480996230068683e+01 4.409594532322386011e-03
4.209495048714620680e+01 4.360973964308745461e-03
4.234568601474854432e+01 4.293508652769612369e-03
4.259794184898333214e+01 4.189999215501253801e-03
4.284922176444433717e+01 4.102658307564291222e-03
4.309982534096671003e+01 4.058111175505715526e-03
4.335153475414617930e+01 3.991643931632241418e-03
4.360374984514007224e+01 3.924340094852234694e-03
4.385432838732079830e+01 3.876405317908367901e-03
4.410529766549178277e+01 3.816537804352481376e-03
4.435675536456894008e+01 3.761504159327667528e-03
4.460756668584335927e+01 3.696377606574555164e-03
4.485812369927145937e+01 3.648568834307737950e-03
4.510933196139897206e+01 3.605573825601247461e-03
4.536097672816924131e+01 3.529975540170345386e-03
4.561261869099184452e+01 3.490397456836964642e-03
4.586346064304911607e+01 3.400583640120594976e-03
4.611435299895526185e+01 3.353695668905172858e-03
4.636610302009028572e+01 3.360251151658989483e-03
4.661726081402038346e+01 3.297105468590280988e-03
4.686748045926628237e+01 3.285624615732493214e-03
4.712001000143001761e+01 3.157415456246301811e-03
4.737334269293729960e+01 3.151500389462665030e-03
4.762357272554871912e+01 3.059568806140688414e-03
4.787295862859781437e+01 3.078119864632945357e-03
4.812686710231834297e+01 3.047299995814926454e-03
4.837988354528783930e+01 2.988829052748595561e-03
4.862698975964909209e+01 2.930033013725446417e-03
4.887931961662670233e+01 2.895177124509519528e-03
4.913512531690142282e+01 2.852513997853346056e-03
4.938486646957150583e+01 2.764100287557728734e-03
4.963073103205424985e+01 2.771806126901655339e-03
4.988316058859187763e+01 2.712685233230691106e-03
5.013927392651110893e+01 2.672897146658235502e-03
5.038898445289544270e+01 2.680651244331212421e-03
5.063791314200675941e+01 2.603633445245286549e-03
5.089234515763529032e+01 2.592977900895416642e-03
5.114529266359630810e+01 2.544982148855916195e-03
5.138952878242714206e+01 2.504387070790418945e-03
5.163945178601188246e+01 2.396030773039706848e-03
5.190206698624180603e+01 2.541384115129164713e-03
5.215590084722179398e+01 2.366885573505468805e-03
5.238680673191466042e+01 2.379112014756689427e-03
5.263532591009818873e+01 2.382433467645603438e-03
5.290823119436031874e+01 2.352033104002285418e-03
5.316882575050344428e+01 2.277480443182125242e-03
5.338513341050097694e+01 2.422641940149960604e-03
5.363212510227822349e+01 2.186759256854965174e-03
5.391615723351310407e+01 2.021325148224577609e-03
5.419187693011466678e+01 2.079416560877966197e-03
5.439722241285236493e+01 2.226264782284905624e-03
5.462806064877949552e+01 2.182672938635082938e-03
5.491241494336609463e+01 2.166625390516938379e-03
5.519421446932921782e+01 2.023008022455208450e-03
5.543046826972861396e+01 2.847413292849798258e-03
5.561137265256709128e+01 1.233860801483551003e-03
