3.559856489878782115e-01 6.000064744963345902e+02
6.031648866026231293e-01 1.894307541395060070e+02
8.579160745827347778e-01 9.947282821941206521e+01
1.113464310595710716e+00 4.573784189864076666e+01
1.374039914321364408e+00 2.626942092948542040e+01
1.619154704570298309e+00 2.043721107389810498e+01
1.870686673430271840e+00 1.539158893139210349e+01
2.123290040706380832e+00 1.074320907617538801e+01
2.378144976376236119e+00 7.828543155881864557e+00
2.630489925835516996e+00 6.319516422912222708e+00
2.878653162679494670e+00 4.963182982059407777e+00
3.131144366275339319e+00 3.861936726077176196e+00
3.388159578333816313e+00 3.322811912614656027e+00
3.638741848210948149e+00 2.785425782774773928e+00
3.888315910732085268e+00 2.316586145895609405e+00
4.139052155837465996e+00 2.027856606735450207e+00
4.390305777018236988e+00 1.698364137784604599e+00
4.642172339120373081e+00 1.481499525598483302e+00
4.894678666149941293e+00 1.281317985889036448e+00
5.147269052361176378e+00 1.125772823006934598e+00
5.398003206656323272e+00 1.002141082445341613e+00
5.647798235368590269e+00 9.108250491253194747e-01
5.900534302989873581e+00 8.042855989921179338e-01
6.151460297009074374e+00 7.140306413873653835e-01
6.402630176204441526e+00 6.359543338990376604e-01
6.655964674748322096e+00 5.781412707350191971e-01
6.908782583105771202e+00 5.370336805722845108e-01
7.159060853508338873e+00 4.776275933135020746e-01
7.409414762591408632e+00 4.422181679765180840e-01
7.659227149364629561e+00 4.205023792655639969e-01
7.911559474606142395e+00 3.771513516131915766e-01
8.163750941790897997e+00 3.435312026760633519e-01
8.415757210439384295e+00 3.153636780906943771e-01
8.667638839289207198e+00 2.877193092865198421e-01
8.918801124864609520e+00 2.714055439042556972e-01
9.170480108345369530e+00 2.539587860900687222e-01
9.420566033467249412e+00 2.373477579458424525e-01
9.671642335271435797e+00 2.231160360821314581e-01
9.923426157758477473e+00 2.092728847173583040e-01
1.017396902749181820e+01 1.944003218040010750e-01
1.042533700753922155e+01 1.798262146352304913e-01
1.067702948358784276e+01 1.710841295064632894e-01
1.092969337256462303e+01 1.611013219250304329e-01
1.118211872033766419e+01 1.524867597674655073e-01
1.143346516925797296e+01 1.437929968329875463e-01
1.168350508557724687e+01 1.340449344459652692e-01
1.193379937775929100e+01 1.280553906750692417e-01
1.218553055762879112e+01 1.200826235752032040e-01
1.243711650801278878e+01 1.141076750929574946e-01
1.268867268647359303e+01 1.085942193298417846e-01
1.294075027177769144e+01 1.031854252177424880e-01
1.319267287020158363e+01 9.787507654994437312e-02
1.344470571782862756e+01 9.423758081518458785e-02
1.369480150283709641e+01 8.838632621125779021e-02
1.394591277066507828e+01 8.387926556125424593e-02
1.419764645764527167e+01 8.028164236204848869e-02
1.444766774168416212e+01 7.617366548697648843e-02
1.469906835825429070e+01 7.388480227245310117e-02
1.495059118111036511e+01 7.034094561993890771e-02
1.520261612590052991e+01 6.733699325779973766e-02
1.545415944503929495e+01 6.357865791173013259e-02
1.570456072545780124e+01 6.081250736287583530e-02
1.595705800128773966e+01 5.928052556674517914e-02
1.620829297830731619e+01 5.721502358891550344e-02
1.645966591028190962e+01 5.427326722938742576e-02
1.671125708846596325e+01 5.238482218186797656e-02
1.696160259490052624e+01 5.015192001572199576e-02
1.721370276108077135e+01 4.821378924468225358e-02
1.746543424102250341e+01 4.655971956581506088e-02
1.771598473288305442e+01 4.510342891175420782e-02
1.796653767411944003e+01 4.337438414821198629e-02
1.821765658501893270e+01 4.156992187000367600e-02
1.847053788120423334e+01 3.995257822944624920e-02
1.872257696809484173e+01 3.853767602545454113e-02
1.897394097105746269e+01 3.724062530796847653e-02
1.922542454726159988e+01 3.597684464990420078e-02
1.947607703355479103e+01 3.461981416182358801e-02
1.972678839839982601e+01 3.352776774499565543e-02
1.997802698857814363e+01 3.235932506088651239e-02
2.022863620534168660e+01 3.140205782292173481e-02
2.047969598507238231e+01 3.028611401701085740e-02
2.073250439107362553e+01 2.923746019722406331e-02
2.098435855211640089e+01 2.836703148353610440e-02
2.123502923393334640e+01 2.733645497843214742e-02
2.148629411178690773e+01 2.652632427774641311e-02
2.173831825513516591e+01 2.592887385590624677e-02
2.198972260956887226e+01 2.529921442071937643e-02
2.223974971000711420e+01 2.428583822853775873e-02
2.249141870643862973e+01 2.370858110100687588e-02
2.274404614890906373e+01 2.281755542154663766e-02
2.299521835768831579e+01 2.215683416757932914e-02
2.324620084136223852e+01 2.158639514403483742e-02
2.349757798664387209e+01 2.109092699405520216e-02
2.374870488118759937e+01 2.030638851451431817e-02
2.399988781917473091e+01 1.972832037177012568e-02
2.425071646049711305e+01 1.928348649573660006e-02
2.450187830577813841e+01 1.872719653914629509e-02
2.475391093216606109e+01 1.820405060373296233e-02
2.500524226975159792e+01 1.774074281589789470e-02
2.525610980153284402e+01 1.740693545006018195e-02
2.550801425092822328e+01 1.703890505154567053e-02
2.575943113325822864e+01 1.653865903526374401e-02
2.601074166866445125e+01 1.597890956116192196e-02
2.626234447079615464e+01 1.553541102105270716e-02
2.651347712943701751e+01 1.510128672439658461e-02
2.676474177984877656e+01 1.480168618254967296e-02
2.701628079430242479e+01 1.438358228598796314e-02
2.726734205837282232e+01 1.405101382664237890e-02
2.751837013544679422e+01 1.379582504222660530e-02
2.776937726815812724e+01 1.333828739841862870e-02
2.802070160973895341e+01 1.309861739089099308e-02
2.827249982643487058e+01 1.279527936646218667e-02
2.852407603869968966e+01 1.247858896434680259e-02
2.877567300468570721e+01 1.212812171520740237e-02
2.902733523039245256e+01 1.189730611616936218e-02
2.927861073083739996e+01 1.163610310045104512e-02
2.953003196193969160e+01 1.133087857197877767e-02
2.978106336846375157e+01 1.112735285786385295e-02
3.003148440777084716e+01 1.082734984140919753e-02
3.028303386126418673e+01 1.057148531872665817e-02
3.053456493440382857e+01 1.038382353697452076e-02
3.078585183944906944e+01 1.016276576610313301e-02
3.103757946070165730e+01 9.896847208626021256e-03
3.128931656795834826e+01 9.623826432304907405e-03
3.154125974608096428e+01 9.474845070169888098e-03
3.179158626791808828e+01 9.343457038759618236e-03
3.204196438636942190e+01 9.108857309290126214e-03
3.229344668057169798e+01 8.893577107439702700e-03
3.254489998018084407e+01 8.721690751895173552e-03
3.279660140319880668e+01 8.572059853637428034e-03
3.304772754686901237e+01 8.398867947607005849e-03
3.329949953441923327e+01 8.176602776113244681e-03
3.355173249539067371e+01 8.030723147699635536e-03
3.380235474142784824e+01 7.868054064333520475e-03
3.405292218889088218e+01 7.742989419856174602e-03
3.430455901572810262e+01 7.598861230954439758e-03
3.455605119154291316e+01 7.407258660433735376e-03
3.480708698418615654e+01 7.278191163314134612e-03
3.505823042281740243e+01 7.115809512293027293e-03
3.530983122122644602e+01 6.986570717554081364e-03
3.556111974160763367e+01 6.867799026359163068e-03
3.581195885960364933e+01 6.710750378899699511e-03
3.606348577968052638e+01 6.596101714359996551e-03
3.631495136683125935e+01 6.514443144940392991e-03
3.656646781331610185e+01 6.349838973461078249e-03
3.681800948534306173e+01 6.225104618274569096e-03
3.706942350460822411e+01 6.068066442415322691e-03
3.732119977997001570e+01 6.032316110146471178e-03
3.757249197135423202e+01 5.911811244357439120e-03
3.782324055213251057e+01 5.820678478381661677e-03
3.807430609684078604e+01 5.709101932887354451e-03
3.832526519371521090e+01 5.566229301065610605e-03
3.857704530181875668e+01 5.520788377015350794e-03
3.882896255048217427e+01 5.413264563912709160e-03
3.907976684424035341e+01 5.311710996668989396e-03
3.933085588900704010e+01 5.198729870618498325e-03
3.958184533965361140e+01 5.143614449865684980e-03
3.983320492881626507e+01 5.052043335600422437e-03
4.008506787586624398e+01 4.980559696793536786e-03
4.033569471078550350e+01 4.885589612686624603e-03
4.058701345074587863e+01 4.780610008920524283e-03
4.083916815834436420e+01 4.717114334000311465e-03
4.108978611092747713e+01 4.657009345131244045e-03
4.134119394692694271e+01 4.569438589501675224e-03
4.159372926482761557e+01 4.479954365439503712e-03
4.184480996230068683e+01 4.426930453617915727e-03
4.209495048714620680e+01 4.338487966684794958e-03
4.234568601474854432e+01 4.258720446121647997e-03
4.259794184898333214e+01 4.178137269105310254e-03
4.284922176444433717e+01 4.114623245159219726e-03
4.309982534096671003e+01 4.080824845994000805e-03
4.335153475414617930e+01 4.005760116692798356e-03
4.360374984514007224e+01 3.943800459836849931e-03
4.385432838732079830e+01 3.898110492928916204e-03
4.410529766549178277e+01 3.805228015085271916e-03
4.435675536456894008e+01 3.721173583467204168e-03
4.460756668584335927e+01 3.710105366632791835e-03
4.485812369927145937e+01 3.667910592528700938e-03
4.510933196139897206e+01 3.590187823229954583e-03
4.536097672816924131e+01 3.535913949914004997e-03
4.561261869099184452e+01 3.492853761629078138e-03
4.586346064304911607e+01 3.444720749973379913e-03
4.611435299895526185e+01 3.412161610304298778e-03
4.636610302009028572e+01 3.333736306894772086e-03
4.661726081402038346e+01 3.259339268165460310e-03
4.686748045926628237e+01 3.212263481851564649e-03
4.712001000143001761e+01 3.144406347295745745e-03
4.737334269293729960e+01 3.157146219148415991e-03
4.762357272554871912e+01 3.051071757657284386e-03
4.787295862859781437e+01 3.048625500916254775e-03
4.812686710231834297e+01 3.006801117025978669e-03
4.837988354528783930e+01 2.945119238232267195e-03
4.862698975964909209e+01 2.893982608323397970e-03
4.887931961662670233e+01 2.850072936335646106e-03
4.913512531690142282e+01 2.793947490907410392e-03
4.938486646957150583e+01 2.810821286489933145e-03
4.963073103205424985e+01 2.793645880778584164e-03
4.988316058859187763e+01 2.680875820069561835e-03
5.013927392651110893e+01 2.673598319536026665e-03
5.038898445289544270e+01 2.594964987925014750e-03
5.063791314200675941e+01 2.617713971508909589e-03
5.089234515763529032e+01 2.540983521636184031e-03
5.114529266359630810e+01 2.579297541350066263e-03
5.138952878242714206e+01 2.501535668544529675e-03
5.163945178601188246e+01 2.471438334766100538e-03
5.190206698624180603e+01 2.403537557845407749e-03
5.215590084722179398e+01 2.427686987295226122e-03
5.238680673191466042e+01 2.377862066995254514e-03
5.263532591009818873e+01 2.320521818149324199e-03
5.290823119436031874e+01 2.344039302720097705e-03
5.316882575050344428e+01 2.358635912380846206e-03
5.338513341050097694e+01 2.266847806387587132e-03
5.363212510227822349e+01 2.239372785701965185e-03
5.391615723351310407e+01 2.198025007926437003e-03
5.419187693011466678e+01 2.121731511151726379e-03
5.439722241285236493e+01 2.003703196532913115e-03
5.462806064877949552e+01 1.974226984359222104e-03
5.491241494336609463e+01 2.122692296860473945e-03
5.519421446932921782e+01 2.403633650380091434e-03
5.543046826972861396e+01 2.181325267120003217e-03
5.561137265256709128e+01 1.992987115234322835e-03
