3.559856489878782115e-01 6.991845701469359255e+02
6.031648866026231293e-01 2.043528780742930735e+02
8.579160745827347778e-01 9.846523544939894634e+01
1.113464310595710716e+00 5.542561383645769268e+01
1.374039914321364408e+00 3.341109468376349412e+01
1.619154704570298309e+00 2.122159644297268954e+01
1.870686673430271840e+00 1.452904115923401740e+01
2.123290040706380832e+00 9.943627534996284822e+00
2.378144976376236119e+00 7.563904828242519862e+00
2.630489925835516996e+00 6.379885216874807696e+00
2.878653162679494670e+00 4.874653463700747480e+00
3.131144366275339319e+00 3.774253065431018239e+00
3.388159578333816313e+00 3.259733630594248588e+00
3.638741848210948149e+00 2.670167002353896812e+00
3.888315910732085268e+00 2.324177554030973702e+00
4.139052155837465996e+00 1.999051364829859123e+00
4.390305777018236988e+00 1.654173671665781331e+00
4.642172339120373081e+00 1.484439952494938542e+00
4.894678666149941293e+00 1.306197957196873149e+00
5.147269052361176378e+00 1.106518905498446559e+00
5.398003206656323272e+00 9.822057814393915232e-01
5.647798235368590269e+00 8.905152012188628508e-01
5.900534302989873581e+00 8.165666985472304074e-01
6.151460297009074374e+00 6.987994917128064198e-01
6.402630176204441526e+00 6.508104961946973299e-01
6.655964674748322096e+00 5.871201383138887619e-01
6.908782583105771202e+00 5.334147902614864156e-01
7.159060853508338873e+00 4.771165666732651855e-01
7.409414762591408632e+00 4.482062981111346600e-01
7.659227149364629561e+00 4.030956750290359825e-01
7.911559474606142395e+00 3.706020771577012707e-01
8.163750941790897997e+00 3.416150145779155434e-01
8.415757210439384295e+00 3.251759315621881030e-01
8.667638839289207198e+00 2.957691206902027803e-01
8.918801124864609520e+00 2.746730810037607551e-01
9.170480108345369530e+00 2.582501506965352300e-01
9.420566033467249412e+00 2.385587365865024512e-01
9.671642335271435797e+00 2.227721487084143304e-01
9.923426157758477473e+00 2.097426324092040717e-01
1.017396902749181820e+01 1.984947821606456997e-01
1.042533700753922155e+01 1.845162295278496567e-01
1.067702948358784276e+01 1.721292312048173789e-01
1.092969337256462303e+01 1.612816474389734411e-01
1.118211872033766419e+01 1.521139322984169928e-01
1.143346516925797296e+01 1.425908673566317897e-01
1.168350508557724687e+01 1.333966508307245225e-01
1.193379937775929100e+01 1.265526895843282762e-01
1.218553055762879112e+01 1.212388324534491302e-01
1.243711650801278878e+01 1.140529013016057386e-01
1.268867268647359303e+01 1.095412165848911878e-01
1.294075027177769144e+01 1.045255673065915297e-01
1.319267287020158363e+01 9.804803494184680113e-02
1.344470571782862756e+01 9.379319168398887741e-02
1.369480150283709641e+01 8.867671023976139710e-02
1.394591277066507828e+01 8.517108141046388081e-02
1.419764645764527167e+01 8.024363035761716834e-02
1.444766774168416212e+01 7.630912723422034194e-02
1.469906835825429070e+01 7.314233132222014433e-02
1.495059118111036511e+01 7.058759497956444695e-02
1.520261612590052991e+01 6.682412865183673389e-02
1.545415944503929495e+01 6.432124343356618312e-02
1.570456072545780124e+01 6.103052057091006011e-02
1.595705800128773966e+01 5.925641423988171202e-02
1.620829297830731619e+01 5.642929046829846251e-02
1.645966591028190962e+01 5.466100176628476554e-02
1.671125708846596325e+01 5.234755777950485245e-02
1.696160259490052624e+01 4.998662776616322884e-02
1.721370276108077135e+01 4.804019833947983237e-02
1.746543424102250341e+01 4.638109710230449434e-02
1.771598473288305442e+01 4.444356866340945511e-02
1.796653767411944003e+01 4.312802607974788871e-02
1.821765658501893270e+01 4.159973987807118884e-02
1.847053788120423334e+01 4.030324266204748235e-02
1.872257696809484173e+01 3.845646355858036575e-02
1.897394097105746269e+01 3.726654614103507013e-02
1.922542454726159988e+01 3.594823090719977132e-02
1.947607703355479103e+01 3.481532190365221879e-02
1.972678839839982601e+01 3.334950783463728335e-02
1.997802698857814363e+01 3.216170762263938221e-02
2.022863620534168660e+01 3.101344263509638738e-02
2.047969598507238231e+01 3.038855078672342280e-02
2.073250439107362553e+01 2.970882637685145350e-02
2.098435855211640089e+01 2.844953981922799038e-02
2.123502923393334640e+01 2.752043667629490778e-02
2.148629411178690773e+01 2.662728429727116708e-02
2.173831825513516591e+01 2.595141625000364424e-02
2.198972260956887226e+01 2.500740962410552548e-02
2.223974971000711420e+01 2.462767203747398548e-02
2.249141870643862973e+01 2.347204788787115790e-02
2.274404614890906373e+01 2.282485769719540258e-02
2.299521835768831579e+01 2.216142640241187609e-02
2.324620084136223852e+01 2.181274126015370421e-02
2.349757798664387209e+01 2.107094866570975375e-02
2.374870488118759937e+01 2.043974763774525014e-02
2.399988781917473091e+01 1.980280396973363791e-02
2.425071646049711305e+01 1.923829442509862250e-02
2.450187830577813841e+01 1.878386515762339032e-02
2.475391093216606109e+01 1.831605396591986720e-02
2.500524226975159792e+01 1.783908701596549629e-02
2.525610980153284402e+01 1.728600906787610206e-02
2.550801425092822328e+01 1.682072253678115401e-02
2.575943113325822864e+01 1.643067348882740544e-02
2.601074166866445125e+01 1.607757651479067504e-02
2.626234447079615464e+01 1.564339973907795042e-02
2.651347712943701751e+01 1.513772332674026382e-02
2.676474177984877656e+01 1.480069200117025731e-02
2.701628079430242479e+01 1.450193745052460147e-02
2.726734205837282232e+01 1.407485828075242390e-02
2.751837013544679422e+01 1.372424143455048574e-02
2.776937726815812724e+01 1.335409052036686146e-02
2.802070160973895341e+01 1.309423415443675132e-02
2.827249982643487058e+01 1.277882678345813004e-02
2.852407603869968966e+01 1.240754852511967085e-02
2.877567300468570721e+01 1.222369836094064181e-02
2.902733523039245256e+01 1.186675526175419958e-02
2.927861073083739996e+01 1.163174451605484064e-02
2.953003196193969160e+01 1.133293234298095309e-02
2.978106336846375157e+01 1.110376018696639620e-02
3.003148440777084716e+01 1.082174245389629953e-02
3.028303386126418673e+01 1.054248043877971906e-02
3.053456493440382857e+01 1.038923348768148493e-02
3.078585183944906944e+01 1.017035176803234887e-02
3.103757946070165730e+01 9.955054101200672481e-03
3.128931656795834826e+01 9.671159314891574973e-03
3.154125974608096428e+01 9.526160010786516308e-03
3.179158626791808828e+01 9.301862480392407428e-03
3.204196438636942190e+01 9.116505608990115722e-03
3.229344668057169798e+01 8.905265077920410458e-03
3.254489998018084407e+01 8.692497379610978486e-03
3.279660140319880668e+01 8.574666151611376116e-03
3.304772754686901237e+01 8.360915755640635147e-03
3.329949953441923327e+01 8.199394504479620011e-03
3.355173249539067371e+01 8.030062547872959811e-03
3.380235474142784824e+01 7.873225016961886077e-03
3.405292218889088218e+01 7.723543328094423406e-03
3.430455901572810262e+01 7.579133546463541135e-03
3.455605119154291316e+01 7.405231133016920361e-03
3.480708698418615654e+01 7.287576805892600519e-03
3.505823042281740243e+01 7.124836967900239834e-03
3.530983122122644602e+01 7.024261745182817755e-03
3.556111974160763367e+01 6.860324109166457233e-03
3.581195885960364933e+01 6.739915176930209167e-03
3.606348577968052638e+01 6.575326604195922721e-03
3.631495136683125935e+01 6.447901974407603889e-03
3.656646781331610185e+01 6.372552194427791653e-03
3.681800948534306173e+01 6.253740285595627696e-03
3.706942350460822411e+01 6.133833003637359504e-03
3.732119977997001570e+01 6.046643990530295790e-03
3.757249197135423202e+01 5.911964519560532205e-03
3.782324055213251057e+01 5.809348065507646819e-03
3.807430609684078604e+01 5.681331090320739137e-03
3.832526519371521090e+01 5.623657653615270202e-03
3.857704530181875668e+01 5.480159249707314793e-03
3.882896255048217427e+01 5.398848324599403274e-03
3.907976684424035341e+01 5.324587581042386497e-03
3.933085588900704010e+01 5.195497475696601343e-03
3.958184533965361140e+01 5.132176350616986411e-03
3.983320492881626507e+01 5.079451227827870737e-03
4.008506787586624398e+01 4.949537391147428196e-03
4.033569471078550350e+01 4.866997089834609012e-03
4.058701345074587863e+01 4.796017804330929626e-03
4.083916815834436420e+01 4.652136372811366272e-03
4.108978611092747713e+01 4.642799817443639225e-03
4.134119394692694271e+01 4.555788945616114777e-03
4.159372926482761557e+01 4.455650574979891192e-03
4.184480996230068683e+01 4.374064253830729429e-03
4.209495048714620680e+01 4.310599607199565829e-03
4.234568601474854432e+01 4.293697876636860290e-03
4.259794184898333214e+01 4.171679920818237818e-03
4.284922176444433717e+01 4.130374791960972521e-03
4.309982534096671003e+01 4.038541037451556272e-03
4.335153475414617930e+01 3.990380213717459497e-03
4.360374984514007224e+01 3.925779292850616053e-03
4.385432838732079830e+01 3.887413221150820899e-03
4.410529766549178277e+01 3.818450802075869840e-03
4.435675536456894008e+01 3.748099231746409351e-03
4.460756668584335927e+01 3.664586831712997143e-03
4.485812369927145937e+01 3.617274961171060028e-03
4.510933196139897206e+01 3.612068094128507469e-03
4.536097672816924131e+01 3.492031848159838411e-03
4.561261869099184452e+01 3.486215157628099783e-03
4.586346064304911607e+01 3.406882066783716110e-03
4.611435299895526185e+01 3.361110917609477170e-03
4.636610302009028572e+01 3.346754101401098851e-03
4.661726081402038346e+01 3.290329903733188802e-03
4.686748045926628237e+01 3.223310461351348681e-03
4.712001000143001761e+01 3.219077784666604571e-03
4.737334269293729960e+01 3.134576401250250936e-03
4.762357272554871912e+01 3.089509312074495417e-03
4.787295862859781437e+01 3.044426829962523871e-03
4.812686710231834297e+01 2.998767166180243016e-03
4.837988354528783930e+01 3.033537875505194163e-03
4.862698975964909209e+01 3.005272909505139842e-03
4.887931961662670233e+01 2.894416540947918320e-03
4.913512531690142282e+01 2.847814010859940279e-03
4.938486646957150583e+01 2.887932862507967130e-03
4.963073103205424985e+01 2.777759505024136096e-03
4.988316058859187763e+01 2.674087592766575747e-03
5.013927392651110893e+01 2.743292076831827398e-03
5.038898445289544270e+01 2.671539482912372969e-03
5.063791314200675941e+01 2.591070567461238594e-03
5.089234515763529032e+01 2.541484722528279498e-03
5.114529266359630810e+01 2.532140772206487988e-03
5.138952878242714206e+01 2.507672661795992426e-03
5.163945178601188246e+01 2.455401879414391853e-03
5.190206698624180603e+01 2.477199215549120460e-03
5.215590084722179398e+01 2.462644092390902165e-03
5.238680673191466042e+01 2.414406733204262512e-03
5.263532591009818873e+01 2.474273484443140041e-03
5.290823119436031874e+01 2.323876222149798016e-03
5.316882575050344428e+01 2.202448797030105189e-03
5.338513341050097694e+01 2.349390759470104239e-03
5.363212510227822349e+01 2.240373839274220364e-03
5.391615723351310407e+01 2.090295608727460192e-03
5.419187693011466678e+01 2.130113038657722307e-03
5.439722241285236493e+01 1.939353358003729523e-03
5.462806064877949552e+01 2.162227094613194088e-03
5.491241494336609463e+01 1.897831223026654650e-03
5.519421446932921782e+01 2.171233178200169308e-03
5.543046826972861396e+01 2.940067741972775955e-03
5.561137265256709128e+01 2.448468171109083585e-03
