3.559856489878782115e-01 4.821499607232310609e+02
6.031648866026231293e-01 2.403556280391601092e+02
8.579160745827347778e-01 1.017589000318013035e+02
1.113464310595710716e+00 5.555641338629398263e+01
1.374039914321364408e+00 3.129205317273700970e+01
1.619154704570298309e+00 1.980168954907022894e+01
1.870686673430271840e+00 1.368457024166788649e+01
2.123290040706380832e+00 1.028836236925846492e+01
2.378144976376236119e+00 7.997507245053492753e+00
2.630489925835516996e+00 6.260239910949597864e+00
2.878653162679494670e+00 5.257550697058062106e+00
3.131144366275339319e+00 4.078367012681517245e+00
3.388159578333816313e+00 3.223771875568941070e+00
3.638741848210948149e+00 2.881612676654546679e+00
3.888315910732085268e+00 2.342228493457567229e+00
4.139052155837465996e+00 1.904087670246163988e+00
4.390305777018236988e+00 1.708387725497971799e+00
4.642172339120373081e+00 1.523859760803593755e+00
4.894678666149941293e+00 1.252382777522331958e+00
5.147269052361176378e+00 1.108244556444699880e+00
5.398003206656323272e+00 1.011307739010203433e+00
5.647798235368590269e+00 9.162489096314191395e-01
5.900534302989873581e+00 8.037448878340053282e-01
6.151460297009074374e+00 7.434217251533516979e-01
6.402630176204441526e+00 6.399281454772641764e-01
6.655964674748322096e+00 5.950343434495425354e-01
6.908782583105771202e+00 5.272599890122442456e-01
7.159060853508338873e+00 4.743682642664668880e-01
7.409414762591408632e+00 4.366555397630482727e-01
7.659227149364629561e+00 4.171650979870331621e-01
7.911559474606142395e+00 3.714573379061036906e-01
8.163750941790897997e+00 3.443184205498507899e-01
8.415757210439384295e+00 3.187926815409520276e-01
8.667638839289207198e+00 2.931756663089999382e-01
8.918801124864609520e+00 2.724877422275213124e-01
9.170480108345369530e+00 2.557863620784047165e-01
9.420566033467249412e+00 2.368495163123941483e-01
9.671642335271435797e+00 2.217852908997013650e-01
9.923426157758477473e+00 2.087397550462827267e-01
1.017396902749181820e+01 1.952856245733659291e-01
1.042533700753922155e+01 1.833650316562559224e-01
1.067702948358784276e+01 1.713817610343161546e-01
1.092969337256462303e+01 1.602430343946551761e-01
1.118211872033766419e+01 1.488225257694132386e-01
1.143346516925797296e+01 1.411965678608715358e-01
1.168350508557724687e+01 1.332934472323444308e-01
1.193379937775929100e+01 1.257077118899915524e-01
1.218553055762879112e+01 1.204916756272554346e-01
1.243711650801278878e+01 1.132518769727244717e-01
1.268867268647359303e+01 1.088230215266287881e-01
1.294075027177769144e+01 1.027666396485596018e-01
1.319267287020158363e+01 9.817102539026513475e-02
1.344470571782862756e+01 9.302933248483906403e-02
1.369480150283709641e+01 8.880918583670141531e-02
1.394591277066507828e+01 8.374298310211372720e-02
1.419764645764527167e+01 8.011420895006901577e-02
1.444766774168416212e+01 7.709273040935170351e-02
1.469906835825429070e+01 7.288005390854122856e-02
1.495059118111036511e+01 6.975569320155719510e-02
1.520261612590052991e+01 6.739053647253478996e-02
1.545415944503929495e+01 6.467212236784597446e-02
1.570456072545780124e+01 6.150218886846862271e-02
1.595705800128773966e+01 5.883888186438865353e-02
1.620829297830731619e+01 5.663343741600766063e-02
1.645966591028190962e+01 5.447678194005727698e-02
1.671125708846596325e+01 5.253584963928076279e-02
1.696160259490052624e+01 4.987948166468449823e-02
1.721370276108077135e+01 4.796375257237267542e-02
1.746543424102250341e+01 4.654314119768446917e-02
1.771598473288305442e+01 4.472519681018988918e-02
1.796653767411944003e+01 4.268147898690252684e-02
1.821765658501893270e+01 4.158051645245525868e-02
1.847053788120423334e+01 4.007394644417026919e-02
1.872257696809484173e+01 3.895529936532544923e-02
1.897394097105746269e+01 3.706826302004661428e-02
1.922542454726159988e+01 3.576738884360242815e-02
1.947607703355479103e+01 3.454827784593617751e-02
1.972678839839982601e+01 3.364253254800284032e-02
1.997802698857814363e+01 3.239298748510513470e-02
2.022863620534168660e+01 3.140534446656886858e-02
2.047969598507238231e+01 3.033467973068085591e-02
2.073250439107362553e+01 2.935095551832428082e-02
2.098435855211640089e+01 2.855118909376987493e-02
2.123502923393334640e+01 2.773690457087204728e-02
2.148629411178690773e+01 2.661505132723351180e-02
2.173831825513516591e+01 2.575018433620404612e-02
2.198972260956887226e+01 2.526114040837027647e-02
2.223974971000711420e+01 2.442390962699962295e-02
2.249141870643862973e+01 2.351330954067737053e-02
2.274404614890906373e+01 2.281681055244628650e-02
2.299521835768831579e+01 2.221655379621319606e-02
2.324620084136223852e+01 2.157364578593260265e-02
2.349757798664387209e+01 2.122075584541764648e-02
2.374870488118759937e+01 2.044467327171580959e-02
2.399988781917473091e+01 1.980143832461184542e-02
2.425071646049711305e+01 1.913141715383483502e-02
2.450187830577813841e+01 1.874792570030817812e-02
2.475391093216606109e+01 1.830676175679126980e-02
2.500524226975159792e+01 1.779964218109616678e-02
2.525610980153284402e+01 1.722816456718316916e-02
2.550801425092822328e+01 1.685841531205796787e-02
2.575943113325822864e+01 1.630140844547923323e-02
2.601074166866445125e+01 1.599600230270653220e-02
2.626234447079615464e+01 1.555029858658862896e-02
2.651347712943701751e+01 1.511583171632548996e-02
2.676474177984877656e+01 1.474577718142450200e-02
2.701628079430242479e+01 1.440034590520728429e-02
2.726734205837282232e+01 1.403652156237876307e-02
2.751837013544679422e+01 1.364127117459177328e-02
2.776937726815812724e+01 1.333436326461512333e-02
2.802070160973895341e+01 1.312098451430057482e-02
2.827249982643487058e+01 1.273326939258149701e-02
2.852407603869968966e+01 1.248217337464425404e-02
2.877567300468570721e+01 1.217517685165411291e-02
2.902733523039245256e+01 1.196089316441728036e-02
2.927861073083739996e+01 1.162718613347954455e-02
2.953003196193969160e+01 1.134128625075219235e-02
2.978106336846375157e+01 1.111169173355681418e-02
3.003148440777084716e+01 1.084001035417202566e-02
3.028303386126418673e+01 1.057631110030755883e-02
3.053456493440382857e+01 1.039406518724133970e-02
3.078585183944906944e+01 1.014348392213792333e-02
3.103757946070165730e+01 9.946618728939472104e-03
3.128931656795834826e+01 9.705346863614461306e-03
3.154125974608096428e+01 9.533563312261381789e-03
3.179158626791808828e+01 9.296330533725043546e-03
3.204196438636942190e+01 9.051140362547926629e-03
3.229344668057169798e+01 8.913824261314519382e-03
3.254489998018084407e+01 8.760018490149592413e-03
3.279660140319880668e+01 8.580340631945267485e-03
3.304772754686901237e+01 8.361434001995982426e-03
3.329949953441923327e+01 8.208612163168461928e-03
3.355173249539067371e+01 8.024452290897479342e-03
3.380235474142784824e+01 7.866797694613864717e-03
3.405292218889088218e+01 7.724995790541300950e-03
3.430455901572810262e+01 7.563526363105336700e-03
3.455605119154291316e+01 7.437079358863871864e-03
3.480708698418615654e+01 7.290695214956422268e-03
3.505823042281740243e+01 7.156099373027468256e-03
3.530983122122644602e+01 7.014737136315131981e-03
3.556111974160763367e+01 6.879406829181575200e-03
3.581195885960364933e+01 6.699883023558715102e-03
3.606348577968052638e+01 6.623073713796968735e-03
3.631495136683125935e+01 6.438388011400969328e-03
3.656646781331610185e+01 6.369826741124399137e-03
3.681800948534306173e+01 6.253336333542695163e-03
3.706942350460822411e+01 6.133541408356824216e-03
3.732119977997001570e+01 6.002499031442463766e-03
3.757249197135423202e+01 5.938228350810080027e-03
3.782324055213251057e+01 5.812293146275388130e-03
3.807430609684078604e+01 5.717505006897729246e-03
3.832526519371521090e+01 5.611726787250111495e-03
3.857704530181875668e+01 5.484189711135127772e-03
3.882896255048217427e+01 5.372523560617688265e-03
3.907976684424035341e+01 5.293809724745866634e-03
3.933085588900704010e+01 5.226646749529668956e-03
3.958184533965361140e+01 5.141641068076338583e-03
3.983320492881626507e+01 5.032928062745595926e-03
4.008506787586624398e+01 4.971396336887340395e-03
4.033569471078550350e+01 4.864747180308806943e-03
4.058701345074587863e+01 4.788354369217465503e-03
4.083916815834436420e+01 4.682592009463274092e-03
4.108978611092747713e+01 4.649101258100066594e-03
4.134119394692694271e+01 4.545186145388783149e-03
4.159372926482761557e+01 4.491416104838451100e-03
4.184480996230068683e+01 4.409336316699301143e-03
4.209495048714620680e+01 4.366242159174076910e-03
4.234568601474854432e+01 4.247560215135607296e-03
4.259794184898333214e+01 4.205381153357419868e-03
4.284922176444433717e+01 4.152773935669028596e-03
4.309982534096671003e+01 4.056023903741354068e-03
4.335153475414617930e+01 4.000893785120689106e-03
4.360374984514007224e+01 3.909915647796182933e-03
4.385432838732079830e+01 3.862300413889387107e-03
4.410529766549178277e+01 3.828641883891495401e-03
4.435675536456894008e+01 3.729044157480381101e-03
4.460756668584335927e+01 3.706496507639949704e-03
4.485812369927145937e+01 3.634134952372916443e-03
4.510933196139897206e+01 3.635558764841594678e-03
4.536097672816924131e+01 3.549978019455546190e-03
4.561261869099184452e+01 3.486903003138691094e-03
4.586346064304911607e+01 3.412418366016653146e-03
4.611435299895526185e+01 3.376220357241012902e-03
4.636610302009028572e+01 3.360033276613359071e-03
4.661726081402038346e+01 3.262235860989501964e-03
4.686748045926628237e+01 3.228381213102169810e-03
4.712001000143001761e+01 3.191381213307520164e-03
4.737334269293729960e+01 3.129991974859060166e-03
4.762357272554871912e+01 3.052798210957975277e-03
4.787295862859781437e+01 3.090647221159053062e-03
4.812686710231834297e+01 2.972969655677531586e-03
4.837988354528783930e+01 2.967049275245278207e-03
4.862698975964909209e+01 2.908896907880326697e-03
4.887931961662670233e+01 2.918188966052556038e-03
4.913512531690142282e+01 2.847323398683309584e-03
4.938486646957150583e+01 2.782047642635272853e-03
4.963073103205424985e+01 2.747624101079224578e-03
4.988316058859187763e+01 2.756435517335603831e-03
5.013927392651110893e+01 2.728600032743938066e-03
5.038898445289544270e+01 2.617724076023216027e-03
5.063791314200675941e+01 2.603681186688587817e-03
5.089234515763529032e+01 2.556496322551720692e-03
5.114529266359630810e+01 2.567074810997922816e-03
5.138952878242714206e+01 2.467304651487841997e-03
5.163945178601188246e+01 2.411740657920260697e-03
5.190206698624180603e+01 2.393662371630403927e-03
5.215590084722179398e+01 2.526145706079017776e-03
5.238680673191466042e+01 2.390905479444644169e-03
5.263532591009818873e+01 2.285194728335914090e-03
5.290823119436031874e+01 2.379097091024891340e-03
5.316882575050344428e+01 2.304518626882930740e-03
5.338513341050097694e+01 2.227818129859255192e-03
5.363212510227822349e+01 2.294653773707779933e-03
5.391615723351310407e+01 2.145301773135232550e-03
5.419187693011466678e+01 2.296066161572937140e-03
5.439722241285236493e+01 2.188626941178728209e-03
5.462806064877949552e+01 2.046809933762143690e-03
5.491241494336609463e+01 2.200128553652862685e-03
5.519421446932921782e+01 1.603958164932647130e-03
5.543046826972861396e+01 1.829860508965585383e-03
5.561137265256709128e+01 2.911285118108125278e-03
