3.559856489878782115e-01 6.038695930126515350e+02
6.031648866026231293e-01 2.069461532544189595e+02
8.579160745827347778e-01 8.115445741829329052e+01
1.113464310595710716e+00 4.979613662433471433e+01
1.374039914321364408e+00 3.170834635090242060e+01
1.619154704570298309e+00 2.102255563462917110e+01
1.870686673430271840e+00 1.395411965826362533e+01
2.123290040706380832e+00 1.089989000159116372e+01
2.378144976376236119e+00 8.367129990280428586e+00
2.630489925835516996e+00 6.438427731229560358e+00
2.878653162679494670e+00 4.654452468453877501e+00
3.131144366275339319e+00 4.229424423501218833e+00
3.388159578333816313e+00 3.296269859111464751e+00
3.638741848210948149e+00 2.811594009602222943e+00
3.888315910732085268e+00 2.387349740094671269e+00
4.139052155837465996e+00 1.992583464025413420e+00
4.390305777018236988e+00 1.767757289167012358e+00
4.642172339120373081e+00 1.483211603296239245e+00
4.894678666149941293e+00 1.304312927406148681e+00
5.147269052361176378e+00 1.111001770117940213e+00
5.398003206656323272e+00 1.013886624360470279e+00
5.647798235368590269e+00 9.093534748478833141e-01
5.900534302989873581e+00 7.863168408846279434e-01
6.151460297009074374e+00 7.096664230469165169e-01
6.402630176204441526e+00 6.618496975046050945e-01
6.655964674748322096e+00 5.923931472309043045e-01
6.908782583105771202e+00 5.274033985252746248e-01
7.159060853508338873e+00 4.889845475071753489e-01
7.409414762591408632e+00 4.442390354094872262e-01
7.659227149364629561e+00 4.099868451053222396e-01
7.911559474606142395e+00 3.775245303096301241e-01
8.163750941790897997e+00 3.478732494684640963e-01
8.415757210439384295e+00 3.176043573280909471e-01
8.667638839289207198e+00 2.987622745227471732e-01
8.918801124864609520e+00 2.744183389170385956e-01
9.170480108345369530e+00 2.521398606563676759e-01
9.420566033467249412e+00 2.388797614733949304e-01
9.671642335271435797e+00 2.242648609200921239e-01
9.923426157758477473e+00 2.089198803330273024e-01
1.017396902749181820e+01 1.965969438637297784e-01
1.042533700753922155e+01 1.819459303447242549e-01
1.067702948358784276e+01 1.708892599226784770e-01
1.092969337256462303e+01 1.621429515178156866e-01
1.118211872033766419e+01 1.529523526957797530e-01
1.143346516925797296e+01 1.396626392561786667e-01
1.168350508557724687e+01 1.359159076880657180e-01
1.193379937775929100e+01 1.260123943625275633e-01
1.218553055762879112e+01 1.206736658189036110e-01
1.243711650801278878e+01 1.136876007526381738e-01
1.268867268647359303e+01 1.087622060035480231e-01
1.294075027177769144e+01 1.019980163844280835e-01
1.319267287020158363e+01 9.815912228770615200e-02
1.344470571782862756e+01 9.335961386982220833e-02
1.369480150283709641e+01 8.827125693433958420e-02
1.394591277066507828e+01 8.406294817504153527e-02
1.419764645764527167e+01 7.980494289759819393e-02
1.444766774168416212e+01 7.768945472648979000e-02
1.469906835825429070e+01 7.384285931919845614e-02
1.495059118111036511e+01 6.991899591248880441e-02
1.520261612590052991e+01 6.711007934274380859e-02
1.545415944503929495e+01 6.462565406563004766e-02
1.570456072545780124e+01 6.177987708940818612e-02
1.595705800128773966e+01 5.901378702943785998e-02
1.620829297830731619e+01 5.704694473453265219e-02
1.645966591028190962e+01 5.407136431630674839e-02
1.671125708846596325e+01 5.210535226020562155e-02
1.696160259490052624e+01 5.028272308140854102e-02
1.721370276108077135e+01 4.840257076479265869e-02
1.746543424102250341e+01 4.654021864517363105e-02
1.771598473288305442e+01 4.477924581139641064e-02
1.796653767411944003e+01 4.361442117769173676e-02
1.821765658501893270e+01 4.131838041209843354e-02
1.847053788120423334e+01 3.990440205536612689e-02
1.872257696809484173e+01 3.859664241744241442e-02
1.897394097105746269e+01 3.738530997333196909e-02
1.922542454726159988e+01 3.575069441661865577e-02
1.947607703355479103e+01 3.445630964354103737e-02
1.972678839839982601e+01 3.364737831014716352e-02
1.997802698857814363e+01 3.236267430008861468e-02
2.022863620534168660e+01 3.127151305476829485e-02
2.047969598507238231e+01 3.018313921131367261e-02
2.073250439107362553e+01 2.936835204053950613e-02
2.098435855211640089e+01 2.830912203253986223e-02
2.123502923393334640e+01 2.746048472406103710e-02
2.148629411178690773e+01 2.659205802180277661e-02
2.173831825513516591e+01 2.595557369184475424e-02
2.198972260956887226e+01 2.537547335760717213e-02
2.223974971000711420e+01 2.421583971041091354e-02
2.249141870643862973e+01 2.361990420996112894e-02
2.274404614890906373e+01 2.307077528035270456e-02
2.299521835768831579e+01 2.231379368381222056e-02
2.324620084136223852e+01 2.143043107090313731e-02
2.349757798664387209e+01 2.096736693327769588e-02
2.374870488118759937e+01 2.052012669326370303e-02
2.399988781917473091e+01 1.982504518367403032e-02
2.425071646049711305e+01 1.934989181862371149e-02
2.450187830577813841e+01 1.873859908501368174e-02
2.475391093216606109e+01 1.843336472014944424e-02
2.500524226975159792e+01 1.771547810373067314e-02
2.525610980153284402e+01 1.736797817719068146e-02
2.550801425092822328e+01 1.676913905681922182e-02
2.575943113325822864e+01 1.642354434405028998e-02
2.601074166866445125e+01 1.586830515148988582e-02
2.626234447079615464e+01 1.556345758162557512e-02
2.651347712943701751e+01 1.521431381854912272e-02
2.676474177984877656e+01 1.466095030319927023e-02
2.701628079430242479e+01 1.445298766597546969e-02
2.726734205837282232e+01 1.408105435213485683e-02
2.751837013544679422e+01 1.371795539966788081e-02
2.776937726815812724e+01 1.338819024138896210e-02
2.802070160973895341e+01 1.308392339366769123e-02
2.827249982643487058e+01 1.281097444571171334e-02
2.852407603869968966e+01 1.245612243436410201e-02
2.877567300468570721e+01 1.215365190060595929e-02
2.902733523039245256e+01 1.191487878901270440e-02
2.927861073083739996e+01 1.158536011995860149e-02
2.953003196193969160e+01 1.134627361397153207e-02
2.978106336846375157e+01 1.104610657893313752e-02
3.003148440777084716e+01 1.093918439897286279e-02
3.028303386126418673e+01 1.058325316935306709e-02
3.053456493440382857e+01 1.037031678765832493e-02
3.078585183944906944e+01 1.010009744828119053e-02
3.103757946070165730e+01 9.904284979275999878e-03
3.128931656795834826e+01 9.687486130339404561e-03
3.154125974608096428e+01 9.485000897848976098e-03
3.179158626791808828e+01 9.323063864346283272e-03
3.204196438636942190e+01 9.100075210530739547e-03
3.229344668057169798e+01 8.915383863651904148e-03
3.254489998018084407e+01 8.729326248868051960e-03
3.279660140319880668e+01 8.545720798032034257e-03
3.304772754686901237e+01 8.375933008905774024e-03
3.329949953441923327e+01 8.218165914631370139e-03
3.355173249539067371e+01 7.992546018557580498e-03
3.380235474142784824e+01 7.934179667878788270e-03
3.405292218889088218e+01 7.741459113299055915e-03
3.430455901572810262e+01 7.575673058212892622e-03
3.455605119154291316e+01 7.406722941273854131e-03
3.480708698418615654e+01 7.270291767505240692e-03
3.505823042281740243e+01 7.119263120010582008e-03
3.530983122122644602e+01 6.985347438397596261e-03
3.556111974160763367e+01 6.829233783316481649e-03
3.581195885960364933e+01 6.717741718122035958e-03
3.606348577968052638e+01 6.631212117086423934e-03
3.631495136683125935e+01 6.501738705843929274e-03
3.656646781331610185e+01 6.354441437428215780e-03
3.681800948534306173e+01 6.246502947201899511e-03
3.706942350460822411e+01 6.130608468689225515e-03
3.732119977997001570e+01 6.010416228762882097e-03
3.757249197135423202e+01 5.913002037276875698e-03
3.782324055213251057e+01 5.811784983239749562e-03
3.807430609684078604e+01 5.670952144471244800e-03
3.832526519371521090e+01 5.574279058112866642e-03
3.857704530181875668e+01 5.498347186360168400e-03
3.882896255048217427e+01 5.380092576144564730e-03
3.907976684424035341e+01 5.337619612829296034e-03
3.933085588900704010e+01 5.222564246568207544e-03
3.958184533965361140e+01 5.116105979080349045e-03
3.983320492881626507e+01 5.073338400100940379e-03
4.008506787586624398e+01 4.943645662549892537e-03
4.033569471078550350e+01 4.860739161938952904e-03
4.058701345074587863e+01 4.810821761092662699e-03
4.083916815834436420e+01 4.733145080715411152e-03
4.108978611092747713e+01 4.637941153844557345e-03
4.134119394692694271e+01 4.571499374535837809e-03
4.159372926482761557e+01 4.476406043086517475e-03
4.184480996230068683e+01 4.393010878365665936e-03
4.209495048714620680e+01 4.319905262121555116e-03
4.234568601474854432e+01 4.288683037911166993e-03
4.259794184898333214e+01 4.194161136472220747e-03
4.284922176444433717e+01 4.139504286306005393e-03
4.309982534096671003e+01 4.051624384076967476e-03
4.335153475414617930e+01 4.018653630593980314e-03
4.360374984514007224e+01 3.943129338770320035e-03
4.385432838732079830e+01 3.899001472182798966e-03
4.410529766549178277e+01 3.845835361349617468e-03
4.435675536456894008e+01 3.768978995686979132e-03
4.460756668584335927e+01 3.710487112744737317e-03
4.485812369927145937e+01 3.662904539730276344e-03
4.510933196139897206e+01 3.583638397825825335e-03
4.536097672816924131e+01 3.528878385201435468e-03
4.561261869099184452e+01 3.462114467119492903e-03
4.586346064304911607e+01 3.444621965674346184e-03
4.611435299895526185e+01 3.398822739817168592e-03
4.636610302009028572e+01 3.359372963008319581e-03
4.661726081402038346e+01 3.255640313191736183e-03
4.686748045926628237e+01 3.243671691018609575e-03
4.712001000143001761e+01 3.217023970257290588e-03
4.737334269293729960e+01 3.130519447395367291e-03
4.762357272554871912e+01 3.106442937611535345e-03
4.787295862859781437e+01 3.076332058201775629e-03
4.812686710231834297e+01 3.014819815576806356e-03
4.837988354528783930e+01 2.983726266600698462e-03
4.862698975964909209e+01 2.941959556722428641e-03
4.887931961662670233e+01 2.898024293572601037e-03
4.913512531690142282e+01 2.880404310754742722e-03
4.938486646957150583e+01 2.814868774458831584e-03
4.963073103205424985e+01 2.811307119563925469e-03
4.988316058859187763e+01 2.728999699750159907e-03
5.013927392651110893e+01 2.638793098407843461e-03
5.038898445289544270e+01 2.659250229819670394e-03
5.063791314200675941e+01 2.666289723139362265e-03
5.089234515763529032e+01 2.555825003457691015e-03
5.114529266359630810e+01 2.542965534218964967e-03
5.138952878242714206e+01 2.481602999609457561e-03
5.163945178601188246e+01 2.501614079777531464e-03
5.190206698624180603e+01 2.452172169786766536e-03
5.215590084722179398e+01 2.347914516578307464e-03
5.238680673191466042e+01 2.364076828962362840e-03
5.263532591009818873e+01 2.513251464079771340e-03
5.290823119436031874e+01 2.339049531463189592e-03
5.316882575050344428e+01 2.286798400554652423e-03
5.338513341050097694e+01 2.394994427153562637e-03
5.363212510227822349e+01 2.196762243927047938e-03
5.391615723351310407e+01 2.188515466225147282e-03
5.419187693011466678e+01 2.109398940207117198e-03
5.439722241285236493e+01 2.330335756632903686e-03
5.462806064877949552e+01 2.288927741617475826e-03
5.491241494336609463e+01 1.963301214789217423e-03
5.519421446932921782e+01 2.089398478494361444e-03
5.543046826972861396e+01 2.022442978821134552e-03
5.561137265256709128e+01 1.542362813933125356e-03
