3.559856489878782115e-01 6.120738656751774442e+02
6.031648866026231293e-01 2.351715904113200395e+02
8.579160745827347778e-01 1.032038570748266864e+02
1.113464310595710716e+00 4.586445732760441985e+01
1.374039914321364408e+00 2.699656339235267666e+01
1.619154704570298309e+00 2.108854868246882930e+01
1.870686673430271840e+00 1.454927981706880757e+01
2.123290040706380832e+00 1.101463355071888373e+01
2.378144976376236119e+00 7.774083010942107741e+00
2.630489925835516996e+00 6.219044640807008584e+00
2.878653162679494670e+00 4.948594306031224299e+00
3.131144366275339319e+00 3.906486865640205863e+00
3.388159578333816313e+00 3.303841192375204905e+00
3.638741848210948149e+00 2.716890098618403471e+00
3.888315910732085268e+00 2.316516133247982889e+00
4.139052155837465996e+00 1.867097906932955631e+00
4.390305777018236988e+00 1.744668419681010718e+00
4.642172339120373081e+00 1.461762055341247590e+00
4.894678666149941293e+00 1.318600830321895012e+00
5.147269052361176378e+00 1.143274951444432030e+00
5.398003206656323272e+00 1.011663341912476533e+00
5.647798235368590269e+00 8.841081550983920234e-01
5.900534302989873581e+00 8.238113179156968391e-01
6.151460297009074374e+00 7.160367174016382119e-01
6.402630176204441526e+00 6.278648073260774121e-01
6.655964674748322096e+00 5.790854587721372404e-01
6.908782583105771202e+00 5.317044498619892812e-01
7.159060853508338873e+00 4.794886115585899611e-01
7.409414762591408632e+00 4.439099774460131820e-01
7.659227149364629561e+00 4.081914236315509203e-01
7.911559474606142395e+00 3.765930275567684893e-01
8.163750941790897997e+00 3.422188597752666150e-01
8.415757210439384295e+00 3.252374348618934929e-01
8.667638839289207198e+00 2.951518345955677081e-01
8.918801124864609520e+00 2.748720812263362179e-01
9.170480108345369530e+00 2.615069387810275425e-01
9.420566033467249412e+00 2.422462171582872581e-01
9.671642335271435797e+00 2.236046609637004634e-01
9.923426157758477473e+00 2.081000583612424293e-01
1.017396902749181820e+01 1.949532489756118370e-01
1.042533700753922155e+01 1.817316114992888476e-01
1.067702948358784276e+01 1.701229579342289910e-01
1.092969337256462303e+01 1.597474725042950516e-01
1.118211872033766419e+01 1.523632459293378927e-01
1.143346516925797296e+01 1.433735341089081017e-01
1.168350508557724687e+01 1.343123705691039171e-01
1.193379937775929100e+01 1.266088516815150056e-01
1.218553055762879112e+01 1.202567834958092191e-01
1.243711650801278878e+01 1.134477335285046379e-01
1.268867268647359303e+01 1.091553773683436035e-01
1.294075027177769144e+01 1.024805901234644018e-01
1.319267287020158363e+01 9.697740796160762844e-02
1.344470571782862756e+01 9.435418355902827625e-02
1.369480150283709641e+01 8.827033576159980244e-02
1.394591277066507828e+01 8.479591886033241432e-02
1.419764645764527167e+01 8.066375787659206542e-02
1.444766774168416212e+01 7.643507433815127650e-02
1.469906835825429070e+01 7.404279304630778658e-02
1.495059118111036511e+01 7.031178775525405433e-02
1.520261612590052991e+01 6.730694354914157351e-02
1.545415944503929495e+01 6.434879310684586684e-02
1.570456072545780124e+01 6.170482719725199627e-02
1.595705800128773966e+01 5.919977114275411234e-02
1.620829297830731619e+01 5.675102106680409569e-02
1.645966591028190962e+01 5.500872649908946505e-02
1.671125708846596325e+01 5.223465233789792439e-02
1.696160259490052624e+01 5.055225684566772709e-02
1.721370276108077135e+01 4.858012070728921078e-02
1.746543424102250341e+01 4.679317939095402334e-02
1.771598473288305442e+01 4.455352208430107125e-02
1.796653767411944003e+01 4.297846221840886938e-02
1.821765658501893270e+01 4.136465163813818346e-02
1.847053788120423334e+01 3.987297755132628019e-02
1.872257696809484173e+01 3.820010454972620761e-02
1.897394097105746269e+01 3.710819514127404462e-02
1.922542454726159988e+01 3.615347220757232638e-02
1.947607703355479103e+01 3.479789050782719495e-02
1.972678839839982601e+01 3.378920425710400799e-02
1.997802698857814363e+01 3.242981626527879219e-02
2.022863620534168660e+01 3.120908241107019435e-02
2.047969598507238231e+01 3.039016988895502230e-02
2.073250439107362553e+01 2.939871817586921232e-02
2.098435855211640089e+01 2.832843816125051734e-02
2.123502923393334640e+01 2.777763910486968565e-02
2.148629411178690773e+01 2.640920097378619824e-02
2.173831825513516591e+01 2.599963190453289177e-02
2.198972260956887226e+01 2.517353556283252747e-02
2.223974971000711420e+01 2.427585908091457745e-02
2.249141870643862973e+01 2.378998648951182598e-02
2.274404614890906373e+01 2.277519590799512161e-02
2.299521835768831579e+01 2.220211627198412016e-02
2.324620084136223852e+01 2.188770899353259872e-02
2.349757798664387209e+01 2.113741619081178219e-02
2.374870488118759937e+01 2.053319409924530409e-02
2.399988781917473091e+01 1.990935098678414325e-02
2.425071646049711305e+01 1.922894628020382912e-02
2.450187830577813841e+01 1.873858725593856300e-02
2.475391093216606109e+01 1.828868209957753427e-02
2.500524226975159792e+01 1.784412940337326559e-02
2.525610980153284402e+01 1.722697874295537473e-02
2.550801425092822328e+01 1.690329679928161827e-02
2.575943113325822864e+01 1.632379734978583671e-02
2.601074166866445125e+01 1.597479291359493736e-02
2.626234447079615464e+01 1.558671687119100695e-02
2.651347712943701751e+01 1.512561372118987300e-02
2.676474177984877656e+01 1.476615379923185319e-02
2.701628079430242479e+01 1.442566026335089305e-02
2.726734205837282232e+01 1.396183331459449443e-02
2.751837013544679422e+01 1.369300539448131161e-02
2.776937726815812724e+01 1.345489112117964625e-02
2.802070160973895341e+01 1.308113478109854469e-02
2.827249982643487058e+01 1.275912257088405999e-02
2.852407603869968966e+01 1.247995542034335478e-02
2.877567300468570721e+01 1.219333226847950889e-02
2.902733523039245256e+01 1.190368438193550003e-02
2.927861073083739996e+01 1.159645597424136670e-02
2.953003196193969160e+01 1.137330100178973215e-02
2.978106336846375157e+01 1.107035991538489125e-02
3.003148440777084716e+01 1.081738593952408060e-02
3.028303386126418673e+01 1.054791972360239263e-02
3.053456493440382857e+01 1.035169614595103128e-02
3.078585183944906944e+01 1.007657648949071560e-02
3.103757946070165730e+01 9.895023819846771387e-03
3.128931656795834826e+01 9.675988858474539669e-03
3.154125974608096428e+01 9.449148900042539725e-03
3.179158626791808828e+01 9.279556369472913638e-03
3.204196438636942190e+01 9.108956058169874817e-03
3.229344668057169798e+01 8.903853051477771466e-03
3.254489998018084407e+01 8.747311425022608056e-03
3.279660140319880668e+01 8.599365793485250903e-03
3.304772754686901237e+01 8.372937665105946448e-03
3.329949953441923327e+01 8.187230239306573024e-03
3.355173249539067371e+01 8.009880891575567319e-03
3.380235474142784824e+01 7.868898322809897775e-03
3.405292218889088218e+01 7.694347558616840103e-03
3.430455901572810262e+01 7.548720585717350572e-03
3.455605119154291316e+01 7.389827223298507143e-03
3.480708698418615654e+01 7.281291433929392050e-03
3.505823042281740243e+01 7.156077463913336836e-03
3.530983122122644602e+01 6.990932009200923059e-03
3.556111974160763367e+01 6.849851663167795535e-03
3.581195885960364933e+01 6.723219729624304447e-03
3.606348577968052638e+01 6.636372573785040072e-03
3.631495136683125935e+01 6.492478391087633943e-03
3.656646781331610185e+01 6.369857465838997188e-03
3.681800948534306173e+01 6.231824818964813890e-03
3.706942350460822411e+01 6.123905991813899906e-03
3.732119977997001570e+01 6.022280855130133885e-03
3.757249197135423202e+01 5.905486826517114020e-03
3.782324055213251057e+01 5.785148698580339782e-03
3.807430609684078604e+01 5.757190141776374198e-03
3.832526519371521090e+01 5.578071707983917570e-03
3.857704530181875668e+01 5.533214230185879746e-03
3.882896255048217427e+01 5.426536090219865466e-03
3.907976684424035341e+01 5.336099409670742172e-03
3.933085588900704010e+01 5.197088196707910258e-03
3.958184533965361140e+01 5.102187241678043245e-03
3.983320492881626507e+01 5.035227503408338211e-03
4.008506787586624398e+01 4.969051162092147367e-03
4.033569471078550350e+01 4.913780773106511505e-03
4.058701345074587863e+01 4.800952267654656942e-03
4.083916815834436420e+01 4.647856646291403764e-03
4.108978611092747713e+01 4.625993410028967495e-03
4.134119394692694271e+01 4.548634055389000862e-03
4.159372926482761557e+01 4.503237332320006794e-03
4.184480996230068683e+01 4.403520773911203529e-03
4.209495048714620680e+01 4.302360012222079984e-03
4.234568601474854432e+01 4.246615047489423443e-03
4.259794184898333214e+01 4.226603969354585967e-03
4.284922176444433717e+01 4.123603900283314035e-03
4.309982534096671003e+01 4.031540286769137206e-03
4.335153475414617930e+01 3.982338980551616663e-03
4.360374984514007224e+01 3.943624802621494181e-03
4.385432838732079830e+01 3.841323037971734917e-03
4.410529766549178277e+01 3.779866627189062186e-03
4.435675536456894008e+01 3.769171008288063791e-03
4.460756668584335927e+01 3.695098958330051125e-03
4.485812369927145937e+01 3.641471658092488781e-03
4.510933196139897206e+01 3.590572722102332130e-03
4.536097672816924131e+01 3.519363448417088362e-03
4.561261869099184452e+01 3.454985332685175676e-03
4.586346064304911607e+01 3.415181630911766179e-03
4.611435299895526185e+01 3.404164677499124398e-03
4.636610302009028572e+01 3.321283609368765911e-03
4.661726081402038346e+01 3.280364419552593645e-03
4.686748045926628237e+01 3.233504911816278624e-03
4.712001000143001761e+01 3.186056700451233951e-03
4.737334269293729960e+01 3.162042092833763137e-03
4.762357272554871912e+01 3.110187982869095508e-03
4.787295862859781437e+01 3.031313298138587058e-03
4.812686710231834297e+01 2.982772577412941533e-03
4.837988354528783930e+01 2.984013812777822246e-03
4.862698975964909209e+01 2.984980820491419523e-03
4.887931961662670233e+01 2.875188084727886041e-03
4.913512531690142282e+01 2.823856209400707733e-03
4.938486646957150583e+01 2.822925736952129529e-03
4.963073103205424985e+01 2.782467673706717857e-03
4.988316058859187763e+01 2.672834482471055529e-03
5.013927392651110893e+01 2.707237273617595953e-03
5.038898445289544270e+01 2.647084213216668348e-03
5.063791314200675941e+01 2.542408984238770254e-03
5.089234515763529032e+01 2.506558338029972379e-03
5.114529266359630810e+01 2.547393768101926474e-03
5.138952878242714206e+01 2.477161580823046636e-03
5.163945178601188246e+01 2.472740612204211118e-03
5.190206698624180603e+01 2.448136157204664713e-03
5.215590084722179398e+01 2.360322959448084550e-03
5.238680673191466042e+01 2.339222178469399591e-03
5.263532591009818873e+01 2.357188093405863417e-03
5.290823119436031874e+01 2.391617222489215381e-03
5.316882575050344428e+01 2.318989655972246607e-03
5.338513341050097694e+01 2.290500561957008272e-03
5.363212510227822349e+01 2.412607912517824096e-03
5.391615723351310407e+01 2.322690992030082731e-03
5.419187693011466678e+01 2.314808146439573805e-03
5.439722241285236493e+01 2.104170309204620067e-03
5.462806064877949552e+01 2.171769294448795250e-03
5.491241494336609463e+01 2.112988330068129184e-03
5.519421446932921782e+01 1.716299596499561457e-03
5.543046826972861396e+01 1.810206685274286286e-03
5.561137265256709128e+01 1.515770884009364459e-03
