3.559856489878782115e-01 7.426111125553303509e+02
6.031648866026231293e-01 2.410018522803085830e+02
8.579160745827347778e-01 8.669514718381991258e+01
1.113464310595710716e+00 4.264665030808357216e+01
1.374039914321364408e+00 2.695088887529556132e+01
1.619154704570298309e+00 1.879541815719948161e+01
1.870686673430271840e+00 1.370562402523340317e+01
2.123290040706380832e+00 1.150101904068507253e+01
2.378144976376236119e+00 8.177538690077922112e+00
2.630489925835516996e+00 5.751399837811286275e+00
2.878653162679494670e+00 5.259239409993312186e+00
3.131144366275339319e+00 3.900563318329152374e+00
3.388159578333816313e+00 3.399339237618692167e+00
3.638741848210948149e+00 2.631495931477800809e+00
3.888315910732085268e+00 2.410515148409832165e+00
4.139052155837465996e+00 2.001135963470433765e+00
4.390305777018236988e+00 1.691761689643479727e+00
4.642172339120373081e+00 1.446105752805893152e+00
4.894678666149941293e+00 1.282855926233805066e+00
5.147269052361176378e+00 1.119872536310484001e+00
5.398003206656323272e+00 1.000670919106256163e+00
5.647798235368590269e+00 8.866684733895355830e-01
5.900534302989873581e+00 8.152842108737132776e-01
6.151460297009074374e+00 7.199343478148078068e-01
6.402630176204441526e+00 6.449239383715112961e-01
6.655964674748322096e+00 5.795269201072027476e-01
6.908782583105771202e+00 5.244310720988919483e-01
7.159060853508338873e+00 4.859931174162971934e-01
7.409414762591408632e+00 4.365862377748983558e-01
7.659227149364629561e+00 4.041857724137878360e-01
7.911559474606142395e+00 3.615326587609617448e-01
8.163750941790897997e+00 3.473992789480672139e-01
8.415757210439384295e+00 3.208014514589982991e-01
8.667638839289207198e+00 2.977216986765539586e-01
8.918801124864609520e+00 2.750000513958023030e-01
9.170480108345369530e+00 2.541533199066088877e-01
9.420566033467249412e+00 2.365540498067356112e-01
9.671642335271435797e+00 2.207664324048222437e-01
9.923426157758477473e+00 2.074045545255887579e-01
1.017396902749181820e+01 1.929692756068400739e-01
1.042533700753922155e+01 1.815990555353212133e-01
1.067702948358784276e+01 1.693948745881360407e-01
1.092969337256462303e+01 1.598666108268598784e-01
1.118211872033766419e+01 1.506004863201214905e-01
1.143346516925797296e+01 1.424501476719320647e-01
1.168350508557724687e+01 1.364626266341003591e-01
1.193379937775929100e+01 1.277910643464716944e-01
1.218553055762879112e+01 1.199233238856084877e-01
1.243711650801278878e+01 1.150813175648441600e-01
1.268867268647359303e+01 1.088321632793055604e-01
1.294075027177769144e+01 1.034572881157998919e-01
1.319267287020158363e+01 9.769318316880686026e-02
1.344470571782862756e+01 9.174965423562497779e-02
1.369480150283709641e+01 8.863172512755365662e-02
1.394591277066507828e+01 8.435675913401333159e-02
1.419764645764527167e+01 8.050006179230660697e-02
1.444766774168416212e+01 7.783202121497610759e-02
1.469906835825429070e+01 7.419052682282634148e-02
1.495059118111036511e+01 7.056590177485484727e-02
1.520261612590052991e+01 6.665014807547088582e-02
1.545415944503929495e+01 6.430114845746864871e-02
1.570456072545780124e+01 6.182957949266189301e-02
1.595705800128773966e+01 5.900517729819931140e-02
1.620829297830731619e+01 5.637805506297587088e-02
1.645966591028190962e+01 5.470674819826467500e-02
1.671125708846596325e+01 5.190961123590159820e-02
1.696160259490052624e+01 4.993463890925155940e-02
1.721370276108077135e+01 4.814246973188501116e-02
1.746543424102250341e+01 4.697905889438407784e-02
1.771598473288305442e+01 4.448729469768405997e-02
1.796653767411944003e+01 4.238540300235766473e-02
1.821765658501893270e+01 4.125871683183152117e-02
1.847053788120423334e+01 4.022621403246969679e-02
1.872257696809484173e+01 3.882730981615082483e-02
1.897394097105746269e+01 3.711407502022417287e-02
1.922542454726159988e+01 3.625159678920245737e-02
1.947607703355479103e+01 3.464050852447789902e-02
1.972678839839982601e+01 3.369530102799607463e-02
1.997802698857814363e+01 3.256521523585761274e-02
2.022863620534168660e+01 3.118736440041934566e-02
2.047969598507238231e+01 3.039870489202514681e-02
2.073250439107362553e+01 2.968344127341688427e-02
2.098435855211640089e+01 2.835058182549994241e-02
2.123502923393334640e+01 2.738206436555457382e-02
2.148629411178690773e+01 2.679602338740269193e-02
2.173831825513516591e+01 2.609045742548327454e-02
2.198972260956887226e+01 2.508131916317177593e-02
2.223974971000711420e+01 2.434136954825589019e-02
2.249141870643862973e+01 2.360718377485960043e-02
2.274404614890906373e+01 2.294522460425245727e-02
2.299521835768831579e+01 2.219894083140000474e-02
2.324620084136223852e+01 2.141343006891157502e-02
2.349757798664387209e+01 2.091598827453089102e-02
2.374870488118759937e+01 2.045665387669561713e-02
2.399988781917473091e+01 1.992197010250655945e-02
2.425071646049711305e+01 1.924229006392525615e-02
2.450187830577813841e+01 1.874292033674406638e-02
2.475391093216606109e+01 1.814746353188893477e-02
2.500524226975159792e+01 1.765785042045308825e-02
2.525610980153284402e+01 1.721785631655797094e-02
2.550801425092822328e+01 1.683381617384309761e-02
2.575943113325822864e+01 1.655438915766709734e-02
2.601074166866445125e+01 1.596552339601215592e-02
2.626234447079615464e+01 1.556658715094010395e-02
2.651347712943701751e+01 1.517573006421314014e-02
2.676474177984877656e+01 1.473766418999323223e-02
2.701628079430242479e+01 1.439723071165187850e-02
2.726734205837282232e+01 1.412233689814106422e-02
2.751837013544679422e+01 1.371742916827766237e-02
2.776937726815812724e+01 1.339934483854508633e-02
2.802070160973895341e+01 1.309461388446658998e-02
2.827249982643487058e+01 1.271950761205195395e-02
2.852407603869968966e+01 1.243731346129481330e-02
2.877567300468570721e+01 1.223632324596681843e-02
2.902733523039245256e+01 1.187540809617735824e-02
2.927861073083739996e+01 1.161494806113660266e-02
2.953003196193969160e+01 1.137111168584756075e-02
2.978106336846375157e+01 1.104955186120250461e-02
3.003148440777084716e+01 1.082239849846725402e-02
3.028303386126418673e+01 1.066206362625343046e-02
3.053456493440382857e+01 1.034071306909637236e-02
3.078585183944906944e+01 1.015253076624895827e-02
3.103757946070165730e+01 9.892851638598754854e-03
3.128931656795834826e+01 9.679094631240378610e-03
3.154125974608096428e+01 9.546861565501678706e-03
3.179158626791808828e+01 9.325009926077239622e-03
3.204196438636942190e+01 9.163888713642834305e-03
3.229344668057169798e+01 8.940690878685923770e-03
3.254489998018084407e+01 8.718337111839830414e-03
3.279660140319880668e+01 8.528296814769289677e-03
3.304772754686901237e+01 8.379837648048055546e-03
3.329949953441923327e+01 8.169052136318924462e-03
3.355173249539067371e+01 8.020730435252816648e-03
3.380235474142784824e+01 7.880816722687599557e-03
3.405292218889088218e+01 7.699214335365710260e-03
3.430455901572810262e+01 7.531941196444583153e-03
3.455605119154291316e+01 7.409463528686082573e-03
3.480708698418615654e+01 7.275072027677035626e-03
3.505823042281740243e+01 7.106344169015683075e-03
3.530983122122644602e+01 6.978262104010927308e-03
3.556111974160763367e+01 6.874438049103977037e-03
3.581195885960364933e+01 6.741751118710404174e-03
3.606348577968052638e+01 6.587388591406959440e-03
3.631495136683125935e+01 6.471463378981477492e-03
3.656646781331610185e+01 6.364795062204839718e-03
3.681800948534306173e+01 6.241986064295647514e-03
3.706942350460822411e+01 6.117439725890630280e-03
3.732119977997001570e+01 6.012793636641417319e-03
3.757249197135423202e+01 5.935250365373131477e-03
3.782324055213251057e+01 5.791145908115347823e-03
3.807430609684078604e+01 5.693161645305655667e-03
3.832526519371521090e+01 5.571223864577094093e-03
3.857704530181875668e+01 5.473743142685691919e-03
3.882896255048217427e+01 5.417035449448688068e-03
3.907976684424035341e+01 5.248204419554853770e-03
3.933085588900704010e+01 5.213721082509016266e-03
3.958184533965361140e+01 5.123605592178392086e-03
3.983320492881626507e+01 5.030891571199461003e-03
4.008506787586624398e+01 5.008978063804901334e-03
4.033569471078550350e+01 4.877125092756700274e-03
4.058701345074587863e+01 4.799934966094529520e-03
4.083916815834436420e+01 4.711899936520513345e-03
4.108978611092747713e+01 4.628363473311993687e-03
4.134119394692694271e+01 4.596620533842419969e-03
4.159372926482761557e+01 4.469647759498061000e-03
4.184480996230068683e+01 4.417599867586543758e-03
4.209495048714620680e+01 4.352221302887952434e-03
4.234568601474854432e+01 4.284442092586888962e-03
4.259794184898333214e+01 4.183698390996054561e-03
4.284922176444433717e+01 4.140108083234636180e-03
4.309982534096671003e+01 4.052867643089042016e-03
4.335153475414617930e+01 4.006635334490527001e-03
4.360374984514007224e+01 3.956469610847941458e-03
4.385432838732079830e+01 3.898036972646194177e-03
4.410529766549178277e+01 3.828186356103627837e-03
4.435675536456894008e+01 3.805592987585413190e-03
4.460756668584335927e+01 3.719901737452741518e-03
4.485812369927145937e+01 3.659725821143657368e-03
4.510933196139897206e+01 3.578765890524026726e-03
4.536097672816924131e+01 3.491832371064154932e-03
4.561261869099184452e+01 3.513311139850133075e-03
4.586346064304911607e+01 3.478541286169621344e-03
4.611435299895526185e+01 3.434897750978786225e-03
4.636610302009028572e+01 3.337637633897553441e-03
4.661726081402038346e+01 3.325423001462041086e-03
4.686748045926628237e+01 3.234042018863639723e-03
4.712001000143001761e+01 3.186264017418092859e-03
4.737334269293729960e+01 3.135132099671014173e-03
4.762357272554871912e+01 3.069183564178607545e-03
4.787295862859781437e+01 3.049093403510453031e-03
4.812686710231834297e+01 2.998346142363635027e-03
4.837988354528783930e+01 2.992441746082833299e-03
4.862698975964909209e+01 2.911427705640397962e-03
4.887931961662670233e+01 2.884314289915176736e-03
4.913512531690142282e+01 2.815748255738449377e-03
4.938486646957150583e+01 2.859957190291759557e-03
4.963073103205424985e+01 2.793116827197979386e-03
4.988316058859187763e+01 2.678113325699265496e-03
5.013927392651110893e+01 2.698867595969909033e-03
5.038898445289544270e+01 2.629213225975261976e-03
5.063791314200675941e+01 2.631580732351290839e-03
5.089234515763529032e+01 2.543182847063208806e-03
5.114529266359630810e+01 2.556298360358049641e-03
5.138952878242714206e+01 2.549473863046336670e-03
5.163945178601188246e+01 2.458535786964880822e-03
5.190206698624180603e+01 2.385966563035533342e-03
5.215590084722179398e+01 2.375748998225519614e-03
5.238680673191466042e+01 2.402811938617750720e-03
5.263532591009818873e+01 2.301199185349654328e-03
5.290823119436031874e+01 2.414982670300442735e-03
5.316882575050344428e+01 2.275559330534719302e-03
5.338513341050097694e+01 2.338887790237891614e-03
5.363212510227822349e+01 2.268745635320115490e-03
5.391615723351310407e+01 2.205250925274392874e-03
5.419187693011466678e+01 2.024687074991816417e-03
5.439722241285236493e+01 2.152171677122333496e-03
5.462806064877949552e+01 2.449089553212669898e-03
5.491241494336609463e+01 2.189857527479207797e-03
5.519421446932921782e+01 2.135470617084497206e-03
5.543046826972861396e+01 1.544669649609091812e-03
5.561137265256709128e+01 1.505781821962967615e-03
