3.559856489878782115e-01 3.641841901616003838e+02
6.031648866026231293e-01 2.588416658581923002e+02
8.579160745827347778e-01 9.521881119834237950e+01
1.113464310595710716e+00 5.046030323504356119e+01
1.374039914321364408e+00 3.383216355406166542e+01
1.619154704570298309e+00 1.807515776850627987e+01
1.870686673430271840e+00 1.416393555531945836e+01
2.123290040706380832e+00 1.031976157355786583e+01
2.378144976376236119e+00 8.008149451593910229e+00
2.630489925835516996e+00 6.262673543094128270e+00
2.878653162679494670e+00 5.089314570204417798e+00
3.131144366275339319e+00 3.784148703143480397e+00
3.388159578333816313e+00 3.330761673851016180e+00
3.638741848210948149e+00 2.628472946671838173e+00
3.888315910732085268e+00 2.226291400001163989e+00
4.139052155837465996e+00 1.927886547974607678e+00
4.390305777018236988e+00 1.704232503496933671e+00
4.642172339120373081e+00 1.496425110288121640e+00
4.894678666149941293e+00 1.257337427757151627e+00
5.147269052361176378e+00 1.109859649724342923e+00
5.398003206656323272e+00 9.975086219437631074e-01
5.647798235368590269e+00 8.800982084098162295e-01
5.900534302989873581e+00 8.021583421418068127e-01
6.151460297009074374e+00 7.008340844540286163e-01
6.402630176204441526e+00 6.305418455909778119e-01
6.655964674748322096e+00 5.782466298718089703e-01
6.908782583105771202e+00 5.301207940729582013e-01
7.159060853508338873e+00 4.852266408823137644e-01
7.409414762591408632e+00 4.552542598417835817e-01
7.659227149364629561e+00 4.086120034586013250e-01
7.911559474606142395e+00 3.700089298388292147e-01
8.163750941790897997e+00 3.491552170917913700e-01
8.415757210439384295e+00 3.213450470321996266e-01
8.667638839289207198e+00 2.936613760122356864e-01
8.918801124864609520e+00 2.770770342116235518e-01
9.170480108345369530e+00 2.526567654543618313e-01
9.420566033467249412e+00 2.372815369448706135e-01
9.671642335271435797e+00 2.225282002441437146e-01
9.923426157758477473e+00 2.085334917508854524e-01
1.017396902749181820e+01 1.951042332651032607e-01
1.042533700753922155e+01 1.833912704792617365e-01
1.067702948358784276e+01 1.702171000907366227e-01
1.092969337256462303e+01 1.623406692972766963e-01
1.118211872033766419e+01 1.490885044747426724e-01
1.143346516925797296e+01 1.418658019826328776e-01
1.168350508557724687e+01 1.337295068884797600e-01
1.193379937775929100e+01 1.253167251442386942e-01
1.218553055762879112e+01 1.200679961245358085e-01
1.243711650801278878e+01 1.142582127256161345e-01
1.268867268647359303e+01 1.080839754934265484e-01
1.294075027177769144e+01 1.019567611985841282e-01
1.319267287020158363e+01 9.787741020864035302e-02
1.344470571782862756e+01 9.342249853253618841e-02
1.369480150283709641e+01 8.769478099861931220e-02
1.394591277066507828e+01 8.554842090845687919e-02
1.419764645764527167e+01 8.089289809796469666e-02
1.444766774168416212e+01 7.747441924285324022e-02
1.469906835825429070e+01 7.274958287062160966e-02
1.495059118111036511e+01 6.979763492134756497e-02
1.520261612590052991e+01 6.718835629077074545e-02
1.545415944503929495e+01 6.483894558190851642e-02
1.570456072545780124e+01 6.148556934867978330e-02
1.595705800128773966e+01 5.899992259902389624e-02
1.620829297830731619e+01 5.710996613188645821e-02
1.645966591028190962e+01 5.415178027274807765e-02
1.671125708846596325e+01 5.274196009228734189e-02
1.696160259490052624e+01 4.984280167970602665e-02
1.721370276108077135e+01 4.833941399757469420e-02
1.746543424102250341e+01 4.652790189257448999e-02
1.771598473288305442e+01 4.448463034791257792e-02
1.796653767411944003e+01 4.306510686718748732e-02
1.821765658501893270e+01 4.128020443987397148e-02
1.847053788120423334e+01 4.004869720327521726e-02
1.872257696809484173e+01 3.915153327152184198e-02
1.897394097105746269e+01 3.734194026158661056e-02
1.922542454726159988e+01 3.608601933691979458e-02
1.947607703355479103e+01 3.467063552076784377e-02
1.972678839839982601e+01 3.357677150296480006e-02
1.997802698857814363e+01 3.230375536695647559e-02
2.022863620534168660e+01 3.115949958407535081e-02
2.047969598507238231e+01 3.035121073059116048e-02
2.073250439107362553e+01 2.933629632894431752e-02
2.098435855211640089e+01 2.860457355842740967e-02
2.123502923393334640e+01 2.759496094613910627e-02
2.148629411178690773e+01 2.677202260438268921e-02
2.173831825513516591e+01 2.593966459429647084e-02
2.198972260956887226e+01 2.483255335687650084e-02
2.223974971000711420e+01 2.429549498630085777e-02
2.249141870643862973e+01 2.363428421064459051e-02
2.274404614890906373e+01 2.287222338431746035e-02
2.299521835768831579e+01 2.210341146756080247e-02
2.324620084136223852e+01 2.167249915116331582e-02
2.349757798664387209e+01 2.085240505084671667e-02
2.374870488118759937e+01 2.031129013082316054e-02
2.399988781917473091e+01 1.995896528509677470e-02
2.425071646049711305e+01 1.934612072424596665e-02
2.450187830577813841e+01 1.877797449896535104e-02
2.475391093216606109e+01 1.829981085044853420e-02
2.500524226975159792e+01 1.778672437297788150e-02
2.525610980153284402e+01 1.727746228970903145e-02
2.550801425092822328e+01 1.692041833622733027e-02
2.575943113325822864e+01 1.645982752422825088e-02
2.601074166866445125e+01 1.607578877298728934e-02
2.626234447079615464e+01 1.551150589425324793e-02
2.651347712943701751e+01 1.513098037103424200e-02
2.676474177984877656e+01 1.478063313957785410e-02
2.701628079430242479e+01 1.444544252962654159e-02
2.726734205837282232e+01 1.406550803743182934e-02
2.751837013544679422e+01 1.377658159038420115e-02
2.776937726815812724e+01 1.340869756460750899e-02
2.802070160973895341e+01 1.309962910824479486e-02
2.827249982643487058e+01 1.279846667976785278e-02
2.852407603869968966e+01 1.252416685408922967e-02
2.877567300468570721e+01 1.219472596933003465e-02
2.902733523039245256e+01 1.192063169607486366e-02
2.927861073083739996e+01 1.156381162173573778e-02
2.953003196193969160e+01 1.132255382891174909e-02
2.978106336846375157e+01 1.111797297534157861e-02
3.003148440777084716e+01 1.080480052113147113e-02
3.028303386126418673e+01 1.063225873555158178e-02
3.053456493440382857e+01 1.032218664381838805e-02
3.078585183944906944e+01 1.016824135346891360e-02
3.103757946070165730e+01 9.925173491167449402e-03
3.128931656795834826e+01 9.698864704820075316e-03
3.154125974608096428e+01 9.533297575645985344e-03
3.179158626791808828e+01 9.249495945820803561e-03
3.204196438636942190e+01 9.113571013349438740e-03
3.229344668057169798e+01 8.906735673233866918e-03
3.254489998018084407e+01 8.738432997175516609e-03
3.279660140319880668e+01 8.536636896314656400e-03
3.304772754686901237e+01 8.341604834899461057e-03
3.329949953441923327e+01 8.194172272143683891e-03
3.355173249539067371e+01 8.025783294729360584e-03
3.380235474142784824e+01 7.816239619992778470e-03
3.405292218889088218e+01 7.713881173117528682e-03
3.430455901572810262e+01 7.589090654372862912e-03
3.455605119154291316e+01 7.468644333493731739e-03
3.480708698418615654e+01 7.273828306392284351e-03
3.505823042281740243e+01 7.105281863535006272e-03
3.530983122122644602e+01 7.022635158557798997e-03
3.556111974160763367e+01 6.885531779963996457e-03
3.581195885960364933e+01 6.717491488042247154e-03
3.606348577968052638e+01 6.567894315153911984e-03
3.631495136683125935e+01 6.490886862542900350e-03
3.656646781331610185e+01 6.408464961949450651e-03
3.681800948534306173e+01 6.244238982679510726e-03
3.706942350460822411e+01 6.139326058730563453e-03
3.732119977997001570e+01 6.019886621887617258e-03
3.757249197135423202e+01 5.887906249142121906e-03
3.782324055213251057e+01 5.766138677780541406e-03
3.807430609684078604e+01 5.695625625098852188e-03
3.832526519371521090e+01 5.584982204965095731e-03
3.857704530181875668e+01 5.485903918440694464e-03
3.882896255048217427e+01 5.450841291063515844e-03
3.907976684424035341e+01 5.326420799767302844e-03
3.933085588900704010e+01 5.192848377215304040e-03
3.958184533965361140e+01 5.137946162568411863e-03
3.983320492881626507e+01 5.010703942154724928e-03
4.008506787586624398e+01 4.942486482615448748e-03
4.033569471078550350e+01 4.862962896953863801e-03
4.058701345074587863e+01 4.784690606766430800e-03
4.083916815834436420e+01 4.675290827444165617e-03
4.108978611092747713e+01 4.650424465365816419e-03
4.134119394692694271e+01 4.579131657639679866e-03
4.159372926482761557e+01 4.507198399442305208e-03
4.184480996230068683e+01 4.403240267633299308e-03
4.209495048714620680e+01 4.337084444754631292e-03
4.234568601474854432e+01 4.311441694974731467e-03
4.259794184898333214e+01 4.256131772268197978e-03
4.284922176444433717e+01 4.150116626999043531e-03
4.309982534096671003e+01 4.071972291001740157e-03
4.335153475414617930e+01 4.018544882623085492e-03
4.360374984514007224e+01 3.948587516076209475e-03
4.385432838732079830e+01 3.890086747116975989e-03
4.410529766549178277e+01 3.791378927172021213e-03
4.435675536456894008e+01 3.760372990208584506e-03
4.460756668584335927e+01 3.694598314372654103e-03
4.485812369927145937e+01 3.605597717578113998e-03
4.510933196139897206e+01 3.601891828485820606e-03
4.536097672816924131e+01 3.570229703822912996e-03
4.561261869099184452e+01 3.470432718881007964e-03
4.586346064304911607e+01 3.429352056991089893e-03
4.611435299895526185e+01 3.409731414472140249e-03
4.636610302009028572e+01 3.370912057972734466e-03
4.661726081402038346e+01 3.312180599662941337e-03
4.686748045926628237e+01 3.184720579330306209e-03
4.712001000143001761e+01 3.169016957167567622e-03
4.737334269293729960e+01 3.153525205350262740e-03
4.762357272554871912e+01 3.113613302252428265e-03
4.787295862859781437e+01 3.069264841850990327e-03
4.812686710231834297e+01 3.004871017933613466e-03
4.837988354528783930e+01 2.939513782014016845e-03
4.862698975964909209e+01 2.918644358083590309e-03
4.887931961662670233e+01 2.863454981655887740e-03
4.913512531690142282e+01 2.846626896983033960e-03
4.938486646957150583e+01 2.816549862078723734e-03
4.963073103205424985e+01 2.769910825331265130e-03
4.988316058859187763e+01 2.629924838288776132e-03
5.013927392651110893e+01 2.696102714539159312e-03
5.038898445289544270e+01 2.628570120842852863e-03
5.063791314200675941e+01 2.609312549042475896e-03
5.089234515763529032e+01 2.577852088832459018e-03
5.114529266359630810e+01 2.475952844754187188e-03
5.138952878242714206e+01 2.503779030559507863e-03
5.163945178601188246e+01 2.499212393966226617e-03
5.190206698624180603e+01 2.578063031960981400e-03
5.215590084722179398e+01 2.419333388145544425e-03
5.238680673191466042e+01 2.396784238940660554e-03
5.263532591009818873e+01 2.324775422934317621e-03
5.290823119436031874e+01 2.249272549766411725e-03
5.316882575050344428e+01 2.330943793451708233e-03
5.338513341050097694e+01 2.323407969600190491e-03
5.363212510227822349e+01 2.157106652868005531e-03
5.391615723351310407e+01 2.258668680153005232e-03
5.419187693011466678e+01 2.132637525703414989e-03
5.439722241285236493e+01 2.155145278900888733e-03
5.462806064877949552e+01 2.300429412060656965e-03
5.491241494336609463e+01 2.063730407290304946e-03
5.519421446932921782e+01 2.322966267859381904e-03
5.543046826972861396e+01 1.631525255016032802e-03
5.561137265256709128e+01 3.340585972211376157e-03
