3.559856489878782115e-01 6.140909643186764697e+02
6.031648866026231293e-01 1.990177742437807638e+02
8.579160745827347778e-01 9.232586830218815521e+01
1.113464310595710716e+00 4.515293610106798639e+01
1.374039914321364408e+00 3.284874258059468843e+01
1.619154704570298309e+00 2.209268239884419316e+01
1.870686673430271840e+00 1.356492916412180350e+01
2.123290040706380832e+00 1.007461676028870201e+01
2.378144976376236119e+00 8.092156475169227647e+00
2.630489925835516996e+00 6.153831747211411241e+00
2.878653162679494670e+00 4.834664485214791085e+00
3.131144366275339319e+00 3.893285820400505415e+00
3.388159578333816313e+00 3.166268987595260764e+00
3.638741848210948149e+00 2.723707732740955567e+00
3.888315910732085268e+00 2.400390272606267583e+00
4.139052155837465996e+00 1.973898961608824276e+00
4.390305777018236988e+00 1.691304224971148296e+00
4.642172339120373081e+00 1.464384365645161168e+00
4.894678666149941293e+00 1.237255687660426595e+00
5.147269052361176378e+00 1.137737057781692096e+00
5.398003206656323272e+00 1.007537133268693097e+00
5.647798235368590269e+00 8.917761551499455708e-01
5.900534302989873581e+00 7.900720310508606570e-01
6.151460297009074374e+00 7.474506197391339590e-01
6.402630176204441526e+00 6.300456194873435001e-01
6.655964674748322096e+00 5.860760511675756623e-01
6.908782583105771202e+00 5.348571495934515418e-01
7.159060853508338873e+00 4.913824352973120702e-01
7.409414762591408632e+00 4.365131459598263763e-01
7.659227149364629561e+00 3.980509329711819366e-01
7.911559474606142395e+00 3.787494509613455462e-01
8.163750941790897997e+00 3.478553394517854835e-01
8.415757210439384295e+00 3.217763573355867934e-01
8.667638839289207198e+00 2.885079403671582665e-01
8.918801124864609520e+00 2.707965803841727581e-01
9.170480108345369530e+00 2.499458429514834767e-01
9.420566033467249412e+00 2.361817935090726184e-01
9.671642335271435797e+00 2.189017447670451588e-01
9.923426157758477473e+00 2.072576120790689813e-01
1.017396902749181820e+01 1.917617089379662909e-01
1.042533700753922155e+01 1.814611398383063345e-01
1.067702948358784276e+01 1.703484388254846438e-01
1.092969337256462303e+01 1.629013672470789598e-01
1.118211872033766419e+01 1.504631049335834747e-01
1.143346516925797296e+01 1.422142850524608648e-01
1.168350508557724687e+01 1.348397846860483751e-01
1.193379937775929100e+01 1.281095422747370871e-01
1.218553055762879112e+01 1.200001374121580922e-01
1.243711650801278878e+01 1.146961974191096495e-01
1.268867268647359303e+01 1.102385124763881619e-01
1.294075027177769144e+01 1.042124795069247212e-01
1.319267287020158363e+01 9.811377345170931019e-02
1.344470571782862756e+01 9.165065349628252755e-02
1.369480150283709641e+01 8.892544816274686181e-02
1.394591277066507828e+01 8.455642000356905497e-02
1.419764645764527167e+01 7.994419053016442456e-02
1.444766774168416212e+01 7.672181329404145766e-02
1.469906835825429070e+01 7.459364300320764363e-02
1.495059118111036511e+01 7.039882796072155502e-02
1.520261612590052991e+01 6.692502750289526514e-02
1.545415944503929495e+01 6.387953225036811788e-02
1.570456072545780124e+01 6.165243652191258056e-02
1.595705800128773966e+01 5.904178207349931179e-02
1.620829297830731619e+01 5.656507988265770809e-02
1.645966591028190962e+01 5.466872037427363690e-02
1.671125708846596325e+01 5.201310716164361109e-02
1.696160259490052624e+01 5.026244790076846158e-02
1.721370276108077135e+01 4.822990061888583063e-02
1.746543424102250341e+01 4.655223587758490489e-02
1.771598473288305442e+01 4.484101099439936206e-02
1.796653767411944003e+01 4.276576735468496510e-02
1.821765658501893270e+01 4.137228793972803909e-02
1.847053788120423334e+01 4.019879851173938090e-02
1.872257696809484173e+01 3.846054384607331539e-02
1.897394097105746269e+01 3.727905590030065885e-02
1.922542454726159988e+01 3.606474630062374287e-02
1.947607703355479103e+01 3.443253418981411657e-02
1.972678839839982601e+01 3.377397254448710057e-02
1.997802698857814363e+01 3.246378915115014779e-02
2.022863620534168660e+01 3.097230757414678667e-02
2.047969598507238231e+01 3.031707901582566048e-02
2.073250439107362553e+01 2.942826466362320412e-02
2.098435855211640089e+01 2.846332311859476466e-02
2.123502923393334640e+01 2.770256508796580322e-02
2.148629411178690773e+01 2.673112673639261791e-02
2.173831825513516591e+01 2.596201938360658337e-02
2.198972260956887226e+01 2.519038144597496656e-02
2.223974971000711420e+01 2.451122651399110022e-02
2.249141870643862973e+01 2.385116510347233543e-02
2.274404614890906373e+01 2.302721675052270614e-02
2.299521835768831579e+01 2.219077156156190958e-02
2.324620084136223852e+01 2.168689457249048033e-02
2.349757798664387209e+01 2.091589070471145187e-02
2.374870488118759937e+01 2.043335062965137908e-02
2.399988781917473091e+01 1.977080424230740624e-02
2.425071646049711305e+01 1.925161063016717078e-02
2.450187830577813841e+01 1.870419588085292517e-02
2.475391093216606109e+01 1.828881795052682280e-02
2.500524226975159792e+01 1.780303032332154756e-02
2.525610980153284402e+01 1.730234209634572487e-02
2.550801425092822328e+01 1.675928939435989209e-02
2.575943113325822864e+01 1.639336617706515023e-02
2.601074166866445125e+01 1.599488820481962184e-02
2.626234447079615464e+01 1.553494674306176229e-02
2.651347712943701751e+01 1.519566144396364803e-02
2.676474177984877656e+01 1.482195785095520926e-02
2.701628079430242479e+01 1.442996478223399458e-02
2.726734205837282232e+01 1.406368976684783598e-02
2.751837013544679422e+01 1.373898406939207291e-02
2.776937726815812724e+01 1.335873087840377428e-02
2.802070160973895341e+01 1.310783609824330356e-02
2.827249982643487058e+01 1.268748626904554408e-02
2.852407603869968966e+01 1.246304022565881964e-02
2.877567300468570721e+01 1.218501978248570997e-02
2.902733523039245256e+01 1.189257587871746236e-02
2.927861073083739996e+01 1.161003273560508656e-02
2.953003196193969160e+01 1.130564005932222990e-02
2.978106336846375157e+01 1.109550049445576746e-02
3.003148440777084716e+01 1.085198084636444793e-02
3.028303386126418673e+01 1.060284952766597441e-02
3.053456493440382857e+01 1.037060962002259341e-02
3.078585183944906944e+01 1.020574168367116390e-02
3.103757946070165730e+01 9.885815049410641431e-03
3.128931656795834826e+01 9.649397487421891573e-03
3.154125974608096428e+01 9.522926432196829674e-03
3.179158626791808828e+01 9.367053150708383458e-03
3.204196438636942190e+01 9.099894166077673180e-03
3.229344668057169798e+01 8.910248110331264043e-03
3.254489998018084407e+01 8.744974584975469950e-03
3.279660140319880668e+01 8.548498563341028200e-03
3.304772754686901237e+01 8.386774427111456931e-03
3.329949953441923327e+01 8.178626133635135548e-03
3.355173249539067371e+01 8.082477076725725837e-03
3.380235474142784824e+01 7.855532684787709316e-03
3.405292218889088218e+01 7.719596715275664663e-03
3.430455901572810262e+01 7.612518137649339385e-03
3.455605119154291316e+01 7.440808673117093458e-03
3.480708698418615654e+01 7.237904700408326689e-03
3.505823042281740243e+01 7.138271098995690837e-03
3.530983122122644602e+01 6.968296447556647684e-03
3.556111974160763367e+01 6.822629584898402474e-03
3.581195885960364933e+01 6.745448571718536471e-03
3.606348577968052638e+01 6.604012169785226059e-03
3.631495136683125935e+01 6.485149167748371565e-03
3.656646781331610185e+01 6.334895955605751756e-03
3.681800948534306173e+01 6.231145718488473144e-03
3.706942350460822411e+01 6.079490975709746399e-03
3.732119977997001570e+01 6.034069996605702021e-03
3.757249197135423202e+01 5.920719312466228741e-03
3.782324055213251057e+01 5.789160029039412160e-03
3.807430609684078604e+01 5.721456759353337786e-03
3.832526519371521090e+01 5.592912041546926720e-03
3.857704530181875668e+01 5.490164537871598457e-03
3.882896255048217427e+01 5.414318309099539796e-03
3.907976684424035341e+01 5.328327247725104208e-03
3.933085588900704010e+01 5.227190730221353485e-03
3.958184533965361140e+01 5.126663817937935318e-03
3.983320492881626507e+01 5.036583069315925254e-03
4.008506787586624398e+01 4.967807658064598772e-03
4.033569471078550350e+01 4.852807997388110250e-03
4.058701345074587863e+01 4.808114806639331336e-03
4.083916815834436420e+01 4.719588903006027847e-03
4.108978611092747713e+01 4.600573062786808901e-03
4.134119394692694271e+01 4.555617702812229941e-03
4.159372926482761557e+01 4.491551973086618105e-03
4.184480996230068683e+01 4.420752382126497126e-03
4.209495048714620680e+01 4.334404596345666459e-03
4.234568601474854432e+01 4.287025216363917965e-03
4.259794184898333214e+01 4.186384340043418362e-03
4.284922176444433717e+01 4.129917308452687313e-03
4.309982534096671003e+01 4.057308560283989264e-03
4.335153475414617930e+01 4.003034756987501261e-03
4.360374984514007224e+01 3.960979282479988074e-03
4.385432838732079830e+01 3.896318342644730041e-03
4.410529766549178277e+01 3.816481970112165986e-03
4.435675536456894008e+01 3.738693900331670292e-03
4.460756668584335927e+01 3.714257918045767333e-03
4.485812369927145937e+01 3.628761957849058629e-03
4.510933196139897206e+01 3.578133519069834692e-03
4.536097672816924131e+01 3.532822518800473634e-03
4.561261869099184452e+01 3.465259266728222022e-03
4.586346064304911607e+01 3.438422289728686361e-03
4.611435299895526185e+01 3.379838495940896883e-03
4.636610302009028572e+01 3.333665847011372044e-03
4.661726081402038346e+01 3.241693232164063933e-03
4.686748045926628237e+01 3.230984955170163563e-03
4.712001000143001761e+01 3.166457075419937348e-03
4.737334269293729960e+01 3.175676326905355323e-03
4.762357272554871912e+01 3.070280939787933989e-03
4.787295862859781437e+01 3.065032326059831565e-03
4.812686710231834297e+01 3.003719194170097282e-03
4.837988354528783930e+01 2.954902594347605556e-03
4.862698975964909209e+01 2.961079832589969332e-03
4.887931961662670233e+01 2.867275299663681748e-03
4.913512531690142282e+01 2.791322243342979608e-03
4.938486646957150583e+01 2.736893686406029896e-03
4.963073103205424985e+01 2.781596733466116297e-03
4.988316058859187763e+01 2.694714635904146144e-03
5.013927392651110893e+01 2.655193024676258569e-03
5.038898445289544270e+01 2.680735936119667522e-03
5.063791314200675941e+01 2.648262349880956424e-03
5.089234515763529032e+01 2.570826013863417372e-03
5.114529266359630810e+01 2.597075794506267105e-03
5.138952878242714206e+01 2.518211950677450191e-03
5.163945178601188246e+01 2.451724945823668261e-03
5.190206698624180603e+01 2.447357252227514313e-03
5.215590084722179398e+01 2.434944323624812362e-03
5.238680673191466042e+01 2.404620245336551530e-03
5.263532591009818873e+01 2.402530935079733206e-03
5.290823119436031874e+01 2.289934931580824614e-03
5.316882575050344428e+01 2.372650014977798101e-03
5.338513341050097694e+01 2.301993341347377021e-03
5.363212510227822349e+01 2.313700592045844773e-03
5.391615723351310407e+01 2.159875780788433376e-03
5.419187693011466678e+01 2.194945205799723412e-03
5.439722241285236493e+01 2.302392960110604628e-03
5.462806064877949552e+01 2.065330499244785907e-03
5.491241494336609463e+01 1.948018422608363163e-03
5.519421446932921782e+01 1.383491524010671374e-03
5.543046826972861396e+01 1.541043851532943303e-03
5.561137265256709128e+01 1.147449026437823540e-03
