3.559856489878782115e-01 5.507488245017954114e+02
6.031648866026231293e-01 2.043700061533323549e+02
8.579160745827347778e-01 7.927230180888268762e+01
1.113464310595710716e+00 5.846627092139284798e+01
1.374039914321364408e+00 3.543895322294192596e+01
1.619154704570298309e+00 2.237062292857984502e+01
1.870686673430271840e+00 1.345599398368472599e+01
2.123290040706380832e+00 1.074667150553752215e+01
2.378144976376236119e+00 8.026473833172495631e+00
2.630489925835516996e+00 6.305237851721693154e+00
2.878653162679494670e+00 5.044556799626184862e+00
3.131144366275339319e+00 4.192553012044501592e+00
3.388159578333816313e+00 3.351641709610985842e+00
3.638741848210948149e+00 2.792892322175847486e+00
3.888315910732085268e+00 2.322166597383058306e+00
4.139052155837465996e+00 1.971874648841438038e+00
4.390305777018236988e+00 1.661393404772953497e+00
4.642172339120373081e+00 1.509183904322392022e+00
4.894678666149941293e+00 1.289211189451104245e+00
5.147269052361176378e+00 1.179415814654725114e+00
5.398003206656323272e+00 9.900496521992733223e-01
5.647798235368590269e+00 8.852983065416289987e-01
5.900534302989873581e+00 8.123439733825312814e-01
6.151460297009074374e+00 7.321999924502614610e-01
6.402630176204441526e+00 6.692882051479249750e-01
6.655964674748322096e+00 5.686683185545843289e-01
6.908782583105771202e+00 5.270635071055600473e-01
7.159060853508338873e+00 4.997270699282446715e-01
7.409414762591408632e+00 4.481651875887968095e-01
7.659227149364629561e+00 4.158455996312263592e-01
7.911559474606142395e+00 3.763025310918532429e-01
8.163750941790897997e+00 3.506489615920990177e-01
8.415757210439384295e+00 3.126307230158161254e-01
8.667638839289207198e+00 2.925921185763675769e-01
8.918801124864609520e+00 2.717004747493409478e-01
9.170480108345369530e+00 2.528136920635318807e-01
9.420566033467249412e+00 2.370950571229763770e-01
9.671642335271435797e+00 2.197650817362230558e-01
9.923426157758477473e+00 2.053617611286831235e-01
1.017396902749181820e+01 1.918891708840813337e-01
1.042533700753922155e+01 1.822580969907469928e-01
1.067702948358784276e+01 1.714440878695198400e-01
1.092969337256462303e+01 1.605803401414135356e-01
1.118211872033766419e+01 1.514349082117794620e-01
1.143346516925797296e+01 1.435809693340819038e-01
1.168350508557724687e+01 1.351153127432780376e-01
1.193379937775929100e+01 1.281852585378332188e-01
1.218553055762879112e+01 1.203226834009233776e-01
1.243711650801278878e+01 1.130158280867306769e-01
1.268867268647359303e+01 1.084082235973585773e-01
1.294075027177769144e+01 1.031795159718721100e-01
1.319267287020158363e+01 9.822180366973495835e-02
1.344470571782862756e+01 9.282308191742164039e-02
1.369480150283709641e+01 8.930314981266114505e-02
1.394591277066507828e+01 8.553390470841794324e-02
1.419764645764527167e+01 8.073883351357610816e-02
1.444766774168416212e+01 7.650950839756065491e-02
1.469906835825429070e+01 7.314605149344680091e-02
1.495059118111036511e+01 6.990994282367370138e-02
1.520261612590052991e+01 6.713436080279637508e-02
1.545415944503929495e+01 6.391836382047939857e-02
1.570456072545780124e+01 6.121170861016818343e-02
1.595705800128773966e+01 5.920481407376525229e-02
1.620829297830731619e+01 5.636987596337713485e-02
1.645966591028190962e+01 5.436464781100014410e-02
1.671125708846596325e+01 5.244904969863911637e-02
1.696160259490052624e+01 5.000760489454007113e-02
1.721370276108077135e+01 4.799702015327068222e-02
1.746543424102250341e+01 4.658732127607991685e-02
1.771598473288305442e+01 4.469312862748087839e-02
1.796653767411944003e+01 4.286729503047283230e-02
1.821765658501893270e+01 4.156203247359047115e-02
1.847053788120423334e+01 3.966367028679376738e-02
1.872257696809484173e+01 3.862078230713803656e-02
1.897394097105746269e+01 3.695776104099334630e-02
1.922542454726159988e+01 3.562483939175428715e-02
1.947607703355479103e+01 3.486264860840342789e-02
1.972678839839982601e+01 3.324853609626966799e-02
1.997802698857814363e+01 3.248874424787658727e-02
2.022863620534168660e+01 3.118907871659712047e-02
2.047969598507238231e+01 3.058112591171045433e-02
2.073250439107362553e+01 2.933009680298827651e-02
2.098435855211640089e+01 2.828511235811545163e-02
2.123502923393334640e+01 2.749941533951189357e-02
2.148629411178690773e+01 2.642583964146058909e-02
2.173831825513516591e+01 2.590138665050737907e-02
2.198972260956887226e+01 2.527188597828946073e-02
2.223974971000711420e+01 2.426967053512923619e-02
2.249141870643862973e+01 2.363753738261444373e-02
2.274404614890906373e+01 2.312920918363966724e-02
2.299521835768831579e+01 2.210841160797384283e-02
2.324620084136223852e+01 2.171038738701936560e-02
2.349757798664387209e+01 2.097471805551352070e-02
2.374870488118759937e+01 2.021785706021223677e-02
2.399988781917473091e+01 1.993107301127891237e-02
2.425071646049711305e+01 1.924436311408016936e-02
2.450187830577813841e+01 1.877326462510606198e-02
2.475391093216606109e+01 1.836352408291698143e-02
2.500524226975159792e+01 1.783565637776886315e-02
2.525610980153284402e+01 1.736713911543666736e-02
2.550801425092822328e+01 1.678761368362680778e-02
2.575943113325822864e+01 1.641205072642294358e-02
2.601074166866445125e+01 1.604083117782374376e-02
2.626234447079615464e+01 1.561213626022177683e-02
2.651347712943701751e+01 1.516258607038041030e-02
2.676474177984877656e+01 1.477869609256256267e-02
2.701628079430242479e+01 1.441548489525698064e-02
2.726734205837282232e+01 1.406110260424196789e-02
2.751837013544679422e+01 1.370856872651478840e-02
2.776937726815812724e+01 1.344671849693509710e-02
2.802070160973895341e+01 1.304928039490486913e-02
2.827249982643487058e+01 1.273370908444627046e-02
2.852407603869968966e+01 1.247126752780647850e-02
2.877567300468570721e+01 1.221031678438434624e-02
2.902733523039245256e+01 1.186394027004054712e-02
2.927861073083739996e+01 1.157502259064541530e-02
2.953003196193969160e+01 1.139012256988526650e-02
2.978106336846375157e+01 1.104841731934331356e-02
3.003148440777084716e+01 1.084693722217111231e-02
3.028303386126418673e+01 1.062297965027922397e-02
3.053456493440382857e+01 1.031977347035267778e-02
3.078585183944906944e+01 1.015791833731226335e-02
3.103757946070165730e+01 9.944113509493441444e-03
3.128931656795834826e+01 9.693354511506114754e-03
3.154125974608096428e+01 9.542751053105957490e-03
3.179158626791808828e+01 9.324838489164610084e-03
3.204196438636942190e+01 9.070154022632623617e-03
3.229344668057169798e+01 8.870093165587110765e-03
3.254489998018084407e+01 8.716099843561956120e-03
3.279660140319880668e+01 8.607021482005153962e-03
3.304772754686901237e+01 8.324567701622554924e-03
3.329949953441923327e+01 8.228184877359736443e-03
3.355173249539067371e+01 8.018444288107729953e-03
3.380235474142784824e+01 7.904890062499142500e-03
3.405292218889088218e+01 7.664864647196150370e-03
3.430455901572810262e+01 7.566478457561641099e-03
3.455605119154291316e+01 7.449384465551879032e-03
3.480708698418615654e+01 7.259544171014085424e-03
3.505823042281740243e+01 7.115590487005857279e-03
3.530983122122644602e+01 7.014177468951041973e-03
3.556111974160763367e+01 6.810337128597799584e-03
3.581195885960364933e+01 6.745605262927683102e-03
3.606348577968052638e+01 6.631704948085992944e-03
3.631495136683125935e+01 6.464911066534638311e-03
3.656646781331610185e+01 6.369036520579779599e-03
3.681800948534306173e+01 6.188281531058969706e-03
3.706942350460822411e+01 6.133229981302679330e-03
3.732119977997001570e+01 5.985922900813294908e-03
3.757249197135423202e+01 5.893817906483322412e-03
3.782324055213251057e+01 5.829707018655869329e-03
3.807430609684078604e+01 5.713068853325027792e-03
3.832526519371521090e+01 5.623755474241503086e-03
3.857704530181875668e+01 5.497433056555421291e-03
3.882896255048217427e+01 5.428035612702919108e-03
3.907976684424035341e+01 5.326581811335647475e-03
3.933085588900704010e+01 5.195493053101781465e-03
3.958184533965361140e+01 5.124729135728279920e-03
3.983320492881626507e+01 5.028152573238390925e-03
4.008506787586624398e+01 4.976738641477985829e-03
4.033569471078550350e+01 4.871652022961592450e-03
4.058701345074587863e+01 4.788038248245603430e-03
4.083916815834436420e+01 4.700619763761407048e-03
4.108978611092747713e+01 4.612065474666458310e-03
4.134119394692694271e+01 4.529301336773447137e-03
4.159372926482761557e+01 4.475386042077412335e-03
4.184480996230068683e+01 4.420624010664528890e-03
4.209495048714620680e+01 4.342186167148177726e-03
4.234568601474854432e+01 4.248213441835557540e-03
4.259794184898333214e+01 4.191954436408802664e-03
4.284922176444433717e+01 4.098795173110865615e-03
4.309982534096671003e+01 4.064113288844963846e-03
4.335153475414617930e+01 3.988824957648269033e-03
4.360374984514007224e+01 3.934401617639643120e-03
4.385432838732079830e+01 3.870843349953275239e-03
4.410529766549178277e+01 3.811741611716266617e-03
4.435675536456894008e+01 3.776790354055050824e-03
4.460756668584335927e+01 3.692032047575926745e-03
4.485812369927145937e+01 3.622749426789185784e-03
4.510933196139897206e+01 3.627649837074707010e-03
4.536097672816924131e+01 3.556573173529105521e-03
4.561261869099184452e+01 3.497396065172192134e-03
4.586346064304911607e+01 3.379939386584126463e-03
4.611435299895526185e+01 3.410612838522101078e-03
4.636610302009028572e+01 3.333298398908786375e-03
4.661726081402038346e+01 3.281858018330161084e-03
4.686748045926628237e+01 3.246887384927862972e-03
4.712001000143001761e+01 3.209829732899035712e-03
4.737334269293729960e+01 3.185113281906222157e-03
4.762357272554871912e+01 3.117129882199596528e-03
4.787295862859781437e+01 3.026346126810128441e-03
4.812686710231834297e+01 3.021281613809127017e-03
4.837988354528783930e+01 2.975947518066491670e-03
4.862698975964909209e+01 2.969633098470550892e-03
4.887931961662670233e+01 2.867411749439549747e-03
4.913512531690142282e+01 2.791987290153227948e-03
4.938486646957150583e+01 2.854925830311570711e-03
4.963073103205424985e+01 2.812545089025216081e-03
4.988316058859187763e+01 2.755021759205441428e-03
5.013927392651110893e+01 2.674073833880170111e-03
5.038898445289544270e+01 2.676305954805978122e-03
5.063791314200675941e+01 2.649593215743196745e-03
5.089234515763529032e+01 2.580398458752517984e-03
5.114529266359630810e+01 2.596119972525401821e-03
5.138952878242714206e+01 2.472329370965521429e-03
5.163945178601188246e+01 2.487459837300296395e-03
5.190206698624180603e+01 2.409028390727401079e-03
5.215590084722179398e+01 2.265506351181255547e-03
5.238680673191466042e+01 2.425329672286297752e-03
5.263532591009818873e+01 2.416634733577901085e-03
5.290823119436031874e+01 2.306145135611147642e-03
5.316882575050344428e+01 2.265523759834642010e-03
5.338513341050097694e+01 2.171381016778927645e-03
5.363212510227822349e+01 2.385409873741454415e-03
5.391615723351310407e+01 2.154471151842612085e-03
5.419187693011466678e+01 2.223584343348545579e-03
5.439722241285236493e+01 2.210419180803586438e-03
5.462806064877949552e+01 2.033896297400061490e-03
5.491241494336609463e+01 2.381333002374606388e-03
5.519421446932921782e+01 2.689284642594802141e-03
5.543046826972861396e+01 1.457306066605012097e-03
5.561137265256709128e+01 1.164512291270415048e-03
