3.559856489878782115e-01 5.724416362065585417e+02
6.031648866026231293e-01 2.236010677670644782e+02
8.579160745827347778e-01 9.717449591526178665e+01
1.113464310595710716e+00 5.339647911017499382e+01
1.374039914321364408e+00 3.229437206657024717e+01
1.619154704570298309e+00 1.909213157872797595e+01
1.870686673430271840e+00 1.417037526641307288e+01
2.123290040706380832e+00 1.041200020702915729e+01
2.378144976376236119e+00 7.911425869735492000e+00
2.630489925835516996e+00 5.930777893997996486e+00
2.878653162679494670e+00 5.059504965306842905e+00
3.131144366275339319e+00 4.095284295065590996e+00
3.388159578333816313e+00 3.453102104148825457e+00
3.638741848210948149e+00 2.669027022587289633e+00
3.888315910732085268e+00 2.322125839864919605e+00
4.139052155837465996e+00 1.879261775236306997e+00
4.390305777018236988e+00 1.706020337319708702e+00
4.642172339120373081e+00 1.473381628664449217e+00
4.894678666149941293e+00 1.256989080399655290e+00
5.147269052361176378e+00 1.109096680633415710e+00
5.398003206656323272e+00 9.737785372833044351e-01
5.647798235368590269e+00 8.855635389874572105e-01
5.900534302989873581e+00 8.137253599390852354e-01
6.151460297009074374e+00 7.118348604167046290e-01
6.402630176204441526e+00 6.711322018646638243e-01
6.655964674748322096e+00 5.856500683962749809e-01
6.908782583105771202e+00 5.252588481075177729e-01
7.159060853508338873e+00 4.818003631429172429e-01
7.409414762591408632e+00 4.385955391638268197e-01
7.659227149364629561e+00 4.052487965657505242e-01
7.911559474606142395e+00 3.768585792942875656e-01
8.163750941790897997e+00 3.488276703142807467e-01
8.415757210439384295e+00 3.233512507174771122e-01
8.667638839289207198e+00 3.047282608344417110e-01
8.918801124864609520e+00 2.704556148392612824e-01
9.170480108345369530e+00 2.513735544129756527e-01
9.420566033467249412e+00 2.369800785934209064e-01
9.671642335271435797e+00 2.186103114637749090e-01
9.923426157758477473e+00 2.101351923886786710e-01
1.017396902749181820e+01 1.919891077274569757e-01
1.042533700753922155e+01 1.792772697981768470e-01
1.067702948358784276e+01 1.703244372379785765e-01
1.092969337256462303e+01 1.611137397946987293e-01
1.118211872033766419e+01 1.518221896757284972e-01
1.143346516925797296e+01 1.426766828216229355e-01
1.168350508557724687e+01 1.358393991400709266e-01
1.193379937775929100e+01 1.268781013613616837e-01
1.218553055762879112e+01 1.211458006448169200e-01
1.243711650801278878e+01 1.155191519156374413e-01
1.268867268647359303e+01 1.087460322823993603e-01
1.294075027177769144e+01 1.032324189704589001e-01
1.319267287020158363e+01 9.793183612608225008e-02
1.344470571782862756e+01 9.320375270282911517e-02
1.369480150283709641e+01 8.889677068696885676e-02
1.394591277066507828e+01 8.540239405142588391e-02
1.419764645764527167e+01 8.042495534556717840e-02
1.444766774168416212e+01 7.657228754724258735e-02
1.469906835825429070e+01 7.271305707458081136e-02
1.495059118111036511e+01 6.952752727738645278e-02
1.520261612590052991e+01 6.748142071843818424e-02
1.545415944503929495e+01 6.404779294877677165e-02
1.570456072545780124e+01 6.173603413633295400e-02
1.595705800128773966e+01 5.883601878659814460e-02
1.620829297830731619e+01 5.672043662858144986e-02
1.645966591028190962e+01 5.459401572005298520e-02
1.671125708846596325e+01 5.236177090379431215e-02
1.696160259490052624e+01 4.995682083952159014e-02
1.721370276108077135e+01 4.821716141029017827e-02
1.746543424102250341e+01 4.646543867443850978e-02
1.771598473288305442e+01 4.445556984962636959e-02
1.796653767411944003e+01 4.326537446620072613e-02
1.821765658501893270e+01 4.152925329396889298e-02
1.847053788120423334e+01 3.980050208428854291e-02
1.872257696809484173e+01 3.819840240830058714e-02
1.897394097105746269e+01 3.674077240004200440e-02
1.922542454726159988e+01 3.605884496235524372e-02
1.947607703355479103e+01 3.434869141034808948e-02
1.972678839839982601e+01 3.369280556826317885e-02
1.997802698857814363e+01 3.234248253415916707e-02
2.022863620534168660e+01 3.150315891144245262e-02
2.047969598507238231e+01 3.041003978262464200e-02
2.073250439107362553e+01 2.967932715659729603e-02
2.098435855211640089e+01 2.838710589695752143e-02
2.123502923393334640e+01 2.755958121220366402e-02
2.148629411178690773e+01 2.664588988772657527e-02
2.173831825513516591e+01 2.589074882220435830e-02
2.198972260956887226e+01 2.499588477416499546e-02
2.223974971000711420e+01 2.439826531647892177e-02
2.249141870643862973e+01 2.368101881225918859e-02
2.274404614890906373e+01 2.305056686003066624e-02
2.299521835768831579e+01 2.232979727598149999e-02
2.324620084136223852e+01 2.153407585782980346e-02
2.349757798664387209e+01 2.090947427432889028e-02
2.374870488118759937e+01 2.037970106635549755e-02
2.399988781917473091e+01 1.991689412572416121e-02
2.425071646049711305e+01 1.925711310662482634e-02
2.450187830577813841e+01 1.879555809531000335e-02
2.475391093216606109e+01 1.826090436561293023e-02
2.500524226975159792e+01 1.775640499525618643e-02
2.525610980153284402e+01 1.730464561660566974e-02
2.550801425092822328e+01 1.676968236648289368e-02
2.575943113325822864e+01 1.634384672481528633e-02
2.601074166866445125e+01 1.592734844028429256e-02
2.626234447079615464e+01 1.554166537756366921e-02
2.651347712943701751e+01 1.513012205745862572e-02
2.676474177984877656e+01 1.481802241337139975e-02
2.701628079430242479e+01 1.444931463327057616e-02
2.726734205837282232e+01 1.413381406144245157e-02
2.751837013544679422e+01 1.366263421500763658e-02
2.776937726815812724e+01 1.340387169069987353e-02
2.802070160973895341e+01 1.304464548038270812e-02
2.827249982643487058e+01 1.266954185770396459e-02
2.852407603869968966e+01 1.246973123972820729e-02
2.877567300468570721e+01 1.216288652418528841e-02
2.902733523039245256e+01 1.189242315213630968e-02
2.927861073083739996e+01 1.164458895980883223e-02
2.953003196193969160e+01 1.143138791331880719e-02
2.978106336846375157e+01 1.100810249358252779e-02
3.003148440777084716e+01 1.084679517634503862e-02
3.028303386126418673e+01 1.060522997974755466e-02
3.053456493440382857e+01 1.036787452693838270e-02
3.078585183944906944e+01 1.015859999153660362e-02
3.103757946070165730e+01 9.915035640001989767e-03
3.128931656795834826e+01 9.691584689744802555e-03
3.154125974608096428e+01 9.501648840279803762e-03
3.179158626791808828e+01 9.273164070695977257e-03
3.204196438636942190e+01 9.064453082354848729e-03
3.229344668057169798e+01 8.874226016699678782e-03
3.254489998018084407e+01 8.725094061491651259e-03
3.279660140319880668e+01 8.499963978055677383e-03
3.304772754686901237e+01 8.353766369661992305e-03
3.329949953441923327e+01 8.231584411614829150e-03
3.355173249539067371e+01 8.049422935324674136e-03
3.380235474142784824e+01 7.869526905283969268e-03
3.405292218889088218e+01 7.710019308720722844e-03
3.430455901572810262e+01 7.538496548156448616e-03
3.455605119154291316e+01 7.418763416425470589e-03
3.480708698418615654e+01 7.300130258141870887e-03
3.505823042281740243e+01 7.119606431592401252e-03
3.530983122122644602e+01 6.944190816087884160e-03
3.556111974160763367e+01 6.838029398032663929e-03
3.581195885960364933e+01 6.737553484069171324e-03
3.606348577968052638e+01 6.627876961800891961e-03
3.631495136683125935e+01 6.485077916931399414e-03
3.656646781331610185e+01 6.337934481341932387e-03
3.681800948534306173e+01 6.232933349950508205e-03
3.706942350460822411e+01 6.110738442701661027e-03
3.732119977997001570e+01 5.986698611437488680e-03
3.757249197135423202e+01 5.926476864199572980e-03
3.782324055213251057e+01 5.822070397349044663e-03
3.807430609684078604e+01 5.736384694171657410e-03
3.832526519371521090e+01 5.583018778486673918e-03
3.857704530181875668e+01 5.461808206714901560e-03
3.882896255048217427e+01 5.411144644246613199e-03
3.907976684424035341e+01 5.352145847722752231e-03
3.933085588900704010e+01 5.223895485714917172e-03
3.958184533965361140e+01 5.144934800442680332e-03
3.983320492881626507e+01 5.019773069441086505e-03
4.008506787586624398e+01 4.963381864157993643e-03
4.033569471078550350e+01 4.884452639551208931e-03
4.058701345074587863e+01 4.792548736962195903e-03
4.083916815834436420e+01 4.697878037776959462e-03
4.108978611092747713e+01 4.655318614400807443e-03
4.134119394692694271e+01 4.530863138006631721e-03
4.159372926482761557e+01 4.470846003423909268e-03
4.184480996230068683e+01 4.394559738154808250e-03
4.209495048714620680e+01 4.359778499715635976e-03
4.234568601474854432e+01 4.268218837242614486e-03
4.259794184898333214e+01 4.170831994854083506e-03
4.284922176444433717e+01 4.137171322593904098e-03
4.309982534096671003e+01 4.096787334377544054e-03
4.335153475414617930e+01 4.002545146242499595e-03
4.360374984514007224e+01 3.922320786868611041e-03
4.385432838732079830e+01 3.872176697654732772e-03
4.410529766549178277e+01 3.815765024929582312e-03
4.435675536456894008e+01 3.730772992865988465e-03
4.460756668584335927e+01 3.728770977261484584e-03
4.485812369927145937e+01 3.632783792792885266e-03
4.510933196139897206e+01 3.578535040816128131e-03
4.536097672816924131e+01 3.546390704545072416e-03
4.561261869099184452e+01 3.502768709688677037e-03
4.586346064304911607e+01 3.376098586928144227e-03
4.611435299895526185e+01 3.379494872929079963e-03
4.636610302009028572e+01 3.281391172861204773e-03
4.661726081402038346e+01 3.275323237346979000e-03
4.686748045926628237e+01 3.269002848551571042e-03
4.712001000143001761e+01 3.195894128376474720e-03
4.737334269293729960e+01 3.143181607544770235e-03
4.762357272554871912e+01 3.104063965899784422e-03
4.787295862859781437e+01 3.107568231585699624e-03
4.812686710231834297e+01 3.056567743407479724e-03
4.837988354528783930e+01 2.967731859058755483e-03
4.862698975964909209e+01 2.925975772502214904e-03
4.887931961662670233e+01 2.927396423303307849e-03
4.913512531690142282e+01 2.846531933571855039e-03
4.938486646957150583e+01 2.846586229323603851e-03
4.963073103205424985e+01 2.741336927546165342e-03
4.988316058859187763e+01 2.786530653512895878e-03
5.013927392651110893e+01 2.685103331812409462e-03
5.038898445289544270e+01 2.656584483501701812e-03
5.063791314200675941e+01 2.615470309732125746e-03
5.089234515763529032e+01 2.558630287243152980e-03
5.114529266359630810e+01 2.569189001401941432e-03
5.138952878242714206e+01 2.544288744876430086e-03
5.163945178601188246e+01 2.456054743338900465e-03
5.190206698624180603e+01 2.492271296141986264e-03
5.215590084722179398e+01 2.428228995464913349e-03
5.238680673191466042e+01 2.349740337222792561e-03
5.263532591009818873e+01 2.313693184758372143e-03
5.290823119436031874e+01 2.265726335419136935e-03
5.316882575050344428e+01 2.285622555374588506e-03
5.338513341050097694e+01 2.312631542456661075e-03
5.363212510227822349e+01 2.299319647315241095e-03
5.391615723351310407e+01 2.262822209181164848e-03
5.419187693011466678e+01 1.882634712461732406e-03
5.439722241285236493e+01 2.229070656814137463e-03
5.462806064877949552e+01 1.921739953605621550e-03
5.491241494336609463e+01 2.024613249678487714e-03
5.519421446932921782e+01 1.920519901682718597e-03
5.543046826972861396e+01 2.267357082973376226e-03
5.561137265256709128e+01 1.990154397412965438e-03
