3.559856489878782115e-01 5.427134681998406904e+02
6.031648866026231293e-01 1.437463541753496088e+02
8.579160745827347778e-01 7.969025769426583850e+01
1.113464310595710716e+00 5.954639041181831516e+01
1.374039914321364408e+00 2.736519019558203070e+01
1.619154704570298309e+00 1.949232499124396156e+01
1.870686673430271840e+00 1.364662261950088507e+01
2.123290040706380832e+00 1.110173740177067891e+01
2.378144976376236119e+00 8.303672722023870634e+00
2.630489925835516996e+00 5.742248345563351286e+00
2.878653162679494670e+00 4.957633174672502641e+00
3.131144366275339319e+00 3.920745670305445518e+00
3.388159578333816313e+00 3.420789181273152568e+00
3.638741848210948149e+00 2.635060600858846858e+00
3.888315910732085268e+00 2.405176877711880934e+00
4.139052155837465996e+00 2.006117346372222610e+00
4.390305777018236988e+00 1.704687578359550981e+00
4.642172339120373081e+00 1.472018660472970586e+00
4.894678666149941293e+00 1.338902438526420102e+00
5.147269052361176378e+00 1.142757127332877820e+00
5.398003206656323272e+00 9.993925308993786283e-01
5.647798235368590269e+00 8.953622042530992031e-01
5.900534302989873581e+00 8.038621426595389252e-01
6.151460297009074374e+00 7.181661544337760716e-01
6.402630176204441526e+00 6.587669533587046100e-01
6.655964674748322096e+00 5.911926064847996543e-01
6.908782583105771202e+00 5.317257697454913501e-01
7.159060853508338873e+00 4.805029994448518083e-01
7.409414762591408632e+00 4.416542173160402096e-01
7.659227149364629561e+00 4.061771562404477010e-01
7.911559474606142395e+00 3.806585454953771430e-01
8.163750941790897997e+00 3.404955797958281183e-01
8.415757210439384295e+00 3.181070433769977446e-01
8.667638839289207198e+00 2.954785570928086802e-01
8.918801124864609520e+00 2.687853024352605535e-01
9.170480108345369530e+00 2.611217339475324084e-01
9.420566033467249412e+00 2.347714588181508411e-01
9.671642335271435797e+00 2.188697992168660844e-01
9.923426157758477473e+00 2.064500227591943848e-01
1.017396902749181820e+01 1.970633362106620490e-01
1.042533700753922155e+01 1.842325448907510266e-01
1.067702948358784276e+01 1.716681663227975496e-01
1.092969337256462303e+01 1.590694889585511640e-01
1.118211872033766419e+01 1.480213345692050764e-01
1.143346516925797296e+01 1.412094484206981859e-01
1.168350508557724687e+01 1.343684175484293475e-01
1.193379937775929100e+01 1.266262570171869939e-01
1.218553055762879112e+01 1.212895763678458333e-01
1.243711650801278878e+01 1.146716447777999942e-01
1.268867268647359303e+01 1.082945271519524105e-01
1.294075027177769144e+01 1.030949745666227824e-01
1.319267287020158363e+01 9.850674655323818363e-02
1.344470571782862756e+01 9.278701011836940071e-02
1.369480150283709641e+01 8.822543841603765202e-02
1.394591277066507828e+01 8.516345172181617740e-02
1.419764645764527167e+01 8.102414829495067916e-02
1.444766774168416212e+01 7.637078341062542020e-02
1.469906835825429070e+01 7.364666121587874759e-02
1.495059118111036511e+01 7.010981590549940357e-02
1.520261612590052991e+01 6.676426027079357395e-02
1.545415944503929495e+01 6.445950568831892991e-02
1.570456072545780124e+01 6.152019150258206809e-02
1.595705800128773966e+01 5.896886165218686443e-02
1.620829297830731619e+01 5.680706349983579567e-02
1.645966591028190962e+01 5.418133652834047215e-02
1.671125708846596325e+01 5.208182843426768793e-02
1.696160259490052624e+01 5.021412787763376157e-02
1.721370276108077135e+01 4.864210706718031380e-02
1.746543424102250341e+01 4.585357398679059532e-02
1.771598473288305442e+01 4.458006828521996617e-02
1.796653767411944003e+01 4.341218730820307903e-02
1.821765658501893270e+01 4.157394294047141170e-02
1.847053788120423334e+01 4.025326049175600995e-02
1.872257696809484173e+01 3.876997700418818166e-02
1.897394097105746269e+01 3.694013598360839506e-02
1.922542454726159988e+01 3.582047484736049225e-02
1.947607703355479103e+01 3.457691467450924039e-02
1.972678839839982601e+01 3.339802695115354214e-02
1.997802698857814363e+01 3.251106129009991713e-02
2.022863620534168660e+01 3.136514406284902912e-02
2.047969598507238231e+01 3.028038142093177412e-02
2.073250439107362553e+01 2.939910274699868847e-02
2.098435855211640089e+01 2.848789169621891021e-02
2.123502923393334640e+01 2.749352054953805441e-02
2.148629411178690773e+01 2.670257622671419473e-02
2.173831825513516591e+01 2.578230970587694695e-02
2.198972260956887226e+01 2.494251453348674333e-02
2.223974971000711420e+01 2.444247779810546084e-02
2.249141870643862973e+01 2.371477511899483179e-02
2.274404614890906373e+01 2.299865237707529250e-02
2.299521835768831579e+01 2.207619657375233663e-02
2.324620084136223852e+01 2.155179558183841979e-02
2.349757798664387209e+01 2.090200424712509650e-02
2.374870488118759937e+01 2.035288787921461090e-02
2.399988781917473091e+01 1.978123653263707052e-02
2.425071646049711305e+01 1.913889649164635109e-02
2.450187830577813841e+01 1.880258549859736492e-02
2.475391093216606109e+01 1.830301398514801517e-02
2.500524226975159792e+01 1.791173084200453278e-02
2.525610980153284402e+01 1.731739670996313915e-02
2.550801425092822328e+01 1.682134917901534701e-02
2.575943113325822864e+01 1.637673988282105364e-02
2.601074166866445125e+01 1.592579621164280992e-02
2.626234447079615464e+01 1.550142575786823095e-02
2.651347712943701751e+01 1.528907322615488500e-02
2.676474177984877656e+01 1.481999608657841652e-02
2.701628079430242479e+01 1.438047406726659060e-02
2.726734205837282232e+01 1.408280134246775797e-02
2.751837013544679422e+01 1.366373528272882797e-02
2.776937726815812724e+01 1.335960405675154158e-02
2.802070160973895341e+01 1.306247145045797038e-02
2.827249982643487058e+01 1.278521428525325986e-02
2.852407603869968966e+01 1.242822194784670015e-02
2.877567300468570721e+01 1.218760995450110518e-02
2.902733523039245256e+01 1.188686494508210678e-02
2.927861073083739996e+01 1.163094967934194882e-02
2.953003196193969160e+01 1.143161043780033248e-02
2.978106336846375157e+01 1.105718520448384888e-02
3.003148440777084716e+01 1.087198930761883349e-02
3.028303386126418673e+01 1.057167260916514612e-02
3.053456493440382857e+01 1.034347159904502010e-02
3.078585183944906944e+01 1.013025755717504930e-02
3.103757946070165730e+01 9.910706787290496714e-03
3.128931656795834826e+01 9.680546102378831050e-03
3.154125974608096428e+01 9.505103266331572237e-03
3.179158626791808828e+01 9.348209124174720538e-03
3.204196438636942190e+01 9.100645478051363341e-03
3.229344668057169798e+01 8.943080910156627969e-03
3.254489998018084407e+01 8.791016925513421565e-03
3.279660140319880668e+01 8.537969601237552220e-03
3.304772754686901237e+01 8.377344122585459255e-03
3.329949953441923327e+01 8.172082404877134207e-03
3.355173249539067371e+01 8.062721469691690179e-03
3.380235474142784824e+01 7.894034404002998884e-03
3.405292218889088218e+01 7.708341110911704798e-03
3.430455901572810262e+01 7.602151965362636751e-03
3.455605119154291316e+01 7.424147832018658695e-03
3.480708698418615654e+01 7.265130693207306513e-03
3.505823042281740243e+01 7.098851576999969278e-03
3.530983122122644602e+01 6.973548073844986102e-03
3.556111974160763367e+01 6.821210629087573127e-03
3.581195885960364933e+01 6.746106775833677661e-03
3.606348577968052638e+01 6.606092434842133695e-03
3.631495136683125935e+01 6.445655372855134575e-03
3.656646781331610185e+01 6.379845506344380794e-03
3.681800948534306173e+01 6.257250201177138975e-03
3.706942350460822411e+01 6.131093660170249850e-03
3.732119977997001570e+01 5.981574251426460299e-03
3.757249197135423202e+01 5.876340535863525290e-03
3.782324055213251057e+01 5.793951307598996063e-03
3.807430609684078604e+01 5.690504592643018736e-03
3.832526519371521090e+01 5.584138713729454653e-03
3.857704530181875668e+01 5.517569741550561353e-03
3.882896255048217427e+01 5.430164752192085872e-03
3.907976684424035341e+01 5.338944536589324170e-03
3.933085588900704010e+01 5.231072883255891842e-03
3.958184533965361140e+01 5.150912126057635362e-03
3.983320492881626507e+01 5.071440796653867850e-03
4.008506787586624398e+01 4.944453111978887663e-03
4.033569471078550350e+01 4.875660580163501852e-03
4.058701345074587863e+01 4.791250598758468524e-03
4.083916815834436420e+01 4.716936033306823144e-03
4.108978611092747713e+01 4.651103902614325478e-03
4.134119394692694271e+01 4.569648495380674788e-03
4.159372926482761557e+01 4.517762100266661113e-03
4.184480996230068683e+01 4.400666257071738155e-03
4.209495048714620680e+01 4.313702653168282469e-03
4.234568601474854432e+01 4.285216516715570183e-03
4.259794184898333214e+01 4.209530207402421148e-03
4.284922176444433717e+01 4.131303486473873569e-03
4.309982534096671003e+01 4.027444285521316475e-03
4.335153475414617930e+01 3.952985332656250642e-03
4.360374984514007224e+01 3.930828321154037318e-03
4.385432838732079830e+01 3.883865527687237456e-03
4.410529766549178277e+01 3.800465976952069422e-03
4.435675536456894008e+01 3.786311900957715654e-03
4.460756668584335927e+01 3.706250481722396690e-03
4.485812369927145937e+01 3.660005830447104341e-03
4.510933196139897206e+01 3.595308781450805725e-03
4.536097672816924131e+01 3.516808516281180741e-03
4.561261869099184452e+01 3.490268951697362773e-03
4.586346064304911607e+01 3.423797154518477132e-03
4.611435299895526185e+01 3.432797048502406103e-03
4.636610302009028572e+01 3.373341159978716225e-03
4.661726081402038346e+01 3.295192500160999162e-03
4.686748045926628237e+01 3.239323102722453055e-03
4.712001000143001761e+01 3.131640416857931191e-03
4.737334269293729960e+01 3.149580089060305052e-03
4.762357272554871912e+01 3.109734173550793377e-03
4.787295862859781437e+01 3.081232800770869907e-03
4.812686710231834297e+01 3.051350138692240400e-03
4.837988354528783930e+01 2.983066668579524138e-03
4.862698975964909209e+01 2.919547682323221129e-03
4.887931961662670233e+01 2.820902394078624465e-03
4.913512531690142282e+01 2.868503401646373390e-03
4.938486646957150583e+01 2.842079646925920345e-03
4.963073103205424985e+01 2.768942285676086450e-03
4.988316058859187763e+01 2.693870230491064721e-03
5.013927392651110893e+01 2.688117655439318555e-03
5.038898445289544270e+01 2.639075994063187509e-03
5.063791314200675941e+01 2.634223086056542307e-03
5.089234515763529032e+01 2.568969026754394647e-03
5.114529266359630810e+01 2.534279306200324603e-03
5.138952878242714206e+01 2.516799395410314420e-03
5.163945178601188246e+01 2.433995871137972517e-03
5.190206698624180603e+01 2.400729538935479027e-03
5.215590084722179398e+01 2.463428446087141330e-03
5.238680673191466042e+01 2.360819616510406206e-03
5.263532591009818873e+01 2.306524550962564101e-03
5.290823119436031874e+01 2.346228801478058082e-03
5.316882575050344428e+01 2.183866015915968215e-03
5.338513341050097694e+01 2.411547466095208866e-03
5.363212510227822349e+01 2.210274188541580271e-03
5.391615723351310407e+01 2.040944574943403481e-03
5.419187693011466678e+01 2.221892981630249793e-03
5.439722241285236493e+01 2.045144886745102301e-03
5.462806064877949552e+01 2.032532139723917421e-03
5.491241494336609463e+01 2.456513269482802839e-03
5.519421446932921782e+01 2.156591573777078170e-03
5.543046826972861396e+01 2.089420991594122170e-03
5.561137265256709128e+01 1.198697029878414066e-03
