3.559856489878782115e-01 6.869152670523460529e+02
6.031648866026231293e-01 2.236339969161649890e+02
8.579160745827347778e-01 1.024155991626191451e+02
1.113464310595710716e+00 3.773999676984398377e+01
1.374039914321364408e+00 3.018258996670444461e+01
1.619154704570298309e+00 2.046888615186507110e+01
1.870686673430271840e+00 1.410590221336355832e+01
2.123290040706380832e+00 1.138742532781543559e+01
2.378144976376236119e+00 7.894674515494243039e+00
2.630489925835516996e+00 6.867965943209596524e+00
2.878653162679494670e+00 4.948170793053761507e+00
3.131144366275339319e+00 4.026196356444267543e+00
3.388159578333816313e+00 3.448726723398788163e+00
3.638741848210948149e+00 2.754367037055385659e+00
3.888315910732085268e+00 2.286392006651216668e+00
4.139052155837465996e+00 2.025144579128572264e+00
4.390305777018236988e+00 1.711180811685411474e+00
4.642172339120373081e+00 1.509423932008533642e+00
4.894678666149941293e+00 1.287288346918044502e+00
5.147269052361176378e+00 1.109614885001890983e+00
5.398003206656323272e+00 9.948617960704281282e-01
5.647798235368590269e+00 9.092180955334050463e-01
5.900534302989873581e+00 8.345458785196828710e-01
6.151460297009074374e+00 7.391067682128692473e-01
6.402630176204441526e+00 6.442286505663156193e-01
6.655964674748322096e+00 5.887077646177083512e-01
6.908782583105771202e+00 5.365353478259041742e-01
7.159060853508338873e+00 4.930757090582813529e-01
7.409414762591408632e+00 4.441272877873985725e-01
7.659227149364629561e+00 4.055305043147924282e-01
7.911559474606142395e+00 3.711027086305535017e-01
8.163750941790897997e+00 3.465955781090004351e-01
8.415757210439384295e+00 3.215102916116251985e-01
8.667638839289207198e+00 2.953222628901682745e-01
8.918801124864609520e+00 2.709574078851677004e-01
9.170480108345369530e+00 2.569595708909596099e-01
9.420566033467249412e+00 2.399763798348466259e-01
9.671642335271435797e+00 2.231372924820530235e-01
9.923426157758477473e+00 2.052970295294748726e-01
1.017396902749181820e+01 1.898298159698618981e-01
1.042533700753922155e+01 1.804672956041098730e-01
1.067702948358784276e+01 1.691692519788506877e-01
1.092969337256462303e+01 1.622126901092027784e-01
1.118211872033766419e+01 1.520809140130033876e-01
1.143346516925797296e+01 1.409168466729190106e-01
1.168350508557724687e+01 1.347122149241683775e-01
1.193379937775929100e+01 1.263079493366829342e-01
1.218553055762879112e+01 1.204329356731561745e-01
1.243711650801278878e+01 1.140765527143089708e-01
1.268867268647359303e+01 1.080772833343169453e-01
1.294075027177769144e+01 1.031749173566262612e-01
1.319267287020158363e+01 9.851610939216573493e-02
1.344470571782862756e+01 9.211381498316631444e-02
1.369480150283709641e+01 8.795752658603611662e-02
1.394591277066507828e+01 8.291427710919614669e-02
1.419764645764527167e+01 8.021356747071500815e-02
1.444766774168416212e+01 7.747190248102155119e-02
1.469906835825429070e+01 7.353445894887419843e-02
1.495059118111036511e+01 7.031037010382953922e-02
1.520261612590052991e+01 6.697485629966280773e-02
1.545415944503929495e+01 6.493916844006911160e-02
1.570456072545780124e+01 6.158652568274768091e-02
1.595705800128773966e+01 5.894130885836400269e-02
1.620829297830731619e+01 5.673322239859865390e-02
1.645966591028190962e+01 5.420304435293622769e-02
1.671125708846596325e+01 5.210660518808329922e-02
1.696160259490052624e+01 5.005358072867356622e-02
1.721370276108077135e+01 4.780477587929839872e-02
1.746543424102250341e+01 4.634263263118452991e-02
1.771598473288305442e+01 4.431210972804348197e-02
1.796653767411944003e+01 4.284483254430689753e-02
1.821765658501893270e+01 4.162029021566833464e-02
1.847053788120423334e+01 4.014054399441038812e-02
1.872257696809484173e+01 3.865454231838733046e-02
1.897394097105746269e+01 3.736524770564701031e-02
1.922542454726159988e+01 3.606381346121820958e-02
1.947607703355479103e+01 3.481177230285599500e-02
1.972678839839982601e+01 3.375263722906701042e-02
1.997802698857814363e+01 3.254175850531830505e-02
2.022863620534168660e+01 3.124055099169016983e-02
2.047969598507238231e+01 3.027137712385878643e-02
2.073250439107362553e+01 2.934953422584654290e-02
2.098435855211640089e+01 2.826183154653984578e-02
2.123502923393334640e+01 2.768348575529114633e-02
2.148629411178690773e+01 2.674347369315828796e-02
2.173831825513516591e+01 2.587693995505443295e-02
2.198972260956887226e+01 2.504633114029915231e-02
2.223974971000711420e+01 2.424194172730002525e-02
2.249141870643862973e+01 2.376439417268682783e-02
2.274404614890906373e+01 2.293073486211105044e-02
2.299521835768831579e+01 2.218198700969424564e-02
2.324620084136223852e+01 2.154602406313205903e-02
2.349757798664387209e+01 2.105859939109007428e-02
2.374870488118759937e+01 2.048795681741573393e-02
2.399988781917473091e+01 1.984751504015362308e-02
2.425071646049711305e+01 1.938143450062448925e-02
2.450187830577813841e+01 1.885366308794022422e-02
2.475391093216606109e+01 1.820874166387859497e-02
2.500524226975159792e+01 1.772881264111524427e-02
2.525610980153284402e+01 1.727522928657953746e-02
2.550801425092822328e+01 1.692259180656432299e-02
2.575943113325822864e+01 1.644661090509376422e-02
2.601074166866445125e+01 1.603991796625757124e-02
2.626234447079615464e+01 1.567833371204011700e-02
2.651347712943701751e+01 1.518289482702743498e-02
2.676474177984877656e+01 1.479521614167001939e-02
2.701628079430242479e+01 1.451497520647713514e-02
2.726734205837282232e+01 1.403307979339923385e-02
2.751837013544679422e+01 1.370259844935917300e-02
2.776937726815812724e+01 1.341958699831752658e-02
2.802070160973895341e+01 1.314908839239666179e-02
2.827249982643487058e+01 1.274267265328348463e-02
2.852407603869968966e+01 1.246483115642860358e-02
2.877567300468570721e+01 1.221264923019173970e-02
2.902733523039245256e+01 1.190532642334603264e-02
2.927861073083739996e+01 1.163306894278644948e-02
2.953003196193969160e+01 1.136863752851444143e-02
2.978106336846375157e+01 1.105513653499434409e-02
3.003148440777084716e+01 1.084993822652612940e-02
3.028303386126418673e+01 1.058043961859200278e-02
3.053456493440382857e+01 1.032949219482725244e-02
3.078585183944906944e+01 1.014043714416719942e-02
3.103757946070165730e+01 9.936317202794265821e-03
3.128931656795834826e+01 9.702935455659998654e-03
3.154125974608096428e+01 9.503706533156387748e-03
3.179158626791808828e+01 9.323903735296325268e-03
3.204196438636942190e+01 9.083231505896773028e-03
3.229344668057169798e+01 8.896901344396423300e-03
3.254489998018084407e+01 8.783291276854034851e-03
3.279660140319880668e+01 8.523668526172600152e-03
3.304772754686901237e+01 8.433197492738126258e-03
3.329949953441923327e+01 8.208926085013182328e-03
3.355173249539067371e+01 8.041162838231969215e-03
3.380235474142784824e+01 7.886260680214182694e-03
3.405292218889088218e+01 7.686977100741548136e-03
3.430455901572810262e+01 7.549972978424234274e-03
3.455605119154291316e+01 7.409497815952655400e-03
3.480708698418615654e+01 7.269049389006906198e-03
3.505823042281740243e+01 7.130925300959043041e-03
3.530983122122644602e+01 7.053073629575835890e-03
3.556111974160763367e+01 6.859770236894414085e-03
3.581195885960364933e+01 6.790203942744784879e-03
3.606348577968052638e+01 6.596124391867804783e-03
3.631495136683125935e+01 6.483580593086886966e-03
3.656646781331610185e+01 6.345842348302424205e-03
3.681800948534306173e+01 6.270520506629570674e-03
3.706942350460822411e+01 6.155979390444780465e-03
3.732119977997001570e+01 5.970145347166342167e-03
3.757249197135423202e+01 5.936103330757552289e-03
3.782324055213251057e+01 5.793018197235790673e-03
3.807430609684078604e+01 5.710504081273434090e-03
3.832526519371521090e+01 5.576300952105465829e-03
3.857704530181875668e+01 5.493843503092113098e-03
3.882896255048217427e+01 5.425977650041240684e-03
3.907976684424035341e+01 5.312315484294137524e-03
3.933085588900704010e+01 5.218156932967684715e-03
3.958184533965361140e+01 5.134294720509353753e-03
3.983320492881626507e+01 5.047749345714284269e-03
4.008506787586624398e+01 4.964175810092846461e-03
4.033569471078550350e+01 4.852981257983943371e-03
4.058701345074587863e+01 4.794293570602621395e-03
4.083916815834436420e+01 4.706208699355288010e-03
4.108978611092747713e+01 4.628791172401795252e-03
4.134119394692694271e+01 4.547850564780195684e-03
4.159372926482761557e+01 4.498091687951874355e-03
4.184480996230068683e+01 4.404203068914791172e-03
4.209495048714620680e+01 4.306908822169273551e-03
4.234568601474854432e+01 4.289715252876813607e-03
4.259794184898333214e+01 4.210409124396494000e-03
4.284922176444433717e+01 4.114636944639131315e-03
4.309982534096671003e+01 4.056166888413394005e-03
4.335153475414617930e+01 3.966478216096045416e-03
4.360374984514007224e+01 3.924935313662000942e-03
4.385432838732079830e+01 3.903465245442618980e-03
4.410529766549178277e+01 3.802224855216038493e-03
4.435675536456894008e+01 3.780108649804252412e-03
4.460756668584335927e+01 3.718950506088518695e-03
4.485812369927145937e+01 3.657556342445963254e-03
4.510933196139897206e+01 3.567531374012351559e-03
4.536097672816924131e+01 3.577197349497741787e-03
4.561261869099184452e+01 3.481452107910538909e-03
4.586346064304911607e+01 3.438954335350878286e-03
4.611435299895526185e+01 3.385797201143399097e-03
4.636610302009028572e+01 3.335419900865809958e-03
4.661726081402038346e+01 3.252415298966654204e-03
4.686748045926628237e+01 3.233299712647577477e-03
4.712001000143001761e+01 3.196314374493150912e-03
4.737334269293729960e+01 3.116476748712994349e-03
4.762357272554871912e+01 3.082775840490527709e-03
4.787295862859781437e+01 3.054324774759383573e-03
4.812686710231834297e+01 3.012253581521804995e-03
4.837988354528783930e+01 2.974367001886646118e-03
4.862698975964909209e+01 2.976456910065278932e-03
4.887931961662670233e+01 2.862490657761437851e-03
4.913512531690142282e+01 2.867101510271097883e-03
4.938486646957150583e+01 2.781644239445796307e-03
4.963073103205424985e+01 2.774843845793060083e-03
4.988316058859187763e+01 2.746641372264476376e-03
5.013927392651110893e+01 2.654734315792906321e-03
5.038898445289544270e+01 2.613677834314173318e-03
5.063791314200675941e+01 2.628778460506345314e-03
5.089234515763529032e+01 2.612984482698468489e-03
5.114529266359630810e+01 2.584799809580249231e-03
5.138952878242714206e+01 2.532207476619544040e-03
5.163945178601188246e+01 2.561501057942665738e-03
5.190206698624180603e+01 2.395960695213466586e-03
5.215590084722179398e+01 2.321175686708592308e-03
5.238680673191466042e+01 2.350345299635559198e-03
5.263532591009818873e+01 2.298077456171791679e-03
5.290823119436031874e+01 2.488952870652324980e-03
5.316882575050344428e+01 2.322573718361692699e-03
5.338513341050097694e+01 2.266571940684157082e-03
5.363212510227822349e+01 2.331960218692397200e-03
5.391615723351310407e+01 2.155730063513077409e-03
5.419187693011466678e+01 2.268104232108343350e-03
5.439722241285236493e+01 1.975836607532407106e-03
5.462806064877949552e+01 2.347812676359873826e-03
5.491241494336609463e+01 2.074112921992163957e-03
5.519421446932921782e+01 2.030287472339038085e-03
5.543046826972861396e+01 1.030385565672897611e-03
5.561137265256709128e+01 1.316406815643438857e-03
