3.559856489878782115e-01 9.784528809700419743e+02
6.031648866026231293e-01 2.102817815027163135e+02
8.579160745827347778e-01 5.955337704040982061e+01
1.113464310595710716e+00 4.904422029628499757e+01
1.374039914321364408e+00 2.945959484445656784e+01
1.619154704570298309e+00 2.185773873341566542e+01
1.870686673430271840e+00 1.530610022740280485e+01
2.123290040706380832e+00 1.074839482948102365e+01
2.378144976376236119e+00 8.983108977295376718e+00
2.630489925835516996e+00 6.100777961049592690e+00
2.878653162679494670e+00 5.093533510896262939e+00
3.131144366275339319e+00 3.838335604001925638e+00
3.388159578333816313e+00 3.268714746374989932e+00
3.638741848210948149e+00 2.815616692060052273e+00
3.888315910732085268e+00 2.377369750952059491e+00
4.139052155837465996e+00 2.002018399097210022e+00
4.390305777018236988e+00 1.739246028014409751e+00
4.642172339120373081e+00 1.470015704263370360e+00
4.894678666149941293e+00 1.296079721632008130e+00
5.147269052361176378e+00 1.148445656088225464e+00
5.398003206656323272e+00 1.010632506757241922e+00
5.647798235368590269e+00 8.989898837779204399e-01
5.900534302989873581e+00 8.101530704245051284e-01
6.151460297009074374e+00 7.249856738045638016e-01
6.402630176204441526e+00 6.575051258308436397e-01
6.655964674748322096e+00 5.909135101115187139e-01
6.908782583105771202e+00 5.159150225940066781e-01
7.159060853508338873e+00 4.902694770880304809e-01
7.409414762591408632e+00 4.354826277185572247e-01
7.659227149364629561e+00 4.115874450405538898e-01
7.911559474606142395e+00 3.773617469413925174e-01
8.163750941790897997e+00 3.450153189445170909e-01
8.415757210439384295e+00 3.216313717537511163e-01
8.667638839289207198e+00 2.907229531817663859e-01
8.918801124864609520e+00 2.739015392249974368e-01
9.170480108345369530e+00 2.527840493425887458e-01
9.420566033467249412e+00 2.356410940912458118e-01
9.671642335271435797e+00 2.189914131532858799e-01
9.923426157758477473e+00 2.062131881794229127e-01
1.017396902749181820e+01 1.974623833007106422e-01
1.042533700753922155e+01 1.820211180006526264e-01
1.067702948358784276e+01 1.722339238521662930e-01
1.092969337256462303e+01 1.594268081961478234e-01
1.118211872033766419e+01 1.502963085816662880e-01
1.143346516925797296e+01 1.410813465093254115e-01
1.168350508557724687e+01 1.346336343940469915e-01
1.193379937775929100e+01 1.278356269605686601e-01
1.218553055762879112e+01 1.204398986885075462e-01
1.243711650801278878e+01 1.150832999201118756e-01
1.268867268647359303e+01 1.063187080438286886e-01
1.294075027177769144e+01 1.026009061620186819e-01
1.319267287020158363e+01 9.686253693944350818e-02
1.344470571782862756e+01 9.197223262029610713e-02
1.369480150283709641e+01 8.850046199017390369e-02
1.394591277066507828e+01 8.406295452116745170e-02
1.419764645764527167e+01 7.925065146779107506e-02
1.444766774168416212e+01 7.661968110989554603e-02
1.469906835825429070e+01 7.304365894031301931e-02
1.495059118111036511e+01 6.976440433833427934e-02
1.520261612590052991e+01 6.712615263395041443e-02
1.545415944503929495e+01 6.505342282514633978e-02
1.570456072545780124e+01 6.166642587383560498e-02
1.595705800128773966e+01 5.953836750551393803e-02
1.620829297830731619e+01 5.777006537908589701e-02
1.645966591028190962e+01 5.442817374806291353e-02
1.671125708846596325e+01 5.274376006488604163e-02
1.696160259490052624e+01 5.001948296526268628e-02
1.721370276108077135e+01 4.826780164921470190e-02
1.746543424102250341e+01 4.598040318419404499e-02
1.771598473288305442e+01 4.490201526535731597e-02
1.796653767411944003e+01 4.297690860919178152e-02
1.821765658501893270e+01 4.169539248880891474e-02
1.847053788120423334e+01 3.967393522539038042e-02
1.872257696809484173e+01 3.866421271471409682e-02
1.897394097105746269e+01 3.713408425242674393e-02
1.922542454726159988e+01 3.575728958069567670e-02
1.947607703355479103e+01 3.478843519903110360e-02
1.972678839839982601e+01 3.350804283654092858e-02
1.997802698857814363e+01 3.245529047322875948e-02
2.022863620534168660e+01 3.126245596935480625e-02
2.047969598507238231e+01 3.037621905852597518e-02
2.073250439107362553e+01 2.927321281377633783e-02
2.098435855211640089e+01 2.838773529679209165e-02
2.123502923393334640e+01 2.734439226411263663e-02
2.148629411178690773e+01 2.670538562615443895e-02
2.173831825513516591e+01 2.595699565168986186e-02
2.198972260956887226e+01 2.514798594168073456e-02
2.223974971000711420e+01 2.412816288830946579e-02
2.249141870643862973e+01 2.366127983755396749e-02
2.274404614890906373e+01 2.289743459006486279e-02
2.299521835768831579e+01 2.224390144969631486e-02
2.324620084136223852e+01 2.170992531710613793e-02
2.349757798664387209e+01 2.102610353866540827e-02
2.374870488118759937e+01 2.051323827593249174e-02
2.399988781917473091e+01 1.985735955245708159e-02
2.425071646049711305e+01 1.934741761994826850e-02
2.450187830577813841e+01 1.878698458297705515e-02
2.475391093216606109e+01 1.836122750506594126e-02
2.500524226975159792e+01 1.769722036049123717e-02
2.525610980153284402e+01 1.722144396198667035e-02
2.550801425092822328e+01 1.692548042174979450e-02
2.575943113325822864e+01 1.643717111942252437e-02
2.601074166866445125e+01 1.591268362663169830e-02
2.626234447079615464e+01 1.563587591616337480e-02
2.651347712943701751e+01 1.505649784882210143e-02
2.676474177984877656e+01 1.481576196608284067e-02
2.701628079430242479e+01 1.432606076487084878e-02
2.726734205837282232e+01 1.402754806083373294e-02
2.751837013544679422e+01 1.375610490690268826e-02
2.776937726815812724e+01 1.342193379975599454e-02
2.802070160973895341e+01 1.301628114701832740e-02
2.827249982643487058e+01 1.275354317509437736e-02
2.852407603869968966e+01 1.238325852115244700e-02
2.877567300468570721e+01 1.212767422330649630e-02
2.902733523039245256e+01 1.181329444483470402e-02
2.927861073083739996e+01 1.166505901563877345e-02
2.953003196193969160e+01 1.134926997785955412e-02
2.978106336846375157e+01 1.112999333990723726e-02
3.003148440777084716e+01 1.083661779373874118e-02
3.028303386126418673e+01 1.057910113508672180e-02
3.053456493440382857e+01 1.036751012739707024e-02
3.078585183944906944e+01 1.006547647968266714e-02
3.103757946070165730e+01 9.899801488692478585e-03
3.128931656795834826e+01 9.680801420332285634e-03
3.154125974608096428e+01 9.497888051119545566e-03
3.179158626791808828e+01 9.345603028362077513e-03
3.204196438636942190e+01 9.127192829310506669e-03
3.229344668057169798e+01 8.897885284658443861e-03
3.254489998018084407e+01 8.688080513634495114e-03
3.279660140319880668e+01 8.516272450876688493e-03
3.304772754686901237e+01 8.332222742869165727e-03
3.329949953441923327e+01 8.225329037233509652e-03
3.355173249539067371e+01 8.047287556744421588e-03
3.380235474142784824e+01 7.853037285422737740e-03
3.405292218889088218e+01 7.722645859359473543e-03
3.430455901572810262e+01 7.520871113004412405e-03
3.455605119154291316e+01 7.402992675025693928e-03
3.480708698418615654e+01 7.302834255718808343e-03
3.505823042281740243e+01 7.127899492324103400e-03
3.530983122122644602e+01 6.957582366052835095e-03
3.556111974160763367e+01 6.870073096209239338e-03
3.581195885960364933e+01 6.744459320195338517e-03
3.606348577968052638e+01 6.629226241734611710e-03
3.631495136683125935e+01 6.492776801209508043e-03
3.656646781331610185e+01 6.345837257608453671e-03
3.681800948534306173e+01 6.251287078768532832e-03
3.706942350460822411e+01 6.105987514908906531e-03
3.732119977997001570e+01 6.019986264485080278e-03
3.757249197135423202e+01 5.890334060357230173e-03
3.782324055213251057e+01 5.845119851331920940e-03
3.807430609684078604e+01 5.698442642162758476e-03
3.832526519371521090e+01 5.584518754867847171e-03
3.857704530181875668e+01 5.500472432971112262e-03
3.882896255048217427e+01 5.384064568120006805e-03
3.907976684424035341e+01 5.298138041521205724e-03
3.933085588900704010e+01 5.205948377789004246e-03
3.958184533965361140e+01 5.141184853502958445e-03
3.983320492881626507e+01 5.021052875283839138e-03
4.008506787586624398e+01 4.939103738935912702e-03
4.033569471078550350e+01 4.878818450879569835e-03
4.058701345074587863e+01 4.792005596750989992e-03
4.083916815834436420e+01 4.688084009450823285e-03
4.108978611092747713e+01 4.642674094943775344e-03
4.134119394692694271e+01 4.552173275590132816e-03
4.159372926482761557e+01 4.479509335296706640e-03
4.184480996230068683e+01 4.398362920445994008e-03
4.209495048714620680e+01 4.349050505130621497e-03
4.234568601474854432e+01 4.252226089577273993e-03
4.259794184898333214e+01 4.222344925520700280e-03
4.284922176444433717e+01 4.115111038399379452e-03
4.309982534096671003e+01 4.094345680078975876e-03
4.335153475414617930e+01 4.022744611633009837e-03
4.360374984514007224e+01 3.952993143303093482e-03
4.385432838732079830e+01 3.891822923282093651e-03
4.410529766549178277e+01 3.819283872480208446e-03
4.435675536456894008e+01 3.780938276249432364e-03
4.460756668584335927e+01 3.722304176227020020e-03
4.485812369927145937e+01 3.596471923953500471e-03
4.510933196139897206e+01 3.601327771568925591e-03
4.536097672816924131e+01 3.536520428249007898e-03
4.561261869099184452e+01 3.476648351720001799e-03
4.586346064304911607e+01 3.395804019996188396e-03
4.611435299895526185e+01 3.417463094912016972e-03
4.636610302009028572e+01 3.331214750616299462e-03
4.661726081402038346e+01 3.287675531406877155e-03
4.686748045926628237e+01 3.247676504387701866e-03
4.712001000143001761e+01 3.140406484094432609e-03
4.737334269293729960e+01 3.201894082510509543e-03
4.762357272554871912e+01 3.070353246130843195e-03
4.787295862859781437e+01 3.072521222302059939e-03
4.812686710231834297e+01 2.990938834853244539e-03
4.837988354528783930e+01 2.919401621075059725e-03
4.862698975964909209e+01 2.926426863456862201e-03
4.887931961662670233e+01 2.895781315535326649e-03
4.913512531690142282e+01 2.891928101206703381e-03
4.938486646957150583e+01 2.782418416378594408e-03
4.963073103205424985e+01 2.751456576085590904e-03
4.988316058859187763e+01 2.772266377970748676e-03
5.013927392651110893e+01 2.714635348647825418e-03
5.038898445289544270e+01 2.591164036944606629e-03
5.063791314200675941e+01 2.665928033900069084e-03
5.089234515763529032e+01 2.553230789963634086e-03
5.114529266359630810e+01 2.509681363213683240e-03
5.138952878242714206e+01 2.571110564575927824e-03
5.163945178601188246e+01 2.472157787525891721e-03
5.190206698624180603e+01 2.459400378756667130e-03
5.215590084722179398e+01 2.405322044439528115e-03
5.238680673191466042e+01 2.417494790483104821e-03
5.263532591009818873e+01 2.379004372122442770e-03
5.290823119436031874e+01 2.321530152474751175e-03
5.316882575050344428e+01 2.320001734357842686e-03
5.338513341050097694e+01 2.344093092000382791e-03
5.363212510227822349e+01 2.277273496074234873e-03
5.391615723351310407e+01 2.214029641600299535e-03
5.419187693011466678e+01 2.286555799257310520e-03
5.439722241285236493e+01 2.029468471953151457e-03
5.462806064877949552e+01 2.317574161196583188e-03
5.491241494336609463e+01 2.334944874096400984e-03
5.519421446932921782e+01 1.745386080040797370e-03
5.543046826972861396e+01 3.033905933887139431e-03
5.561137265256709128e+01 2.111189287410931287e-03
