3.559856489878782115e-01 1.033506308673682724e+03
6.031648866026231293e-01 1.744357030554768073e+02
8.579160745827347778e-01 7.209778883168425523e+01
1.113464310595710716e+00 4.759429166913978548e+01
1.374039914321364408e+00 2.973397096653280158e+01
1.619154704570298309e+00 2.181747923511029796e+01
1.870686673430271840e+00 1.379232018775490154e+01
2.123290040706380832e+00 9.613032373918247941e+00
2.378144976376236119e+00 7.784233067788571603e+00
2.630489925835516996e+00 5.653877784462216560e+00
2.878653162679494670e+00 5.292455014143894410e+00
3.131144366275339319e+00 4.111067165129225209e+00
3.388159578333816313e+00 3.213270403863087488e+00
3.638741848210948149e+00 2.896054159806949357e+00
3.888315910732085268e+00 2.247779636076912002e+00
4.139052155837465996e+00 1.955831411379597595e+00
4.390305777018236988e+00 1.736413624770934305e+00
4.642172339120373081e+00 1.526671627797110631e+00
4.894678666149941293e+00 1.275869006199146227e+00
5.147269052361176378e+00 1.188908096308903595e+00
5.398003206656323272e+00 1.030972799169401322e+00
5.647798235368590269e+00 8.577460206270210996e-01
5.900534302989873581e+00 8.113815174987242251e-01
6.151460297009074374e+00 7.147786285440670406e-01
6.402630176204441526e+00 6.513930862473217287e-01
6.655964674748322096e+00 5.838959120103387468e-01
6.908782583105771202e+00 5.237326611313565250e-01
7.159060853508338873e+00 4.943727178840748859e-01
7.409414762591408632e+00 4.425194458392774921e-01
7.659227149364629561e+00 4.047845407090283065e-01
7.911559474606142395e+00 3.675121149107563046e-01
8.163750941790897997e+00 3.427967751792479478e-01
8.415757210439384295e+00 3.196608029210398771e-01
8.667638839289207198e+00 2.972137990689726617e-01
8.918801124864609520e+00 2.731282560104568158e-01
9.170480108345369530e+00 2.547323368270399402e-01
9.420566033467249412e+00 2.329957892563905841e-01
9.671642335271435797e+00 2.202846624311666224e-01
9.923426157758477473e+00 2.069453570240590290e-01
1.017396902749181820e+01 1.931796624028646880e-01
1.042533700753922155e+01 1.801956667528940848e-01
1.067702948358784276e+01 1.701768991371661599e-01
1.092969337256462303e+01 1.607650738965807902e-01
1.118211872033766419e+01 1.500895000315562444e-01
1.143346516925797296e+01 1.416179146105893405e-01
1.168350508557724687e+01 1.349803343520429577e-01
1.193379937775929100e+01 1.302932869128584914e-01
1.218553055762879112e+01 1.203951668333964053e-01
1.243711650801278878e+01 1.153212840894045216e-01
1.268867268647359303e+01 1.077392323787313977e-01
1.294075027177769144e+01 1.003897576487629145e-01
1.319267287020158363e+01 9.682867208384156321e-02
1.344470571782862756e+01 9.334981251763665999e-02
1.369480150283709641e+01 8.882665422174138015e-02
1.394591277066507828e+01 8.470199646797239856e-02
1.419764645764527167e+01 8.089588923735976933e-02
1.444766774168416212e+01 7.579678931752872884e-02
1.469906835825429070e+01 7.340244702525786091e-02
1.495059118111036511e+01 7.119151450706574791e-02
1.520261612590052991e+01 6.736201838032304656e-02
1.545415944503929495e+01 6.384374713066259810e-02
1.570456072545780124e+01 6.105183071446456528e-02
1.595705800128773966e+01 5.861291824301027853e-02
1.620829297830731619e+01 5.681925698789359186e-02
1.645966591028190962e+01 5.508338603679606427e-02
1.671125708846596325e+01 5.266500664431227746e-02
1.696160259490052624e+01 5.004672100367359155e-02
1.721370276108077135e+01 4.833186335682867346e-02
1.746543424102250341e+01 4.684933603702175903e-02
1.771598473288305442e+01 4.471084271884101513e-02
1.796653767411944003e+01 4.333492186757915282e-02
1.821765658501893270e+01 4.179944837678994940e-02
1.847053788120423334e+01 3.990923068274589841e-02
1.872257696809484173e+01 3.823931188510804741e-02
1.897394097105746269e+01 3.721876583068445266e-02
1.922542454726159988e+01 3.604008080985352663e-02
1.947607703355479103e+01 3.462756230716767386e-02
1.972678839839982601e+01 3.358834883213650258e-02
1.997802698857814363e+01 3.256083868530790237e-02
2.022863620534168660e+01 3.136780252784747425e-02
2.047969598507238231e+01 3.036939809119865510e-02
2.073250439107362553e+01 2.960252681760409954e-02
2.098435855211640089e+01 2.844018946852061580e-02
2.123502923393334640e+01 2.759359798940867053e-02
2.148629411178690773e+01 2.664882305692573353e-02
2.173831825513516591e+01 2.610086895978087212e-02
2.198972260956887226e+01 2.487791793860696238e-02
2.223974971000711420e+01 2.436317565291463982e-02
2.249141870643862973e+01 2.340881325867632048e-02
2.274404614890906373e+01 2.281371585633630225e-02
2.299521835768831579e+01 2.214367713314481859e-02
2.324620084136223852e+01 2.166485275075523409e-02
2.349757798664387209e+01 2.125264770209870854e-02
2.374870488118759937e+01 2.028825848309701030e-02
2.399988781917473091e+01 1.990790050846793363e-02
2.425071646049711305e+01 1.921805073895920327e-02
2.450187830577813841e+01 1.884294826480152965e-02
2.475391093216606109e+01 1.824920989413394631e-02
2.500524226975159792e+01 1.782707728014955653e-02
2.525610980153284402e+01 1.743116495859763776e-02
2.550801425092822328e+01 1.687254115319426415e-02
2.575943113325822864e+01 1.636649873939351532e-02
2.601074166866445125e+01 1.595070885055880142e-02
2.626234447079615464e+01 1.545738339793081839e-02
2.651347712943701751e+01 1.508030339286752300e-02
2.676474177984877656e+01 1.482434466625304204e-02
2.701628079430242479e+01 1.439402069969831534e-02
2.726734205837282232e+01 1.410193501236844428e-02
2.751837013544679422e+01 1.370476608479223590e-02
2.776937726815812724e+01 1.346613107029416556e-02
2.802070160973895341e+01 1.299499531935002089e-02
2.827249982643487058e+01 1.278193489796387861e-02
2.852407603869968966e+01 1.248410336117438714e-02
2.877567300468570721e+01 1.215789971743332608e-02
2.902733523039245256e+01 1.192451018038713159e-02
2.927861073083739996e+01 1.155005063418692787e-02
2.953003196193969160e+01 1.146902738260190298e-02
2.978106336846375157e+01 1.106928821692609345e-02
3.003148440777084716e+01 1.080536525211490267e-02
3.028303386126418673e+01 1.061276905690353156e-02
3.053456493440382857e+01 1.034154739504814131e-02
3.078585183944906944e+01 1.017203979534917618e-02
3.103757946070165730e+01 9.906672876128468433e-03
3.128931656795834826e+01 9.676321318287729387e-03
3.154125974608096428e+01 9.514782749355563118e-03
3.179158626791808828e+01 9.313692431160564000e-03
3.204196438636942190e+01 9.062429586483865263e-03
3.229344668057169798e+01 8.924535733502006463e-03
3.254489998018084407e+01 8.680408226687806247e-03
3.279660140319880668e+01 8.557169196891829116e-03
3.304772754686901237e+01 8.335399716595019715e-03
3.329949953441923327e+01 8.176915694712367372e-03
3.355173249539067371e+01 8.057058969529001108e-03
3.380235474142784824e+01 7.912828940543820133e-03
3.405292218889088218e+01 7.733447694297502367e-03
3.430455901572810262e+01 7.570396541971197157e-03
3.455605119154291316e+01 7.417716518596168158e-03
3.480708698418615654e+01 7.298163129958003432e-03
3.505823042281740243e+01 7.127360123620509781e-03
3.530983122122644602e+01 7.019548781508601343e-03
3.556111974160763367e+01 6.836011972667182385e-03
3.581195885960364933e+01 6.709763778744534668e-03
3.606348577968052638e+01 6.621216909936526382e-03
3.631495136683125935e+01 6.494581558339315892e-03
3.656646781331610185e+01 6.381170409689528207e-03
3.681800948534306173e+01 6.211997055198677578e-03
3.706942350460822411e+01 6.118767087813513188e-03
3.732119977997001570e+01 6.001739751969440567e-03
3.757249197135423202e+01 5.922477936291036665e-03
3.782324055213251057e+01 5.796752328538185006e-03
3.807430609684078604e+01 5.704132195328887392e-03
3.832526519371521090e+01 5.565796283379802721e-03
3.857704530181875668e+01 5.521262974253848474e-03
3.882896255048217427e+01 5.386813672872223062e-03
3.907976684424035341e+01 5.316219672084694821e-03
3.933085588900704010e+01 5.226689058675979514e-03
3.958184533965361140e+01 5.143659675832203647e-03
3.983320492881626507e+01 5.072903401954617295e-03
4.008506787586624398e+01 4.968983805792945123e-03
4.033569471078550350e+01 4.856942144950591837e-03
4.058701345074587863e+01 4.757565640322622240e-03
4.083916815834436420e+01 4.717051343157793730e-03
4.108978611092747713e+01 4.640482514002283038e-03
4.134119394692694271e+01 4.543632966159819389e-03
4.159372926482761557e+01 4.513611057495093594e-03
4.184480996230068683e+01 4.385686772263937445e-03
4.209495048714620680e+01 4.350672944675722936e-03
4.234568601474854432e+01 4.271702223044486144e-03
4.259794184898333214e+01 4.208001019517398390e-03
4.284922176444433717e+01 4.124729312581644318e-03
4.309982534096671003e+01 4.044626128279322011e-03
4.335153475414617930e+01 3.996377788571079705e-03
4.360374984514007224e+01 3.935415572716496890e-03
4.385432838732079830e+01 3.869011246222956845e-03
4.410529766549178277e+01 3.849046054901994907e-03
4.435675536456894008e+01 3.765393884494162933e-03
4.460756668584335927e+01 3.674514767675720554e-03
4.485812369927145937e+01 3.641825146247867125e-03
4.510933196139897206e+01 3.626536286578097706e-03
4.536097672816924131e+01 3.532708875621860898e-03
4.561261869099184452e+01 3.482551740857852893e-03
4.586346064304911607e+01 3.401843666126189245e-03
4.611435299895526185e+01 3.402663331904885301e-03
4.636610302009028572e+01 3.363770282427647543e-03
4.661726081402038346e+01 3.279124920283442348e-03
4.686748045926628237e+01 3.211894439874673872e-03
4.712001000143001761e+01 3.191444980423049915e-03
4.737334269293729960e+01 3.110776725341777953e-03
4.762357272554871912e+01 3.077941704121651880e-03
4.787295862859781437e+01 3.003158679605819666e-03
4.812686710231834297e+01 2.999149621110279093e-03
4.837988354528783930e+01 2.917002475010875388e-03
4.862698975964909209e+01 2.975676011292101384e-03
4.887931961662670233e+01 2.878669250831947159e-03
4.913512531690142282e+01 2.873017466438026937e-03
4.938486646957150583e+01 2.824412362825516262e-03
4.963073103205424985e+01 2.769006063712073449e-03
4.988316058859187763e+01 2.726990017758308162e-03
5.013927392651110893e+01 2.719232486602346770e-03
5.038898445289544270e+01 2.684564302184608026e-03
5.063791314200675941e+01 2.583106424075433567e-03
5.089234515763529032e+01 2.624855624996990950e-03
5.114529266359630810e+01 2.614310904992121071e-03
5.138952878242714206e+01 2.522695911173402066e-03
5.163945178601188246e+01 2.540862111362641399e-03
5.190206698624180603e+01 2.482848091584563457e-03
5.215590084722179398e+01 2.472346276769633519e-03
5.238680673191466042e+01 2.413572876553245032e-03
5.263532591009818873e+01 2.359511834553082357e-03
5.290823119436031874e+01 2.291618193974081629e-03
5.316882575050344428e+01 2.218291321762996295e-03
5.338513341050097694e+01 2.124609272531237554e-03
5.363212510227822349e+01 2.340406846046735011e-03
5.391615723351310407e+01 2.133857817118715427e-03
5.419187693011466678e+01 2.374451025393703278e-03
5.439722241285236493e+01 2.236972327969388892e-03
5.462806064877949552e+01 1.984748683819738402e-03
5.491241494336609463e+01 1.696650602178059438e-03
5.519421446932921782e+01 1.934909904879941441e-03
5.543046826972861396e+01 2.081308161102315979e-03
5.561137265256709128e+01 2.558847678540216147e-03
