3.559856489878782115e-01 7.647356929757911530e+02
6.031648866026231293e-01 2.049323678747649637e+02
8.579160745827347778e-01 1.030056927591971458e+02
1.113464310595710716e+00 4.479320228319497943e+01
1.374039914321364408e+00 2.972991525738263974e+01
1.619154704570298309e+00 2.035521427866959243e+01
1.870686673430271840e+00 1.433054043943221600e+01
2.123290040706380832e+00 1.056221254833670109e+01
2.378144976376236119e+00 8.133664231366791952e+00
2.630489925835516996e+00 6.029318207637682114e+00
2.878653162679494670e+00 4.876699741458369708e+00
3.131144366275339319e+00 3.992873482650126427e+00
3.388159578333816313e+00 3.164145712151714473e+00
3.638741848210948149e+00 2.738468671507568342e+00
3.888315910732085268e+00 2.122051112469085954e+00
4.139052155837465996e+00 1.931627211533091248e+00
4.390305777018236988e+00 1.671779608568136899e+00
4.642172339120373081e+00 1.415171554624803374e+00
4.894678666149941293e+00 1.279737925755837669e+00
5.147269052361176378e+00 1.140423560426419902e+00
5.398003206656323272e+00 9.985480710603773513e-01
5.647798235368590269e+00 9.007977972306139280e-01
5.900534302989873581e+00 7.972016438927929105e-01
6.151460297009074374e+00 7.279251563458445373e-01
6.402630176204441526e+00 6.426968244918367379e-01
6.655964674748322096e+00 5.815968502150764552e-01
6.908782583105771202e+00 5.296938194336519024e-01
7.159060853508338873e+00 4.857690376915015928e-01
7.409414762591408632e+00 4.429839923152544268e-01
7.659227149364629561e+00 4.018421014286441273e-01
7.911559474606142395e+00 3.754940286079995193e-01
8.163750941790897997e+00 3.445909711023918964e-01
8.415757210439384295e+00 3.235051890218504922e-01
8.667638839289207198e+00 2.927267504658300212e-01
8.918801124864609520e+00 2.778838193406648616e-01
9.170480108345369530e+00 2.534623629065115846e-01
9.420566033467249412e+00 2.341865838645811326e-01
9.671642335271435797e+00 2.206883535014223519e-01
9.923426157758477473e+00 2.091120703439451611e-01
1.017396902749181820e+01 1.956261129173750279e-01
1.042533700753922155e+01 1.845386327681360072e-01
1.067702948358784276e+01 1.678725201140781054e-01
1.092969337256462303e+01 1.612831421076637295e-01
1.118211872033766419e+01 1.499451149590325660e-01
1.143346516925797296e+01 1.444030819184117242e-01
1.168350508557724687e+01 1.349243600032484225e-01
1.193379937775929100e+01 1.268016903060358580e-01
1.218553055762879112e+01 1.208559097239644831e-01
1.243711650801278878e+01 1.142608343754201311e-01
1.268867268647359303e+01 1.097222920330560431e-01
1.294075027177769144e+01 1.033370419097019155e-01
1.319267287020158363e+01 9.779250777264469896e-02
1.344470571782862756e+01 9.368222713964155512e-02
1.369480150283709641e+01 8.981949024841062723e-02
1.394591277066507828e+01 8.559207348110423053e-02
1.419764645764527167e+01 8.140570216326258046e-02
1.444766774168416212e+01 7.703605349460609930e-02
1.469906835825429070e+01 7.356947761500144678e-02
1.495059118111036511e+01 7.151096471643658692e-02
1.520261612590052991e+01 6.701598646662580705e-02
1.545415944503929495e+01 6.436729338952100477e-02
1.570456072545780124e+01 6.110757038032516020e-02
1.595705800128773966e+01 5.912773842908194272e-02
1.620829297830731619e+01 5.685007162703872852e-02
1.645966591028190962e+01 5.434892634535098271e-02
1.671125708846596325e+01 5.225189837351843641e-02
1.696160259490052624e+01 5.084026406163439510e-02
1.721370276108077135e+01 4.807763886457187136e-02
1.746543424102250341e+01 4.623103014044183806e-02
1.771598473288305442e+01 4.462227823209456018e-02
1.796653767411944003e+01 4.303787528560634040e-02
1.821765658501893270e+01 4.117400125697871782e-02
1.847053788120423334e+01 3.985941704064174113e-02
1.872257696809484173e+01 3.843069942902172659e-02
1.897394097105746269e+01 3.758188298929702326e-02
1.922542454726159988e+01 3.570553226550847448e-02
1.947607703355479103e+01 3.482779380395488456e-02
1.972678839839982601e+01 3.338132641397521111e-02
1.997802698857814363e+01 3.239500874083110077e-02
2.022863620534168660e+01 3.116340375924819828e-02
2.047969598507238231e+01 3.046659541167119969e-02
2.073250439107362553e+01 2.922528369778641319e-02
2.098435855211640089e+01 2.871529458626936870e-02
2.123502923393334640e+01 2.754134243257990583e-02
2.148629411178690773e+01 2.673227698485926285e-02
2.173831825513516591e+01 2.583156157911653192e-02
2.198972260956887226e+01 2.498867048671123484e-02
2.223974971000711420e+01 2.446674457393172714e-02
2.249141870643862973e+01 2.366240032011441077e-02
2.274404614890906373e+01 2.282803682412073293e-02
2.299521835768831579e+01 2.222783920930521476e-02
2.324620084136223852e+01 2.149972508486357528e-02
2.349757798664387209e+01 2.100173157838761129e-02
2.374870488118759937e+01 2.060641308696349247e-02
2.399988781917473091e+01 1.989976455045657303e-02
2.425071646049711305e+01 1.929522203618680432e-02
2.450187830577813841e+01 1.873973751754208494e-02
2.475391093216606109e+01 1.816133149414453016e-02
2.500524226975159792e+01 1.759585070833730169e-02
2.525610980153284402e+01 1.726851684843150672e-02
2.550801425092822328e+01 1.675683931981842775e-02
2.575943113325822864e+01 1.631575710302696561e-02
2.601074166866445125e+01 1.587276504852509068e-02
2.626234447079615464e+01 1.559622375773635911e-02
2.651347712943701751e+01 1.505845430357832630e-02
2.676474177984877656e+01 1.479878559818199879e-02
2.701628079430242479e+01 1.442547012283428541e-02
2.726734205837282232e+01 1.408763035145067267e-02
2.751837013544679422e+01 1.383521284530545535e-02
2.776937726815812724e+01 1.341238127439228073e-02
2.802070160973895341e+01 1.307561096612699404e-02
2.827249982643487058e+01 1.279347622333853497e-02
2.852407603869968966e+01 1.247268399712345675e-02
2.877567300468570721e+01 1.219868833428290958e-02
2.902733523039245256e+01 1.182556557326177975e-02
2.927861073083739996e+01 1.163305571354623230e-02
2.953003196193969160e+01 1.137392472607264698e-02
2.978106336846375157e+01 1.108271721865478759e-02
3.003148440777084716e+01 1.081332114835921628e-02
3.028303386126418673e+01 1.061579606449624541e-02
3.053456493440382857e+01 1.035506748983652629e-02
3.078585183944906944e+01 1.010355520367854990e-02
3.103757946070165730e+01 9.929716508212912615e-03
3.128931656795834826e+01 9.668696813560072670e-03
3.154125974608096428e+01 9.483858887278321520e-03
3.179158626791808828e+01 9.278874524815136984e-03
3.204196438636942190e+01 9.118339671405321575e-03
3.229344668057169798e+01 8.957534561611139173e-03
3.254489998018084407e+01 8.748214869495837126e-03
3.279660140319880668e+01 8.539271441956654621e-03
3.304772754686901237e+01 8.336481805216273619e-03
3.329949953441923327e+01 8.211589006253787459e-03
3.355173249539067371e+01 8.031775161780498398e-03
3.380235474142784824e+01 7.899388221884314984e-03
3.405292218889088218e+01 7.738777252536218135e-03
3.430455901572810262e+01 7.559995677576809674e-03
3.455605119154291316e+01 7.413036941717880343e-03
3.480708698418615654e+01 7.288906542218996643e-03
3.505823042281740243e+01 7.151407187662942727e-03
3.530983122122644602e+01 6.987897993300191957e-03
3.556111974160763367e+01 6.853572324922244108e-03
3.581195885960364933e+01 6.754256441552516053e-03
3.606348577968052638e+01 6.592736185547863614e-03
3.631495136683125935e+01 6.428201002424146528e-03
3.656646781331610185e+01 6.331741262805257696e-03
3.681800948534306173e+01 6.207197069694324332e-03
3.706942350460822411e+01 6.150082375088108434e-03
3.732119977997001570e+01 6.007781780361019092e-03
3.757249197135423202e+01 5.899937859600166284e-03
3.782324055213251057e+01 5.821684863615365566e-03
3.807430609684078604e+01 5.696507776517954064e-03
3.832526519371521090e+01 5.629099946543023036e-03
3.857704530181875668e+01 5.489925912706889767e-03
3.882896255048217427e+01 5.411604071611117624e-03
3.907976684424035341e+01 5.324664436836695942e-03
3.933085588900704010e+01 5.254140873990694079e-03
3.958184533965361140e+01 5.149929865848389653e-03
3.983320492881626507e+01 5.044568928858636850e-03
4.008506787586624398e+01 4.936749828087100452e-03
4.033569471078550350e+01 4.866357193550227035e-03
4.058701345074587863e+01 4.779144361034669969e-03
4.083916815834436420e+01 4.701418507455490566e-03
4.108978611092747713e+01 4.612584454152214401e-03
4.134119394692694271e+01 4.548354647432193906e-03
4.159372926482761557e+01 4.520884415039444840e-03
4.184480996230068683e+01 4.423272961877246050e-03
4.209495048714620680e+01 4.357158457770432536e-03
4.234568601474854432e+01 4.262378175194789058e-03
4.259794184898333214e+01 4.210377605190928144e-03
4.284922176444433717e+01 4.138729875938964436e-03
4.309982534096671003e+01 4.064307589205337808e-03
4.335153475414617930e+01 4.002920721863400741e-03
4.360374984514007224e+01 3.948841401864186702e-03
4.385432838732079830e+01 3.854574798945695126e-03
4.410529766549178277e+01 3.832703075478914156e-03
4.435675536456894008e+01 3.745999737861254592e-03
4.460756668584335927e+01 3.701634828300049730e-03
4.485812369927145937e+01 3.639233227587199051e-03
4.510933196139897206e+01 3.566157971816283183e-03
4.536097672816924131e+01 3.558811426065174727e-03
4.561261869099184452e+01 3.512181020410128519e-03
4.586346064304911607e+01 3.432868003730953858e-03
4.611435299895526185e+01 3.393815819968198921e-03
4.636610302009028572e+01 3.321218689433814205e-03
4.661726081402038346e+01 3.275041737587641374e-03
4.686748045926628237e+01 3.234601642320024135e-03
4.712001000143001761e+01 3.149367224794468335e-03
4.737334269293729960e+01 3.157152092907727393e-03
4.762357272554871912e+01 3.106425170176163857e-03
4.787295862859781437e+01 3.035064357395726373e-03
4.812686710231834297e+01 3.046365338160697458e-03
4.837988354528783930e+01 2.959697039771104661e-03
4.862698975964909209e+01 2.924808498370051486e-03
4.887931961662670233e+01 2.843893289194539958e-03
4.913512531690142282e+01 2.819737200657802118e-03
4.938486646957150583e+01 2.783952231966088393e-03
4.963073103205424985e+01 2.782011846286333578e-03
4.988316058859187763e+01 2.771548077529010102e-03
5.013927392651110893e+01 2.636114946708256659e-03
5.038898445289544270e+01 2.687593148196896001e-03
5.063791314200675941e+01 2.610940075497262484e-03
5.089234515763529032e+01 2.600503046930100967e-03
5.114529266359630810e+01 2.621162710046742120e-03
5.138952878242714206e+01 2.501541814695487642e-03
5.163945178601188246e+01 2.460064372557034789e-03
5.190206698624180603e+01 2.463452795621197487e-03
5.215590084722179398e+01 2.369155754331281859e-03
5.238680673191466042e+01 2.456691670227760874e-03
5.263532591009818873e+01 2.357807791343234823e-03
5.290823119436031874e+01 2.403318796349037702e-03
5.316882575050344428e+01 2.378039281005327275e-03
5.338513341050097694e+01 2.198831420628055439e-03
5.363212510227822349e+01 2.194130284411852441e-03
5.391615723351310407e+01 2.071363484512641056e-03
5.419187693011466678e+01 2.100142647238615722e-03
5.439722241285236493e+01 2.214151171105795037e-03
5.462806064877949552e+01 2.028120630270574022e-03
5.491241494336609463e+01 1.999043883182452779e-03
5.519421446932921782e+01 2.097986306095826672e-03
5.543046826972861396e+01 9.129261229544169323e-04
5.561137265256709128e+01 3.218302133474088261e-03
