3.559856489878782115e-01 6.849348199384670579e+02
6.031648866026231293e-01 2.015104246229417413e+02
8.579160745827347778e-01 9.438892022951672800e+01
1.113464310595710716e+00 4.777658898980593705e+01
1.374039914321364408e+00 3.176293625607831927e+01
1.619154704570298309e+00 2.291341714973527743e+01
1.870686673430271840e+00 1.374505363124406720e+01
2.123290040706380832e+00 1.029718562120089054e+01
2.378144976376236119e+00 7.111523879937485582e+00
2.630489925835516996e+00 6.356053399761982803e+00
2.878653162679494670e+00 4.923692600076056358e+00
3.131144366275339319e+00 3.978868528132032623e+00
3.388159578333816313e+00 3.432458454289249783e+00
3.638741848210948149e+00 2.800018710324017057e+00
3.888315910732085268e+00 2.240103992257675536e+00
4.139052155837465996e+00 2.098516187576601855e+00
4.390305777018236988e+00 1.729693342944542911e+00
4.642172339120373081e+00 1.448351841281689811e+00
4.894678666149941293e+00 1.285688516829055938e+00
5.147269052361176378e+00 1.149039428256783291e+00
5.398003206656323272e+00 1.013916687307922615e+00
5.647798235368590269e+00 8.863599699216664352e-01
5.900534302989873581e+00 8.052731924201050884e-01
6.151460297009074374e+00 7.060921357556348976e-01
6.402630176204441526e+00 6.552621850148149241e-01
6.655964674748322096e+00 5.981414684888558542e-01
6.908782583105771202e+00 5.371037895189715305e-01
7.159060853508338873e+00 4.823958452243900519e-01
7.409414762591408632e+00 4.374482068992228134e-01
7.659227149364629561e+00 4.143265878847901540e-01
7.911559474606142395e+00 3.714177788779348677e-01
8.163750941790897997e+00 3.497908612482887869e-01
8.415757210439384295e+00 3.215342816075289489e-01
8.667638839289207198e+00 2.973269036934563236e-01
8.918801124864609520e+00 2.694582452800541317e-01
9.170480108345369530e+00 2.506253489548657676e-01
9.420566033467249412e+00 2.383265070857150947e-01
9.671642335271435797e+00 2.229391279194326281e-01
9.923426157758477473e+00 2.069119081804747518e-01
1.017396902749181820e+01 1.893191014579463094e-01
1.042533700753922155e+01 1.805414023096594822e-01
1.067702948358784276e+01 1.707953773085745808e-01
1.092969337256462303e+01 1.613089152507644897e-01
1.118211872033766419e+01 1.514619843244068287e-01
1.143346516925797296e+01 1.430577994119419660e-01
1.168350508557724687e+01 1.342035212481392237e-01
1.193379937775929100e+01 1.275412757296309207e-01
1.218553055762879112e+01 1.211786274055511731e-01
1.243711650801278878e+01 1.115411680049038790e-01
1.268867268647359303e+01 1.075983025816873023e-01
1.294075027177769144e+01 1.031164523939269995e-01
1.319267287020158363e+01 9.962903940016719362e-02
1.344470571782862756e+01 9.332447043020027089e-02
1.369480150283709641e+01 8.867859622587548341e-02
1.394591277066507828e+01 8.470203983691221294e-02
1.419764645764527167e+01 8.001515721453812680e-02
1.444766774168416212e+01 7.756857110388243326e-02
1.469906835825429070e+01 7.328435663647277221e-02
1.495059118111036511e+01 7.002765560925432176e-02
1.520261612590052991e+01 6.750351031393175827e-02
1.545415944503929495e+01 6.403049627349319262e-02
1.570456072545780124e+01 6.126211237344438010e-02
1.595705800128773966e+01 5.933288067519253139e-02
1.620829297830731619e+01 5.701807049242930969e-02
1.645966591028190962e+01 5.462110180454655267e-02
1.671125708846596325e+01 5.222760381662346074e-02
1.696160259490052624e+01 5.053219866795592707e-02
1.721370276108077135e+01 4.807294297179861425e-02
1.746543424102250341e+01 4.621407079194584516e-02
1.771598473288305442e+01 4.496133255986729804e-02
1.796653767411944003e+01 4.313117986943952598e-02
1.821765658501893270e+01 4.166050711090003161e-02
1.847053788120423334e+01 3.985121843750719095e-02
1.872257696809484173e+01 3.865980701773930744e-02
1.897394097105746269e+01 3.710959704902742906e-02
1.922542454726159988e+01 3.596810110132273031e-02
1.947607703355479103e+01 3.483044702430300454e-02
1.972678839839982601e+01 3.316663363956662280e-02
1.997802698857814363e+01 3.250842082482746642e-02
2.022863620534168660e+01 3.099531084440245929e-02
2.047969598507238231e+01 3.044567184796656209e-02
2.073250439107362553e+01 2.920283843669708307e-02
2.098435855211640089e+01 2.861598231174927384e-02
2.123502923393334640e+01 2.741180274722774049e-02
2.148629411178690773e+01 2.678116352229446481e-02
2.173831825513516591e+01 2.593952631445623630e-02
2.198972260956887226e+01 2.519901679203715925e-02
2.223974971000711420e+01 2.444866609175999628e-02
2.249141870643862973e+01 2.369719987162805311e-02
2.274404614890906373e+01 2.290499617271577262e-02
2.299521835768831579e+01 2.236048723732341273e-02
2.324620084136223852e+01 2.155909511453268576e-02
2.349757798664387209e+01 2.092086975263793280e-02
2.374870488118759937e+01 2.041686638330513642e-02
2.399988781917473091e+01 1.990122783824345432e-02
2.425071646049711305e+01 1.938231311610959240e-02
2.450187830577813841e+01 1.873862816774437071e-02
2.475391093216606109e+01 1.807495187151757915e-02
2.500524226975159792e+01 1.768183102684614191e-02
2.525610980153284402e+01 1.731075494154146743e-02
2.550801425092822328e+01 1.679439838104490601e-02
2.575943113325822864e+01 1.645696740047018422e-02
2.601074166866445125e+01 1.592525535617012045e-02
2.626234447079615464e+01 1.556803032518912742e-02
2.651347712943701751e+01 1.510808022545825739e-02
2.676474177984877656e+01 1.491846571610377058e-02
2.701628079430242479e+01 1.446294636406430384e-02
2.726734205837282232e+01 1.411552600306690761e-02
2.751837013544679422e+01 1.373619607684158604e-02
2.776937726815812724e+01 1.335475195749147997e-02
2.802070160973895341e+01 1.307260569113096425e-02
2.827249982643487058e+01 1.281856356244304336e-02
2.852407603869968966e+01 1.248600038684024617e-02
2.877567300468570721e+01 1.210339785130311145e-02
2.902733523039245256e+01 1.189668847541517152e-02
2.927861073083739996e+01 1.163830949048621187e-02
2.953003196193969160e+01 1.131581303750458026e-02
2.978106336846375157e+01 1.104148938987019324e-02
3.003148440777084716e+01 1.084138647375629434e-02
3.028303386126418673e+01 1.055364434169733974e-02
3.053456493440382857e+01 1.038599826046236567e-02
3.078585183944906944e+01 1.016567086430849448e-02
3.103757946070165730e+01 9.887689832486635036e-03
3.128931656795834826e+01 9.750013782522047243e-03
3.154125974608096428e+01 9.404224266416696953e-03
3.179158626791808828e+01 9.262237051731707013e-03
3.204196438636942190e+01 9.080374524554431573e-03
3.229344668057169798e+01 8.863689718410470986e-03
3.254489998018084407e+01 8.718186578426228087e-03
3.279660140319880668e+01 8.588717591828280012e-03
3.304772754686901237e+01 8.351181460138161136e-03
3.329949953441923327e+01 8.188195443304022506e-03
3.355173249539067371e+01 8.007489101701840972e-03
3.380235474142784824e+01 7.939085443412886509e-03
3.405292218889088218e+01 7.739417321438579050e-03
3.430455901572810262e+01 7.559845248619077515e-03
3.455605119154291316e+01 7.359951001092437765e-03
3.480708698418615654e+01 7.281576693249706446e-03
3.505823042281740243e+01 7.132926610505590896e-03
3.530983122122644602e+01 7.017190356210510280e-03
3.556111974160763367e+01 6.860455241735286848e-03
3.581195885960364933e+01 6.765686707421068695e-03
3.606348577968052638e+01 6.582271964115919693e-03
3.631495136683125935e+01 6.469447384697075108e-03
3.656646781331610185e+01 6.359268703572251193e-03
3.681800948534306173e+01 6.245122430672884160e-03
3.706942350460822411e+01 6.136469610683903050e-03
3.732119977997001570e+01 6.033152735083409032e-03
3.757249197135423202e+01 5.913501926877887636e-03
3.782324055213251057e+01 5.872230354384158288e-03
3.807430609684078604e+01 5.707599589170480464e-03
3.832526519371521090e+01 5.595650196340144419e-03
3.857704530181875668e+01 5.497449250651460263e-03
3.882896255048217427e+01 5.420704025983251288e-03
3.907976684424035341e+01 5.313202660360055209e-03
3.933085588900704010e+01 5.197736442554215172e-03
3.958184533965361140e+01 5.102844061426698406e-03
3.983320492881626507e+01 5.041797047259516384e-03
4.008506787586624398e+01 4.991105031570334041e-03
4.033569471078550350e+01 4.878783146950192717e-03
4.058701345074587863e+01 4.793537567274172573e-03
4.083916815834436420e+01 4.724540530282885474e-03
4.108978611092747713e+01 4.597817388812180071e-03
4.134119394692694271e+01 4.543308963507914321e-03
4.159372926482761557e+01 4.467842610877265086e-03
4.184480996230068683e+01 4.410501058187599535e-03
4.209495048714620680e+01 4.329272392765648458e-03
4.234568601474854432e+01 4.245003231273619844e-03
4.259794184898333214e+01 4.191170855289457452e-03
4.284922176444433717e+01 4.127982542691582303e-03
4.309982534096671003e+01 4.066434083172390697e-03
4.335153475414617930e+01 3.997360604385631969e-03
4.360374984514007224e+01 3.947952144773228360e-03
4.385432838732079830e+01 3.882652346867769642e-03
4.410529766549178277e+01 3.806664040673331858e-03
4.435675536456894008e+01 3.764710784026434158e-03
4.460756668584335927e+01 3.704804992432564423e-03
4.485812369927145937e+01 3.643541608702205534e-03
4.510933196139897206e+01 3.552478555431120774e-03
4.536097672816924131e+01 3.538794619727124707e-03
4.561261869099184452e+01 3.476870075742341613e-03
4.586346064304911607e+01 3.426821568615196628e-03
4.611435299895526185e+01 3.388591628930927128e-03
4.636610302009028572e+01 3.324509604873632316e-03
4.661726081402038346e+01 3.299595453145210810e-03
4.686748045926628237e+01 3.184891445767630298e-03
4.712001000143001761e+01 3.126963534872335190e-03
4.737334269293729960e+01 3.189212820108435886e-03
4.762357272554871912e+01 3.134809813664148331e-03
4.787295862859781437e+01 3.009732332527861789e-03
4.812686710231834297e+01 3.025470654667934602e-03
4.837988354528783930e+01 2.956447402246702594e-03
4.862698975964909209e+01 2.925438449410817411e-03
4.887931961662670233e+01 2.869046033764881612e-03
4.913512531690142282e+01 2.833787483359944456e-03
4.938486646957150583e+01 2.821909730007368840e-03
4.963073103205424985e+01 2.797929886023329139e-03
4.988316058859187763e+01 2.682274404076388785e-03
5.013927392651110893e+01 2.695711031237996505e-03
5.038898445289544270e+01 2.682718853425123274e-03
5.063791314200675941e+01 2.630153688866855577e-03
5.089234515763529032e+01 2.611673255667011119e-03
5.114529266359630810e+01 2.593245973265836946e-03
5.138952878242714206e+01 2.511769216303871583e-03
5.163945178601188246e+01 2.400702650020618278e-03
5.190206698624180603e+01 2.420816227736153833e-03
5.215590084722179398e+01 2.390776094131760385e-03
5.238680673191466042e+01 2.314785667752932135e-03
5.263532591009818873e+01 2.489598270669417419e-03
5.290823119436031874e+01 2.258937187587064296e-03
5.316882575050344428e+01 2.350597965979181470e-03
5.338513341050097694e+01 2.204348755835561745e-03
5.363212510227822349e+01 2.337231116170403102e-03
5.391615723351310407e+01 2.177802791985128470e-03
5.419187693011466678e+01 2.167956345061724382e-03
5.439722241285236493e+01 2.552042183224079597e-03
5.462806064877949552e+01 1.979787126244590949e-03
5.491241494336609463e+01 1.930979433766622433e-03
5.519421446932921782e+01 2.437058891088697381e-03
5.543046826972861396e+01 1.860069113882235892e-03
5.561137265256709128e+01 1.760445366352704271e-03
