3.559856489878782115e-01 5.628418200027557532e+02
6.031648866026231293e-01 2.292477184359739226e+02
8.579160745827347778e-01 9.605409932564451481e+01
1.113464310595710716e+00 4.686234151529680503e+01
1.374039914321364408e+00 3.123553946267395531e+01
1.619154704570298309e+00 2.260953282527106722e+01
1.870686673430271840e+00 1.426040543251920845e+01
2.123290040706380832e+00 1.104402456282933187e+01
2.378144976376236119e+00 7.971030488095992794e+00
2.630489925835516996e+00 6.088280075451208972e+00
2.878653162679494670e+00 5.446968467215265619e+00
3.131144366275339319e+00 3.916695540493957850e+00
3.388159578333816313e+00 3.289637818373802425e+00
3.638741848210948149e+00 2.795021284906500370e+00
3.888315910732085268e+00 2.384711941823490111e+00
4.139052155837465996e+00 1.973896510605066990e+00
4.390305777018236988e+00 1.741829190800713079e+00
4.642172339120373081e+00 1.487647622358369670e+00
4.894678666149941293e+00 1.306580454614456821e+00
5.147269052361176378e+00 1.135769474648914201e+00
5.398003206656323272e+00 1.001295313967728973e+00
5.647798235368590269e+00 9.109876247362120871e-01
5.900534302989873581e+00 8.130437459384195487e-01
6.151460297009074374e+00 7.276558475776827573e-01
6.402630176204441526e+00 6.377619889683474597e-01
6.655964674748322096e+00 5.860305868856325873e-01
6.908782583105771202e+00 5.339296591825303251e-01
7.159060853508338873e+00 4.842260809909740282e-01
7.409414762591408632e+00 4.416544441681030109e-01
7.659227149364629561e+00 4.073915918172065220e-01
7.911559474606142395e+00 3.734556607497572234e-01
8.163750941790897997e+00 3.460933396639867543e-01
8.415757210439384295e+00 3.196315053115812987e-01
8.667638839289207198e+00 2.977459563856303393e-01
8.918801124864609520e+00 2.721124984132160529e-01
9.170480108345369530e+00 2.571886936495434983e-01
9.420566033467249412e+00 2.415849173771766889e-01
9.671642335271435797e+00 2.213426324399715983e-01
9.923426157758477473e+00 2.094368347012503795e-01
1.017396902749181820e+01 1.952110731494481055e-01
1.042533700753922155e+01 1.822661709832826826e-01
1.067702948358784276e+01 1.734331088479374727e-01
1.092969337256462303e+01 1.607321583628078254e-01
1.118211872033766419e+01 1.503311362578774180e-01
1.143346516925797296e+01 1.447791363498315831e-01
1.168350508557724687e+01 1.344065115570735880e-01
1.193379937775929100e+01 1.277927866220990583e-01
1.218553055762879112e+01 1.215260197848988116e-01
1.243711650801278878e+01 1.139456133098413759e-01
1.268867268647359303e+01 1.093493717573744001e-01
1.294075027177769144e+01 1.023258738348704344e-01
1.319267287020158363e+01 9.796174674436182450e-02
1.344470571782862756e+01 9.331155868017880495e-02
1.369480150283709641e+01 8.815030709193456826e-02
1.394591277066507828e+01 8.517506994370797890e-02
1.419764645764527167e+01 8.028314539647606052e-02
1.444766774168416212e+01 7.672548145813155862e-02
1.469906835825429070e+01 7.260198953632097940e-02
1.495059118111036511e+01 6.931742628617554303e-02
1.520261612590052991e+01 6.678211098169198334e-02
1.545415944503929495e+01 6.379394162614931973e-02
1.570456072545780124e+01 6.093666085143124161e-02
1.595705800128773966e+01 5.889599820683453363e-02
1.620829297830731619e+01 5.683759047175956924e-02
1.645966591028190962e+01 5.461510464979073970e-02
1.671125708846596325e+01 5.250119607299970348e-02
1.696160259490052624e+01 5.056488095938579258e-02
1.721370276108077135e+01 4.859701547359104173e-02
1.746543424102250341e+01 4.639028313823236743e-02
1.771598473288305442e+01 4.471756055298285737e-02
1.796653767411944003e+01 4.314365807557955096e-02
1.821765658501893270e+01 4.120731634759174089e-02
1.847053788120423334e+01 3.972202702619435921e-02
1.872257696809484173e+01 3.843664778268382487e-02
1.897394097105746269e+01 3.740187034892451107e-02
1.922542454726159988e+01 3.605142144575480129e-02
1.947607703355479103e+01 3.453610556746739696e-02
1.972678839839982601e+01 3.365514476101792024e-02
1.997802698857814363e+01 3.226005741240976082e-02
2.022863620534168660e+01 3.137686730140320374e-02
2.047969598507238231e+01 3.033144692016316243e-02
2.073250439107362553e+01 2.929010802242499115e-02
2.098435855211640089e+01 2.854860735124399584e-02
2.123502923393334640e+01 2.744381219337693051e-02
2.148629411178690773e+01 2.677427281483413593e-02
2.173831825513516591e+01 2.600526345261517519e-02
2.198972260956887226e+01 2.523012779135824085e-02
2.223974971000711420e+01 2.425168713083440675e-02
2.249141870643862973e+01 2.366522288466621493e-02
2.274404614890906373e+01 2.299502976345280114e-02
2.299521835768831579e+01 2.217455716736648277e-02
2.324620084136223852e+01 2.149402933295225041e-02
2.349757798664387209e+01 2.106564479867528705e-02
2.374870488118759937e+01 2.044829774824338461e-02
2.399988781917473091e+01 1.982164697763632438e-02
2.425071646049711305e+01 1.911582188763523080e-02
2.450187830577813841e+01 1.876796608447272099e-02
2.475391093216606109e+01 1.829640824506304289e-02
2.500524226975159792e+01 1.794014888531628160e-02
2.525610980153284402e+01 1.727423126319822463e-02
2.550801425092822328e+01 1.690673310347883332e-02
2.575943113325822864e+01 1.637878564025397471e-02
2.601074166866445125e+01 1.594292441209395339e-02
2.626234447079615464e+01 1.563297773067526958e-02
2.651347712943701751e+01 1.517897900450380921e-02
2.676474177984877656e+01 1.476279479610097256e-02
2.701628079430242479e+01 1.441414382895325058e-02
2.726734205837282232e+01 1.405253481583938410e-02
2.751837013544679422e+01 1.367732720220940848e-02
2.776937726815812724e+01 1.339116744037514503e-02
2.802070160973895341e+01 1.306217684735481999e-02
2.827249982643487058e+01 1.279424174294126193e-02
2.852407603869968966e+01 1.245136123787767522e-02
2.877567300468570721e+01 1.218795742153810056e-02
2.902733523039245256e+01 1.184182930983849504e-02
2.927861073083739996e+01 1.159662293136710237e-02
2.953003196193969160e+01 1.139104900826768720e-02
2.978106336846375157e+01 1.112028870181208835e-02
3.003148440777084716e+01 1.085314785149779984e-02
3.028303386126418673e+01 1.054885933834588500e-02
3.053456493440382857e+01 1.033600046792484441e-02
3.078585183944906944e+01 1.017171746238618689e-02
3.103757946070165730e+01 9.963819680899592413e-03
3.128931656795834826e+01 9.699995768724748238e-03
3.154125974608096428e+01 9.519364018348627082e-03
3.179158626791808828e+01 9.256812335514173415e-03
3.204196438636942190e+01 9.065079626073968902e-03
3.229344668057169798e+01 8.865408783770126894e-03
3.254489998018084407e+01 8.737265417923299402e-03
3.279660140319880668e+01 8.559514624920726983e-03
3.304772754686901237e+01 8.329578844844167523e-03
3.329949953441923327e+01 8.240131408117514974e-03
3.355173249539067371e+01 8.008293770370289791e-03
3.380235474142784824e+01 7.918125774521196994e-03
3.405292218889088218e+01 7.715033679076914105e-03
3.430455901572810262e+01 7.530962131015657077e-03
3.455605119154291316e+01 7.396570161260862183e-03
3.480708698418615654e+01 7.236456206387545560e-03
3.505823042281740243e+01 7.130678660698192874e-03
3.530983122122644602e+01 7.002651830417176357e-03
3.556111974160763367e+01 6.856394102781500355e-03
3.581195885960364933e+01 6.739581786179297575e-03
3.606348577968052638e+01 6.615620465403405925e-03
3.631495136683125935e+01 6.489077156824746111e-03
3.656646781331610185e+01 6.345880532211753758e-03
3.681800948534306173e+01 6.231032652353434356e-03
3.706942350460822411e+01 6.143879246637461850e-03
3.732119977997001570e+01 6.052177004384220148e-03
3.757249197135423202e+01 5.916854048589942870e-03
3.782324055213251057e+01 5.814563950331426423e-03
3.807430609684078604e+01 5.709144847349629896e-03
3.832526519371521090e+01 5.576827477740327679e-03
3.857704530181875668e+01 5.507769576206446305e-03
3.882896255048217427e+01 5.399024590063424001e-03
3.907976684424035341e+01 5.305233061444195562e-03
3.933085588900704010e+01 5.199690478076989322e-03
3.958184533965361140e+01 5.142746773307054799e-03
3.983320492881626507e+01 5.070838291185748511e-03
4.008506787586624398e+01 4.951307847734692617e-03
4.033569471078550350e+01 4.882187789733800562e-03
4.058701345074587863e+01 4.768634413213651557e-03
4.083916815834436420e+01 4.706397395940625089e-03
4.108978611092747713e+01 4.608923565925825312e-03
4.134119394692694271e+01 4.555761978654795409e-03
4.159372926482761557e+01 4.472254964596504394e-03
4.184480996230068683e+01 4.389316266455174642e-03
4.209495048714620680e+01 4.327144844339664807e-03
4.234568601474854432e+01 4.256118548587129423e-03
4.259794184898333214e+01 4.177518712691982543e-03
4.284922176444433717e+01 4.087835760549232700e-03
4.309982534096671003e+01 4.098277477923533210e-03
4.335153475414617930e+01 4.006997051839705261e-03
4.360374984514007224e+01 3.961593193036740471e-03
4.385432838732079830e+01 3.895947616904666105e-03
4.410529766549178277e+01 3.814430271430043536e-03
4.435675536456894008e+01 3.723926325256044119e-03
4.460756668584335927e+01 3.709879915389792306e-03
4.485812369927145937e+01 3.662392248463664131e-03
4.510933196139897206e+01 3.613191702706947724e-03
4.536097672816924131e+01 3.520856726735386438e-03
4.561261869099184452e+01 3.472400524187537613e-03
4.586346064304911607e+01 3.416631763097333421e-03
4.611435299895526185e+01 3.323974702380627123e-03
4.636610302009028572e+01 3.375947159911712146e-03
4.661726081402038346e+01 3.272131979568187153e-03
4.686748045926628237e+01 3.236088488830420832e-03
4.712001000143001761e+01 3.220913232341316487e-03
4.737334269293729960e+01 3.166221245798550663e-03
4.762357272554871912e+01 3.083740282043623011e-03
4.787295862859781437e+01 3.061736688569452556e-03
4.812686710231834297e+01 3.035404518924257524e-03
4.837988354528783930e+01 2.931108515556273431e-03
4.862698975964909209e+01 2.904477970393069645e-03
4.887931961662670233e+01 2.847648647220197074e-03
4.913512531690142282e+01 2.837416992535968501e-03
4.938486646957150583e+01 2.771124070873242848e-03
4.963073103205424985e+01 2.818971810981347591e-03
4.988316058859187763e+01 2.727803372241928252e-03
5.013927392651110893e+01 2.756268082689211901e-03
5.038898445289544270e+01 2.614287912717666498e-03
5.063791314200675941e+01 2.577887993662719441e-03
5.089234515763529032e+01 2.595797077026940763e-03
5.114529266359630810e+01 2.531878142945954546e-03
5.138952878242714206e+01 2.455059577943555314e-03
5.163945178601188246e+01 2.451448435267124162e-03
5.190206698624180603e+01 2.472775061829647278e-03
5.215590084722179398e+01 2.513971968058312158e-03
5.238680673191466042e+01 2.402593415962302106e-03
5.263532591009818873e+01 2.380508631498170526e-03
5.290823119436031874e+01 2.368065619212090384e-03
5.316882575050344428e+01 2.225156682897538700e-03
5.338513341050097694e+01 2.434636087814693456e-03
5.363212510227822349e+01 2.304125025200345900e-03
5.391615723351310407e+01 2.271564386787606939e-03
5.419187693011466678e+01 2.090794543206488023e-03
5.439722241285236493e+01 2.237786185838575720e-03
5.462806064877949552e+01 2.336723913809994006e-03
5.491241494336609463e+01 2.019612168641572118e-03
5.519421446932921782e+01 2.305492566947925804e-03
5.543046826972861396e+01 2.117406955879504952e-03
5.561137265256709128e+01 1.977162133190549058e-03
