3.559856489878782115e-01 8.030379084272049113e+02
6.031648866026231293e-01 2.024871961099822499e+02
8.579160745827347778e-01 9.207191034305738242e+01
1.113464310595710716e+00 4.148157273195435124e+01
1.374039914321364408e+00 2.848488527730773257e+01
1.619154704570298309e+00 2.149798346982494834e+01
1.870686673430271840e+00 1.408817270785175602e+01
2.123290040706380832e+00 9.709801478231039340e+00
2.378144976376236119e+00 7.844567284663035878e+00
2.630489925835516996e+00 6.565680910015718297e+00
2.878653162679494670e+00 4.863617304779752182e+00
3.131144366275339319e+00 3.833090932695472741e+00
3.388159578333816313e+00 3.437169643413657827e+00
3.638741848210948149e+00 2.780743011266771259e+00
3.888315910732085268e+00 2.333060615958987061e+00
4.139052155837465996e+00 2.046951333854773125e+00
4.390305777018236988e+00 1.721746394215107445e+00
4.642172339120373081e+00 1.528543307770221071e+00
4.894678666149941293e+00 1.274155244328483594e+00
5.147269052361176378e+00 1.159662060581885035e+00
5.398003206656323272e+00 1.013594440186027956e+00
5.647798235368590269e+00 8.822331752978050945e-01
5.900534302989873581e+00 7.996694878865696632e-01
6.151460297009074374e+00 7.225837728346066191e-01
6.402630176204441526e+00 6.481780278204768431e-01
6.655964674748322096e+00 5.931205694751667812e-01
6.908782583105771202e+00 5.249080648564210527e-01
7.159060853508338873e+00 4.976435414022023496e-01
7.409414762591408632e+00 4.308212258535872308e-01
7.659227149364629561e+00 4.047298178034586802e-01
7.911559474606142395e+00 3.750503732392023726e-01
8.163750941790897997e+00 3.438570197176749610e-01
8.415757210439384295e+00 3.208026873248882027e-01
8.667638839289207198e+00 2.955210751416473824e-01
8.918801124864609520e+00 2.686940468837344942e-01
9.170480108345369530e+00 2.535984542644034168e-01
9.420566033467249412e+00 2.441921984942284629e-01
9.671642335271435797e+00 2.283025904508781401e-01
9.923426157758477473e+00 2.071486592865534326e-01
1.017396902749181820e+01 1.925075978943926736e-01
1.042533700753922155e+01 1.810937074096281019e-01
1.067702948358784276e+01 1.718740709665805833e-01
1.092969337256462303e+01 1.612127322862720868e-01
1.118211872033766419e+01 1.530965791900480710e-01
1.143346516925797296e+01 1.433904072673764518e-01
1.168350508557724687e+01 1.350532388702468389e-01
1.193379937775929100e+01 1.289596484067512538e-01
1.218553055762879112e+01 1.198124104341072305e-01
1.243711650801278878e+01 1.150638902437991912e-01
1.268867268647359303e+01 1.074311323498502169e-01
1.294075027177769144e+01 1.031582068033500277e-01
1.319267287020158363e+01 9.748740266948979771e-02
1.344470571782862756e+01 9.275390523730685233e-02
1.369480150283709641e+01 8.853507678097767564e-02
1.394591277066507828e+01 8.542542327963256743e-02
1.419764645764527167e+01 8.014139323894975409e-02
1.444766774168416212e+01 7.667045223406032672e-02
1.469906835825429070e+01 7.354730922146958394e-02
1.495059118111036511e+01 6.972083503761512813e-02
1.520261612590052991e+01 6.719559996327266471e-02
1.545415944503929495e+01 6.405448424213623648e-02
1.570456072545780124e+01 6.124183194438819616e-02
1.595705800128773966e+01 5.851332308122726006e-02
1.620829297830731619e+01 5.614962487473287855e-02
1.645966591028190962e+01 5.407794618369214656e-02
1.671125708846596325e+01 5.211806417735392188e-02
1.696160259490052624e+01 5.092040717388700288e-02
1.721370276108077135e+01 4.802387000532713779e-02
1.746543424102250341e+01 4.716340448820487141e-02
1.771598473288305442e+01 4.492125293594855656e-02
1.796653767411944003e+01 4.322820071776450890e-02
1.821765658501893270e+01 4.131072883624440500e-02
1.847053788120423334e+01 4.014364288202775660e-02
1.872257696809484173e+01 3.890737692436533474e-02
1.897394097105746269e+01 3.718179052942367779e-02
1.922542454726159988e+01 3.602508083772519576e-02
1.947607703355479103e+01 3.500426128400934561e-02
1.972678839839982601e+01 3.329316794996155238e-02
1.997802698857814363e+01 3.239098569760269497e-02
2.022863620534168660e+01 3.120867256522642796e-02
2.047969598507238231e+01 3.042517948370557918e-02
2.073250439107362553e+01 2.929030338977995848e-02
2.098435855211640089e+01 2.841028044317438911e-02
2.123502923393334640e+01 2.756148656754982967e-02
2.148629411178690773e+01 2.665378438978530107e-02
2.173831825513516591e+01 2.590102652914484313e-02
2.198972260956887226e+01 2.515892566713981773e-02
2.223974971000711420e+01 2.432748367879014606e-02
2.249141870643862973e+01 2.345110434838152541e-02
2.274404614890906373e+01 2.285885032358478050e-02
2.299521835768831579e+01 2.216058971832068555e-02
2.324620084136223852e+01 2.169324841137656654e-02
2.349757798664387209e+01 2.090519474031664673e-02
2.374870488118759937e+01 2.035517622863340301e-02
2.399988781917473091e+01 1.984047476769374221e-02
2.425071646049711305e+01 1.920667354057287168e-02
2.450187830577813841e+01 1.884474662400713665e-02
2.475391093216606109e+01 1.836674447878255609e-02
2.500524226975159792e+01 1.776985144214004303e-02
2.525610980153284402e+01 1.725530475477960596e-02
2.550801425092822328e+01 1.690268700499062554e-02
2.575943113325822864e+01 1.637059643035639056e-02
2.601074166866445125e+01 1.598229424992504699e-02
2.626234447079615464e+01 1.561918533207306246e-02
2.651347712943701751e+01 1.507948142284043155e-02
2.676474177984877656e+01 1.484432725586767171e-02
2.701628079430242479e+01 1.442515913205167678e-02
2.726734205837282232e+01 1.409546598292069769e-02
2.751837013544679422e+01 1.371915073932884928e-02
2.776937726815812724e+01 1.344361744563143252e-02
2.802070160973895341e+01 1.314088027647199175e-02
2.827249982643487058e+01 1.274435316452159246e-02
2.852407603869968966e+01 1.246473841194349098e-02
2.877567300468570721e+01 1.219537826299790621e-02
2.902733523039245256e+01 1.190076313766734450e-02
2.927861073083739996e+01 1.160465799273538608e-02
2.953003196193969160e+01 1.139040486003376797e-02
2.978106336846375157e+01 1.109956438147490648e-02
3.003148440777084716e+01 1.090233350619018021e-02
3.028303386126418673e+01 1.065904026973632512e-02
3.053456493440382857e+01 1.034883945827426259e-02
3.078585183944906944e+01 1.006882639065183847e-02
3.103757946070165730e+01 9.878264841165173421e-03
3.128931656795834826e+01 9.711044293725263135e-03
3.154125974608096428e+01 9.539944931266055445e-03
3.179158626791808828e+01 9.296275000564032873e-03
3.204196438636942190e+01 9.086701910605756577e-03
3.229344668057169798e+01 8.915850634146852555e-03
3.254489998018084407e+01 8.663066368141233292e-03
3.279660140319880668e+01 8.547223431616372477e-03
3.304772754686901237e+01 8.357475892573847792e-03
3.329949953441923327e+01 8.186386676490121223e-03
3.355173249539067371e+01 8.116614754880010357e-03
3.380235474142784824e+01 7.858650096131243601e-03
3.405292218889088218e+01 7.723392374323040377e-03
3.430455901572810262e+01 7.541031045972325896e-03
3.455605119154291316e+01 7.418433432187521333e-03
3.480708698418615654e+01 7.251051041590623851e-03
3.505823042281740243e+01 7.147024199802246014e-03
3.530983122122644602e+01 6.979709653641780198e-03
3.556111974160763367e+01 6.872857196300017485e-03
3.581195885960364933e+01 6.702739521469506558e-03
3.606348577968052638e+01 6.567549210367683125e-03
3.631495136683125935e+01 6.477420362078480272e-03
3.656646781331610185e+01 6.342660017076845978e-03
3.681800948534306173e+01 6.228584006447296373e-03
3.706942350460822411e+01 6.142238594308708534e-03
3.732119977997001570e+01 5.972145362218287366e-03
3.757249197135423202e+01 5.922418443358358313e-03
3.782324055213251057e+01 5.797884285569184296e-03
3.807430609684078604e+01 5.704377875828499193e-03
3.832526519371521090e+01 5.610458943198922202e-03
3.857704530181875668e+01 5.521983231161373303e-03
3.882896255048217427e+01 5.397479711148851778e-03
3.907976684424035341e+01 5.325044059042934735e-03
3.933085588900704010e+01 5.235610943485066900e-03
3.958184533965361140e+01 5.108785356815903449e-03
3.983320492881626507e+01 5.040820438451683490e-03
4.008506787586624398e+01 4.945183809976961067e-03
4.033569471078550350e+01 4.878382493402224143e-03
4.058701345074587863e+01 4.796890997478838077e-03
4.083916815834436420e+01 4.731580637447620717e-03
4.108978611092747713e+01 4.608304254386252213e-03
4.134119394692694271e+01 4.544089102635022297e-03
4.159372926482761557e+01 4.475954113253168866e-03
4.184480996230068683e+01 4.402099897133054940e-03
4.209495048714620680e+01 4.322632821265831246e-03
4.234568601474854432e+01 4.265122593175716542e-03
4.259794184898333214e+01 4.229005600487192179e-03
4.284922176444433717e+01 4.124358355257902800e-03
4.309982534096671003e+01 4.065383717950541570e-03
4.335153475414617930e+01 3.997793512765371315e-03
4.360374984514007224e+01 3.917210759379919152e-03
4.385432838732079830e+01 3.872116017649294886e-03
4.410529766549178277e+01 3.796621443768619531e-03
4.435675536456894008e+01 3.742977487352203494e-03
4.460756668584335927e+01 3.695129713459205031e-03
4.485812369927145937e+01 3.603922120706886615e-03
4.510933196139897206e+01 3.587182317765843110e-03
4.536097672816924131e+01 3.522825756222242206e-03
4.561261869099184452e+01 3.480962750192006377e-03
4.586346064304911607e+01 3.500731696354173524e-03
4.611435299895526185e+01 3.340100132652964928e-03
4.636610302009028572e+01 3.346729397398232487e-03
4.661726081402038346e+01 3.332201030774645332e-03
4.686748045926628237e+01 3.201811017833771939e-03
4.712001000143001761e+01 3.194432931866933532e-03
4.737334269293729960e+01 3.161546721395733402e-03
4.762357272554871912e+01 3.099978838574722444e-03
4.787295862859781437e+01 3.052025467270446605e-03
4.812686710231834297e+01 3.006226062476278355e-03
4.837988354528783930e+01 2.968888433132237797e-03
4.862698975964909209e+01 2.931547427254595911e-03
4.887931961662670233e+01 2.862337298304320436e-03
4.913512531690142282e+01 2.839383165154958730e-03
4.938486646957150583e+01 2.714843879321573658e-03
4.963073103205424985e+01 2.771219449330835239e-03
4.988316058859187763e+01 2.709498505810470186e-03
5.013927392651110893e+01 2.698392069651488982e-03
5.038898445289544270e+01 2.633440414544679746e-03
5.063791314200675941e+01 2.552211001994342168e-03
5.089234515763529032e+01 2.472509761106106863e-03
5.114529266359630810e+01 2.534269050050184935e-03
5.138952878242714206e+01 2.447269051094940525e-03
5.163945178601188246e+01 2.541551322031164288e-03
5.190206698624180603e+01 2.541302853109674541e-03
5.215590084722179398e+01 2.325591155144742656e-03
5.238680673191466042e+01 2.404667972456695987e-03
5.263532591009818873e+01 2.361403051638484487e-03
5.290823119436031874e+01 2.336981535363902643e-03
5.316882575050344428e+01 2.290443561704040131e-03
5.338513341050097694e+01 2.258281326491036033e-03
5.363212510227822349e+01 2.210324383280280833e-03
5.391615723351310407e+01 2.151858017940472007e-03
5.419187693011466678e+01 2.279243223128880631e-03
5.439722241285236493e+01 1.948070300411715782e-03
5.462806064877949552e+01 1.992125303769257116e-03
5.491241494336609463e+01 2.229530136736795898e-03
5.519421446932921782e+01 1.714551694799445981e-03
5.543046826972861396e+01 3.324680389222452875e-03
5.561137265256709128e+01 1.560002339984470918e-03
