3.559856489878782115e-01 7.357326328574167746e+02
6.031648866026231293e-01 1.609029492822722887e+02
8.579160745827347778e-01 7.663730312479280826e+01
1.113464310595710716e+00 5.223273370198933918e+01
1.374039914321364408e+00 2.794927316900721337e+01
1.619154704570298309e+00 2.072290964976588867e+01
1.870686673430271840e+00 1.438999599830179932e+01
2.123290040706380832e+00 9.908501036949738605e+00
2.378144976376236119e+00 7.433910552269940020e+00
2.630489925835516996e+00 6.483843641586201301e+00
2.878653162679494670e+00 5.056767563400905274e+00
3.131144366275339319e+00 3.981197042183372670e+00
3.388159578333816313e+00 3.262274106787378170e+00
3.638741848210948149e+00 2.759340322150543034e+00
3.888315910732085268e+00 2.318237027327824329e+00
4.139052155837465996e+00 1.972590060911168397e+00
4.390305777018236988e+00 1.703251627031041382e+00
4.642172339120373081e+00 1.453991026561893163e+00
4.894678666149941293e+00 1.334562336934681293e+00
5.147269052361176378e+00 1.170667955466903498e+00
5.398003206656323272e+00 1.012030517071197178e+00
5.647798235368590269e+00 8.707851728805038327e-01
5.900534302989873581e+00 8.150695215984680164e-01
6.151460297009074374e+00 7.123878342068968861e-01
6.402630176204441526e+00 6.419979018632868684e-01
6.655964674748322096e+00 5.913368654509015832e-01
6.908782583105771202e+00 5.368421150009843323e-01
7.159060853508338873e+00 4.863744350169911801e-01
7.409414762591408632e+00 4.394441920312608940e-01
7.659227149364629561e+00 4.018102686289000136e-01
7.911559474606142395e+00 3.727138739903889109e-01
8.163750941790897997e+00 3.403505895005861093e-01
8.415757210439384295e+00 3.184331373957446365e-01
8.667638839289207198e+00 2.937415436663249335e-01
8.918801124864609520e+00 2.691516873086453598e-01
9.170480108345369530e+00 2.541231460809441622e-01
9.420566033467249412e+00 2.409007870007152108e-01
9.671642335271435797e+00 2.173816822589473008e-01
9.923426157758477473e+00 2.065825345241244781e-01
1.017396902749181820e+01 1.953497788788173539e-01
1.042533700753922155e+01 1.811264009398010633e-01
1.067702948358784276e+01 1.717968401104558174e-01
1.092969337256462303e+01 1.624635493504061057e-01
1.118211872033766419e+01 1.512553003540835217e-01
1.143346516925797296e+01 1.423202068137541798e-01
1.168350508557724687e+01 1.361229679400647041e-01
1.193379937775929100e+01 1.281062229824592169e-01
1.218553055762879112e+01 1.205272081638858600e-01
1.243711650801278878e+01 1.132409093883912365e-01
1.268867268647359303e+01 1.075370900977051514e-01
1.294075027177769144e+01 1.034071791719093220e-01
1.319267287020158363e+01 9.792197512226866185e-02
1.344470571782862756e+01 9.354657335434321541e-02
1.369480150283709641e+01 8.822695540308750362e-02
1.394591277066507828e+01 8.403744880643317094e-02
1.419764645764527167e+01 8.089910994776515485e-02
1.444766774168416212e+01 7.644664707113953128e-02
1.469906835825429070e+01 7.291192344116720347e-02
1.495059118111036511e+01 7.034534803163337846e-02
1.520261612590052991e+01 6.710016230804881354e-02
1.545415944503929495e+01 6.465209825772361141e-02
1.570456072545780124e+01 6.116639923576174670e-02
1.595705800128773966e+01 5.909429472028997210e-02
1.620829297830731619e+01 5.675867492273857506e-02
1.645966591028190962e+01 5.454585887098643837e-02
1.671125708846596325e+01 5.234390811866185961e-02
1.696160259490052624e+01 5.004332566220569961e-02
1.721370276108077135e+01 4.828791952255715586e-02
1.746543424102250341e+01 4.619269693347933387e-02
1.771598473288305442e+01 4.496363176413917945e-02
1.796653767411944003e+01 4.294640247676253381e-02
1.821765658501893270e+01 4.159595343649356847e-02
1.847053788120423334e+01 4.012235819353830030e-02
1.872257696809484173e+01 3.857600418718961505e-02
1.897394097105746269e+01 3.713315573635617151e-02
1.922542454726159988e+01 3.603136060314975075e-02
1.947607703355479103e+01 3.492157063554801599e-02
1.972678839839982601e+01 3.390796000466441557e-02
1.997802698857814363e+01 3.217846183416026018e-02
2.022863620534168660e+01 3.110619751822266479e-02
2.047969598507238231e+01 3.007034810559494273e-02
2.073250439107362553e+01 2.946468829863425204e-02
2.098435855211640089e+01 2.858996572201418646e-02
2.123502923393334640e+01 2.747844828777806434e-02
2.148629411178690773e+01 2.664052126489767705e-02
2.173831825513516591e+01 2.606571214041902840e-02
2.198972260956887226e+01 2.513495162932443544e-02
2.223974971000711420e+01 2.424125368299409958e-02
2.249141870643862973e+01 2.363772177906484778e-02
2.274404614890906373e+01 2.298096381752422548e-02
2.299521835768831579e+01 2.213047612762278349e-02
2.324620084136223852e+01 2.144612454718137010e-02
2.349757798664387209e+01 2.094329128183102309e-02
2.374870488118759937e+01 2.035797439724280553e-02
2.399988781917473091e+01 1.985448772250156951e-02
2.425071646049711305e+01 1.936374564295118353e-02
2.450187830577813841e+01 1.877057439136669767e-02
2.475391093216606109e+01 1.830386330009068849e-02
2.500524226975159792e+01 1.774534082587167147e-02
2.525610980153284402e+01 1.730366968786136578e-02
2.550801425092822328e+01 1.690239102808068633e-02
2.575943113325822864e+01 1.642719570391432821e-02
2.601074166866445125e+01 1.594837198585887308e-02
2.626234447079615464e+01 1.551459276996363518e-02
2.651347712943701751e+01 1.516543130904556523e-02
2.676474177984877656e+01 1.473708510859137941e-02
2.701628079430242479e+01 1.443886859172011095e-02
2.726734205837282232e+01 1.405657357984639935e-02
2.751837013544679422e+01 1.372887147553234627e-02
2.776937726815812724e+01 1.345437298970823814e-02
2.802070160973895341e+01 1.318856390558488002e-02
2.827249982643487058e+01 1.286108236008234526e-02
2.852407603869968966e+01 1.248629874078414741e-02
2.877567300468570721e+01 1.222487798076632610e-02
2.902733523039245256e+01 1.189624065910553988e-02
2.927861073083739996e+01 1.164434049823343149e-02
2.953003196193969160e+01 1.137382799046748882e-02
2.978106336846375157e+01 1.101237962645823347e-02
3.003148440777084716e+01 1.083553082903603026e-02
3.028303386126418673e+01 1.062501829640136869e-02
3.053456493440382857e+01 1.037533296118296929e-02
3.078585183944906944e+01 1.014602458968991670e-02
3.103757946070165730e+01 9.933806478159917797e-03
3.128931656795834826e+01 9.636382617088844194e-03
3.154125974608096428e+01 9.496098538489537375e-03
3.179158626791808828e+01 9.255152326144792593e-03
3.204196438636942190e+01 9.094491690004173276e-03
3.229344668057169798e+01 8.923777500951659419e-03
3.254489998018084407e+01 8.718617782559187276e-03
3.279660140319880668e+01 8.501509738885722547e-03
3.304772754686901237e+01 8.360648968397931327e-03
3.329949953441923327e+01 8.224570983073994229e-03
3.355173249539067371e+01 8.046058357981436190e-03
3.380235474142784824e+01 7.829568529119750042e-03
3.405292218889088218e+01 7.675214568800904462e-03
3.430455901572810262e+01 7.549440301548519805e-03
3.455605119154291316e+01 7.432769918911842112e-03
3.480708698418615654e+01 7.308972744352212197e-03
3.505823042281740243e+01 7.152995111867799412e-03
3.530983122122644602e+01 6.974968952961296473e-03
3.556111974160763367e+01 6.851581037997186811e-03
3.581195885960364933e+01 6.763839643021080615e-03
3.606348577968052638e+01 6.591116380675015110e-03
3.631495136683125935e+01 6.551384206561349129e-03
3.656646781331610185e+01 6.389817500193115118e-03
3.681800948534306173e+01 6.260368368339409850e-03
3.706942350460822411e+01 6.119696486818635740e-03
3.732119977997001570e+01 5.979700992929624925e-03
3.757249197135423202e+01 5.906442273648336225e-03
3.782324055213251057e+01 5.848136790701660703e-03
3.807430609684078604e+01 5.691739636856815894e-03
3.832526519371521090e+01 5.619101897894673153e-03
3.857704530181875668e+01 5.511693759059590157e-03
3.882896255048217427e+01 5.406498112494570116e-03
3.907976684424035341e+01 5.303463400257313852e-03
3.933085588900704010e+01 5.231053403835953658e-03
3.958184533965361140e+01 5.088953492673218421e-03
3.983320492881626507e+01 5.058040671406959302e-03
4.008506787586624398e+01 4.959117897829426989e-03
4.033569471078550350e+01 4.869902422837186877e-03
4.058701345074587863e+01 4.794482724645268354e-03
4.083916815834436420e+01 4.698020861275647823e-03
4.108978611092747713e+01 4.639337930546945377e-03
4.134119394692694271e+01 4.560288075512508588e-03
4.159372926482761557e+01 4.471663219006827283e-03
4.184480996230068683e+01 4.439251048392848717e-03
4.209495048714620680e+01 4.346306356147641194e-03
4.234568601474854432e+01 4.304477648344487602e-03
4.259794184898333214e+01 4.268326764307841213e-03
4.284922176444433717e+01 4.106882707691427228e-03
4.309982534096671003e+01 4.071953800377261547e-03
4.335153475414617930e+01 3.987021441233013982e-03
4.360374984514007224e+01 3.929421777185085167e-03
4.385432838732079830e+01 3.877734253503733932e-03
4.410529766549178277e+01 3.807489212924156444e-03
4.435675536456894008e+01 3.814453437864132306e-03
4.460756668584335927e+01 3.689812604793223962e-03
4.485812369927145937e+01 3.623301954750580024e-03
4.510933196139897206e+01 3.600121541139522912e-03
4.536097672816924131e+01 3.550910358234419563e-03
4.561261869099184452e+01 3.486999310727109148e-03
4.586346064304911607e+01 3.406891158646690836e-03
4.611435299895526185e+01 3.393451282944831646e-03
4.636610302009028572e+01 3.380954822758608022e-03
4.661726081402038346e+01 3.281500500978793734e-03
4.686748045926628237e+01 3.228750288495502076e-03
4.712001000143001761e+01 3.155549351709681892e-03
4.737334269293729960e+01 3.132990585164290281e-03
4.762357272554871912e+01 3.089733665108167215e-03
4.787295862859781437e+01 3.062258566935285604e-03
4.812686710231834297e+01 2.976730031447364158e-03
4.837988354528783930e+01 2.978691668531120544e-03
4.862698975964909209e+01 2.976198662914153470e-03
4.887931961662670233e+01 2.896084180971685278e-03
4.913512531690142282e+01 2.851272110299286379e-03
4.938486646957150583e+01 2.828592237156508839e-03
4.963073103205424985e+01 2.765396538237653492e-03
4.988316058859187763e+01 2.704565671485300877e-03
5.013927392651110893e+01 2.697702203037055223e-03
5.038898445289544270e+01 2.608370950611023104e-03
5.063791314200675941e+01 2.598245051634870319e-03
5.089234515763529032e+01 2.630374439620531812e-03
5.114529266359630810e+01 2.576197327787301330e-03
5.138952878242714206e+01 2.434376100757256085e-03
5.163945178601188246e+01 2.418380588626434409e-03
5.190206698624180603e+01 2.434301004161283991e-03
5.215590084722179398e+01 2.441008241489232844e-03
5.238680673191466042e+01 2.371058096436340357e-03
5.263532591009818873e+01 2.301443279614016641e-03
5.290823119436031874e+01 2.323534776862586776e-03
5.316882575050344428e+01 2.229943991582915893e-03
5.338513341050097694e+01 2.338376748883313951e-03
5.363212510227822349e+01 2.238538514040925697e-03
5.391615723351310407e+01 2.173345814928345429e-03
5.419187693011466678e+01 2.139909071080043496e-03
5.439722241285236493e+01 2.176399297007924633e-03
5.462806064877949552e+01 2.252431107754543187e-03
5.491241494336609463e+01 2.185413873826680484e-03
5.519421446932921782e+01 1.925517754713698508e-03
5.543046826972861396e+01 1.641040348481229844e-03
5.561137265256709128e+01 7.590362946935126903e-04
