3.559856489878782115e-01 6.507710574906664078e+02
6.031648866026231293e-01 1.781170747725526269e+02
8.579160745827347778e-01 1.063633665753893496e+02
1.113464310595710716e+00 4.403634588458003662e+01
1.374039914321364408e+00 2.997408020262593453e+01
1.619154704570298309e+00 2.212337789531088816e+01
1.870686673430271840e+00 1.495334680323597887e+01
2.123290040706380832e+00 1.092289064488461214e+01
2.378144976376236119e+00 8.351605911735425991e+00
2.630489925835516996e+00 6.112295763808203830e+00
2.878653162679494670e+00 5.062318695012819170e+00
3.131144366275339319e+00 3.956400924420814924e+00
3.388159578333816313e+00 3.131996597592853870e+00
3.638741848210948149e+00 2.874360247421696268e+00
3.888315910732085268e+00 2.262718002291703279e+00
4.139052155837465996e+00 1.914941749105109725e+00
4.390305777018236988e+00 1.694255329737816229e+00
4.642172339120373081e+00 1.397575859077827110e+00
4.894678666149941293e+00 1.268449953442349010e+00
5.147269052361176378e+00 1.127836027297942190e+00
5.398003206656323272e+00 1.027965481511742496e+00
5.647798235368590269e+00 9.050680434592445200e-01
5.900534302989873581e+00 7.914590888959177617e-01
6.151460297009074374e+00 7.181588313135394142e-01
6.402630176204441526e+00 6.628629968687368423e-01
6.655964674748322096e+00 5.735912133301996896e-01
6.908782583105771202e+00 5.145423995349200919e-01
7.159060853508338873e+00 4.871105679028097102e-01
7.409414762591408632e+00 4.403193576712707835e-01
7.659227149364629561e+00 4.106265374144366098e-01
7.911559474606142395e+00 3.792703937835740224e-01
8.163750941790897997e+00 3.560703714238240281e-01
8.415757210439384295e+00 3.152622327699428628e-01
8.667638839289207198e+00 2.990402685526865612e-01
8.918801124864609520e+00 2.740401499942045627e-01
9.170480108345369530e+00 2.510042792986592608e-01
9.420566033467249412e+00 2.358204831876184737e-01
9.671642335271435797e+00 2.205175167020658467e-01
9.923426157758477473e+00 2.076393833443685999e-01
1.017396902749181820e+01 1.905571410419567568e-01
1.042533700753922155e+01 1.834116296248540223e-01
1.067702948358784276e+01 1.702801731190567991e-01
1.092969337256462303e+01 1.577314450420005121e-01
1.118211872033766419e+01 1.521780162906042067e-01
1.143346516925797296e+01 1.426821369484824187e-01
1.168350508557724687e+01 1.354816054434394290e-01
1.193379937775929100e+01 1.261252374875720950e-01
1.218553055762879112e+01 1.210783722143699004e-01
1.243711650801278878e+01 1.135513833754464852e-01
1.268867268647359303e+01 1.085197071342876990e-01
1.294075027177769144e+01 1.021939162038158211e-01
1.319267287020158363e+01 9.748224254452031445e-02
1.344470571782862756e+01 9.371563930347916183e-02
1.369480150283709641e+01 8.893787212951058396e-02
1.394591277066507828e+01 8.465245822903785800e-02
1.419764645764527167e+01 7.988338822641012638e-02
1.444766774168416212e+01 7.643928340712244363e-02
1.469906835825429070e+01 7.383412967595724685e-02
1.495059118111036511e+01 6.883025989015664758e-02
1.520261612590052991e+01 6.701401596451209142e-02
1.545415944503929495e+01 6.445774351405907099e-02
1.570456072545780124e+01 6.173323960629880508e-02
1.595705800128773966e+01 5.894923939208399077e-02
1.620829297830731619e+01 5.706512640849747964e-02
1.645966591028190962e+01 5.394386116159632927e-02
1.671125708846596325e+01 5.235087197436213979e-02
1.696160259490052624e+01 5.025794159816426160e-02
1.721370276108077135e+01 4.839687161117788017e-02
1.746543424102250341e+01 4.620416269056270425e-02
1.771598473288305442e+01 4.451513077169869104e-02
1.796653767411944003e+01 4.269846382530467777e-02
1.821765658501893270e+01 4.151330366816431000e-02
1.847053788120423334e+01 3.975981517719325009e-02
1.872257696809484173e+01 3.867911390376330832e-02
1.897394097105746269e+01 3.721200092495439288e-02
1.922542454726159988e+01 3.597013164369988053e-02
1.947607703355479103e+01 3.475603385776542681e-02
1.972678839839982601e+01 3.353988511111254123e-02
1.997802698857814363e+01 3.233390546287160522e-02
2.022863620534168660e+01 3.141961794938841895e-02
2.047969598507238231e+01 3.036474199467129390e-02
2.073250439107362553e+01 2.941055373841798548e-02
2.098435855211640089e+01 2.840741271296966242e-02
2.123502923393334640e+01 2.754148799667673411e-02
2.148629411178690773e+01 2.671900076948204375e-02
2.173831825513516591e+01 2.576956017369793836e-02
2.198972260956887226e+01 2.516277484990122465e-02
2.223974971000711420e+01 2.441062167721126663e-02
2.249141870643862973e+01 2.364504198884715552e-02
2.274404614890906373e+01 2.295548049439984084e-02
2.299521835768831579e+01 2.233896853797823906e-02
2.324620084136223852e+01 2.139389156775227049e-02
2.349757798664387209e+01 2.109859639345495683e-02
2.374870488118759937e+01 2.060175507667453415e-02
2.399988781917473091e+01 2.005694128596216194e-02
2.425071646049711305e+01 1.915449678403605138e-02
2.450187830577813841e+01 1.880935882794734088e-02
2.475391093216606109e+01 1.820656111046179207e-02
2.500524226975159792e+01 1.775712246223943094e-02
2.525610980153284402e+01 1.736651409660694423e-02
2.550801425092822328e+01 1.673758460685304331e-02
2.575943113325822864e+01 1.641212527641856822e-02
2.601074166866445125e+01 1.609855081261046122e-02
2.626234447079615464e+01 1.560511371810776975e-02
2.651347712943701751e+01 1.522221444053405495e-02
2.676474177984877656e+01 1.476727586657492625e-02
2.701628079430242479e+01 1.442625214382744006e-02
2.726734205837282232e+01 1.411126691438764971e-02
2.751837013544679422e+01 1.376183473353691754e-02
2.776937726815812724e+01 1.337209057881036389e-02
2.802070160973895341e+01 1.313418504728634285e-02
2.827249982643487058e+01 1.281255274698651740e-02
2.852407603869968966e+01 1.247231340285827154e-02
2.877567300468570721e+01 1.210819362345923883e-02
2.902733523039245256e+01 1.189021735611875581e-02
2.927861073083739996e+01 1.156402027403231718e-02
2.953003196193969160e+01 1.134629752479550217e-02
2.978106336846375157e+01 1.109947526052484749e-02
3.003148440777084716e+01 1.091396814549509646e-02
3.028303386126418673e+01 1.063370844463910891e-02
3.053456493440382857e+01 1.037835771975117657e-02
3.078585183944906944e+01 1.012353024895696479e-02
3.103757946070165730e+01 9.926459161664152875e-03
3.128931656795834826e+01 9.687157217246873328e-03
3.154125974608096428e+01 9.529666056081874392e-03
3.179158626791808828e+01 9.260770201779559840e-03
3.204196438636942190e+01 9.125580385851258386e-03
3.229344668057169798e+01 8.932458970867758474e-03
3.254489998018084407e+01 8.740314239337724014e-03
3.279660140319880668e+01 8.490676768698059151e-03
3.304772754686901237e+01 8.355974102450756599e-03
3.329949953441923327e+01 8.172100906805541964e-03
3.355173249539067371e+01 8.029915845538759117e-03
3.380235474142784824e+01 7.850392238560814639e-03
3.405292218889088218e+01 7.695806166507279666e-03
3.430455901572810262e+01 7.544719478402071508e-03
3.455605119154291316e+01 7.427244471616951602e-03
3.480708698418615654e+01 7.238852706903328889e-03
3.505823042281740243e+01 7.167887137956741907e-03
3.530983122122644602e+01 7.004799511988584262e-03
3.556111974160763367e+01 6.836278734633192272e-03
3.581195885960364933e+01 6.726115394113859995e-03
3.606348577968052638e+01 6.595924557391367841e-03
3.631495136683125935e+01 6.478662102910137492e-03
3.656646781331610185e+01 6.375767092458278079e-03
3.681800948534306173e+01 6.219101816167267767e-03
3.706942350460822411e+01 6.130654629984266281e-03
3.732119977997001570e+01 6.027228980302105042e-03
3.757249197135423202e+01 5.866962231108574857e-03
3.782324055213251057e+01 5.787236869585042284e-03
3.807430609684078604e+01 5.675246475596209227e-03
3.832526519371521090e+01 5.571133953268000809e-03
3.857704530181875668e+01 5.473665834151445787e-03
3.882896255048217427e+01 5.410374701546903815e-03
3.907976684424035341e+01 5.310100493856566642e-03
3.933085588900704010e+01 5.211770014283068769e-03
3.958184533965361140e+01 5.104131408033668951e-03
3.983320492881626507e+01 5.054802408179764027e-03
4.008506787586624398e+01 4.952644306268740373e-03
4.033569471078550350e+01 4.878938248407211666e-03
4.058701345074587863e+01 4.812062001491201890e-03
4.083916815834436420e+01 4.684958158971559358e-03
4.108978611092747713e+01 4.639646255185776030e-03
4.134119394692694271e+01 4.554852187907243444e-03
4.159372926482761557e+01 4.488586729944546785e-03
4.184480996230068683e+01 4.391393757543479714e-03
4.209495048714620680e+01 4.304493475570395078e-03
4.234568601474854432e+01 4.267922168202816641e-03
4.259794184898333214e+01 4.168471805595339551e-03
4.284922176444433717e+01 4.133000997839245648e-03
4.309982534096671003e+01 4.115488649038026928e-03
4.335153475414617930e+01 4.010738098737641130e-03
4.360374984514007224e+01 3.937788719866182514e-03
4.385432838732079830e+01 3.886974413074768906e-03
4.410529766549178277e+01 3.830833638479779098e-03
4.435675536456894008e+01 3.773986409186663293e-03
4.460756668584335927e+01 3.711900802190464411e-03
4.485812369927145937e+01 3.654083392500765207e-03
4.510933196139897206e+01 3.582904459762569632e-03
4.536097672816924131e+01 3.549414054530599955e-03
4.561261869099184452e+01 3.462656408645406296e-03
4.586346064304911607e+01 3.442141323010575876e-03
4.611435299895526185e+01 3.384245339438761522e-03
4.636610302009028572e+01 3.308146696558864931e-03
4.661726081402038346e+01 3.270816978861377546e-03
4.686748045926628237e+01 3.221872230992814910e-03
4.712001000143001761e+01 3.167182354218640254e-03
4.737334269293729960e+01 3.161858845027770010e-03
4.762357272554871912e+01 3.049457962443233392e-03
4.787295862859781437e+01 3.063423787209498123e-03
4.812686710231834297e+01 3.032724610642213540e-03
4.837988354528783930e+01 2.978218768861375532e-03
4.862698975964909209e+01 2.885954369760630571e-03
4.887931961662670233e+01 2.881334617073672260e-03
4.913512531690142282e+01 2.799774905620177473e-03
4.938486646957150583e+01 2.749681730814530767e-03
4.963073103205424985e+01 2.698845647918117659e-03
4.988316058859187763e+01 2.714295385686285242e-03
5.013927392651110893e+01 2.728802870767690382e-03
5.038898445289544270e+01 2.661984362975793137e-03
5.063791314200675941e+01 2.566231058231136473e-03
5.089234515763529032e+01 2.550632997938765637e-03
5.114529266359630810e+01 2.549968405830407153e-03
5.138952878242714206e+01 2.532149657011792225e-03
5.163945178601188246e+01 2.451074170299122161e-03
5.190206698624180603e+01 2.429974131728952075e-03
5.215590084722179398e+01 2.474286870132705492e-03
5.238680673191466042e+01 2.315412672763315742e-03
5.263532591009818873e+01 2.323218445223834520e-03
5.290823119436031874e+01 2.245271038074186671e-03
5.316882575050344428e+01 2.272535818160995123e-03
5.338513341050097694e+01 2.218725249494717805e-03
5.363212510227822349e+01 2.337221636952654252e-03
5.391615723351310407e+01 2.478525695609205305e-03
5.419187693011466678e+01 1.938404522822296432e-03
5.439722241285236493e+01 2.046920024259497439e-03
5.462806064877949552e+01 2.258857665254947883e-03
5.491241494336609463e+01 1.960468483424119678e-03
5.519421446932921782e+01 1.965448769641363509e-03
5.543046826972861396e+01 1.231303586094409331e-03
5.561137265256709128e+01 2.547842502012055872e-03
