3.559856489878782115e-01 7.375078729663850936e+02
6.031648866026231293e-01 2.259904476218833622e+02
8.579160745827347778e-01 8.343037327927665103e+01
1.113464310595710716e+00 5.243143361816422754e+01
1.374039914321364408e+00 3.133072459200182536e+01
1.619154704570298309e+00 2.200662914382469637e+01
1.870686673430271840e+00 1.398108717375527554e+01
2.123290040706380832e+00 1.031798337580547020e+01
2.378144976376236119e+00 8.301983645995120398e+00
2.630489925835516996e+00 5.788088652367158637e+00
2.878653162679494670e+00 5.041432355170608837e+00
3.131144366275339319e+00 3.990463756359184710e+00
3.388159578333816313e+00 3.260487896850412071e+00
3.638741848210948149e+00 2.628155457195680444e+00
3.888315910732085268e+00 2.399231482804122351e+00
4.139052155837465996e+00 2.003533076543761116e+00
4.390305777018236988e+00 1.683025546721123256e+00
4.642172339120373081e+00 1.490216665375161176e+00
4.894678666149941293e+00 1.289153238800595069e+00
5.147269052361176378e+00 1.134017855987986323e+00
5.398003206656323272e+00 9.956123568683734604e-01
5.647798235368590269e+00 9.144062572950202306e-01
5.900534302989873581e+00 7.668192251556723571e-01
6.151460297009074374e+00 7.285013957679747909e-01
6.402630176204441526e+00 6.480400239502523974e-01
6.655964674748322096e+00 5.888106075923731364e-01
6.908782583105771202e+00 5.266078653662190634e-01
7.159060853508338873e+00 4.968902442934999275e-01
7.409414762591408632e+00 4.437424310325531751e-01
7.659227149364629561e+00 4.051613822025287304e-01
7.911559474606142395e+00 3.736769132400573068e-01
8.163750941790897997e+00 3.375516814172043745e-01
8.415757210439384295e+00 3.159922977394299948e-01
8.667638839289207198e+00 2.951104271895445552e-01
8.918801124864609520e+00 2.698574966827531063e-01
9.170480108345369530e+00 2.542127735033018476e-01
9.420566033467249412e+00 2.367855275560352968e-01
9.671642335271435797e+00 2.253720051032798710e-01
9.923426157758477473e+00 2.045857725555349504e-01
1.017396902749181820e+01 1.963214635349245507e-01
1.042533700753922155e+01 1.824875559781373724e-01
1.067702948358784276e+01 1.719831284161855711e-01
1.092969337256462303e+01 1.622464551429644020e-01
1.118211872033766419e+01 1.547895225225560945e-01
1.143346516925797296e+01 1.421377414923899740e-01
1.168350508557724687e+01 1.334303341518069952e-01
1.193379937775929100e+01 1.263212458764184920e-01
1.218553055762879112e+01 1.206896485266710228e-01
1.243711650801278878e+01 1.142639894690277574e-01
1.268867268647359303e+01 1.091367461937841205e-01
1.294075027177769144e+01 1.017706857769389017e-01
1.319267287020158363e+01 9.725033672303570742e-02
1.344470571782862756e+01 9.338922859857548553e-02
1.369480150283709641e+01 8.732627736331896595e-02
1.394591277066507828e+01 8.468973574275664995e-02
1.419764645764527167e+01 8.094778862846944978e-02
1.444766774168416212e+01 7.713753500319363299e-02
1.469906835825429070e+01 7.403745546832260493e-02
1.495059118111036511e+01 6.999506578910213994e-02
1.520261612590052991e+01 6.657838560012072082e-02
1.545415944503929495e+01 6.433135354283003871e-02
1.570456072545780124e+01 6.149437943287591746e-02
1.595705800128773966e+01 5.924119100600976767e-02
1.620829297830731619e+01 5.654424589702494730e-02
1.645966591028190962e+01 5.472812446081517374e-02
1.671125708846596325e+01 5.177316168830418258e-02
1.696160259490052624e+01 5.012066003300212624e-02
1.721370276108077135e+01 4.835773860922444600e-02
1.746543424102250341e+01 4.633816010750627101e-02
1.771598473288305442e+01 4.456759183738476932e-02
1.796653767411944003e+01 4.331603715961074297e-02
1.821765658501893270e+01 4.156448478657567835e-02
1.847053788120423334e+01 4.019734773842552344e-02
1.872257696809484173e+01 3.861160349446104284e-02
1.897394097105746269e+01 3.730854757834860258e-02
1.922542454726159988e+01 3.623031725698587502e-02
1.947607703355479103e+01 3.496170222827438279e-02
1.972678839839982601e+01 3.392215712955586049e-02
1.997802698857814363e+01 3.252046491047961424e-02
2.022863620534168660e+01 3.118710292405211040e-02
2.047969598507238231e+01 3.011182965795028421e-02
2.073250439107362553e+01 2.948201532297019603e-02
2.098435855211640089e+01 2.861113334233308936e-02
2.123502923393334640e+01 2.757238394385104485e-02
2.148629411178690773e+01 2.674973810417894532e-02
2.173831825513516591e+01 2.575461724436539646e-02
2.198972260956887226e+01 2.535439895637157243e-02
2.223974971000711420e+01 2.437195413333039656e-02
2.249141870643862973e+01 2.365000833164984662e-02
2.274404614890906373e+01 2.298353269726734205e-02
2.299521835768831579e+01 2.210765565718464040e-02
2.324620084136223852e+01 2.166417407556021565e-02
2.349757798664387209e+01 2.077995975253944805e-02
2.374870488118759937e+01 2.032220414813712753e-02
2.399988781917473091e+01 1.978251029568101754e-02
2.425071646049711305e+01 1.908835839895203085e-02
2.450187830577813841e+01 1.875683423642562561e-02
2.475391093216606109e+01 1.817704026585633542e-02
2.500524226975159792e+01 1.775768872443801716e-02
2.525610980153284402e+01 1.728687034091258568e-02
2.550801425092822328e+01 1.683693256521618872e-02
2.575943113325822864e+01 1.648140225770294148e-02
2.601074166866445125e+01 1.589467707276792999e-02
2.626234447079615464e+01 1.567239827296464105e-02
2.651347712943701751e+01 1.523868484579293456e-02
2.676474177984877656e+01 1.474466596626068660e-02
2.701628079430242479e+01 1.447088627860992210e-02
2.726734205837282232e+01 1.404267097582053390e-02
2.751837013544679422e+01 1.378293291600378619e-02
2.776937726815812724e+01 1.342328995185458791e-02
2.802070160973895341e+01 1.306864982809710814e-02
2.827249982643487058e+01 1.280039562687646133e-02
2.852407603869968966e+01 1.240998653834446408e-02
2.877567300468570721e+01 1.211819037346020984e-02
2.902733523039245256e+01 1.190922015406775322e-02
2.927861073083739996e+01 1.160408179983156429e-02
2.953003196193969160e+01 1.136019941084424716e-02
2.978106336846375157e+01 1.113502842749973520e-02
3.003148440777084716e+01 1.086452802483456326e-02
3.028303386126418673e+01 1.059793390900151157e-02
3.053456493440382857e+01 1.038042234388153635e-02
3.078585183944906944e+01 1.010822390088771984e-02
3.103757946070165730e+01 9.970247385270317175e-03
3.128931656795834826e+01 9.703383133815418268e-03
3.154125974608096428e+01 9.518783476179305467e-03
3.179158626791808828e+01 9.278847863695214096e-03
3.204196438636942190e+01 9.116484640438307641e-03
3.229344668057169798e+01 8.925378454356739169e-03
3.254489998018084407e+01 8.723331474073895558e-03
3.279660140319880668e+01 8.529075542007066510e-03
3.304772754686901237e+01 8.360634969010863338e-03
3.329949953441923327e+01 8.196129883112510117e-03
3.355173249539067371e+01 8.011144873213044831e-03
3.380235474142784824e+01 7.879444196212427587e-03
3.405292218889088218e+01 7.706428037791600988e-03
3.430455901572810262e+01 7.528971320792290055e-03
3.455605119154291316e+01 7.439304615802574613e-03
3.480708698418615654e+01 7.283171894175018493e-03
3.505823042281740243e+01 7.167851577447451224e-03
3.530983122122644602e+01 6.976073451293572994e-03
3.556111974160763367e+01 6.864969585198547886e-03
3.581195885960364933e+01 6.721183130655091278e-03
3.606348577968052638e+01 6.589132822386102074e-03
3.631495136683125935e+01 6.445431441407660153e-03
3.656646781331610185e+01 6.335281441923913161e-03
3.681800948534306173e+01 6.243556514765868752e-03
3.706942350460822411e+01 6.120962434372707699e-03
3.732119977997001570e+01 6.028083078515949003e-03
3.757249197135423202e+01 5.910203944013441360e-03
3.782324055213251057e+01 5.822505055133060832e-03
3.807430609684078604e+01 5.692776875450663437e-03
3.832526519371521090e+01 5.621784989215929118e-03
3.857704530181875668e+01 5.504097756011812510e-03
3.882896255048217427e+01 5.421259136710110567e-03
3.907976684424035341e+01 5.339354905086010628e-03
3.933085588900704010e+01 5.225950637380852998e-03
3.958184533965361140e+01 5.109637658318161475e-03
3.983320492881626507e+01 5.030961731934247179e-03
4.008506787586624398e+01 4.973754791142177313e-03
4.033569471078550350e+01 4.853087809530158038e-03
4.058701345074587863e+01 4.795461582771796960e-03
4.083916815834436420e+01 4.703283443140007271e-03
4.108978611092747713e+01 4.641891987448569512e-03
4.134119394692694271e+01 4.576786206718759520e-03
4.159372926482761557e+01 4.495272970438835870e-03
4.184480996230068683e+01 4.425156074121973718e-03
4.209495048714620680e+01 4.330527038349680884e-03
4.234568601474854432e+01 4.193389022838527568e-03
4.259794184898333214e+01 4.190853998112113385e-03
4.284922176444433717e+01 4.152696106817919085e-03
4.309982534096671003e+01 4.061212969664810060e-03
4.335153475414617930e+01 4.012220908336880908e-03
4.360374984514007224e+01 3.922292671839147649e-03
4.385432838732079830e+01 3.881828886276353016e-03
4.410529766549178277e+01 3.821532702477761605e-03
4.435675536456894008e+01 3.786522752471733425e-03
4.460756668584335927e+01 3.671363903543447930e-03
4.485812369927145937e+01 3.682547716770517496e-03
4.510933196139897206e+01 3.603163164953492644e-03
4.536097672816924131e+01 3.522588143161756429e-03
4.561261869099184452e+01 3.505524173796392088e-03
4.586346064304911607e+01 3.424443952137736381e-03
4.611435299895526185e+01 3.397193497077099708e-03
4.636610302009028572e+01 3.310979150987037028e-03
4.661726081402038346e+01 3.255846030896893291e-03
4.686748045926628237e+01 3.208770850011306679e-03
4.712001000143001761e+01 3.158389951622581245e-03
4.737334269293729960e+01 3.145326054801629752e-03
4.762357272554871912e+01 3.092629267611823711e-03
4.787295862859781437e+01 3.070186600492619960e-03
4.812686710231834297e+01 2.966505199179869136e-03
4.837988354528783930e+01 2.972567622228680217e-03
4.862698975964909209e+01 2.899724444682119477e-03
4.887931961662670233e+01 2.879317412691516104e-03
4.913512531690142282e+01 2.884085514321294962e-03
4.938486646957150583e+01 2.757995244459423255e-03
4.963073103205424985e+01 2.813787406433546426e-03
4.988316058859187763e+01 2.683317586393669900e-03
5.013927392651110893e+01 2.668508950833216840e-03
5.038898445289544270e+01 2.565759527798018753e-03
5.063791314200675941e+01 2.585967955119727445e-03
5.089234515763529032e+01 2.580556417975443228e-03
5.114529266359630810e+01 2.533708986124012710e-03
5.138952878242714206e+01 2.528578072547885310e-03
5.163945178601188246e+01 2.518671732299881862e-03
5.190206698624180603e+01 2.421011414090016006e-03
5.215590084722179398e+01 2.383051637239838334e-03
5.238680673191466042e+01 2.446763520507551359e-03
5.263532591009818873e+01 2.370497612985823181e-03
5.290823119436031874e+01 2.328905495990060692e-03
5.316882575050344428e+01 2.302165060500442444e-03
5.338513341050097694e+01 2.268951055393656196e-03
5.363212510227822349e+01 2.291878082275392893e-03
5.391615723351310407e+01 2.236812606258822573e-03
5.419187693011466678e+01 2.341304851130231179e-03
5.439722241285236493e+01 2.586871616450583857e-03
5.462806064877949552e+01 2.070263552624868313e-03
5.491241494336609463e+01 2.207220941063286947e-03
5.519421446932921782e+01 2.531696785810372882e-03
5.543046826972861396e+01 1.949250279837897457e-03
5.561137265256709128e+01 3.665336095517834469e-03
