3.559856489878782115e-01 7.536033311802018488e+02
6.031648866026231293e-01 1.295830133175633705e+02
8.579160745827347778e-01 9.770730678965676930e+01
1.113464310595710716e+00 5.338225047798767520e+01
1.374039914321364408e+00 3.009888624748700892e+01
1.619154704570298309e+00 2.139747811897932905e+01
1.870686673430271840e+00 1.537379463000052660e+01
2.123290040706380832e+00 1.023219299471402977e+01
2.378144976376236119e+00 8.090598406181253921e+00
2.630489925835516996e+00 6.218835301231765200e+00
2.878653162679494670e+00 4.891134769287871720e+00
3.131144366275339319e+00 3.865141827511796802e+00
3.388159578333816313e+00 3.305883243277594641e+00
3.638741848210948149e+00 2.738664359114480362e+00
3.888315910732085268e+00 2.286790608246136891e+00
4.139052155837465996e+00 1.939096382758716652e+00
4.390305777018236988e+00 1.703767476831253180e+00
4.642172339120373081e+00 1.413342096100680845e+00
4.894678666149941293e+00 1.297531447580298813e+00
5.147269052361176378e+00 1.134451628007806745e+00
5.398003206656323272e+00 1.026607230061461040e+00
5.647798235368590269e+00 8.927650352700111647e-01
5.900534302989873581e+00 7.926589597984400326e-01
6.151460297009074374e+00 7.021438513307076690e-01
6.402630176204441526e+00 6.461034106912174613e-01
6.655964674748322096e+00 5.956870153417445080e-01
6.908782583105771202e+00 5.273337062152182453e-01
7.159060853508338873e+00 4.772450441209203920e-01
7.409414762591408632e+00 4.391183771915838641e-01
7.659227149364629561e+00 4.109533051511382595e-01
7.911559474606142395e+00 3.692566602991476099e-01
8.163750941790897997e+00 3.449707370698318343e-01
8.415757210439384295e+00 3.166786263902521270e-01
8.667638839289207198e+00 2.918478978049444672e-01
8.918801124864609520e+00 2.716001525076149892e-01
9.170480108345369530e+00 2.568491039448140278e-01
9.420566033467249412e+00 2.366492734107149554e-01
9.671642335271435797e+00 2.206591283594355746e-01
9.923426157758477473e+00 2.047239174041165233e-01
1.017396902749181820e+01 1.919653128122959795e-01
1.042533700753922155e+01 1.802438846807951911e-01
1.067702948358784276e+01 1.708530562163188271e-01
1.092969337256462303e+01 1.602837928128720835e-01
1.118211872033766419e+01 1.517402400518708394e-01
1.143346516925797296e+01 1.434744837560744946e-01
1.168350508557724687e+01 1.362362057811858651e-01
1.193379937775929100e+01 1.273058728026382203e-01
1.218553055762879112e+01 1.204576083290538335e-01
1.243711650801278878e+01 1.138017882444363610e-01
1.268867268647359303e+01 1.084086950188727361e-01
1.294075027177769144e+01 1.022543626237605030e-01
1.319267287020158363e+01 9.778432051987447082e-02
1.344470571782862756e+01 9.316730052051211408e-02
1.369480150283709641e+01 8.870511831494538868e-02
1.394591277066507828e+01 8.487312944621751287e-02
1.419764645764527167e+01 8.008563413880268045e-02
1.444766774168416212e+01 7.661583237766170229e-02
1.469906835825429070e+01 7.356179876753593527e-02
1.495059118111036511e+01 7.016687356168101186e-02
1.520261612590052991e+01 6.655201087304223051e-02
1.545415944503929495e+01 6.448949707607816439e-02
1.570456072545780124e+01 6.104600589964472718e-02
1.595705800128773966e+01 5.875947932312783339e-02
1.620829297830731619e+01 5.680839166352231323e-02
1.645966591028190962e+01 5.375738147355949015e-02
1.671125708846596325e+01 5.245093844930728139e-02
1.696160259490052624e+01 5.052706853096303186e-02
1.721370276108077135e+01 4.824434626723139719e-02
1.746543424102250341e+01 4.581500525114006600e-02
1.771598473288305442e+01 4.433255098756791468e-02
1.796653767411944003e+01 4.331510175116074640e-02
1.821765658501893270e+01 4.165261859185233340e-02
1.847053788120423334e+01 4.020607120683934027e-02
1.872257696809484173e+01 3.840316931353851548e-02
1.897394097105746269e+01 3.731721687533932907e-02
1.922542454726159988e+01 3.565741808340899821e-02
1.947607703355479103e+01 3.476939820294888683e-02
1.972678839839982601e+01 3.362168950233622444e-02
1.997802698857814363e+01 3.266078169001664089e-02
2.022863620534168660e+01 3.150065445025839600e-02
2.047969598507238231e+01 3.039880306809596838e-02
2.073250439107362553e+01 2.922722465735746317e-02
2.098435855211640089e+01 2.836896865129330189e-02
2.123502923393334640e+01 2.756658667659556139e-02
2.148629411178690773e+01 2.645128772057333752e-02
2.173831825513516591e+01 2.607493425225384381e-02
2.198972260956887226e+01 2.506410690401384908e-02
2.223974971000711420e+01 2.442004182202637055e-02
2.249141870643862973e+01 2.364882888701789337e-02
2.274404614890906373e+01 2.301497611396245355e-02
2.299521835768831579e+01 2.214363600544839300e-02
2.324620084136223852e+01 2.152019169448009944e-02
2.349757798664387209e+01 2.090431982928495080e-02
2.374870488118759937e+01 2.030588361876101838e-02
2.399988781917473091e+01 1.981831326880298047e-02
2.425071646049711305e+01 1.936862478275305083e-02
2.450187830577813841e+01 1.867958866818099362e-02
2.475391093216606109e+01 1.827494971944145646e-02
2.500524226975159792e+01 1.777352099752410250e-02
2.525610980153284402e+01 1.734680887874026634e-02
2.550801425092822328e+01 1.702655921543159284e-02
2.575943113325822864e+01 1.641921520823403854e-02
2.601074166866445125e+01 1.593760236816052500e-02
2.626234447079615464e+01 1.560686810044750912e-02
2.651347712943701751e+01 1.518481928431265546e-02
2.676474177984877656e+01 1.474668028820779776e-02
2.701628079430242479e+01 1.445206104731801798e-02
2.726734205837282232e+01 1.417752920822868551e-02
2.751837013544679422e+01 1.373187845261031326e-02
2.776937726815812724e+01 1.337392090300272215e-02
2.802070160973895341e+01 1.315050977910812817e-02
2.827249982643487058e+01 1.269726855214862310e-02
2.852407603869968966e+01 1.248683927301015399e-02
2.877567300468570721e+01 1.225821597321438000e-02
2.902733523039245256e+01 1.188093590006775516e-02
2.927861073083739996e+01 1.159111302338209672e-02
2.953003196193969160e+01 1.126525549594744810e-02
2.978106336846375157e+01 1.103374121337915778e-02
3.003148440777084716e+01 1.081518528370015858e-02
3.028303386126418673e+01 1.060770530738951341e-02
3.053456493440382857e+01 1.033850363592327820e-02
3.078585183944906944e+01 1.016803251104092358e-02
3.103757946070165730e+01 9.876576597891746287e-03
3.128931656795834826e+01 9.687760312393458445e-03
3.154125974608096428e+01 9.512037918153115265e-03
3.179158626791808828e+01 9.285783342223101131e-03
3.204196438636942190e+01 9.029502119232759097e-03
3.229344668057169798e+01 8.924482332452786729e-03
3.254489998018084407e+01 8.689822375222517811e-03
3.279660140319880668e+01 8.513355293562459292e-03
3.304772754686901237e+01 8.352691188930679023e-03
3.329949953441923327e+01 8.205066804870236874e-03
3.355173249539067371e+01 8.015574665176843430e-03
3.380235474142784824e+01 7.900321614718186156e-03
3.405292218889088218e+01 7.696898261969377375e-03
3.430455901572810262e+01 7.550713073101471620e-03
3.455605119154291316e+01 7.411255909839713392e-03
3.480708698418615654e+01 7.237806092312379369e-03
3.505823042281740243e+01 7.155716473340700302e-03
3.530983122122644602e+01 6.993439004644472039e-03
3.556111974160763367e+01 6.865269808456910157e-03
3.581195885960364933e+01 6.701525265573512677e-03
3.606348577968052638e+01 6.615625170648230767e-03
3.631495136683125935e+01 6.519215764851847734e-03
3.656646781331610185e+01 6.378430027680022374e-03
3.681800948534306173e+01 6.245148450098307429e-03
3.706942350460822411e+01 6.110229707890676640e-03
3.732119977997001570e+01 6.033463688979713753e-03
3.757249197135423202e+01 5.916026882702660541e-03
3.782324055213251057e+01 5.827364863329650632e-03
3.807430609684078604e+01 5.690116365462795714e-03
3.832526519371521090e+01 5.582087847274483546e-03
3.857704530181875668e+01 5.473322743378062315e-03
3.882896255048217427e+01 5.429589913459322362e-03
3.907976684424035341e+01 5.320843076471201347e-03
3.933085588900704010e+01 5.206342888182446081e-03
3.958184533965361140e+01 5.137111341077340611e-03
3.983320492881626507e+01 5.014689809722193935e-03
4.008506787586624398e+01 4.955700895632038534e-03
4.033569471078550350e+01 4.904454707948233821e-03
4.058701345074587863e+01 4.802770244484820886e-03
4.083916815834436420e+01 4.732243229424987381e-03
4.108978611092747713e+01 4.603622990492514319e-03
4.134119394692694271e+01 4.581165906549672893e-03
4.159372926482761557e+01 4.460663884016912752e-03
4.184480996230068683e+01 4.392618337147358686e-03
4.209495048714620680e+01 4.320240481623432473e-03
4.234568601474854432e+01 4.235040686854292004e-03
4.259794184898333214e+01 4.210485744780556594e-03
4.284922176444433717e+01 4.146710165828472114e-03
4.309982534096671003e+01 4.068315969791355159e-03
4.335153475414617930e+01 4.013447601261399024e-03
4.360374984514007224e+01 3.922521222695198213e-03
4.385432838732079830e+01 3.863215422439308499e-03
4.410529766549178277e+01 3.811972331265856169e-03
4.435675536456894008e+01 3.765552386202208803e-03
4.460756668584335927e+01 3.691922429511163440e-03
4.485812369927145937e+01 3.641924271778106906e-03
4.510933196139897206e+01 3.592663180293936744e-03
4.536097672816924131e+01 3.534375943219277613e-03
4.561261869099184452e+01 3.501404360018980835e-03
4.586346064304911607e+01 3.404254298494894387e-03
4.611435299895526185e+01 3.349913183801241090e-03
4.636610302009028572e+01 3.326559184442077696e-03
4.661726081402038346e+01 3.263952876634891066e-03
4.686748045926628237e+01 3.233731653131581042e-03
4.712001000143001761e+01 3.190249940652645656e-03
4.737334269293729960e+01 3.153957758028220256e-03
4.762357272554871912e+01 3.085034779470455148e-03
4.787295862859781437e+01 3.022684172413408511e-03
4.812686710231834297e+01 2.985299699896334317e-03
4.837988354528783930e+01 2.952437281451401278e-03
4.862698975964909209e+01 2.876931739227884741e-03
4.887931961662670233e+01 2.897704795489630409e-03
4.913512531690142282e+01 2.800684191985574473e-03
4.938486646957150583e+01 2.817496967099964843e-03
4.963073103205424985e+01 2.781184411547329548e-03
4.988316058859187763e+01 2.713425262358306299e-03
5.013927392651110893e+01 2.724937486736722300e-03
5.038898445289544270e+01 2.606340523117844140e-03
5.063791314200675941e+01 2.638954540713477678e-03
5.089234515763529032e+01 2.561931288498412590e-03
5.114529266359630810e+01 2.612539664821089333e-03
5.138952878242714206e+01 2.619992102683702494e-03
5.163945178601188246e+01 2.462717123997569708e-03
5.190206698624180603e+01 2.425243433095144920e-03
5.215590084722179398e+01 2.359730352722952829e-03
5.238680673191466042e+01 2.326830524756196613e-03
5.263532591009818873e+01 2.204898331917340241e-03
5.290823119436031874e+01 2.370397202171288173e-03
5.316882575050344428e+01 2.259166759960321187e-03
5.338513341050097694e+01 2.227054014846196334e-03
5.363212510227822349e+01 2.243170963527707767e-03
5.391615723351310407e+01 2.107688094914654618e-03
5.419187693011466678e+01 2.222131776237358265e-03
5.439722241285236493e+01 2.481410028053186376e-03
5.462806064877949552e+01 2.069478625236491082e-03
5.491241494336609463e+01 2.126376638197782082e-03
5.519421446932921782e+01 1.893477150828370374e-03
5.543046826972861396e+01 1.885635145463697166e-03
5.561137265256709128e+01 2.876609636310216780e-03
