3.559856489878782115e-01 7.507724602435716861e+02
6.031648866026231293e-01 1.879993692556656413e+02
8.579160745827347778e-01 9.640553503293682525e+01
1.113464310595710716e+00 4.668724357044028750e+01
1.374039914321364408e+00 2.874599344753985619e+01
1.619154704570298309e+00 1.999798361094892840e+01
1.870686673430271840e+00 1.544475209152466455e+01
2.123290040706380832e+00 1.070677744692954647e+01
2.378144976376236119e+00 8.004883702737517481e+00
2.630489925835516996e+00 6.188821586651422457e+00
2.878653162679494670e+00 5.378445399992134668e+00
3.131144366275339319e+00 4.080961986053250889e+00
3.388159578333816313e+00 3.307253843281587891e+00
3.638741848210948149e+00 2.774383105434890862e+00
3.888315910732085268e+00 2.363371147728260624e+00
4.139052155837465996e+00 1.985176198389561719e+00
4.390305777018236988e+00 1.715088941264435007e+00
4.642172339120373081e+00 1.447723809990200117e+00
4.894678666149941293e+00 1.237972343807585585e+00
5.147269052361176378e+00 1.161988872545347329e+00
5.398003206656323272e+00 1.017361617217066305e+00
5.647798235368590269e+00 8.950819304646420171e-01
5.900534302989873581e+00 8.077852140366627021e-01
6.151460297009074374e+00 7.128732407904014856e-01
6.402630176204441526e+00 6.584276838032306900e-01
6.655964674748322096e+00 5.965095079264945976e-01
6.908782583105771202e+00 5.401132350414613592e-01
7.159060853508338873e+00 4.826845102440702195e-01
7.409414762591408632e+00 4.530295372294589340e-01
7.659227149364629561e+00 4.119469232455229002e-01
7.911559474606142395e+00 3.734420975333188619e-01
8.163750941790897997e+00 3.473578118365504563e-01
8.415757210439384295e+00 3.195949494458791285e-01
8.667638839289207198e+00 3.002940959875461946e-01
8.918801124864609520e+00 2.735545888142933979e-01
9.170480108345369530e+00 2.494606621293099791e-01
9.420566033467249412e+00 2.348466255740197794e-01
9.671642335271435797e+00 2.246184844688966786e-01
9.923426157758477473e+00 2.074328551299472745e-01
1.017396902749181820e+01 1.941737847723984389e-01
1.042533700753922155e+01 1.819732454792477860e-01
1.067702948358784276e+01 1.702604041912740285e-01
1.092969337256462303e+01 1.596525524382431949e-01
1.118211872033766419e+01 1.526128448068874432e-01
1.143346516925797296e+01 1.449899482351691693e-01
1.168350508557724687e+01 1.340950763980076066e-01
1.193379937775929100e+01 1.289054737131323514e-01
1.218553055762879112e+01 1.213129753315751874e-01
1.243711650801278878e+01 1.132851900514472709e-01
1.268867268647359303e+01 1.092973644049703846e-01
1.294075027177769144e+01 1.031489719858761644e-01
1.319267287020158363e+01 9.824921975039253852e-02
1.344470571782862756e+01 9.232038245974968915e-02
1.369480150283709641e+01 8.835231467725064569e-02
1.394591277066507828e+01 8.446234310712730231e-02
1.419764645764527167e+01 8.032016579540425527e-02
1.444766774168416212e+01 7.692473610061241474e-02
1.469906835825429070e+01 7.403795866328766184e-02
1.495059118111036511e+01 7.045366831168779764e-02
1.520261612590052991e+01 6.756620209136030009e-02
1.545415944503929495e+01 6.441634731712327089e-02
1.570456072545780124e+01 6.145280871678137496e-02
1.595705800128773966e+01 5.927584311474189821e-02
1.620829297830731619e+01 5.699798392769741401e-02
1.645966591028190962e+01 5.430879638753568356e-02
1.671125708846596325e+01 5.242878357531673139e-02
1.696160259490052624e+01 5.056639401799646605e-02
1.721370276108077135e+01 4.829272268681730762e-02
1.746543424102250341e+01 4.661387211882884324e-02
1.771598473288305442e+01 4.405317607572786093e-02
1.796653767411944003e+01 4.325897423106695588e-02
1.821765658501893270e+01 4.105501552437511303e-02
1.847053788120423334e+01 3.997844837622574476e-02
1.872257696809484173e+01 3.866004787723560654e-02
1.897394097105746269e+01 3.713215690724230855e-02
1.922542454726159988e+01 3.593622196760613147e-02
1.947607703355479103e+01 3.468820076269717168e-02
1.972678839839982601e+01 3.369524592951601144e-02
1.997802698857814363e+01 3.236345492128694934e-02
2.022863620534168660e+01 3.144101817334196691e-02
2.047969598507238231e+01 3.022033488565048498e-02
2.073250439107362553e+01 2.930858647521761631e-02
2.098435855211640089e+01 2.845460204655936645e-02
2.123502923393334640e+01 2.727364716989153989e-02
2.148629411178690773e+01 2.674151974150937652e-02
2.173831825513516591e+01 2.599305991045850958e-02
2.198972260956887226e+01 2.500138052573095543e-02
2.223974971000711420e+01 2.445782037876784165e-02
2.249141870643862973e+01 2.362708093376530635e-02
2.274404614890906373e+01 2.292384785498914265e-02
2.299521835768831579e+01 2.212633555123277515e-02
2.324620084136223852e+01 2.162290823032794046e-02
2.349757798664387209e+01 2.116646952695725933e-02
2.374870488118759937e+01 2.050392197096506317e-02
2.399988781917473091e+01 1.978497936839362578e-02
2.425071646049711305e+01 1.934628214173396421e-02
2.450187830577813841e+01 1.867247548160815354e-02
2.475391093216606109e+01 1.815959681561365308e-02
2.500524226975159792e+01 1.770783532848733619e-02
2.525610980153284402e+01 1.731303222461898911e-02
2.550801425092822328e+01 1.685288280766437247e-02
2.575943113325822864e+01 1.642801406241101506e-02
2.601074166866445125e+01 1.598907332503725354e-02
2.626234447079615464e+01 1.557377806308202044e-02
2.651347712943701751e+01 1.530138208534578131e-02
2.676474177984877656e+01 1.474010658113348270e-02
2.701628079430242479e+01 1.440380759461520020e-02
2.726734205837282232e+01 1.411766160897168915e-02
2.751837013544679422e+01 1.380234990284647488e-02
2.776937726815812724e+01 1.331745905930161421e-02
2.802070160973895341e+01 1.306934034730548172e-02
2.827249982643487058e+01 1.278226175424976123e-02
2.852407603869968966e+01 1.243683102488965520e-02
2.877567300468570721e+01 1.208772152302785112e-02
2.902733523039245256e+01 1.193456193251723162e-02
2.927861073083739996e+01 1.160233604445897598e-02
2.953003196193969160e+01 1.137440923993671311e-02
2.978106336846375157e+01 1.112856736306970691e-02
3.003148440777084716e+01 1.086895017872517577e-02
3.028303386126418673e+01 1.062426452469123449e-02
3.053456493440382857e+01 1.046153887892461651e-02
3.078585183944906944e+01 1.014749156232862444e-02
3.103757946070165730e+01 9.990623667539387173e-03
3.128931656795834826e+01 9.705935305189443765e-03
3.154125974608096428e+01 9.522974642810747362e-03
3.179158626791808828e+01 9.303429717930257123e-03
3.204196438636942190e+01 9.113711652221795703e-03
3.229344668057169798e+01 8.906650790382381402e-03
3.254489998018084407e+01 8.733511643041832681e-03
3.279660140319880668e+01 8.602964283164411460e-03
3.304772754686901237e+01 8.311121767760767595e-03
3.329949953441923327e+01 8.187746556523088984e-03
3.355173249539067371e+01 8.027876155500199284e-03
3.380235474142784824e+01 7.911356749072635114e-03
3.405292218889088218e+01 7.725966938901902316e-03
3.430455901572810262e+01 7.585720090268852946e-03
3.455605119154291316e+01 7.429121173172207812e-03
3.480708698418615654e+01 7.306270353966382372e-03
3.505823042281740243e+01 7.119438241363176476e-03
3.530983122122644602e+01 6.981462118530854313e-03
3.556111974160763367e+01 6.900814489747091746e-03
3.581195885960364933e+01 6.719100345661129479e-03
3.606348577968052638e+01 6.575464735448104808e-03
3.631495136683125935e+01 6.533489289440887887e-03
3.656646781331610185e+01 6.346500875042635284e-03
3.681800948534306173e+01 6.303034819185486699e-03
3.706942350460822411e+01 6.103227436007021417e-03
3.732119977997001570e+01 6.033369775706568655e-03
3.757249197135423202e+01 5.903091009221841240e-03
3.782324055213251057e+01 5.783541250800575302e-03
3.807430609684078604e+01 5.713128240924773664e-03
3.832526519371521090e+01 5.579674149222127455e-03
3.857704530181875668e+01 5.493736499365048376e-03
3.882896255048217427e+01 5.420524414524803720e-03
3.907976684424035341e+01 5.301571804040342700e-03
3.933085588900704010e+01 5.216631340819253247e-03
3.958184533965361140e+01 5.096037393813156874e-03
3.983320492881626507e+01 5.059808439792869497e-03
4.008506787586624398e+01 4.973808972385785308e-03
4.033569471078550350e+01 4.858255221585024326e-03
4.058701345074587863e+01 4.753139165254759504e-03
4.083916815834436420e+01 4.725807422477447395e-03
4.108978611092747713e+01 4.655561601279950210e-03
4.134119394692694271e+01 4.586752038414312893e-03
4.159372926482761557e+01 4.466195345401879901e-03
4.184480996230068683e+01 4.392592055707925970e-03
4.209495048714620680e+01 4.320970672457974220e-03
4.234568601474854432e+01 4.272022504849294633e-03
4.259794184898333214e+01 4.184245028401948827e-03
4.284922176444433717e+01 4.127464868386446044e-03
4.309982534096671003e+01 4.067911549319533013e-03
4.335153475414617930e+01 4.022937275535051239e-03
4.360374984514007224e+01 3.898755414111445498e-03
4.385432838732079830e+01 3.875370728257694110e-03
4.410529766549178277e+01 3.824792811968744880e-03
4.435675536456894008e+01 3.772551109244409381e-03
4.460756668584335927e+01 3.691735375984542353e-03
4.485812369927145937e+01 3.662473073881908694e-03
4.510933196139897206e+01 3.565010295686997857e-03
4.536097672816924131e+01 3.542816826463884156e-03
4.561261869099184452e+01 3.491211607336656367e-03
4.586346064304911607e+01 3.414821475747258604e-03
4.611435299895526185e+01 3.351914293719452948e-03
4.636610302009028572e+01 3.385570460935899764e-03
4.661726081402038346e+01 3.289856353652650858e-03
4.686748045926628237e+01 3.238973637669155786e-03
4.712001000143001761e+01 3.148030446697355766e-03
4.737334269293729960e+01 3.160642426067531482e-03
4.762357272554871912e+01 3.131280432871881309e-03
4.787295862859781437e+01 3.062325492521544672e-03
4.812686710231834297e+01 3.012871534002449763e-03
4.837988354528783930e+01 2.971561945748451943e-03
4.862698975964909209e+01 2.944408659142820975e-03
4.887931961662670233e+01 2.890708112303912343e-03
4.913512531690142282e+01 2.788394037020775797e-03
4.938486646957150583e+01 2.763926972675117850e-03
4.963073103205424985e+01 2.766703738717105846e-03
4.988316058859187763e+01 2.742478452500285522e-03
5.013927392651110893e+01 2.653659263246424278e-03
5.038898445289544270e+01 2.667998644063485688e-03
5.063791314200675941e+01 2.613776510747419131e-03
5.089234515763529032e+01 2.561682799805590702e-03
5.114529266359630810e+01 2.470629389207985079e-03
5.138952878242714206e+01 2.538703629248281312e-03
5.163945178601188246e+01 2.451317999010397142e-03
5.190206698624180603e+01 2.497017050489740674e-03
5.215590084722179398e+01 2.496739356000463039e-03
5.238680673191466042e+01 2.429351712836627566e-03
5.263532591009818873e+01 2.354174964450890788e-03
5.290823119436031874e+01 2.299660480328918379e-03
5.316882575050344428e+01 2.282970876410308093e-03
5.338513341050097694e+01 2.311909815549594450e-03
5.363212510227822349e+01 2.172459987231232376e-03
5.391615723351310407e+01 2.146237800266528450e-03
5.419187693011466678e+01 2.239514112727811201e-03
5.439722241285236493e+01 2.409227639158019376e-03
5.462806064877949552e+01 2.298475089995029568e-03
5.491241494336609463e+01 2.157466282814655186e-03
5.519421446932921782e+01 1.641535190988020494e-03
5.543046826972861396e+01 1.990974607514356485e-03
5.561137265256709128e+01 2.124596239564187361e-03
