3.559856489878782115e-01 7.531523702956758370e+02
6.031648866026231293e-01 2.197335958556554090e+02
8.579160745827347778e-01 9.512902240350240390e+01
1.113464310595710716e+00 4.880701407382958479e+01
1.374039914321364408e+00 2.898571453468163384e+01
1.619154704570298309e+00 1.913679163281573281e+01
1.870686673430271840e+00 1.303677710609520268e+01
2.123290040706380832e+00 1.085074858769450756e+01
2.378144976376236119e+00 7.735137203884910662e+00
2.630489925835516996e+00 6.399245672044838962e+00
2.878653162679494670e+00 4.991011720186538270e+00
3.131144366275339319e+00 3.950363787762192658e+00
3.388159578333816313e+00 3.306868070712948970e+00
3.638741848210948149e+00 2.849504619492637669e+00
3.888315910732085268e+00 2.354545940194579412e+00
4.139052155837465996e+00 2.040695151368062454e+00
4.390305777018236988e+00 1.802996886593111414e+00
4.642172339120373081e+00 1.483594301267594506e+00
4.894678666149941293e+00 1.257625909541451703e+00
5.147269052361176378e+00 1.100778601849249805e+00
5.398003206656323272e+00 1.013163695470875814e+00
5.647798235368590269e+00 9.001558753270867408e-01
5.900534302989873581e+00 7.933531503315354172e-01
6.151460297009074374e+00 7.288544128285601165e-01
6.402630176204441526e+00 6.486417732323273011e-01
6.655964674748322096e+00 5.889179226452551097e-01
6.908782583105771202e+00 5.325970739588962166e-01
7.159060853508338873e+00 4.929763433956624863e-01
7.409414762591408632e+00 4.496770965384216945e-01
7.659227149364629561e+00 3.974018060385084983e-01
7.911559474606142395e+00 3.740185345120057847e-01
8.163750941790897997e+00 3.445389148694548709e-01
8.415757210439384295e+00 3.231251817852211494e-01
8.667638839289207198e+00 2.954511465079529553e-01
8.918801124864609520e+00 2.711010670964648095e-01
9.170480108345369530e+00 2.536804325675294236e-01
9.420566033467249412e+00 2.418449244784773855e-01
9.671642335271435797e+00 2.243980911811559176e-01
9.923426157758477473e+00 2.052862604708442784e-01
1.017396902749181820e+01 1.939209237192864033e-01
1.042533700753922155e+01 1.828898260834477818e-01
1.067702948358784276e+01 1.712680370155364729e-01
1.092969337256462303e+01 1.605586569485058512e-01
1.118211872033766419e+01 1.497660734225446655e-01
1.143346516925797296e+01 1.423788491192173322e-01
1.168350508557724687e+01 1.344575926250517750e-01
1.193379937775929100e+01 1.288425027821685498e-01
1.218553055762879112e+01 1.198851288731485887e-01
1.243711650801278878e+01 1.158513900021743703e-01
1.268867268647359303e+01 1.073587539671008589e-01
1.294075027177769144e+01 1.023433016071054608e-01
1.319267287020158363e+01 9.665616440563887246e-02
1.344470571782862756e+01 9.318207032604045037e-02
1.369480150283709641e+01 8.920112626668895428e-02
1.394591277066507828e+01 8.435132634706167531e-02
1.419764645764527167e+01 8.042085520099778728e-02
1.444766774168416212e+01 7.650920980599049126e-02
1.469906835825429070e+01 7.268756100815251808e-02
1.495059118111036511e+01 7.054486035721393988e-02
1.520261612590052991e+01 6.704236998282435411e-02
1.545415944503929495e+01 6.464032392373966762e-02
1.570456072545780124e+01 6.192772440220997016e-02
1.595705800128773966e+01 5.975613083051627139e-02
1.620829297830731619e+01 5.628225160642619934e-02
1.645966591028190962e+01 5.441977076491723991e-02
1.671125708846596325e+01 5.210379182979897605e-02
1.696160259490052624e+01 5.029967774809319253e-02
1.721370276108077135e+01 4.839825925817003299e-02
1.746543424102250341e+01 4.654878093181426951e-02
1.771598473288305442e+01 4.469352331575673215e-02
1.796653767411944003e+01 4.313931843972754893e-02
1.821765658501893270e+01 4.104176673572456496e-02
1.847053788120423334e+01 3.975670448762167603e-02
1.872257696809484173e+01 3.863712689596252720e-02
1.897394097105746269e+01 3.737098665612642590e-02
1.922542454726159988e+01 3.607421942723497421e-02
1.947607703355479103e+01 3.476391475620090737e-02
1.972678839839982601e+01 3.336264884227876232e-02
1.997802698857814363e+01 3.236514192663982048e-02
2.022863620534168660e+01 3.134121114119451518e-02
2.047969598507238231e+01 3.053524039804059870e-02
2.073250439107362553e+01 2.940711667723518857e-02
2.098435855211640089e+01 2.834529808474793230e-02
2.123502923393334640e+01 2.766154177227755223e-02
2.148629411178690773e+01 2.667728561956449196e-02
2.173831825513516591e+01 2.591192984751199829e-02
2.198972260956887226e+01 2.517202385128908260e-02
2.223974971000711420e+01 2.421693965983439528e-02
2.249141870643862973e+01 2.364722129674175916e-02
2.274404614890906373e+01 2.282323163489982654e-02
2.299521835768831579e+01 2.230097957897986261e-02
2.324620084136223852e+01 2.174893841993661217e-02
2.349757798664387209e+01 2.097871500520798183e-02
2.374870488118759937e+01 2.028099951330501055e-02
2.399988781917473091e+01 1.983924582167866449e-02
2.425071646049711305e+01 1.928521221878102751e-02
2.450187830577813841e+01 1.870759638380562265e-02
2.475391093216606109e+01 1.831074321282458520e-02
2.500524226975159792e+01 1.775749500148171220e-02
2.525610980153284402e+01 1.721767703977104130e-02
2.550801425092822328e+01 1.688935068940716766e-02
2.575943113325822864e+01 1.638513454601144004e-02
2.601074166866445125e+01 1.591413544522349288e-02
2.626234447079615464e+01 1.549778394019361502e-02
2.651347712943701751e+01 1.520539592907967086e-02
2.676474177984877656e+01 1.468979936646860884e-02
2.701628079430242479e+01 1.442675614297346011e-02
2.726734205837282232e+01 1.405290121427879221e-02
2.751837013544679422e+01 1.379662253619363954e-02
2.776937726815812724e+01 1.345929607213686846e-02
2.802070160973895341e+01 1.311486067896289187e-02
2.827249982643487058e+01 1.277914341053543006e-02
2.852407603869968966e+01 1.237559519516310408e-02
2.877567300468570721e+01 1.219168791850566876e-02
2.902733523039245256e+01 1.181592002933471580e-02
2.927861073083739996e+01 1.160846773311287848e-02
2.953003196193969160e+01 1.135271950681949853e-02
2.978106336846375157e+01 1.109593243936678707e-02
3.003148440777084716e+01 1.082670627831075656e-02
3.028303386126418673e+01 1.056176785961092206e-02
3.053456493440382857e+01 1.030164611025710317e-02
3.078585183944906944e+01 1.019820849066641402e-02
3.103757946070165730e+01 9.862775474637005754e-03
3.128931656795834826e+01 9.721920039896504717e-03
3.154125974608096428e+01 9.525695625240099967e-03
3.179158626791808828e+01 9.319410504024972994e-03
3.204196438636942190e+01 9.095383424638895514e-03
3.229344668057169798e+01 8.913238118998341106e-03
3.254489998018084407e+01 8.660476479651128129e-03
3.279660140319880668e+01 8.551121676443172379e-03
3.304772754686901237e+01 8.382458166684302395e-03
3.329949953441923327e+01 8.142296027238975220e-03
3.355173249539067371e+01 8.060757195945260009e-03
3.380235474142784824e+01 7.914230186792107352e-03
3.405292218889088218e+01 7.684782864827754793e-03
3.430455901572810262e+01 7.575244245184595791e-03
3.455605119154291316e+01 7.406353219176366361e-03
3.480708698418615654e+01 7.298508485430354326e-03
3.505823042281740243e+01 7.136289630982605228e-03
3.530983122122644602e+01 7.004414824705968920e-03
3.556111974160763367e+01 6.841031734822030502e-03
3.581195885960364933e+01 6.722544560092363550e-03
3.606348577968052638e+01 6.593376896673533785e-03
3.631495136683125935e+01 6.448547597397712682e-03
3.656646781331610185e+01 6.363092130032123837e-03
3.681800948534306173e+01 6.252251208895194014e-03
3.706942350460822411e+01 6.125105465187428988e-03
3.732119977997001570e+01 6.022766532856477402e-03
3.757249197135423202e+01 5.905084605015434134e-03
3.782324055213251057e+01 5.794095324070277532e-03
3.807430609684078604e+01 5.683876340873379902e-03
3.832526519371521090e+01 5.561242418610944614e-03
3.857704530181875668e+01 5.498112218223103094e-03
3.882896255048217427e+01 5.395057267909109805e-03
3.907976684424035341e+01 5.279993583564011536e-03
3.933085588900704010e+01 5.242592866372824088e-03
3.958184533965361140e+01 5.144359137119379477e-03
3.983320492881626507e+01 5.046658582954705215e-03
4.008506787586624398e+01 4.954386528053491418e-03
4.033569471078550350e+01 4.886873297325851351e-03
4.058701345074587863e+01 4.807013709602818950e-03
4.083916815834436420e+01 4.714047470713941639e-03
4.108978611092747713e+01 4.633763060086405414e-03
4.134119394692694271e+01 4.576103759354662251e-03
4.159372926482761557e+01 4.463779688229254153e-03
4.184480996230068683e+01 4.440384184288596013e-03
4.209495048714620680e+01 4.355966777074164742e-03
4.234568601474854432e+01 4.270089208809236744e-03
4.259794184898333214e+01 4.209477203577565059e-03
4.284922176444433717e+01 4.117846554967143947e-03
4.309982534096671003e+01 4.078986115517464241e-03
4.335153475414617930e+01 3.998246308223265058e-03
4.360374984514007224e+01 3.949966242800411788e-03
4.385432838732079830e+01 3.890849815139808994e-03
4.410529766549178277e+01 3.807692088784183238e-03
4.435675536456894008e+01 3.740081728380133686e-03
4.460756668584335927e+01 3.675490516481307382e-03
4.485812369927145937e+01 3.677204201871028463e-03
4.510933196139897206e+01 3.557383813441313339e-03
4.536097672816924131e+01 3.534591319572810177e-03
4.561261869099184452e+01 3.510711576376346083e-03
4.586346064304911607e+01 3.429136857797575755e-03
4.611435299895526185e+01 3.383089488422918144e-03
4.636610302009028572e+01 3.310619160400693484e-03
4.661726081402038346e+01 3.313332188254145775e-03
4.686748045926628237e+01 3.176015332554793513e-03
4.712001000143001761e+01 3.163430025324427079e-03
4.737334269293729960e+01 3.151979934892071809e-03
4.762357272554871912e+01 3.115005446627341999e-03
4.787295862859781437e+01 3.038014098442967225e-03
4.812686710231834297e+01 3.025247896472298310e-03
4.837988354528783930e+01 2.972697233768219031e-03
4.862698975964909209e+01 2.960736758558868333e-03
4.887931961662670233e+01 2.932927216528684843e-03
4.913512531690142282e+01 2.863683435423957854e-03
4.938486646957150583e+01 2.807977580227891037e-03
4.963073103205424985e+01 2.759345432866999043e-03
4.988316058859187763e+01 2.675483078377201198e-03
5.013927392651110893e+01 2.693927603986331909e-03
5.038898445289544270e+01 2.714334170051819952e-03
5.063791314200675941e+01 2.661372385333102622e-03
5.089234515763529032e+01 2.548938350798812032e-03
5.114529266359630810e+01 2.507005288685089806e-03
5.138952878242714206e+01 2.520993442123549595e-03
5.163945178601188246e+01 2.542316224434823350e-03
5.190206698624180603e+01 2.491497553443440885e-03
5.215590084722179398e+01 2.476367485628598684e-03
5.238680673191466042e+01 2.451365068538748082e-03
5.263532591009818873e+01 2.282814430409255742e-03
5.290823119436031874e+01 2.243752219243392871e-03
5.316882575050344428e+01 2.304262206109897876e-03
5.338513341050097694e+01 2.219645771552064117e-03
5.363212510227822349e+01 2.286604172831205317e-03
5.391615723351310407e+01 2.225850643941396003e-03
5.419187693011466678e+01 2.213650311548745735e-03
5.439722241285236493e+01 1.883938085246469754e-03
5.462806064877949552e+01 2.070949688343671873e-03
5.491241494336609463e+01 1.873825148080005476e-03
5.519421446932921782e+01 2.351662567862918603e-03
5.543046826972861396e+01 1.121428417442485361e-03
5.561137265256709128e+01 3.668341507953224931e-03
