3.559856489878782115e-01 5.326837196909654040e+02
6.031648866026231293e-01 1.797759680584635760e+02
8.579160745827347778e-01 9.647426307241715904e+01
1.113464310595710716e+00 4.788167213036094694e+01
1.374039914321364408e+00 3.010822810128290072e+01
1.619154704570298309e+00 2.200982529699471968e+01
1.870686673430271840e+00 1.335675871920359015e+01
2.123290040706380832e+00 1.084963950571422053e+01
2.378144976376236119e+00 7.732129975014990109e+00
2.630489925835516996e+00 6.390524753335846242e+00
2.878653162679494670e+00 4.928701727082816397e+00
3.131144366275339319e+00 3.940081821510559745e+00
3.388159578333816313e+00 3.215885560347231831e+00
3.638741848210948149e+00 2.838071087143712923e+00
3.888315910732085268e+00 2.385510846361491133e+00
4.139052155837465996e+00 1.980996402953851376e+00
4.390305777018236988e+00 1.687976927585688847e+00
4.642172339120373081e+00 1.511983957990087335e+00
4.894678666149941293e+00 1.245423242056286961e+00
5.147269052361176378e+00 1.111474708058496796e+00
5.398003206656323272e+00 1.002182454127946931e+00
5.647798235368590269e+00 8.819545837646858288e-01
5.900534302989873581e+00 7.847906703968313691e-01
6.151460297009074374e+00 7.385858899046371384e-01
6.402630176204441526e+00 6.550755832733211603e-01
6.655964674748322096e+00 5.796440487913294692e-01
6.908782583105771202e+00 5.302008777828720598e-01
7.159060853508338873e+00 4.875120706281924066e-01
7.409414762591408632e+00 4.472119807252957768e-01
7.659227149364629561e+00 3.984345542258667661e-01
7.911559474606142395e+00 3.711366921081030168e-01
8.163750941790897997e+00 3.400372583389116299e-01
8.415757210439384295e+00 3.162704489551668163e-01
8.667638839289207198e+00 2.917521876807058767e-01
8.918801124864609520e+00 2.763736274190398690e-01
9.170480108345369530e+00 2.530025485525664308e-01
9.420566033467249412e+00 2.357437697147778122e-01
9.671642335271435797e+00 2.180240905910541260e-01
9.923426157758477473e+00 2.061056377850891130e-01
1.017396902749181820e+01 1.949898676227456440e-01
1.042533700753922155e+01 1.828799499472654189e-01
1.067702948358784276e+01 1.703792333594654762e-01
1.092969337256462303e+01 1.590234207236609631e-01
1.118211872033766419e+01 1.494576350980792723e-01
1.143346516925797296e+01 1.414987132070674447e-01
1.168350508557724687e+01 1.360135924903894122e-01
1.193379937775929100e+01 1.278576441228400362e-01
1.218553055762879112e+01 1.207240846828507297e-01
1.243711650801278878e+01 1.142762818266555847e-01
1.268867268647359303e+01 1.087739075393853727e-01
1.294075027177769144e+01 1.037762518657131677e-01
1.319267287020158363e+01 9.946802264792960202e-02
1.344470571782862756e+01 9.344953759808193039e-02
1.369480150283709641e+01 8.876613929862625652e-02
1.394591277066507828e+01 8.397372280703921388e-02
1.419764645764527167e+01 8.012722311853844037e-02
1.444766774168416212e+01 7.685979761019663681e-02
1.469906835825429070e+01 7.345327382416504125e-02
1.495059118111036511e+01 7.015784837502447857e-02
1.520261612590052991e+01 6.663601163618031176e-02
1.545415944503929495e+01 6.400476005361291354e-02
1.570456072545780124e+01 6.210486763080975275e-02
1.595705800128773966e+01 5.881431194727813200e-02
1.620829297830731619e+01 5.654737715495169320e-02
1.645966591028190962e+01 5.449666249479360319e-02
1.671125708846596325e+01 5.223479598639332866e-02
1.696160259490052624e+01 4.996978918762175897e-02
1.721370276108077135e+01 4.779956337134937810e-02
1.746543424102250341e+01 4.678039355193452237e-02
1.771598473288305442e+01 4.523899261568700009e-02
1.796653767411944003e+01 4.311044070794242677e-02
1.821765658501893270e+01 4.143464817616900053e-02
1.847053788120423334e+01 4.013074855619644388e-02
1.872257696809484173e+01 3.858515586620335502e-02
1.897394097105746269e+01 3.706331197598849297e-02
1.922542454726159988e+01 3.619713159048591061e-02
1.947607703355479103e+01 3.474092658850394533e-02
1.972678839839982601e+01 3.338825933779155514e-02
1.997802698857814363e+01 3.266157091301245818e-02
2.022863620534168660e+01 3.117890682950965470e-02
2.047969598507238231e+01 3.036335255196799185e-02
2.073250439107362553e+01 2.921637739992759969e-02
2.098435855211640089e+01 2.856909051135748251e-02
2.123502923393334640e+01 2.752922826365498607e-02
2.148629411178690773e+01 2.677525292587824499e-02
2.173831825513516591e+01 2.571295974675961993e-02
2.198972260956887226e+01 2.517501402193578902e-02
2.223974971000711420e+01 2.445194445372031455e-02
2.249141870643862973e+01 2.368779197899598121e-02
2.274404614890906373e+01 2.288589801154032946e-02
2.299521835768831579e+01 2.232931380789964296e-02
2.324620084136223852e+01 2.155911922580197940e-02
2.349757798664387209e+01 2.089438619626622640e-02
2.374870488118759937e+01 2.036426615280997887e-02
2.399988781917473091e+01 1.974124237551963187e-02
2.425071646049711305e+01 1.929302667556869605e-02
2.450187830577813841e+01 1.881347302471411687e-02
2.475391093216606109e+01 1.827654276570639044e-02
2.500524226975159792e+01 1.782162278420485260e-02
2.525610980153284402e+01 1.723940904368096230e-02
2.550801425092822328e+01 1.681505271888001848e-02
2.575943113325822864e+01 1.638589167375459343e-02
2.601074166866445125e+01 1.587810781326595699e-02
2.626234447079615464e+01 1.545278236874631991e-02
2.651347712943701751e+01 1.508744224390685257e-02
2.676474177984877656e+01 1.480053742178567139e-02
2.701628079430242479e+01 1.444376864446215644e-02
2.726734205837282232e+01 1.411131202310113991e-02
2.751837013544679422e+01 1.365591343554187036e-02
2.776937726815812724e+01 1.340618152552870528e-02
2.802070160973895341e+01 1.304000087086531687e-02
2.827249982643487058e+01 1.276172077461250678e-02
2.852407603869968966e+01 1.247115051947952045e-02
2.877567300468570721e+01 1.213747243525173380e-02
2.902733523039245256e+01 1.199106852934971046e-02
2.927861073083739996e+01 1.165331469054991902e-02
2.953003196193969160e+01 1.141344909005070907e-02
2.978106336846375157e+01 1.113633260878948983e-02
3.003148440777084716e+01 1.086111749046568889e-02
3.028303386126418673e+01 1.062623788965100409e-02
3.053456493440382857e+01 1.036882443549240300e-02
3.078585183944906944e+01 1.018597985252375077e-02
3.103757946070165730e+01 9.965810826703593028e-03
3.128931656795834826e+01 9.708636628634177354e-03
3.154125974608096428e+01 9.521351537874393409e-03
3.179158626791808828e+01 9.298125263297615448e-03
3.204196438636942190e+01 9.088243821923790502e-03
3.229344668057169798e+01 8.942213109273525196e-03
3.254489998018084407e+01 8.747051435814195974e-03
3.279660140319880668e+01 8.540630688554887162e-03
3.304772754686901237e+01 8.337474348196989571e-03
3.329949953441923327e+01 8.204864562425084884e-03
3.355173249539067371e+01 8.012701365763871125e-03
3.380235474142784824e+01 7.842194415154865594e-03
3.405292218889088218e+01 7.724950131129667413e-03
3.430455901572810262e+01 7.577353887852989259e-03
3.455605119154291316e+01 7.437888005893678045e-03
3.480708698418615654e+01 7.297887824187412192e-03
3.505823042281740243e+01 7.135024757511237124e-03
3.530983122122644602e+01 7.045015548523451444e-03
3.556111974160763367e+01 6.874438438433471028e-03
3.581195885960364933e+01 6.771692207755970576e-03
3.606348577968052638e+01 6.638797612443364353e-03
3.631495136683125935e+01 6.469327887967279110e-03
3.656646781331610185e+01 6.373121996108004929e-03
3.681800948534306173e+01 6.238336911067397447e-03
3.706942350460822411e+01 6.108765567023680988e-03
3.732119977997001570e+01 6.018850592265278555e-03
3.757249197135423202e+01 5.915986687468234931e-03
3.782324055213251057e+01 5.798260127608275034e-03
3.807430609684078604e+01 5.712235931265905939e-03
3.832526519371521090e+01 5.601991649941515279e-03
3.857704530181875668e+01 5.483364522164972839e-03
3.882896255048217427e+01 5.413496200270847929e-03
3.907976684424035341e+01 5.303615148162793037e-03
3.933085588900704010e+01 5.188120033517867359e-03
3.958184533965361140e+01 5.141745871249098557e-03
3.983320492881626507e+01 5.043072288977057567e-03
4.008506787586624398e+01 4.950649997865195530e-03
4.033569471078550350e+01 4.872605692223506285e-03
4.058701345074587863e+01 4.784710393172061059e-03
4.083916815834436420e+01 4.673939071741730830e-03
4.108978611092747713e+01 4.613654199132115330e-03
4.134119394692694271e+01 4.568384871547339493e-03
4.159372926482761557e+01 4.490694018262939707e-03
4.184480996230068683e+01 4.410295538837849180e-03
4.209495048714620680e+01 4.357992260957409096e-03
4.234568601474854432e+01 4.264916373128846069e-03
4.259794184898333214e+01 4.211998204553126825e-03
4.284922176444433717e+01 4.105675456016887916e-03
4.309982534096671003e+01 4.055813354862796392e-03
4.335153475414617930e+01 4.010089227706510433e-03
4.360374984514007224e+01 3.926656100322696054e-03
4.385432838732079830e+01 3.885770385283472857e-03
4.410529766549178277e+01 3.780030606963032981e-03
4.435675536456894008e+01 3.802138571609014073e-03
4.460756668584335927e+01 3.725025177298863822e-03
4.485812369927145937e+01 3.636293745792976932e-03
4.510933196139897206e+01 3.568526533156615461e-03
4.536097672816924131e+01 3.527560327416774579e-03
4.561261869099184452e+01 3.491067638125879436e-03
4.586346064304911607e+01 3.449362719126962927e-03
4.611435299895526185e+01 3.350346220294834598e-03
4.636610302009028572e+01 3.303506609835760773e-03
4.661726081402038346e+01 3.283442576410956857e-03
4.686748045926628237e+01 3.217501210050420415e-03
4.712001000143001761e+01 3.189111371932125839e-03
4.737334269293729960e+01 3.150705776744317475e-03
4.762357272554871912e+01 3.047441329210991926e-03
4.787295862859781437e+01 3.089734320709702515e-03
4.812686710231834297e+01 3.033274674834620776e-03
4.837988354528783930e+01 2.942382365327587956e-03
4.862698975964909209e+01 2.876157522991903970e-03
4.887931961662670233e+01 2.857935670109939576e-03
4.913512531690142282e+01 2.837951782149992358e-03
4.938486646957150583e+01 2.791848586759608768e-03
4.963073103205424985e+01 2.757453943844098351e-03
4.988316058859187763e+01 2.709926201922418110e-03
5.013927392651110893e+01 2.732126683286274001e-03
5.038898445289544270e+01 2.641365251660887561e-03
5.063791314200675941e+01 2.558142520188079038e-03
5.089234515763529032e+01 2.506110144960671700e-03
5.114529266359630810e+01 2.592215809448213028e-03
5.138952878242714206e+01 2.480976628898132544e-03
5.163945178601188246e+01 2.503698061241956766e-03
5.190206698624180603e+01 2.437097825300629534e-03
5.215590084722179398e+01 2.347977814203938435e-03
5.238680673191466042e+01 2.389029178200258348e-03
5.263532591009818873e+01 2.299961229042699409e-03
5.290823119436031874e+01 2.312671878497199549e-03
5.316882575050344428e+01 2.298079498404764689e-03
5.338513341050097694e+01 2.307401823090481346e-03
5.363212510227822349e+01 2.257380744768727830e-03
5.391615723351310407e+01 1.994906559833870951e-03
5.419187693011466678e+01 2.190388242279931504e-03
5.439722241285236493e+01 1.910629692931244128e-03
5.462806064877949552e+01 2.206965554324384973e-03
5.491241494336609463e+01 2.214520676640044979e-03
5.519421446932921782e+01 2.057373034211784808e-03
5.543046826972861396e+01 2.950990230935767161e-03
5.561137265256709128e+01 1.318424326360835607e-03
