3.559856489878782115e-01 4.269442091240303512e+02
6.031648866026231293e-01 2.119147640689639900e+02
8.579160745827347778e-01 6.516591277899057388e+01
1.113464310595710716e+00 5.456947162862820022e+01
1.374039914321364408e+00 3.214165998545079361e+01
1.619154704570298309e+00 2.124535079402393478e+01
1.870686673430271840e+00 1.453961264771590578e+01
2.123290040706380832e+00 1.019107173950660084e+01
2.378144976376236119e+00 7.429690978654074129e+00
2.630489925835516996e+00 6.361651687160362556e+00
2.878653162679494670e+00 4.749798162106477761e+00
3.131144366275339319e+00 3.922329326571374786e+00
3.388159578333816313e+00 3.205176072870469461e+00
3.638741848210948149e+00 2.722885387960737091e+00
3.888315910732085268e+00 2.374215436996596651e+00
4.139052155837465996e+00 1.975497190604461828e+00
4.390305777018236988e+00 1.719121650621054265e+00
4.642172339120373081e+00 1.458936958485686830e+00
4.894678666149941293e+00 1.350114287289787995e+00
5.147269052361176378e+00 1.143907998016165273e+00
5.398003206656323272e+00 9.826006914294397321e-01
5.647798235368590269e+00 9.172964702349202248e-01
5.900534302989873581e+00 7.985346520962978145e-01
6.151460297009074374e+00 7.011747248093805895e-01
6.402630176204441526e+00 6.330730749974038396e-01
6.655964674748322096e+00 5.793222847703688450e-01
6.908782583105771202e+00 5.280666027072470348e-01
7.159060853508338873e+00 4.910979818339267222e-01
7.409414762591408632e+00 4.363304877331739551e-01
7.659227149364629561e+00 4.041774071346109221e-01
7.911559474606142395e+00 3.725646866001545710e-01
8.163750941790897997e+00 3.458569423810323729e-01
8.415757210439384295e+00 3.178545618198241884e-01
8.667638839289207198e+00 2.942337635703581311e-01
8.918801124864609520e+00 2.719114470876300427e-01
9.170480108345369530e+00 2.575346264590937517e-01
9.420566033467249412e+00 2.422667198842258229e-01
9.671642335271435797e+00 2.178745207492852887e-01
9.923426157758477473e+00 2.020570055038877488e-01
1.017396902749181820e+01 1.925995060102526635e-01
1.042533700753922155e+01 1.828205342721938020e-01
1.067702948358784276e+01 1.713077218269417890e-01
1.092969337256462303e+01 1.608002756477453499e-01
1.118211872033766419e+01 1.529287905805370162e-01
1.143346516925797296e+01 1.410948524522678826e-01
1.168350508557724687e+01 1.333400771861191769e-01
1.193379937775929100e+01 1.282896503242823005e-01
1.218553055762879112e+01 1.197340049007616231e-01
1.243711650801278878e+01 1.130456960295423002e-01
1.268867268647359303e+01 1.097083520914372001e-01
1.294075027177769144e+01 1.022582532845778269e-01
1.319267287020158363e+01 9.713228413248523041e-02
1.344470571782862756e+01 9.379217925311619797e-02
1.369480150283709641e+01 8.827962076412855519e-02
1.394591277066507828e+01 8.429306689002900865e-02
1.419764645764527167e+01 8.022060072282609366e-02
1.444766774168416212e+01 7.706593992393373505e-02
1.469906835825429070e+01 7.342359970512533918e-02
1.495059118111036511e+01 7.063920053515949926e-02
1.520261612590052991e+01 6.746412477588398238e-02
1.545415944503929495e+01 6.445052862309956498e-02
1.570456072545780124e+01 6.145764136736647787e-02
1.595705800128773966e+01 5.900215427939890789e-02
1.620829297830731619e+01 5.719611731562677243e-02
1.645966591028190962e+01 5.507341781004667508e-02
1.671125708846596325e+01 5.239196247689507230e-02
1.696160259490052624e+01 4.954943279394550398e-02
1.721370276108077135e+01 4.797380289991718533e-02
1.746543424102250341e+01 4.661847007008216442e-02
1.771598473288305442e+01 4.454651452591880390e-02
1.796653767411944003e+01 4.350963188626322253e-02
1.821765658501893270e+01 4.190448031803904738e-02
1.847053788120423334e+01 4.012754572304243900e-02
1.872257696809484173e+01 3.838655039434708122e-02
1.897394097105746269e+01 3.745570187407785967e-02
1.922542454726159988e+01 3.581917036714145353e-02
1.947607703355479103e+01 3.464423129812047725e-02
1.972678839839982601e+01 3.343192170870024765e-02
1.997802698857814363e+01 3.250479176218209337e-02
2.022863620534168660e+01 3.132351494832441574e-02
2.047969598507238231e+01 3.060848164736507115e-02
2.073250439107362553e+01 2.926653586182515615e-02
2.098435855211640089e+01 2.829204825512298890e-02
2.123502923393334640e+01 2.757964760167647481e-02
2.148629411178690773e+01 2.673794407717037039e-02
2.173831825513516591e+01 2.606583949909915821e-02
2.198972260956887226e+01 2.502670191196659094e-02
2.223974971000711420e+01 2.429391443108204832e-02
2.249141870643862973e+01 2.359127103379475912e-02
2.274404614890906373e+01 2.294436823255865260e-02
2.299521835768831579e+01 2.221299452742631075e-02
2.324620084136223852e+01 2.157853124328995217e-02
2.349757798664387209e+01 2.100332700202103137e-02
2.374870488118759937e+01 2.044067375756168647e-02
2.399988781917473091e+01 1.982078739392799036e-02
2.425071646049711305e+01 1.935566461970964630e-02
2.450187830577813841e+01 1.869646854269640945e-02
2.475391093216606109e+01 1.834988230084018748e-02
2.500524226975159792e+01 1.781779177324639002e-02
2.525610980153284402e+01 1.723483436654012213e-02
2.550801425092822328e+01 1.685439169865313169e-02
2.575943113325822864e+01 1.647380429264818161e-02
2.601074166866445125e+01 1.597225825353581347e-02
2.626234447079615464e+01 1.550378482631703352e-02
2.651347712943701751e+01 1.507333605225433248e-02
2.676474177984877656e+01 1.481298766976883209e-02
2.701628079430242479e+01 1.444603213125559074e-02
2.726734205837282232e+01 1.410420940950823758e-02
2.751837013544679422e+01 1.380842721318758896e-02
2.776937726815812724e+01 1.342996188839882567e-02
2.802070160973895341e+01 1.305878179150097608e-02
2.827249982643487058e+01 1.277500817048384148e-02
2.852407603869968966e+01 1.242677695041212969e-02
2.877567300468570721e+01 1.215060328458983548e-02
2.902733523039245256e+01 1.190134662559692337e-02
2.927861073083739996e+01 1.161575181341270926e-02
2.953003196193969160e+01 1.134217944353357009e-02
2.978106336846375157e+01 1.109355199190497493e-02
3.003148440777084716e+01 1.079950307814360813e-02
3.028303386126418673e+01 1.062882226426017061e-02
3.053456493440382857e+01 1.038791776458888351e-02
3.078585183944906944e+01 1.012835667205947213e-02
3.103757946070165730e+01 9.929163683727312145e-03
3.128931656795834826e+01 9.689466695369975888e-03
3.154125974608096428e+01 9.463821947001125820e-03
3.179158626791808828e+01 9.294376369005128563e-03
3.204196438636942190e+01 9.067485902647573134e-03
3.229344668057169798e+01 8.902183770578213362e-03
3.254489998018084407e+01 8.705835718935057629e-03
3.279660140319880668e+01 8.524604916678000729e-03
3.304772754686901237e+01 8.367255727850369043e-03
3.329949953441923327e+01 8.219214784408101701e-03
3.355173249539067371e+01 8.053448575018514952e-03
3.380235474142784824e+01 7.883581243747809011e-03
3.405292218889088218e+01 7.713849072341754168e-03
3.430455901572810262e+01 7.574085064769151346e-03
3.455605119154291316e+01 7.459990073777393593e-03
3.480708698418615654e+01 7.248582616478033494e-03
3.505823042281740243e+01 7.117808127129109964e-03
3.530983122122644602e+01 6.968723287545982269e-03
3.556111974160763367e+01 6.879375936976083600e-03
3.581195885960364933e+01 6.763603012108098354e-03
3.606348577968052638e+01 6.617781152511116247e-03
3.631495136683125935e+01 6.490334810930815067e-03
3.656646781331610185e+01 6.410067791009113440e-03
3.681800948534306173e+01 6.245580269376015993e-03
3.706942350460822411e+01 6.114382690679874208e-03
3.732119977997001570e+01 5.995003530188503828e-03
3.757249197135423202e+01 5.879401149271677729e-03
3.782324055213251057e+01 5.792634074197892252e-03
3.807430609684078604e+01 5.682145637860428963e-03
3.832526519371521090e+01 5.544328701081860378e-03
3.857704530181875668e+01 5.490915190218745127e-03
3.882896255048217427e+01 5.393379777891746038e-03
3.907976684424035341e+01 5.308476888810845576e-03
3.933085588900704010e+01 5.200924254790822987e-03
3.958184533965361140e+01 5.120826288232380868e-03
3.983320492881626507e+01 5.047120696565877453e-03
4.008506787586624398e+01 4.960559595218147141e-03
4.033569471078550350e+01 4.891131046933458806e-03
4.058701345074587863e+01 4.782481307599800550e-03
4.083916815834436420e+01 4.730222224246725428e-03
4.108978611092747713e+01 4.642514952924231206e-03
4.134119394692694271e+01 4.523567908404500099e-03
4.159372926482761557e+01 4.450742385354456397e-03
4.184480996230068683e+01 4.398047883402626639e-03
4.209495048714620680e+01 4.355378851264390602e-03
4.234568601474854432e+01 4.282537735190162544e-03
4.259794184898333214e+01 4.173329970618151752e-03
4.284922176444433717e+01 4.149676948712120728e-03
4.309982534096671003e+01 4.103264101507548590e-03
4.335153475414617930e+01 4.026180198875023084e-03
4.360374984514007224e+01 3.923962954721739622e-03
4.385432838732079830e+01 3.856906593904718163e-03
4.410529766549178277e+01 3.806704039369814864e-03
4.435675536456894008e+01 3.771771530495567331e-03
4.460756668584335927e+01 3.708891368397822415e-03
4.485812369927145937e+01 3.626210538496692486e-03
4.510933196139897206e+01 3.582058579835388848e-03
4.536097672816924131e+01 3.543661936433694509e-03
4.561261869099184452e+01 3.508296124631314974e-03
4.586346064304911607e+01 3.452503783664859129e-03
4.611435299895526185e+01 3.378403626839977369e-03
4.636610302009028572e+01 3.316845801459676526e-03
4.661726081402038346e+01 3.274509617859533601e-03
4.686748045926628237e+01 3.256793549150909222e-03
4.712001000143001761e+01 3.224006214776372649e-03
4.737334269293729960e+01 3.177150518515251248e-03
4.762357272554871912e+01 3.054698186131992420e-03
4.787295862859781437e+01 3.054340889875948976e-03
4.812686710231834297e+01 2.969081598882213069e-03
4.837988354528783930e+01 2.943194220664178875e-03
4.862698975964909209e+01 2.935231283768816989e-03
4.887931961662670233e+01 2.867393141996554470e-03
4.913512531690142282e+01 2.864098463697594462e-03
4.938486646957150583e+01 2.789027334479402421e-03
4.963073103205424985e+01 2.713923037156203925e-03
4.988316058859187763e+01 2.682747603785643094e-03
5.013927392651110893e+01 2.690489538637729373e-03
5.038898445289544270e+01 2.585951115559499865e-03
5.063791314200675941e+01 2.723322002038436936e-03
5.089234515763529032e+01 2.471838258209271312e-03
5.114529266359630810e+01 2.575025595147736966e-03
5.138952878242714206e+01 2.508410240126748326e-03
5.163945178601188246e+01 2.553460616158291074e-03
5.190206698624180603e+01 2.533211316668649692e-03
5.215590084722179398e+01 2.400968197006193763e-03
5.238680673191466042e+01 2.348382284690235782e-03
5.263532591009818873e+01 2.433593515143459528e-03
5.290823119436031874e+01 2.200646701883270800e-03
5.316882575050344428e+01 2.347371703621949340e-03
5.338513341050097694e+01 2.225074854352482485e-03
5.363212510227822349e+01 2.303203593125848110e-03
5.391615723351310407e+01 2.117227422268468193e-03
5.419187693011466678e+01 2.249450002723505943e-03
5.439722241285236493e+01 2.093174215906338544e-03
5.462806064877949552e+01 2.091018334114538597e-03
5.491241494336609463e+01 2.103572197921791970e-03
5.519421446932921782e+01 1.952056173671819304e-03
5.543046826972861396e+01 1.545654464658203012e-03
5.561137265256709128e+01 1.123878651926894876e-03
