3.559856489878782115e-01 4.117389925144398148e+02
6.031648866026231293e-01 1.827554438678436100e+02
8.579160745827347778e-01 8.452178140822618957e+01
1.113464310595710716e+00 4.921556125085012923e+01
1.374039914321364408e+00 3.500878661696285832e+01
1.619154704570298309e+00 1.887112364020613597e+01
1.870686673430271840e+00 1.413153013184194506e+01
2.123290040706380832e+00 1.048888797163235154e+01
2.378144976376236119e+00 8.524623118037341740e+00
2.630489925835516996e+00 6.323998561158953535e+00
2.878653162679494670e+00 4.878945732112732081e+00
3.131144366275339319e+00 3.980110858260648588e+00
3.388159578333816313e+00 3.264427178089012838e+00
3.638741848210948149e+00 2.862336263598853847e+00
3.888315910732085268e+00 2.270244535782391715e+00
4.139052155837465996e+00 2.010151672108941856e+00
4.390305777018236988e+00 1.774114654805909463e+00
4.642172339120373081e+00 1.550093539361669048e+00
4.894678666149941293e+00 1.316144822934124381e+00
5.147269052361176378e+00 1.157288440597778134e+00
5.398003206656323272e+00 1.023447743395801135e+00
5.647798235368590269e+00 8.988259242524271331e-01
5.900534302989873581e+00 8.017213932611015892e-01
6.151460297009074374e+00 7.202488271005936804e-01
6.402630176204441526e+00 6.299764908755721704e-01
6.655964674748322096e+00 5.869068510198665045e-01
6.908782583105771202e+00 5.291729663915211157e-01
7.159060853508338873e+00 4.722005689823852159e-01
7.409414762591408632e+00 4.317680474500931731e-01
7.659227149364629561e+00 4.053585519241692525e-01
7.911559474606142395e+00 3.668656497878844402e-01
8.163750941790897997e+00 3.544466975561619826e-01
8.415757210439384295e+00 3.138567947160016969e-01
8.667638839289207198e+00 2.975562959729528556e-01
8.918801124864609520e+00 2.709697521177611423e-01
9.170480108345369530e+00 2.567362753952872612e-01
9.420566033467249412e+00 2.344809345650377408e-01
9.671642335271435797e+00 2.181857242149778942e-01
9.923426157758477473e+00 2.076171991905120529e-01
1.017396902749181820e+01 1.947681845358976427e-01
1.042533700753922155e+01 1.853607088775384715e-01
1.067702948358784276e+01 1.718658518785703138e-01
1.092969337256462303e+01 1.600834582813286111e-01
1.118211872033766419e+01 1.523589082138139539e-01
1.143346516925797296e+01 1.412406125547188696e-01
1.168350508557724687e+01 1.357753775668417984e-01
1.193379937775929100e+01 1.267809675924006785e-01
1.218553055762879112e+01 1.225836584710384147e-01
1.243711650801278878e+01 1.138071595709051753e-01
1.268867268647359303e+01 1.085528819343616752e-01
1.294075027177769144e+01 1.040789940084691917e-01
1.319267287020158363e+01 9.726810034505536939e-02
1.344470571782862756e+01 9.240206247710751331e-02
1.369480150283709641e+01 8.731319716670808695e-02
1.394591277066507828e+01 8.378925783234794644e-02
1.419764645764527167e+01 8.111211121090770859e-02
1.444766774168416212e+01 7.680485079415362570e-02
1.469906835825429070e+01 7.267746145611805875e-02
1.495059118111036511e+01 7.037977962744126903e-02
1.520261612590052991e+01 6.735399320225678166e-02
1.545415944503929495e+01 6.440523436017413228e-02
1.570456072545780124e+01 6.199937131331800799e-02
1.595705800128773966e+01 5.887203697557551185e-02
1.620829297830731619e+01 5.681740058204171051e-02
1.645966591028190962e+01 5.446183551636452069e-02
1.671125708846596325e+01 5.223294634171769812e-02
1.696160259490052624e+01 4.983253224089635725e-02
1.721370276108077135e+01 4.787246029529345498e-02
1.746543424102250341e+01 4.657536498827918175e-02
1.771598473288305442e+01 4.424419015157564361e-02
1.796653767411944003e+01 4.327520123827593990e-02
1.821765658501893270e+01 4.140494145816948912e-02
1.847053788120423334e+01 3.991782771785731126e-02
1.872257696809484173e+01 3.824435918891228720e-02
1.897394097105746269e+01 3.706662184779234426e-02
1.922542454726159988e+01 3.568406419810017660e-02
1.947607703355479103e+01 3.463092996592589956e-02
1.972678839839982601e+01 3.335706394327618562e-02
1.997802698857814363e+01 3.236782773865023999e-02
2.022863620534168660e+01 3.126027638624172267e-02
2.047969598507238231e+01 3.023236085073140178e-02
2.073250439107362553e+01 2.929863416556315048e-02
2.098435855211640089e+01 2.853619541294467876e-02
2.123502923393334640e+01 2.763598397191265044e-02
2.148629411178690773e+01 2.666592123044229587e-02
2.173831825513516591e+01 2.595544170270717294e-02
2.198972260956887226e+01 2.519202332856125895e-02
2.223974971000711420e+01 2.431438101591654188e-02
2.249141870643862973e+01 2.371185776850570984e-02
2.274404614890906373e+01 2.308717260452158165e-02
2.299521835768831579e+01 2.226849525742868527e-02
2.324620084136223852e+01 2.162767267320437822e-02
2.349757798664387209e+01 2.094546897916852238e-02
2.374870488118759937e+01 2.035954528197140082e-02
2.399988781917473091e+01 1.967920471233287200e-02
2.425071646049711305e+01 1.932193025239677814e-02
2.450187830577813841e+01 1.858400838712700662e-02
2.475391093216606109e+01 1.835484945365199391e-02
2.500524226975159792e+01 1.777407835205006142e-02
2.525610980153284402e+01 1.716247152871113943e-02
2.550801425092822328e+01 1.678547167191896464e-02
2.575943113325822864e+01 1.637440077550897724e-02
2.601074166866445125e+01 1.588620741768917780e-02
2.626234447079615464e+01 1.559598923719327825e-02
2.651347712943701751e+01 1.523789391847172291e-02
2.676474177984877656e+01 1.470981652670443583e-02
2.701628079430242479e+01 1.445901611607856331e-02
2.726734205837282232e+01 1.413384287964994726e-02
2.751837013544679422e+01 1.375193973460938322e-02
2.776937726815812724e+01 1.344796104468983650e-02
2.802070160973895341e+01 1.303744868735112056e-02
2.827249982643487058e+01 1.285781821077362427e-02
2.852407603869968966e+01 1.234671240013250279e-02
2.877567300468570721e+01 1.218608711675926888e-02
2.902733523039245256e+01 1.183173579053259025e-02
2.927861073083739996e+01 1.161193647459337654e-02
2.953003196193969160e+01 1.137173558095893808e-02
2.978106336846375157e+01 1.111003235197808095e-02
3.003148440777084716e+01 1.086646825192659135e-02
3.028303386126418673e+01 1.061926250060849300e-02
3.053456493440382857e+01 1.034976859686799477e-02
3.078585183944906944e+01 1.014539684229304010e-02
3.103757946070165730e+01 9.988972374661633791e-03
3.128931656795834826e+01 9.667431162548039900e-03
3.154125974608096428e+01 9.504788203145897799e-03
3.179158626791808828e+01 9.281199019493263300e-03
3.204196438636942190e+01 9.101319995221563222e-03
3.229344668057169798e+01 8.921184771502397096e-03
3.254489998018084407e+01 8.693354458497773093e-03
3.279660140319880668e+01 8.524304253413300669e-03
3.304772754686901237e+01 8.388196377553298194e-03
3.329949953441923327e+01 8.216705183279054622e-03
3.355173249539067371e+01 8.014659337137283734e-03
3.380235474142784824e+01 7.856356026328205344e-03
3.405292218889088218e+01 7.691721491075866925e-03
3.430455901572810262e+01 7.568418019092503120e-03
3.455605119154291316e+01 7.416046984243206824e-03
3.480708698418615654e+01 7.326610167760186712e-03
3.505823042281740243e+01 7.124539195174250071e-03
3.530983122122644602e+01 7.001322782393893523e-03
3.556111974160763367e+01 6.876526538463528099e-03
3.581195885960364933e+01 6.736440354525979543e-03
3.606348577968052638e+01 6.601421027516705606e-03
3.631495136683125935e+01 6.488600328262873231e-03
3.656646781331610185e+01 6.353018727909162840e-03
3.681800948534306173e+01 6.236008035120869236e-03
3.706942350460822411e+01 6.125849116968339579e-03
3.732119977997001570e+01 6.007813459805301341e-03
3.757249197135423202e+01 5.876890876235532114e-03
3.782324055213251057e+01 5.798007222433192512e-03
3.807430609684078604e+01 5.695203500769728013e-03
3.832526519371521090e+01 5.605179938285467615e-03
3.857704530181875668e+01 5.529366412519939183e-03
3.882896255048217427e+01 5.425314082208901670e-03
3.907976684424035341e+01 5.316429132304783568e-03
3.933085588900704010e+01 5.211362262881880092e-03
3.958184533965361140e+01 5.156574681539583156e-03
3.983320492881626507e+01 5.054214119817168789e-03
4.008506787586624398e+01 4.941516875417825867e-03
4.033569471078550350e+01 4.887281946043274365e-03
4.058701345074587863e+01 4.767030565576712425e-03
4.083916815834436420e+01 4.687932553312288905e-03
4.108978611092747713e+01 4.621419552201562128e-03
4.134119394692694271e+01 4.557485537953155121e-03
4.159372926482761557e+01 4.481718617960792767e-03
4.184480996230068683e+01 4.396643592583920727e-03
4.209495048714620680e+01 4.361149255979430289e-03
4.234568601474854432e+01 4.268246136706721310e-03
4.259794184898333214e+01 4.220782723771517725e-03
4.284922176444433717e+01 4.138574191984844587e-03
4.309982534096671003e+01 4.051081009795599007e-03
4.335153475414617930e+01 4.029031660179396152e-03
4.360374984514007224e+01 3.934373283225670904e-03
4.385432838732079830e+01 3.871081383337688156e-03
4.410529766549178277e+01 3.856904804033031101e-03
4.435675536456894008e+01 3.731019515051701724e-03
4.460756668584335927e+01 3.700926286623874156e-03
4.485812369927145937e+01 3.652323934219524511e-03
4.510933196139897206e+01 3.601515125180033451e-03
4.536097672816924131e+01 3.477408077306936868e-03
4.561261869099184452e+01 3.474871570369214568e-03
4.586346064304911607e+01 3.471151707909138438e-03
4.611435299895526185e+01 3.372520182975920384e-03
4.636610302009028572e+01 3.369187199089116770e-03
4.661726081402038346e+01 3.239579755160315599e-03
4.686748045926628237e+01 3.226357166539545185e-03
4.712001000143001761e+01 3.145859405722899703e-03
4.737334269293729960e+01 3.168357552845006437e-03
4.762357272554871912e+01 3.101733697114004724e-03
4.787295862859781437e+01 3.096163937687339534e-03
4.812686710231834297e+01 2.989068111157424518e-03
4.837988354528783930e+01 2.958818214198732748e-03
4.862698975964909209e+01 2.982815264215552854e-03
4.887931961662670233e+01 2.894323766299323770e-03
4.913512531690142282e+01 2.813818221447008782e-03
4.938486646957150583e+01 2.843053741267824366e-03
4.963073103205424985e+01 2.803511546383648679e-03
4.988316058859187763e+01 2.708275751256834091e-03
5.013927392651110893e+01 2.694376521466774772e-03
5.038898445289544270e+01 2.626916705850190336e-03
5.063791314200675941e+01 2.626800395991047993e-03
5.089234515763529032e+01 2.575727523702967155e-03
5.114529266359630810e+01 2.475552770075160978e-03
5.138952878242714206e+01 2.532195942182633233e-03
5.163945178601188246e+01 2.470896398659423385e-03
5.190206698624180603e+01 2.548270842995116036e-03
5.215590084722179398e+01 2.369652524073765157e-03
5.238680673191466042e+01 2.402122136147515595e-03
5.263532591009818873e+01 2.397787715038899800e-03
5.290823119436031874e+01 2.357783146107919180e-03
5.316882575050344428e+01 2.287709961539784176e-03
5.338513341050097694e+01 2.140926613356802007e-03
5.363212510227822349e+01 2.076628511016581548e-03
5.391615723351310407e+01 2.280060960142565700e-03
5.419187693011466678e+01 2.155902166090381371e-03
5.439722241285236493e+01 2.206375834572269368e-03
5.462806064877949552e+01 2.066460558209832956e-03
5.491241494336609463e+01 2.468986705526958307e-03
5.519421446932921782e+01 2.031829752182415499e-03
5.543046826972861396e+01 1.722901054013645976e-03
5.561137265256709128e+01 1.081602567579327155e-03
