3.559856489878782115e-01 6.728880124471428417e+02
6.031648866026231293e-01 2.007378949674713056e+02
8.579160745827347778e-01 8.369549794035445700e+01
1.113464310595710716e+00 5.891893752051417010e+01
1.374039914321364408e+00 2.998919706559824050e+01
1.619154704570298309e+00 2.051082333113292222e+01
1.870686673430271840e+00 1.338188368297135078e+01
2.123290040706380832e+00 9.813470672887453006e+00
2.378144976376236119e+00 7.972153427869998588e+00
2.630489925835516996e+00 6.489250616653438719e+00
2.878653162679494670e+00 4.586658784336244743e+00
3.131144366275339319e+00 3.907919333117165994e+00
3.388159578333816313e+00 3.208054124778243477e+00
3.638741848210948149e+00 2.683571775857540587e+00
3.888315910732085268e+00 2.269667314105803690e+00
4.139052155837465996e+00 1.909237332597642389e+00
4.390305777018236988e+00 1.671891696414094630e+00
4.642172339120373081e+00 1.443032711256613920e+00
4.894678666149941293e+00 1.269493926943105810e+00
5.147269052361176378e+00 1.110320196395328640e+00
5.398003206656323272e+00 9.766498848144807843e-01
5.647798235368590269e+00 9.073843311814580037e-01
5.900534302989873581e+00 8.097182948486135734e-01
6.151460297009074374e+00 7.309244041804305869e-01
6.402630176204441526e+00 6.525644097157478063e-01
6.655964674748322096e+00 5.927933934273561523e-01
6.908782583105771202e+00 5.474831125294724599e-01
7.159060853508338873e+00 4.889119527698351231e-01
7.409414762591408632e+00 4.397948920751563184e-01
7.659227149364629561e+00 3.995987060804222502e-01
7.911559474606142395e+00 3.743658626718380789e-01
8.163750941790897997e+00 3.450591489189062666e-01
8.415757210439384295e+00 3.156747922380950810e-01
8.667638839289207198e+00 2.904876827568101949e-01
8.918801124864609520e+00 2.776904381648678810e-01
9.170480108345369530e+00 2.534760304377308704e-01
9.420566033467249412e+00 2.359547515433062237e-01
9.671642335271435797e+00 2.165540707558179789e-01
9.923426157758477473e+00 2.069453785413859492e-01
1.017396902749181820e+01 1.940420091567638672e-01
1.042533700753922155e+01 1.813730444644894302e-01
1.067702948358784276e+01 1.705943187147365148e-01
1.092969337256462303e+01 1.609920516556929415e-01
1.118211872033766419e+01 1.490375235215545824e-01
1.143346516925797296e+01 1.401528772838780967e-01
1.168350508557724687e+01 1.341138786916349079e-01
1.193379937775929100e+01 1.284652924381022854e-01
1.218553055762879112e+01 1.209823716615218703e-01
1.243711650801278878e+01 1.133885698892269783e-01
1.268867268647359303e+01 1.081496686502591842e-01
1.294075027177769144e+01 1.030462663156741926e-01
1.319267287020158363e+01 9.902644922252330784e-02
1.344470571782862756e+01 9.241302625589288555e-02
1.369480150283709641e+01 8.860082978297922907e-02
1.394591277066507828e+01 8.453338818506192509e-02
1.419764645764527167e+01 8.104818404326770420e-02
1.444766774168416212e+01 7.676165151841722600e-02
1.469906835825429070e+01 7.280549468308893102e-02
1.495059118111036511e+01 7.040515601672638069e-02
1.520261612590052991e+01 6.748970334889316247e-02
1.545415944503929495e+01 6.416627615932250783e-02
1.570456072545780124e+01 6.164594854357527409e-02
1.595705800128773966e+01 5.965172918200312840e-02
1.620829297830731619e+01 5.754304018114965447e-02
1.645966591028190962e+01 5.425012188503447463e-02
1.671125708846596325e+01 5.165709303237164818e-02
1.696160259490052624e+01 5.079190283164899261e-02
1.721370276108077135e+01 4.787692227615743257e-02
1.746543424102250341e+01 4.629962235593872155e-02
1.771598473288305442e+01 4.470640448375858694e-02
1.796653767411944003e+01 4.302466109706144792e-02
1.821765658501893270e+01 4.155884290130749253e-02
1.847053788120423334e+01 3.975021556141994372e-02
1.872257696809484173e+01 3.818739997478508980e-02
1.897394097105746269e+01 3.724993021525719455e-02
1.922542454726159988e+01 3.599241033994327738e-02
1.947607703355479103e+01 3.484689967575831104e-02
1.972678839839982601e+01 3.340129727431215279e-02
1.997802698857814363e+01 3.263273380714685340e-02
2.022863620534168660e+01 3.120014027532260620e-02
2.047969598507238231e+01 3.049654055550088047e-02
2.073250439107362553e+01 2.922559473283214276e-02
2.098435855211640089e+01 2.818680397153150788e-02
2.123502923393334640e+01 2.751046121025683272e-02
2.148629411178690773e+01 2.674964264996953014e-02
2.173831825513516591e+01 2.611322962738779965e-02
2.198972260956887226e+01 2.517148492750104216e-02
2.223974971000711420e+01 2.447481834841805717e-02
2.249141870643862973e+01 2.351287164803129298e-02
2.274404614890906373e+01 2.288615855054609502e-02
2.299521835768831579e+01 2.231339779706867713e-02
2.324620084136223852e+01 2.162133479562533198e-02
2.349757798664387209e+01 2.085633366663883215e-02
2.374870488118759937e+01 2.044017937208759614e-02
2.399988781917473091e+01 1.989470543176813030e-02
2.425071646049711305e+01 1.924881813662883412e-02
2.450187830577813841e+01 1.874409094888975988e-02
2.475391093216606109e+01 1.826210509546486935e-02
2.500524226975159792e+01 1.784311488546775834e-02
2.525610980153284402e+01 1.731677726641577333e-02
2.550801425092822328e+01 1.682035359889619969e-02
2.575943113325822864e+01 1.637656791879723087e-02
2.601074166866445125e+01 1.590873377599640037e-02
2.626234447079615464e+01 1.563033949684354204e-02
2.651347712943701751e+01 1.527917572741673870e-02
2.676474177984877656e+01 1.476712694749178142e-02
2.701628079430242479e+01 1.439471972028859466e-02
2.726734205837282232e+01 1.412317015939344028e-02
2.751837013544679422e+01 1.369681103831637062e-02
2.776937726815812724e+01 1.335077606931918404e-02
2.802070160973895341e+01 1.306924677185582022e-02
2.827249982643487058e+01 1.270673873655058309e-02
2.852407603869968966e+01 1.241593737339474063e-02
2.877567300468570721e+01 1.214406615497996486e-02
2.902733523039245256e+01 1.184692507942106815e-02
2.927861073083739996e+01 1.161495262856706429e-02
2.953003196193969160e+01 1.132798337761923950e-02
2.978106336846375157e+01 1.108488878104299871e-02
3.003148440777084716e+01 1.082060822478034950e-02
3.028303386126418673e+01 1.056456721845738973e-02
3.053456493440382857e+01 1.039580270344052371e-02
3.078585183944906944e+01 1.010869392940422738e-02
3.103757946070165730e+01 9.978633475522354773e-03
3.128931656795834826e+01 9.712596563097640120e-03
3.154125974608096428e+01 9.492142093713783549e-03
3.179158626791808828e+01 9.314162013851011446e-03
3.204196438636942190e+01 9.102678007290167933e-03
3.229344668057169798e+01 8.918658459419442908e-03
3.254489998018084407e+01 8.725886713849006354e-03
3.279660140319880668e+01 8.521894089956912055e-03
3.304772754686901237e+01 8.352678239829309723e-03
3.329949953441923327e+01 8.174198894951195324e-03
3.355173249539067371e+01 8.046891292596086709e-03
3.380235474142784824e+01 7.881813916066694389e-03
3.405292218889088218e+01 7.731801825959226313e-03
3.430455901572810262e+01 7.580742042255531228e-03
3.455605119154291316e+01 7.402819113605518808e-03
3.480708698418615654e+01 7.292287731879940060e-03
3.505823042281740243e+01 7.105653091203277538e-03
3.530983122122644602e+01 6.984197169005805159e-03
3.556111974160763367e+01 6.835442228663747392e-03
3.581195885960364933e+01 6.762037095016359620e-03
3.606348577968052638e+01 6.602845733770458872e-03
3.631495136683125935e+01 6.500192632593482060e-03
3.656646781331610185e+01 6.350700446652802339e-03
3.681800948534306173e+01 6.251593794646390090e-03
3.706942350460822411e+01 6.104032444435169777e-03
3.732119977997001570e+01 6.043912919121325299e-03
3.757249197135423202e+01 5.919848850873797759e-03
3.782324055213251057e+01 5.818882632717883342e-03
3.807430609684078604e+01 5.736058915218878590e-03
3.832526519371521090e+01 5.601889796949389815e-03
3.857704530181875668e+01 5.500994189314692764e-03
3.882896255048217427e+01 5.429341598417767450e-03
3.907976684424035341e+01 5.276162587574292212e-03
3.933085588900704010e+01 5.191963502974942038e-03
3.958184533965361140e+01 5.129746771174325919e-03
3.983320492881626507e+01 5.009046598791936679e-03
4.008506787586624398e+01 4.950163661252965190e-03
4.033569471078550350e+01 4.898598732745632935e-03
4.058701345074587863e+01 4.802767152887810372e-03
4.083916815834436420e+01 4.674701920812091363e-03
4.108978611092747713e+01 4.626932880183687487e-03
4.134119394692694271e+01 4.560820436582709372e-03
4.159372926482761557e+01 4.474987576593561674e-03
4.184480996230068683e+01 4.418760595044659255e-03
4.209495048714620680e+01 4.357153965146964847e-03
4.234568601474854432e+01 4.275727270101803770e-03
4.259794184898333214e+01 4.184852870883323112e-03
4.284922176444433717e+01 4.130390293878532897e-03
4.309982534096671003e+01 4.054547169703761819e-03
4.335153475414617930e+01 4.016046191099285380e-03
4.360374984514007224e+01 3.946764457082711265e-03
4.385432838732079830e+01 3.909260283618504889e-03
4.410529766549178277e+01 3.827250142324181443e-03
4.435675536456894008e+01 3.779601729226460087e-03
4.460756668584335927e+01 3.672571592606185820e-03
4.485812369927145937e+01 3.637791181746871921e-03
4.510933196139897206e+01 3.592573573972367845e-03
4.536097672816924131e+01 3.562233572800332926e-03
4.561261869099184452e+01 3.467788300836564721e-03
4.586346064304911607e+01 3.445629363656872376e-03
4.611435299895526185e+01 3.360377277577161672e-03
4.636610302009028572e+01 3.326102994173331384e-03
4.661726081402038346e+01 3.259354957816157881e-03
4.686748045926628237e+01 3.235012193798668303e-03
4.712001000143001761e+01 3.256369193220881413e-03
4.737334269293729960e+01 3.118678009316208557e-03
4.762357272554871912e+01 3.121576083477837094e-03
4.787295862859781437e+01 3.044434522872269296e-03
4.812686710231834297e+01 2.990918704089882713e-03
4.837988354528783930e+01 2.962497364764004291e-03
4.862698975964909209e+01 2.881472454674608667e-03
4.887931961662670233e+01 2.875289147542434490e-03
4.913512531690142282e+01 2.870838818319371155e-03
4.938486646957150583e+01 2.766689083965660073e-03
4.963073103205424985e+01 2.714075265777739047e-03
4.988316058859187763e+01 2.699452460652413972e-03
5.013927392651110893e+01 2.735244426022081284e-03
5.038898445289544270e+01 2.644973993054846369e-03
5.063791314200675941e+01 2.614412674060413808e-03
5.089234515763529032e+01 2.560536481364630856e-03
5.114529266359630810e+01 2.524805789061511634e-03
5.138952878242714206e+01 2.558837497776942933e-03
5.163945178601188246e+01 2.462507143276070325e-03
5.190206698624180603e+01 2.391158819563476545e-03
5.215590084722179398e+01 2.387733215523647496e-03
5.238680673191466042e+01 2.347853768038620555e-03
5.263532591009818873e+01 2.299777254645109497e-03
5.290823119436031874e+01 2.354453570111348162e-03
5.316882575050344428e+01 2.352857232740107000e-03
5.338513341050097694e+01 2.306888190405719831e-03
5.363212510227822349e+01 2.154108025685548371e-03
5.391615723351310407e+01 2.243062691982888619e-03
5.419187693011466678e+01 2.307235037403935346e-03
5.439722241285236493e+01 2.150222936768679365e-03
5.462806064877949552e+01 2.280398659315109773e-03
5.491241494336609463e+01 2.042322744050958927e-03
5.519421446932921782e+01 2.213088518530883370e-03
5.543046826972861396e+01 1.562180566590490706e-03
5.561137265256709128e+01 3.772258636422790891e-03
