3.559856489878782115e-01 5.072844673215539615e+02
6.031648866026231293e-01 2.968216243575134285e+02
8.579160745827347778e-01 9.526468081613916183e+01
1.113464310595710716e+00 5.670358515808733557e+01
1.374039914321364408e+00 3.125895801472187330e+01
1.619154704570298309e+00 2.024929381665423378e+01
1.870686673430271840e+00 1.442266071989335252e+01
2.123290040706380832e+00 1.023504071225782042e+01
2.378144976376236119e+00 8.156616979631353459e+00
2.630489925835516996e+00 6.460230465355170537e+00
2.878653162679494670e+00 5.144816611532393225e+00
3.131144366275339319e+00 3.921593607724785713e+00
3.388159578333816313e+00 3.410179235944629017e+00
3.638741848210948149e+00 2.780122452293613211e+00
3.888315910732085268e+00 2.255807715590319784e+00
4.139052155837465996e+00 2.048769638757061973e+00
4.390305777018236988e+00 1.663375103939413346e+00
4.642172339120373081e+00 1.444924056447133287e+00
4.894678666149941293e+00 1.331598207990201566e+00
5.147269052361176378e+00 1.104393275423701581e+00
5.398003206656323272e+00 9.670785646569062255e-01
5.647798235368590269e+00 8.718685542587601978e-01
5.900534302989873581e+00 7.989376430415635610e-01
6.151460297009074374e+00 6.989499008660505774e-01
6.402630176204441526e+00 6.507094762711254088e-01
6.655964674748322096e+00 5.846903881719832663e-01
6.908782583105771202e+00 5.318261301669418017e-01
7.159060853508338873e+00 4.892433570291268574e-01
7.409414762591408632e+00 4.404010490460616989e-01
7.659227149364629561e+00 4.039157698996275192e-01
7.911559474606142395e+00 3.730942677495361903e-01
8.163750941790897997e+00 3.440374234516619945e-01
8.415757210439384295e+00 3.144103436850789191e-01
8.667638839289207198e+00 2.905108424140222523e-01
8.918801124864609520e+00 2.714744997241496649e-01
9.170480108345369530e+00 2.544275836558141379e-01
9.420566033467249412e+00 2.418353666853477746e-01
9.671642335271435797e+00 2.203565056042894044e-01
9.923426157758477473e+00 2.085863400644296928e-01
1.017396902749181820e+01 1.930474548060475692e-01
1.042533700753922155e+01 1.837367185053601637e-01
1.067702948358784276e+01 1.676153526404726424e-01
1.092969337256462303e+01 1.611486728589713591e-01
1.118211872033766419e+01 1.486246842333293350e-01
1.143346516925797296e+01 1.428413273517095683e-01
1.168350508557724687e+01 1.350958630516448100e-01
1.193379937775929100e+01 1.288147459083130164e-01
1.218553055762879112e+01 1.197809868812651363e-01
1.243711650801278878e+01 1.141421275891298243e-01
1.268867268647359303e+01 1.069305448115165091e-01
1.294075027177769144e+01 1.022761727762180606e-01
1.319267287020158363e+01 9.788484061290886329e-02
1.344470571782862756e+01 9.185659858443435966e-02
1.369480150283709641e+01 8.802264548432443825e-02
1.394591277066507828e+01 8.480424792925324307e-02
1.419764645764527167e+01 8.034278843386126467e-02
1.444766774168416212e+01 7.658069319052568380e-02
1.469906835825429070e+01 7.319119803146552361e-02
1.495059118111036511e+01 6.989390207465363825e-02
1.520261612590052991e+01 6.707122841732469920e-02
1.545415944503929495e+01 6.377102553484728653e-02
1.570456072545780124e+01 6.196664321967339240e-02
1.595705800128773966e+01 5.856000360412719208e-02
1.620829297830731619e+01 5.663443741443190821e-02
1.645966591028190962e+01 5.466780086971075731e-02
1.671125708846596325e+01 5.212086651852873564e-02
1.696160259490052624e+01 5.078225321266888886e-02
1.721370276108077135e+01 4.788967261093372146e-02
1.746543424102250341e+01 4.672635100791588253e-02
1.771598473288305442e+01 4.448413555002228570e-02
1.796653767411944003e+01 4.306796334138716931e-02
1.821765658501893270e+01 4.162382955350678315e-02
1.847053788120423334e+01 3.978038222402102003e-02
1.872257696809484173e+01 3.879966332306236665e-02
1.897394097105746269e+01 3.736971469154056619e-02
1.922542454726159988e+01 3.603922621180104952e-02
1.947607703355479103e+01 3.464312561353780767e-02
1.972678839839982601e+01 3.376252630562769086e-02
1.997802698857814363e+01 3.204846209280040603e-02
2.022863620534168660e+01 3.129754587772673458e-02
2.047969598507238231e+01 3.068535249505202622e-02
2.073250439107362553e+01 2.926568160114219677e-02
2.098435855211640089e+01 2.842025097579096299e-02
2.123502923393334640e+01 2.773221335523569711e-02
2.148629411178690773e+01 2.667928155109093938e-02
2.173831825513516591e+01 2.602219508378415466e-02
2.198972260956887226e+01 2.500898311412652272e-02
2.223974971000711420e+01 2.421460027788304228e-02
2.249141870643862973e+01 2.378989212941370890e-02
2.274404614890906373e+01 2.285167248259100184e-02
2.299521835768831579e+01 2.204836545929992134e-02
2.324620084136223852e+01 2.145672948925281265e-02
2.349757798664387209e+01 2.097074890173263734e-02
2.374870488118759937e+01 2.036754758366760704e-02
2.399988781917473091e+01 1.980761912484309620e-02
2.425071646049711305e+01 1.925786500117410149e-02
2.450187830577813841e+01 1.875857331481393594e-02
2.475391093216606109e+01 1.819156142665780129e-02
2.500524226975159792e+01 1.769633477556713588e-02
2.525610980153284402e+01 1.726761304699541907e-02
2.550801425092822328e+01 1.677214476350194841e-02
2.575943113325822864e+01 1.636802228307464996e-02
2.601074166866445125e+01 1.596414085561828969e-02
2.626234447079615464e+01 1.553446374921210391e-02
2.651347712943701751e+01 1.516472770316540722e-02
2.676474177984877656e+01 1.476548935791554065e-02
2.701628079430242479e+01 1.451856712225413348e-02
2.726734205837282232e+01 1.410607493957622728e-02
2.751837013544679422e+01 1.375122211624667246e-02
2.776937726815812724e+01 1.345992739395508384e-02
2.802070160973895341e+01 1.302452972104600239e-02
2.827249982643487058e+01 1.273399790504510520e-02
2.852407603869968966e+01 1.244020654520031424e-02
2.877567300468570721e+01 1.206830042650838125e-02
2.902733523039245256e+01 1.193680514410174788e-02
2.927861073083739996e+01 1.165428476382755069e-02
2.953003196193969160e+01 1.136470903080279669e-02
2.978106336846375157e+01 1.107453812081543414e-02
3.003148440777084716e+01 1.082975986432989889e-02
3.028303386126418673e+01 1.057655825943052373e-02
3.053456493440382857e+01 1.028597287766211225e-02
3.078585183944906944e+01 1.008479083750102312e-02
3.103757946070165730e+01 9.852558976552660761e-03
3.128931656795834826e+01 9.736334995158324804e-03
3.154125974608096428e+01 9.439990108027346283e-03
3.179158626791808828e+01 9.323422327673247523e-03
3.204196438636942190e+01 9.103157619849040760e-03
3.229344668057169798e+01 8.929103573418441936e-03
3.254489998018084407e+01 8.742935214539339708e-03
3.279660140319880668e+01 8.554198877848119553e-03
3.304772754686901237e+01 8.398302765564399919e-03
3.329949953441923327e+01 8.223661370879141799e-03
3.355173249539067371e+01 8.025861306287291122e-03
3.380235474142784824e+01 7.867132016467966518e-03
3.405292218889088218e+01 7.703455338596997340e-03
3.430455901572810262e+01 7.535888892918245555e-03
3.455605119154291316e+01 7.419422181856825775e-03
3.480708698418615654e+01 7.262010521862496959e-03
3.505823042281740243e+01 7.106427786286773768e-03
3.530983122122644602e+01 6.976016172878862082e-03
3.556111974160763367e+01 6.857638532948304513e-03
3.581195885960364933e+01 6.765196753360278904e-03
3.606348577968052638e+01 6.576557807541245915e-03
3.631495136683125935e+01 6.497968043466015309e-03
3.656646781331610185e+01 6.383304756386775497e-03
3.681800948534306173e+01 6.240661785197905605e-03
3.706942350460822411e+01 6.123164948286786285e-03
3.732119977997001570e+01 6.041267451674688441e-03
3.757249197135423202e+01 5.928339695292246005e-03
3.782324055213251057e+01 5.808446600634641077e-03
3.807430609684078604e+01 5.710389708921304215e-03
3.832526519371521090e+01 5.603531033261186477e-03
3.857704530181875668e+01 5.441682378504954579e-03
3.882896255048217427e+01 5.428078388196845572e-03
3.907976684424035341e+01 5.303058150322252293e-03
3.933085588900704010e+01 5.228246883106146131e-03
3.958184533965361140e+01 5.100425100384940388e-03
3.983320492881626507e+01 5.033881108515447962e-03
4.008506787586624398e+01 4.956763097273119562e-03
4.033569471078550350e+01 4.904928615638480538e-03
4.058701345074587863e+01 4.780976468795062814e-03
4.083916815834436420e+01 4.734885227425288980e-03
4.108978611092747713e+01 4.619310041805315022e-03
4.134119394692694271e+01 4.569506285627812289e-03
4.159372926482761557e+01 4.496840842592670327e-03
4.184480996230068683e+01 4.389609200452442017e-03
4.209495048714620680e+01 4.364944150952361664e-03
4.234568601474854432e+01 4.298870557878936398e-03
4.259794184898333214e+01 4.213592660462313691e-03
4.284922176444433717e+01 4.132985341997127277e-03
4.309982534096671003e+01 4.073766575386153152e-03
4.335153475414617930e+01 4.025888374209598240e-03
4.360374984514007224e+01 3.926789426655331698e-03
4.385432838732079830e+01 3.877011132127741126e-03
4.410529766549178277e+01 3.841552297430631587e-03
4.435675536456894008e+01 3.738958790355982175e-03
4.460756668584335927e+01 3.730936197367645032e-03
4.485812369927145937e+01 3.647195944317263485e-03
4.510933196139897206e+01 3.590605323295600546e-03
4.536097672816924131e+01 3.546714764335365689e-03
4.561261869099184452e+01 3.463108986608817979e-03
4.586346064304911607e+01 3.465286589048316782e-03
4.611435299895526185e+01 3.351499850989236515e-03
4.636610302009028572e+01 3.343815070455338160e-03
4.661726081402038346e+01 3.331099343121808002e-03
4.686748045926628237e+01 3.215305446526629373e-03
4.712001000143001761e+01 3.203565602470941423e-03
4.737334269293729960e+01 3.141303189134425373e-03
4.762357272554871912e+01 3.130433657215686127e-03
4.787295862859781437e+01 3.020671433181475012e-03
4.812686710231834297e+01 3.036731574054879999e-03
4.837988354528783930e+01 3.008211577979886392e-03
4.862698975964909209e+01 2.906338411945848590e-03
4.887931961662670233e+01 2.888822199818237135e-03
4.913512531690142282e+01 2.840168554465937259e-03
4.938486646957150583e+01 2.758718685304019976e-03
4.963073103205424985e+01 2.709544600887040574e-03
4.988316058859187763e+01 2.771609844881064381e-03
5.013927392651110893e+01 2.710545180918678878e-03
5.038898445289544270e+01 2.615261426516527193e-03
5.063791314200675941e+01 2.660477565475420029e-03
5.089234515763529032e+01 2.554966822461512185e-03
5.114529266359630810e+01 2.651806002026510511e-03
5.138952878242714206e+01 2.528321320631258563e-03
5.163945178601188246e+01 2.418422582515724825e-03
5.190206698624180603e+01 2.400182885717961484e-03
5.215590084722179398e+01 2.399066101365639886e-03
5.238680673191466042e+01 2.446789281653396347e-03
5.263532591009818873e+01 2.405511250514613762e-03
5.290823119436031874e+01 2.252075174773936726e-03
5.316882575050344428e+01 2.150211764190882412e-03
5.338513341050097694e+01 2.370886072630720882e-03
5.363212510227822349e+01 2.337071018067142861e-03
5.391615723351310407e+01 2.261495616012966416e-03
5.419187693011466678e+01 2.383759937605228318e-03
5.439722241285236493e+01 2.123482904105824381e-03
5.462806064877949552e+01 2.209440005563874463e-03
5.491241494336609463e+01 2.174721463478280180e-03
5.519421446932921782e+01 2.314506618682710560e-03
5.543046826972861396e+01 2.458623284390444412e-03
5.561137265256709128e+01 1.728974980081138084e-03
