3.559856489878782115e-01 6.308557974101487389e+02
6.031648866026231293e-01 2.366281484588399167e+02
8.579160745827347778e-01 7.881802070857999354e+01
1.113464310595710716e+00 4.670428141898710095e+01
1.374039914321364408e+00 2.725353999913164671e+01
1.619154704570298309e+00 2.185674100126335162e+01
1.870686673430271840e+00 1.414948088496786482e+01
2.123290040706380832e+00 9.690758554614637532e+00
2.378144976376236119e+00 7.824230894365404865e+00
2.630489925835516996e+00 5.901702627534460177e+00
2.878653162679494670e+00 4.541391570407470546e+00
3.131144366275339319e+00 4.169787305445382231e+00
3.388159578333816313e+00 3.337089482021169839e+00
3.638741848210948149e+00 2.708646260825848362e+00
3.888315910732085268e+00 2.251553467153834642e+00
4.139052155837465996e+00 1.943651563844126962e+00
4.390305777018236988e+00 1.619373916021632942e+00
4.642172339120373081e+00 1.499143822397518422e+00
4.894678666149941293e+00 1.319453138833779793e+00
5.147269052361176378e+00 1.152350082499385531e+00
5.398003206656323272e+00 1.017917746372309917e+00
5.647798235368590269e+00 9.064295167207123693e-01
5.900534302989873581e+00 7.786763676333472439e-01
6.151460297009074374e+00 7.238910699678632321e-01
6.402630176204441526e+00 6.661672541523212532e-01
6.655964674748322096e+00 5.913125097357717630e-01
6.908782583105771202e+00 5.284938941967241011e-01
7.159060853508338873e+00 4.818057127832822140e-01
7.409414762591408632e+00 4.462066012574187335e-01
7.659227149364629561e+00 4.146648338819585722e-01
7.911559474606142395e+00 3.682562754346442868e-01
8.163750941790897997e+00 3.433303979271355444e-01
8.415757210439384295e+00 3.189184782557364373e-01
8.667638839289207198e+00 3.051005879423137612e-01
8.918801124864609520e+00 2.713241911858615407e-01
9.170480108345369530e+00 2.569791337320554425e-01
9.420566033467249412e+00 2.358073708281275827e-01
9.671642335271435797e+00 2.211265837290195269e-01
9.923426157758477473e+00 2.082664834095113160e-01
1.017396902749181820e+01 1.939290796826942664e-01
1.042533700753922155e+01 1.824902387770271084e-01
1.067702948358784276e+01 1.720681510416570137e-01
1.092969337256462303e+01 1.588078618464879577e-01
1.118211872033766419e+01 1.522909586645476154e-01
1.143346516925797296e+01 1.436047312178587998e-01
1.168350508557724687e+01 1.355909331547648644e-01
1.193379937775929100e+01 1.302522673521070984e-01
1.218553055762879112e+01 1.221642903435436744e-01
1.243711650801278878e+01 1.158711173138235878e-01
1.268867268647359303e+01 1.086208359199989509e-01
1.294075027177769144e+01 1.024691889080499574e-01
1.319267287020158363e+01 9.906937434569244860e-02
1.344470571782862756e+01 9.387954082253113786e-02
1.369480150283709641e+01 8.873291238618427612e-02
1.394591277066507828e+01 8.460508419057995166e-02
1.419764645764527167e+01 7.998476034996680750e-02
1.444766774168416212e+01 7.575529788669659037e-02
1.469906835825429070e+01 7.250558141599897088e-02
1.495059118111036511e+01 7.065727770198979019e-02
1.520261612590052991e+01 6.734784005010317764e-02
1.545415944503929495e+01 6.494600856007907985e-02
1.570456072545780124e+01 6.126239503797742403e-02
1.595705800128773966e+01 5.894206060360662747e-02
1.620829297830731619e+01 5.708254109231365725e-02
1.645966591028190962e+01 5.451620539894393852e-02
1.671125708846596325e+01 5.220560091193706537e-02
1.696160259490052624e+01 5.017622505306797848e-02
1.721370276108077135e+01 4.822269338465581118e-02
1.746543424102250341e+01 4.660989517312781605e-02
1.771598473288305442e+01 4.422532828616240752e-02
1.796653767411944003e+01 4.305311146866129535e-02
1.821765658501893270e+01 4.133529214657867545e-02
1.847053788120423334e+01 3.980137421184647140e-02
1.872257696809484173e+01 3.893265458666360368e-02
1.897394097105746269e+01 3.707327827383296442e-02
1.922542454726159988e+01 3.593644253782206366e-02
1.947607703355479103e+01 3.509649088492750729e-02
1.972678839839982601e+01 3.368637862940133260e-02
1.997802698857814363e+01 3.244690014758984387e-02
2.022863620534168660e+01 3.126729336182141467e-02
2.047969598507238231e+01 3.028292892256561827e-02
2.073250439107362553e+01 2.966155695065946299e-02
2.098435855211640089e+01 2.833092895332207581e-02
2.123502923393334640e+01 2.759326039227564739e-02
2.148629411178690773e+01 2.675244823903865504e-02
2.173831825513516591e+01 2.593387203753510367e-02
2.198972260956887226e+01 2.515401288554681286e-02
2.223974971000711420e+01 2.427049470177995716e-02
2.249141870643862973e+01 2.361355005677420738e-02
2.274404614890906373e+01 2.289801534710214290e-02
2.299521835768831579e+01 2.224152240738529879e-02
2.324620084136223852e+01 2.168677042004258509e-02
2.349757798664387209e+01 2.088779731753199684e-02
2.374870488118759937e+01 2.039128983863444655e-02
2.399988781917473091e+01 1.992684608192026724e-02
2.425071646049711305e+01 1.923011642010158048e-02
2.450187830577813841e+01 1.877959547104508797e-02
2.475391093216606109e+01 1.821020829624790671e-02
2.500524226975159792e+01 1.776943709803597768e-02
2.525610980153284402e+01 1.737186778979758067e-02
2.550801425092822328e+01 1.677768451177577558e-02
2.575943113325822864e+01 1.649148806408791412e-02
2.601074166866445125e+01 1.598282693995658685e-02
2.626234447079615464e+01 1.550773035926579155e-02
2.651347712943701751e+01 1.511363399471876701e-02
2.676474177984877656e+01 1.476742215233972644e-02
2.701628079430242479e+01 1.433918339280955585e-02
2.726734205837282232e+01 1.406138988362991629e-02
2.751837013544679422e+01 1.370487656445850203e-02
2.776937726815812724e+01 1.343262623112522966e-02
2.802070160973895341e+01 1.308638148883696679e-02
2.827249982643487058e+01 1.270156014254134741e-02
2.852407603869968966e+01 1.240757008966172567e-02
2.877567300468570721e+01 1.217461791257063580e-02
2.902733523039245256e+01 1.190133337906413950e-02
2.927861073083739996e+01 1.160152342608350949e-02
2.953003196193969160e+01 1.133653547864904750e-02
2.978106336846375157e+01 1.105927717218314899e-02
3.003148440777084716e+01 1.083038086952113968e-02
3.028303386126418673e+01 1.060860414905646053e-02
3.053456493440382857e+01 1.032849255140648806e-02
3.078585183944906944e+01 1.007062042718295108e-02
3.103757946070165730e+01 9.920763870545492441e-03
3.128931656795834826e+01 9.724633964733128341e-03
3.154125974608096428e+01 9.532101572073679516e-03
3.179158626791808828e+01 9.269675788969436447e-03
3.204196438636942190e+01 9.154413144867758548e-03
3.229344668057169798e+01 8.920359407410755406e-03
3.254489998018084407e+01 8.744536042707083331e-03
3.279660140319880668e+01 8.572714530788179410e-03
3.304772754686901237e+01 8.308091089255278602e-03
3.329949953441923327e+01 8.189243793171822189e-03
3.355173249539067371e+01 8.057910837541218396e-03
3.380235474142784824e+01 7.864470766518725370e-03
3.405292218889088218e+01 7.707972141606815250e-03
3.430455901572810262e+01 7.559192402371009076e-03
3.455605119154291316e+01 7.413923330003826563e-03
3.480708698418615654e+01 7.268722048574962659e-03
3.505823042281740243e+01 7.138504397140176157e-03
3.530983122122644602e+01 6.998644623148878897e-03
3.556111974160763367e+01 6.872726499691243253e-03
3.581195885960364933e+01 6.737516238506336026e-03
3.606348577968052638e+01 6.632979046675585057e-03
3.631495136683125935e+01 6.475371118117924894e-03
3.656646781331610185e+01 6.291304530191210546e-03
3.681800948534306173e+01 6.231978534360502892e-03
3.706942350460822411e+01 6.122988036804275121e-03
3.732119977997001570e+01 6.015679569311821982e-03
3.757249197135423202e+01 5.904560857565186935e-03
3.782324055213251057e+01 5.805353010190250629e-03
3.807430609684078604e+01 5.709393217838581482e-03
3.832526519371521090e+01 5.585636775098348078e-03
3.857704530181875668e+01 5.524453784274094802e-03
3.882896255048217427e+01 5.384488482214403599e-03
3.907976684424035341e+01 5.327197778472095475e-03
3.933085588900704010e+01 5.216725959759040653e-03
3.958184533965361140e+01 5.122388161976253011e-03
3.983320492881626507e+01 5.037459568734413071e-03
4.008506787586624398e+01 4.931186038405991658e-03
4.033569471078550350e+01 4.884975836619965747e-03
4.058701345074587863e+01 4.796077931764338581e-03
4.083916815834436420e+01 4.684183051236823561e-03
4.108978611092747713e+01 4.581310187493120752e-03
4.134119394692694271e+01 4.527029424199015446e-03
4.159372926482761557e+01 4.484090981748566594e-03
4.184480996230068683e+01 4.413969421960330618e-03
4.209495048714620680e+01 4.336806750416886957e-03
4.234568601474854432e+01 4.253902270407723500e-03
4.259794184898333214e+01 4.226093542574721473e-03
4.284922176444433717e+01 4.097644259754993669e-03
4.309982534096671003e+01 4.072624969360416972e-03
4.335153475414617930e+01 3.960331885290263934e-03
4.360374984514007224e+01 3.926775869991636428e-03
4.385432838732079830e+01 3.854804717088752830e-03
4.410529766549178277e+01 3.838447715980518836e-03
4.435675536456894008e+01 3.751747553185097710e-03
4.460756668584335927e+01 3.743360090210219766e-03
4.485812369927145937e+01 3.624368956126750464e-03
4.510933196139897206e+01 3.595058372873315925e-03
4.536097672816924131e+01 3.547835180885887049e-03
4.561261869099184452e+01 3.440582106004878241e-03
4.586346064304911607e+01 3.448580798914632501e-03
4.611435299895526185e+01 3.400712273975157410e-03
4.636610302009028572e+01 3.306620598651503068e-03
4.661726081402038346e+01 3.253622442307832572e-03
4.686748045926628237e+01 3.266117793163360750e-03
4.712001000143001761e+01 3.170973853057080377e-03
4.737334269293729960e+01 3.124710936318474304e-03
4.762357272554871912e+01 3.085991917469344155e-03
4.787295862859781437e+01 3.070440292819048324e-03
4.812686710231834297e+01 2.978290770095473692e-03
4.837988354528783930e+01 2.995960806672071357e-03
4.862698975964909209e+01 2.908975116324040520e-03
4.887931961662670233e+01 2.847170605221423321e-03
4.913512531690142282e+01 2.820320194551384409e-03
4.938486646957150583e+01 2.855525048427580773e-03
4.963073103205424985e+01 2.777279025100697681e-03
4.988316058859187763e+01 2.705280265836408453e-03
5.013927392651110893e+01 2.701414697103001264e-03
5.038898445289544270e+01 2.602229805505798955e-03
5.063791314200675941e+01 2.616711601281917782e-03
5.089234515763529032e+01 2.555196108998505564e-03
5.114529266359630810e+01 2.442966665141372944e-03
5.138952878242714206e+01 2.534748985519042104e-03
5.163945178601188246e+01 2.561346912344599543e-03
5.190206698624180603e+01 2.451500339759791168e-03
5.215590084722179398e+01 2.360562576321164913e-03
5.238680673191466042e+01 2.404106350563097252e-03
5.263532591009818873e+01 2.391407350994983420e-03
5.290823119436031874e+01 2.323509719574190675e-03
5.316882575050344428e+01 2.270433783182069197e-03
5.338513341050097694e+01 2.183894001455810325e-03
5.363212510227822349e+01 2.344940159930146602e-03
5.391615723351310407e+01 2.145048029867015205e-03
5.419187693011466678e+01 2.329073335960104435e-03
5.439722241285236493e+01 2.308624288486689404e-03
5.462806064877949552e+01 2.187985305473907818e-03
5.491241494336609463e+01 2.273004814309279205e-03
5.519421446932921782e+01 1.782601256387689702e-03
5.543046826972861396e+01 1.714908793032483662e-03
5.561137265256709128e+01 2.002061140499311262e-03
