3.559856489878782115e-01 3.522311057569747277e+02
6.031648866026231293e-01 1.595355694583627439e+02
8.579160745827347778e-01 9.448638286291492250e+01
1.113464310595710716e+00 4.543361825546994481e+01
1.374039914321364408e+00 2.732223302769309115e+01
1.619154704570298309e+00 2.165864502624095778e+01
1.870686673430271840e+00 1.461308916974532757e+01
2.123290040706380832e+00 1.148802976212884275e+01
2.378144976376236119e+00 7.620893587192278495e+00
2.630489925835516996e+00 6.155761262982878179e+00
2.878653162679494670e+00 4.673112828148384246e+00
3.131144366275339319e+00 3.757335446102977983e+00
3.388159578333816313e+00 3.416548721524857335e+00
3.638741848210948149e+00 2.690992897273991602e+00
3.888315910732085268e+00 2.327570719270048105e+00
4.139052155837465996e+00 1.964161466569351866e+00
4.390305777018236988e+00 1.699811972157523998e+00
4.642172339120373081e+00 1.455224445361621877e+00
4.894678666149941293e+00 1.329632711664176181e+00
5.147269052361176378e+00 1.117374531304394125e+00
5.398003206656323272e+00 9.955173153499096150e-01
5.647798235368590269e+00 8.731281615109478533e-01
5.900534302989873581e+00 8.144286268658174066e-01
6.151460297009074374e+00 7.175004017818972235e-01
6.402630176204441526e+00 6.638298033703684542e-01
6.655964674748322096e+00 5.833963408229779768e-01
6.908782583105771202e+00 5.300418513965213796e-01
7.159060853508338873e+00 4.827969336499440822e-01
7.409414762591408632e+00 4.470373209214200116e-01
7.659227149364629561e+00 3.986333574956780756e-01
7.911559474606142395e+00 3.680324649582683572e-01
8.163750941790897997e+00 3.442479961333988481e-01
8.415757210439384295e+00 3.194278526111152261e-01
8.667638839289207198e+00 2.963765073402021555e-01
8.918801124864609520e+00 2.776588844119195487e-01
9.170480108345369530e+00 2.577788499022510837e-01
9.420566033467249412e+00 2.378708862750392172e-01
9.671642335271435797e+00 2.206192978533279003e-01
9.923426157758477473e+00 2.023096323660557860e-01
1.017396902749181820e+01 1.896979730873403769e-01
1.042533700753922155e+01 1.822899312255559512e-01
1.067702948358784276e+01 1.702558652437601849e-01
1.092969337256462303e+01 1.598301253758128704e-01
1.118211872033766419e+01 1.500946644223972448e-01
1.143346516925797296e+01 1.412143352830989851e-01
1.168350508557724687e+01 1.340612412859494840e-01
1.193379937775929100e+01 1.252978743244194670e-01
1.218553055762879112e+01 1.210463756951431491e-01
1.243711650801278878e+01 1.152680312347646174e-01
1.268867268647359303e+01 1.090004461399455699e-01
1.294075027177769144e+01 1.034642198885630249e-01
1.319267287020158363e+01 9.756263713138454974e-02
1.344470571782862756e+01 9.311656678692503686e-02
1.369480150283709641e+01 8.785879624958055356e-02
1.394591277066507828e+01 8.490727204571442421e-02
1.419764645764527167e+01 8.032934553036782943e-02
1.444766774168416212e+01 7.723488965131387884e-02
1.469906835825429070e+01 7.408598440504772509e-02
1.495059118111036511e+01 7.058305248518705055e-02
1.520261612590052991e+01 6.754719859482760658e-02
1.545415944503929495e+01 6.399163228861697028e-02
1.570456072545780124e+01 6.156796295750287251e-02
1.595705800128773966e+01 5.900608382504451271e-02
1.620829297830731619e+01 5.666992384977131286e-02
1.645966591028190962e+01 5.471481682517403966e-02
1.671125708846596325e+01 5.171295560294503213e-02
1.696160259490052624e+01 5.035341122077670317e-02
1.721370276108077135e+01 4.901015470479996861e-02
1.746543424102250341e+01 4.638005699161121265e-02
1.771598473288305442e+01 4.454664058189360121e-02
1.796653767411944003e+01 4.292175898753101265e-02
1.821765658501893270e+01 4.153499044447283434e-02
1.847053788120423334e+01 3.985457311612147779e-02
1.872257696809484173e+01 3.849893943476539321e-02
1.897394097105746269e+01 3.705261202461804237e-02
1.922542454726159988e+01 3.607130848427590047e-02
1.947607703355479103e+01 3.448348237782076359e-02
1.972678839839982601e+01 3.339173854511771206e-02
1.997802698857814363e+01 3.230791129322593130e-02
2.022863620534168660e+01 3.147423384925502471e-02
2.047969598507238231e+01 3.025220817092173775e-02
2.073250439107362553e+01 2.927176932695976785e-02
2.098435855211640089e+01 2.824631449675814310e-02
2.123502923393334640e+01 2.756136433554964502e-02
2.148629411178690773e+01 2.670979564869130352e-02
2.173831825513516591e+01 2.591633941298479571e-02
2.198972260956887226e+01 2.497723486839380919e-02
2.223974971000711420e+01 2.428507825648098736e-02
2.249141870643862973e+01 2.379864292968486561e-02
2.274404614890906373e+01 2.300634106621118197e-02
2.299521835768831579e+01 2.206362683259758747e-02
2.324620084136223852e+01 2.155338693347389270e-02
2.349757798664387209e+01 2.090407995215290068e-02
2.374870488118759937e+01 2.047633416359245090e-02
2.399988781917473091e+01 1.988002823635121735e-02
2.425071646049711305e+01 1.936830620745587719e-02
2.450187830577813841e+01 1.875761602123492133e-02
2.475391093216606109e+01 1.840634766753413906e-02
2.500524226975159792e+01 1.770666949162323991e-02
2.525610980153284402e+01 1.716632414651234409e-02
2.550801425092822328e+01 1.685865282200972246e-02
2.575943113325822864e+01 1.627639121967955002e-02
2.601074166866445125e+01 1.600502696789884993e-02
2.626234447079615464e+01 1.554928624819563662e-02
2.651347712943701751e+01 1.517960650957587629e-02
2.676474177984877656e+01 1.483861767294441039e-02
2.701628079430242479e+01 1.446330651367436389e-02
2.726734205837282232e+01 1.407110484980408395e-02
2.751837013544679422e+01 1.369517957082039966e-02
2.776937726815812724e+01 1.343078442608722743e-02
2.802070160973895341e+01 1.316800983095802249e-02
2.827249982643487058e+01 1.272635499073452442e-02
2.852407603869968966e+01 1.243009425839822039e-02
2.877567300468570721e+01 1.220759213529487054e-02
2.902733523039245256e+01 1.182962583553828079e-02
2.927861073083739996e+01 1.164299116670791841e-02
2.953003196193969160e+01 1.141367738461292886e-02
2.978106336846375157e+01 1.112510868460463154e-02
3.003148440777084716e+01 1.081364314654436817e-02
3.028303386126418673e+01 1.060680498582277330e-02
3.053456493440382857e+01 1.039143861261271340e-02
3.078585183944906944e+01 1.015469156464816544e-02
3.103757946070165730e+01 9.921386316531000116e-03
3.128931656795834826e+01 9.668122297891728126e-03
3.154125974608096428e+01 9.456570205789332703e-03
3.179158626791808828e+01 9.293138347244647365e-03
3.204196438636942190e+01 9.111868562369139501e-03
3.229344668057169798e+01 8.897138119494753250e-03
3.254489998018084407e+01 8.722059715502604102e-03
3.279660140319880668e+01 8.549360834012670329e-03
3.304772754686901237e+01 8.343640588895142110e-03
3.329949953441923327e+01 8.168449097094238401e-03
3.355173249539067371e+01 8.011616996269697866e-03
3.380235474142784824e+01 7.885765154115409112e-03
3.405292218889088218e+01 7.704919391049420453e-03
3.430455901572810262e+01 7.513335045108430338e-03
3.455605119154291316e+01 7.485843555035149623e-03
3.480708698418615654e+01 7.303457975955096430e-03
3.505823042281740243e+01 7.138731440867093422e-03
3.530983122122644602e+01 6.995181571661030634e-03
3.556111974160763367e+01 6.894684297201676346e-03
3.581195885960364933e+01 6.761190450614240621e-03
3.606348577968052638e+01 6.612715615245932238e-03
3.631495136683125935e+01 6.490196077092007416e-03
3.656646781331610185e+01 6.376653579967519678e-03
3.681800948534306173e+01 6.274868530833563156e-03
3.706942350460822411e+01 6.149722163264076565e-03
3.732119977997001570e+01 6.049667559532389931e-03
3.757249197135423202e+01 5.924298505460272313e-03
3.782324055213251057e+01 5.760875896971263260e-03
3.807430609684078604e+01 5.652823302556948641e-03
3.832526519371521090e+01 5.585858219912058151e-03
3.857704530181875668e+01 5.473122801236788258e-03
3.882896255048217427e+01 5.430676544060691197e-03
3.907976684424035341e+01 5.306623980753827872e-03
3.933085588900704010e+01 5.215833477425220466e-03
3.958184533965361140e+01 5.114628107424645971e-03
3.983320492881626507e+01 5.043902811864669523e-03
4.008506787586624398e+01 4.990714114122920576e-03
4.033569471078550350e+01 4.860367330515647823e-03
4.058701345074587863e+01 4.772468564752054346e-03
4.083916815834436420e+01 4.722746919155908392e-03
4.108978611092747713e+01 4.647369778632905700e-03
4.134119394692694271e+01 4.553903416468860904e-03
4.159372926482761557e+01 4.479598373353020808e-03
4.184480996230068683e+01 4.401557956352211351e-03
4.209495048714620680e+01 4.315552554803116052e-03
4.234568601474854432e+01 4.277093000370477127e-03
4.259794184898333214e+01 4.202158305399026489e-03
4.284922176444433717e+01 4.129846475528691462e-03
4.309982534096671003e+01 4.094853688343059496e-03
4.335153475414617930e+01 3.999845030718924936e-03
4.360374984514007224e+01 3.940513110453261643e-03
4.385432838732079830e+01 3.900680617625934023e-03
4.410529766549178277e+01 3.796433766217359625e-03
4.435675536456894008e+01 3.771160498400212991e-03
4.460756668584335927e+01 3.677348299715047040e-03
4.485812369927145937e+01 3.655642364574938994e-03
4.510933196139897206e+01 3.609136592395497008e-03
4.536097672816924131e+01 3.519967155481848464e-03
4.561261869099184452e+01 3.478630870859945271e-03
4.586346064304911607e+01 3.389075491553905726e-03
4.611435299895526185e+01 3.403835100785387435e-03
4.636610302009028572e+01 3.333326778280327942e-03
4.661726081402038346e+01 3.317319570054150582e-03
4.686748045926628237e+01 3.249191650303413347e-03
4.712001000143001761e+01 3.148569903633575886e-03
4.737334269293729960e+01 3.167482456438442274e-03
4.762357272554871912e+01 3.121550428686749572e-03
4.787295862859781437e+01 3.017963478578818744e-03
4.812686710231834297e+01 3.022544648180172568e-03
4.837988354528783930e+01 2.968561245030973145e-03
4.862698975964909209e+01 2.937971768720576068e-03
4.887931961662670233e+01 2.866572063659112227e-03
4.913512531690142282e+01 2.844389437111379763e-03
4.938486646957150583e+01 2.879152620654071380e-03
4.963073103205424985e+01 2.737258621668938342e-03
4.988316058859187763e+01 2.745607251410299432e-03
5.013927392651110893e+01 2.687951531172913001e-03
5.038898445289544270e+01 2.640144340284338118e-03
5.063791314200675941e+01 2.611511347881822261e-03
5.089234515763529032e+01 2.579079344422008889e-03
5.114529266359630810e+01 2.583817846675613272e-03
5.138952878242714206e+01 2.498745919461643240e-03
5.163945178601188246e+01 2.458702263595712208e-03
5.190206698624180603e+01 2.459145144076361339e-03
5.215590084722179398e+01 2.486091818728688747e-03
5.238680673191466042e+01 2.388270185955135468e-03
5.263532591009818873e+01 2.363804316211986015e-03
5.290823119436031874e+01 2.149846092172356515e-03
5.316882575050344428e+01 2.319726032313680197e-03
5.338513341050097694e+01 2.310923752834239710e-03
5.363212510227822349e+01 2.165047584486149822e-03
5.391615723351310407e+01 2.204385818763107338e-03
5.419187693011466678e+01 2.106148647181475472e-03
5.439722241285236493e+01 2.257233138791215048e-03
5.462806064877949552e+01 1.908372772149757955e-03
5.491241494336609463e+01 1.715244786922217593e-03
5.519421446932921782e+01 2.299860047740852863e-03
5.543046826972861396e+01 1.453085087117639068e-03
5.561137265256709128e+01 2.434063300219980585e-03
