3.559856489878782115e-01 6.349076067448314689e+02
6.031648866026231293e-01 2.381186801211219120e+02
8.579160745827347778e-01 7.385315543824373208e+01
1.113464310595710716e+00 5.458267553840195063e+01
1.374039914321364408e+00 3.074313775101529345e+01
1.619154704570298309e+00 1.890237291017019317e+01
1.870686673430271840e+00 1.416547187370273519e+01
2.123290040706380832e+00 1.095581244747696559e+01
2.378144976376236119e+00 8.143567110765895123e+00
2.630489925835516996e+00 6.457316911323122355e+00
2.878653162679494670e+00 4.912074507784817357e+00
3.131144366275339319e+00 4.061239706734958155e+00
3.388159578333816313e+00 3.285261188373960639e+00
3.638741848210948149e+00 2.867659209363215833e+00
3.888315910732085268e+00 2.295817309016940033e+00
4.139052155837465996e+00 1.955912563595686660e+00
4.390305777018236988e+00 1.654471737619263916e+00
4.642172339120373081e+00 1.479704348340999065e+00
4.894678666149941293e+00 1.315188166383446378e+00
5.147269052361176378e+00 1.158091543222721453e+00
5.398003206656323272e+00 1.013518899556135278e+00
5.647798235368590269e+00 9.089634996723630067e-01
5.900534302989873581e+00 8.007951069647775144e-01
6.151460297009074374e+00 7.110191308364811613e-01
6.402630176204441526e+00 6.543773516437987325e-01
6.655964674748322096e+00 6.007280168979061141e-01
6.908782583105771202e+00 5.180275726246631463e-01
7.159060853508338873e+00 4.830310650871608713e-01
7.409414762591408632e+00 4.334020205144256122e-01
7.659227149364629561e+00 4.082359484621417844e-01
7.911559474606142395e+00 3.647858788841426558e-01
8.163750941790897997e+00 3.417716848207893454e-01
8.415757210439384295e+00 3.209993320753856128e-01
8.667638839289207198e+00 2.900568525579744761e-01
8.918801124864609520e+00 2.746143640270367614e-01
9.170480108345369530e+00 2.606229692084443550e-01
9.420566033467249412e+00 2.347721597120957515e-01
9.671642335271435797e+00 2.260382766843178903e-01
9.923426157758477473e+00 2.073609705691392413e-01
1.017396902749181820e+01 1.939963757055729321e-01
1.042533700753922155e+01 1.795706832930224484e-01
1.067702948358784276e+01 1.707778607284370087e-01
1.092969337256462303e+01 1.623341015066057935e-01
1.118211872033766419e+01 1.540362449738629236e-01
1.143346516925797296e+01 1.425357907914347466e-01
1.168350508557724687e+01 1.360800083938040195e-01
1.193379937775929100e+01 1.268675175576113034e-01
1.218553055762879112e+01 1.192287156496983497e-01
1.243711650801278878e+01 1.155444687134553478e-01
1.268867268647359303e+01 1.081855855395471716e-01
1.294075027177769144e+01 1.042522360400020554e-01
1.319267287020158363e+01 9.799944602593153864e-02
1.344470571782862756e+01 9.229201478433560202e-02
1.369480150283709641e+01 8.875732436629980848e-02
1.394591277066507828e+01 8.414613876575277596e-02
1.419764645764527167e+01 7.999693309932955076e-02
1.444766774168416212e+01 7.648995467805624893e-02
1.469906835825429070e+01 7.365919135147395991e-02
1.495059118111036511e+01 7.051144988578768313e-02
1.520261612590052991e+01 6.705685202042568904e-02
1.545415944503929495e+01 6.399775320365441722e-02
1.570456072545780124e+01 6.127879926906899116e-02
1.595705800128773966e+01 5.895792563049263163e-02
1.620829297830731619e+01 5.624407661853764173e-02
1.645966591028190962e+01 5.475532660652960432e-02
1.671125708846596325e+01 5.239518263547753713e-02
1.696160259490052624e+01 5.009957421121423449e-02
1.721370276108077135e+01 4.786020178266853914e-02
1.746543424102250341e+01 4.623325910588338417e-02
1.771598473288305442e+01 4.494496493394833925e-02
1.796653767411944003e+01 4.302526819829158300e-02
1.821765658501893270e+01 4.154366714653665721e-02
1.847053788120423334e+01 3.992252303689686893e-02
1.872257696809484173e+01 3.892358410307310279e-02
1.897394097105746269e+01 3.701153645054119229e-02
1.922542454726159988e+01 3.589748372734098691e-02
1.947607703355479103e+01 3.477424076458957708e-02
1.972678839839982601e+01 3.374610517554355038e-02
1.997802698857814363e+01 3.261419484339545677e-02
2.022863620534168660e+01 3.151810177588618839e-02
2.047969598507238231e+01 3.071234159176986986e-02
2.073250439107362553e+01 2.927647221340867398e-02
2.098435855211640089e+01 2.838811133490332095e-02
2.123502923393334640e+01 2.759887588604817421e-02
2.148629411178690773e+01 2.655551478134632326e-02
2.173831825513516591e+01 2.582140720380304150e-02
2.198972260956887226e+01 2.511153837277641659e-02
2.223974971000711420e+01 2.438669952736658569e-02
2.249141870643862973e+01 2.356402374241139269e-02
2.274404614890906373e+01 2.272506024514468759e-02
2.299521835768831579e+01 2.225210672188122213e-02
2.324620084136223852e+01 2.160915373203892154e-02
2.349757798664387209e+01 2.101873217171638247e-02
2.374870488118759937e+01 2.023757266994402962e-02
2.399988781917473091e+01 1.980217930851429359e-02
2.425071646049711305e+01 1.932092826592466880e-02
2.450187830577813841e+01 1.866825624708666476e-02
2.475391093216606109e+01 1.818563525233229949e-02
2.500524226975159792e+01 1.753887938218173445e-02
2.525610980153284402e+01 1.740015578754377373e-02
2.550801425092822328e+01 1.684390378539715391e-02
2.575943113325822864e+01 1.645131180518922404e-02
2.601074166866445125e+01 1.594587698481304480e-02
2.626234447079615464e+01 1.543987945310421050e-02
2.651347712943701751e+01 1.522120637870450453e-02
2.676474177984877656e+01 1.475448990273792692e-02
2.701628079430242479e+01 1.453633552434302652e-02
2.726734205837282232e+01 1.410564925379945676e-02
2.751837013544679422e+01 1.364685468704003590e-02
2.776937726815812724e+01 1.345063511663090183e-02
2.802070160973895341e+01 1.298028787266397588e-02
2.827249982643487058e+01 1.278794921611416807e-02
2.852407603869968966e+01 1.247369181641964919e-02
2.877567300468570721e+01 1.217165929154812899e-02
2.902733523039245256e+01 1.193238373188084366e-02
2.927861073083739996e+01 1.161612533525525730e-02
2.953003196193969160e+01 1.137716897671104364e-02
2.978106336846375157e+01 1.103986853202723779e-02
3.003148440777084716e+01 1.083862821119130522e-02
3.028303386126418673e+01 1.060405568555834385e-02
3.053456493440382857e+01 1.035919457724661548e-02
3.078585183944906944e+01 1.011046099649147607e-02
3.103757946070165730e+01 9.924389653561519614e-03
3.128931656795834826e+01 9.774577469938485266e-03
3.154125974608096428e+01 9.502338588378738890e-03
3.179158626791808828e+01 9.293780192939410725e-03
3.204196438636942190e+01 9.122064863884435382e-03
3.229344668057169798e+01 8.921060106910383078e-03
3.254489998018084407e+01 8.708219383187849189e-03
3.279660140319880668e+01 8.582291349771524816e-03
3.304772754686901237e+01 8.362678157825499323e-03
3.329949953441923327e+01 8.185609346184216650e-03
3.355173249539067371e+01 8.054501170412002586e-03
3.380235474142784824e+01 7.808677220287683907e-03
3.405292218889088218e+01 7.739520225701435573e-03
3.430455901572810262e+01 7.596718738496297668e-03
3.455605119154291316e+01 7.381987445916598362e-03
3.480708698418615654e+01 7.261312333692984504e-03
3.505823042281740243e+01 7.145029863929359265e-03
3.530983122122644602e+01 7.007776042551254470e-03
3.556111974160763367e+01 6.859952114441997435e-03
3.581195885960364933e+01 6.739116628596004098e-03
3.606348577968052638e+01 6.599701154768176058e-03
3.631495136683125935e+01 6.472784745240995306e-03
3.656646781331610185e+01 6.335577450778700180e-03
3.681800948534306173e+01 6.254175084406229240e-03
3.706942350460822411e+01 6.171788218768144325e-03
3.732119977997001570e+01 6.020093642846572647e-03
3.757249197135423202e+01 5.904294353905017306e-03
3.782324055213251057e+01 5.785334723788846181e-03
3.807430609684078604e+01 5.684027800585187903e-03
3.832526519371521090e+01 5.584043517952185821e-03
3.857704530181875668e+01 5.502928712043773582e-03
3.882896255048217427e+01 5.386319437683783837e-03
3.907976684424035341e+01 5.305842474374915935e-03
3.933085588900704010e+01 5.223700577258986663e-03
3.958184533965361140e+01 5.109964191754118486e-03
3.983320492881626507e+01 5.004847354162846387e-03
4.008506787586624398e+01 4.954920827818646775e-03
4.033569471078550350e+01 4.884979996189957145e-03
4.058701345074587863e+01 4.769009442183534848e-03
4.083916815834436420e+01 4.714332427815774891e-03
4.108978611092747713e+01 4.664722903870526655e-03
4.134119394692694271e+01 4.547895146656298800e-03
4.159372926482761557e+01 4.449382145219239401e-03
4.184480996230068683e+01 4.439294114935068286e-03
4.209495048714620680e+01 4.323791827362621562e-03
4.234568601474854432e+01 4.264392141391221309e-03
4.259794184898333214e+01 4.177970449601613352e-03
4.284922176444433717e+01 4.129442452482881554e-03
4.309982534096671003e+01 4.073792053373839761e-03
4.335153475414617930e+01 3.983248350878012406e-03
4.360374984514007224e+01 3.935548471727115354e-03
4.385432838732079830e+01 3.896528556282044097e-03
4.410529766549178277e+01 3.859389094096301893e-03
4.435675536456894008e+01 3.783263615422844880e-03
4.460756668584335927e+01 3.706402065518560763e-03
4.485812369927145937e+01 3.662170940109238902e-03
4.510933196139897206e+01 3.595454890123455944e-03
4.536097672816924131e+01 3.552415040369029907e-03
4.561261869099184452e+01 3.493667869415778733e-03
4.586346064304911607e+01 3.391454733129032218e-03
4.611435299895526185e+01 3.359737401387292988e-03
4.636610302009028572e+01 3.329117526914551414e-03
4.661726081402038346e+01 3.305862014905578197e-03
4.686748045926628237e+01 3.202375540638674814e-03
4.712001000143001761e+01 3.212769888006073490e-03
4.737334269293729960e+01 3.172861374910386934e-03
4.762357272554871912e+01 3.042183735348709828e-03
4.787295862859781437e+01 3.060561245509161882e-03
4.812686710231834297e+01 3.013079227640827300e-03
4.837988354528783930e+01 2.984767126692813941e-03
4.862698975964909209e+01 2.938118966018002549e-03
4.887931961662670233e+01 2.825643006990194092e-03
4.913512531690142282e+01 2.843929962878129040e-03
4.938486646957150583e+01 2.820574811822791888e-03
4.963073103205424985e+01 2.732348937045517030e-03
4.988316058859187763e+01 2.661691622747674058e-03
5.013927392651110893e+01 2.746009206354889983e-03
5.038898445289544270e+01 2.611669249263726469e-03
5.063791314200675941e+01 2.593867461646735730e-03
5.089234515763529032e+01 2.581723817555498304e-03
5.114529266359630810e+01 2.551724712804644309e-03
5.138952878242714206e+01 2.426707837733945751e-03
5.163945178601188246e+01 2.474507063926207565e-03
5.190206698624180603e+01 2.437093961749417070e-03
5.215590084722179398e+01 2.435030810001720131e-03
5.238680673191466042e+01 2.545421395457372980e-03
5.263532591009818873e+01 2.409595837778272590e-03
5.290823119436031874e+01 2.360239813703426774e-03
5.316882575050344428e+01 2.266406565568237531e-03
5.338513341050097694e+01 2.339345960002773943e-03
5.363212510227822349e+01 2.314175404770132255e-03
5.391615723351310407e+01 2.187760568580339460e-03
5.419187693011466678e+01 2.343314977102438443e-03
5.439722241285236493e+01 1.924856403589449367e-03
5.462806064877949552e+01 2.187723383182614903e-03
5.491241494336609463e+01 1.974600359197157227e-03
5.519421446932921782e+01 1.606533624445079462e-03
5.543046826972861396e+01 2.023213254524775656e-03
5.561137265256709128e+01 1.834456902783420003e-03
