3.559856489878782115e-01 8.361683848432533068e+02
6.031648866026231293e-01 1.597066598386157636e+02
8.579160745827347778e-01 9.780886102106170199e+01
1.113464310595710716e+00 4.031818191939415641e+01
1.374039914321364408e+00 2.949433071440667575e+01
1.619154704570298309e+00 2.026183746307043165e+01
1.870686673430271840e+00 1.410105179449321611e+01
2.123290040706380832e+00 1.059087874818223973e+01
2.378144976376236119e+00 8.102842278432744294e+00
2.630489925835516996e+00 6.039459916093216307e+00
2.878653162679494670e+00 4.740511625658097472e+00
3.131144366275339319e+00 4.111379469342300474e+00
3.388159578333816313e+00 3.406743162939303016e+00
3.638741848210948149e+00 2.813568438136908600e+00
3.888315910732085268e+00 2.353949830523489606e+00
4.139052155837465996e+00 1.981560725725696637e+00
4.390305777018236988e+00 1.757497624161920013e+00
4.642172339120373081e+00 1.477531292797226614e+00
4.894678666149941293e+00 1.305220297558931541e+00
5.147269052361176378e+00 1.120382696718156934e+00
5.398003206656323272e+00 9.808789316916969314e-01
5.647798235368590269e+00 8.951322260756194860e-01
5.900534302989873581e+00 8.100064203350331171e-01
6.151460297009074374e+00 7.188182679127207431e-01
6.402630176204441526e+00 6.560409753467001392e-01
6.655964674748322096e+00 5.844105625563433826e-01
6.908782583105771202e+00 5.370191470615625073e-01
7.159060853508338873e+00 4.933361164288035949e-01
7.409414762591408632e+00 4.385287122311062880e-01
7.659227149364629561e+00 4.100199374591629309e-01
7.911559474606142395e+00 3.740623983967935051e-01
8.163750941790897997e+00 3.433886221532883587e-01
8.415757210439384295e+00 3.098398751398975248e-01
8.667638839289207198e+00 2.950019583091920139e-01
8.918801124864609520e+00 2.771382743701354401e-01
9.170480108345369530e+00 2.567147910785569920e-01
9.420566033467249412e+00 2.307347626643116989e-01
9.671642335271435797e+00 2.214375215773307093e-01
9.923426157758477473e+00 2.045364921156236637e-01
1.017396902749181820e+01 1.943660874085026136e-01
1.042533700753922155e+01 1.818897446786024441e-01
1.067702948358784276e+01 1.710548811456076290e-01
1.092969337256462303e+01 1.593906743364612300e-01
1.118211872033766419e+01 1.516534358998229415e-01
1.143346516925797296e+01 1.428578445972686350e-01
1.168350508557724687e+01 1.377938004106230019e-01
1.193379937775929100e+01 1.276432105738986578e-01
1.218553055762879112e+01 1.195000958337292113e-01
1.243711650801278878e+01 1.130601618012496423e-01
1.268867268647359303e+01 1.071049319953152473e-01
1.294075027177769144e+01 1.023341219276232283e-01
1.319267287020158363e+01 9.822693792749628838e-02
1.344470571782862756e+01 9.274210218976199072e-02
1.369480150283709641e+01 8.867796945670221309e-02
1.394591277066507828e+01 8.312661267657285580e-02
1.419764645764527167e+01 8.000167618216365295e-02
1.444766774168416212e+01 7.624497854742946779e-02
1.469906835825429070e+01 7.296097253611635858e-02
1.495059118111036511e+01 7.009230607241624667e-02
1.520261612590052991e+01 6.701754461256537176e-02
1.545415944503929495e+01 6.468427029826519237e-02
1.570456072545780124e+01 6.157259723105389798e-02
1.595705800128773966e+01 5.932166265071063538e-02
1.620829297830731619e+01 5.623306902999433698e-02
1.645966591028190962e+01 5.423147210669561347e-02
1.671125708846596325e+01 5.225973618576097018e-02
1.696160259490052624e+01 5.051660546451710448e-02
1.721370276108077135e+01 4.806638114730577005e-02
1.746543424102250341e+01 4.661453226506189623e-02
1.771598473288305442e+01 4.511156311633119503e-02
1.796653767411944003e+01 4.317675017491861417e-02
1.821765658501893270e+01 4.153856037994858169e-02
1.847053788120423334e+01 4.015268098860774737e-02
1.872257696809484173e+01 3.847991258367633449e-02
1.897394097105746269e+01 3.673852114215130776e-02
1.922542454726159988e+01 3.586811413289150291e-02
1.947607703355479103e+01 3.498083572374044437e-02
1.972678839839982601e+01 3.338119826776971694e-02
1.997802698857814363e+01 3.250402197679817112e-02
2.022863620534168660e+01 3.162583073221486574e-02
2.047969598507238231e+01 3.020856625498624312e-02
2.073250439107362553e+01 2.932474266388419501e-02
2.098435855211640089e+01 2.810335926069541454e-02
2.123502923393334640e+01 2.768671404730553218e-02
2.148629411178690773e+01 2.659907120114065118e-02
2.173831825513516591e+01 2.580463031083042244e-02
2.198972260956887226e+01 2.519130133483307721e-02
2.223974971000711420e+01 2.434754874331084354e-02
2.249141870643862973e+01 2.352964650271889557e-02
2.274404614890906373e+01 2.293493210626058876e-02
2.299521835768831579e+01 2.232303743260350207e-02
2.324620084136223852e+01 2.176989896241943861e-02
2.349757798664387209e+01 2.101866812846225549e-02
2.374870488118759937e+01 2.042487573265563960e-02
2.399988781917473091e+01 1.976836565405386617e-02
2.425071646049711305e+01 1.935204598968050249e-02
2.450187830577813841e+01 1.867996292804647782e-02
2.475391093216606109e+01 1.824054169215336141e-02
2.500524226975159792e+01 1.774854954600094820e-02
2.525610980153284402e+01 1.720439742957845589e-02
2.550801425092822328e+01 1.681482344174169488e-02
2.575943113325822864e+01 1.638827375076667633e-02
2.601074166866445125e+01 1.597381342741375707e-02
2.626234447079615464e+01 1.554227077097318846e-02
2.651347712943701751e+01 1.509379269962489792e-02
2.676474177984877656e+01 1.476397567476289696e-02
2.701628079430242479e+01 1.447485804361678223e-02
2.726734205837282232e+01 1.409489430668567529e-02
2.751837013544679422e+01 1.376868285246543935e-02
2.776937726815812724e+01 1.340525620580174972e-02
2.802070160973895341e+01 1.312137032645309224e-02
2.827249982643487058e+01 1.279869210990890183e-02
2.852407603869968966e+01 1.247605190450350870e-02
2.877567300468570721e+01 1.222662133619029437e-02
2.902733523039245256e+01 1.191284068011214982e-02
2.927861073083739996e+01 1.156102376836710098e-02
2.953003196193969160e+01 1.137805765923780195e-02
2.978106336846375157e+01 1.104979820427422037e-02
3.003148440777084716e+01 1.085123604809747934e-02
3.028303386126418673e+01 1.054942606355857744e-02
3.053456493440382857e+01 1.033648574940190280e-02
3.078585183944906944e+01 1.014944393691250349e-02
3.103757946070165730e+01 9.892930432220599021e-03
3.128931656795834826e+01 9.670901809612414413e-03
3.154125974608096428e+01 9.479813446287848819e-03
3.179158626791808828e+01 9.339630151824441714e-03
3.204196438636942190e+01 9.097201337995654974e-03
3.229344668057169798e+01 8.902216636370790387e-03
3.254489998018084407e+01 8.696593465945114815e-03
3.279660140319880668e+01 8.493265298576477620e-03
3.304772754686901237e+01 8.352791065786110969e-03
3.329949953441923327e+01 8.210057428289637901e-03
3.355173249539067371e+01 8.028297581302402258e-03
3.380235474142784824e+01 7.906507912086828058e-03
3.405292218889088218e+01 7.701025957962289586e-03
3.430455901572810262e+01 7.586517414534427704e-03
3.455605119154291316e+01 7.425783476161934571e-03
3.480708698418615654e+01 7.275853455229377292e-03
3.505823042281740243e+01 7.130461238821313684e-03
3.530983122122644602e+01 7.003063036868293484e-03
3.556111974160763367e+01 6.836729681974395081e-03
3.581195885960364933e+01 6.731187594404789733e-03
3.606348577968052638e+01 6.620903973843628165e-03
3.631495136683125935e+01 6.484168670350073417e-03
3.656646781331610185e+01 6.363608520531919416e-03
3.681800948534306173e+01 6.255034514458593375e-03
3.706942350460822411e+01 6.150259009194128899e-03
3.732119977997001570e+01 6.052544272255397026e-03
3.757249197135423202e+01 5.893132397143983209e-03
3.782324055213251057e+01 5.766051764084696024e-03
3.807430609684078604e+01 5.725455576749605494e-03
3.832526519371521090e+01 5.604662168593592050e-03
3.857704530181875668e+01 5.523890032299146047e-03
3.882896255048217427e+01 5.406364810545621381e-03
3.907976684424035341e+01 5.277016275942108398e-03
3.933085588900704010e+01 5.243629501432451635e-03
3.958184533965361140e+01 5.121638275658161633e-03
3.983320492881626507e+01 5.039632626043244641e-03
4.008506787586624398e+01 4.942937601906444503e-03
4.033569471078550350e+01 4.855227466798030939e-03
4.058701345074587863e+01 4.806254004627564212e-03
4.083916815834436420e+01 4.686421795887435460e-03
4.108978611092747713e+01 4.640641605949831147e-03
4.134119394692694271e+01 4.529617551089254630e-03
4.159372926482761557e+01 4.483142760841123467e-03
4.184480996230068683e+01 4.394536848348956290e-03
4.209495048714620680e+01 4.328519125523254407e-03
4.234568601474854432e+01 4.247919122274252529e-03
4.259794184898333214e+01 4.164953691129101750e-03
4.284922176444433717e+01 4.113313555551337090e-03
4.309982534096671003e+01 4.083955907005849990e-03
4.335153475414617930e+01 3.993070692219548648e-03
4.360374984514007224e+01 3.936466191345215290e-03
4.385432838732079830e+01 3.877977545745420109e-03
4.410529766549178277e+01 3.860262808202906664e-03
4.435675536456894008e+01 3.743641923979948785e-03
4.460756668584335927e+01 3.662172608659897220e-03
4.485812369927145937e+01 3.654867813558992321e-03
4.510933196139897206e+01 3.611737614146845639e-03
4.536097672816924131e+01 3.495858253160702596e-03
4.561261869099184452e+01 3.481599920089616627e-03
4.586346064304911607e+01 3.457889910359807084e-03
4.611435299895526185e+01 3.373242616214980772e-03
4.636610302009028572e+01 3.312714069901501277e-03
4.661726081402038346e+01 3.255404327321026123e-03
4.686748045926628237e+01 3.255232198925504805e-03
4.712001000143001761e+01 3.178154180665936513e-03
4.737334269293729960e+01 3.175988328851343107e-03
4.762357272554871912e+01 3.123519856704459925e-03
4.787295862859781437e+01 3.054293248018629531e-03
4.812686710231834297e+01 3.028289384133023114e-03
4.837988354528783930e+01 2.961222864897786536e-03
4.862698975964909209e+01 2.915146490701039234e-03
4.887931961662670233e+01 2.882594401936328880e-03
4.913512531690142282e+01 2.799359244258340512e-03
4.938486646957150583e+01 2.823401950827709658e-03
4.963073103205424985e+01 2.767676942499065068e-03
4.988316058859187763e+01 2.741066237250313047e-03
5.013927392651110893e+01 2.710490351248405223e-03
5.038898445289544270e+01 2.658926645205993058e-03
5.063791314200675941e+01 2.673886494416523232e-03
5.089234515763529032e+01 2.588555384611440115e-03
5.114529266359630810e+01 2.540720497940372746e-03
5.138952878242714206e+01 2.532802439219956209e-03
5.163945178601188246e+01 2.435965013222471734e-03
5.190206698624180603e+01 2.371207609239197028e-03
5.215590084722179398e+01 2.369384682192946217e-03
5.238680673191466042e+01 2.367942855726368721e-03
5.263532591009818873e+01 2.337283476151269350e-03
5.290823119436031874e+01 2.182426128552008779e-03
5.316882575050344428e+01 2.247192001136882108e-03
5.338513341050097694e+01 2.113579717884449781e-03
5.363212510227822349e+01 2.419994873321903474e-03
5.391615723351310407e+01 2.245001462097414528e-03
5.419187693011466678e+01 2.161544613389056180e-03
5.439722241285236493e+01 1.948869868434964124e-03
5.462806064877949552e+01 2.038761011918968028e-03
5.491241494336609463e+01 2.201612363260270315e-03
5.519421446932921782e+01 2.152298497798462579e-03
5.543046826972861396e+01 1.986980104987398719e-03
5.561137265256709128e+01 3.175040135941061860e-03
