3.559856489878782115e-01 4.464779631256370180e+02
6.031648866026231293e-01 1.990476561683682064e+02
8.579160745827347778e-01 8.417210400319140717e+01
1.113464310595710716e+00 4.956977795135880172e+01
1.374039914321364408e+00 3.310051355257218830e+01
1.619154704570298309e+00 2.062303603908022609e+01
1.870686673430271840e+00 1.369006152399079213e+01
2.123290040706380832e+00 1.068501788555916043e+01
2.378144976376236119e+00 8.317657853525149747e+00
2.630489925835516996e+00 6.117169812325273348e+00
2.878653162679494670e+00 4.860601157778085657e+00
3.131144366275339319e+00 4.447600221632169060e+00
3.388159578333816313e+00 3.252241027930417694e+00
3.638741848210948149e+00 2.790843114447800755e+00
3.888315910732085268e+00 2.283051249390388726e+00
4.139052155837465996e+00 1.932376060686157970e+00
4.390305777018236988e+00 1.685392798803076131e+00
4.642172339120373081e+00 1.439864386762380155e+00
4.894678666149941293e+00 1.300845707627692027e+00
5.147269052361176378e+00 1.156510935363153525e+00
5.398003206656323272e+00 1.021894477978264826e+00
5.647798235368590269e+00 8.976315696182173287e-01
5.900534302989873581e+00 8.211593185111848436e-01
6.151460297009074374e+00 7.287027208543990220e-01
6.402630176204441526e+00 6.513529266491189240e-01
6.655964674748322096e+00 5.894768060936578236e-01
6.908782583105771202e+00 5.296834513405502820e-01
7.159060853508338873e+00 4.835598156502632916e-01
7.409414762591408632e+00 4.415399920657784305e-01
7.659227149364629561e+00 4.023084649649574240e-01
7.911559474606142395e+00 3.714556479224589980e-01
8.163750941790897997e+00 3.440520918782394855e-01
8.415757210439384295e+00 3.165897191884358697e-01
8.667638839289207198e+00 2.862845817993757147e-01
8.918801124864609520e+00 2.743920665813843196e-01
9.170480108345369530e+00 2.474597002525203149e-01
9.420566033467249412e+00 2.382840183860727434e-01
9.671642335271435797e+00 2.199930669875822253e-01
9.923426157758477473e+00 2.090501327692997069e-01
1.017396902749181820e+01 1.934717854716125618e-01
1.042533700753922155e+01 1.836999477554914495e-01
1.067702948358784276e+01 1.719369792738600078e-01
1.092969337256462303e+01 1.611397035964812208e-01
1.118211872033766419e+01 1.498090086638317608e-01
1.143346516925797296e+01 1.405975127612253128e-01
1.168350508557724687e+01 1.336285437436772194e-01
1.193379937775929100e+01 1.279171643197333785e-01
1.218553055762879112e+01 1.197993922686252655e-01
1.243711650801278878e+01 1.128777778613342803e-01
1.268867268647359303e+01 1.082466236398111764e-01
1.294075027177769144e+01 1.014347070463291617e-01
1.319267287020158363e+01 9.868727927981388315e-02
1.344470571782862756e+01 9.233417237177792003e-02
1.369480150283709641e+01 8.965807183498393507e-02
1.394591277066507828e+01 8.399541782058191075e-02
1.419764645764527167e+01 8.070666740902793235e-02
1.444766774168416212e+01 7.708971424963759200e-02
1.469906835825429070e+01 7.402700384831226166e-02
1.495059118111036511e+01 7.016097901664136716e-02
1.520261612590052991e+01 6.759975640131035690e-02
1.545415944503929495e+01 6.450086197181914560e-02
1.570456072545780124e+01 6.098697366111578699e-02
1.595705800128773966e+01 5.914430215622130949e-02
1.620829297830731619e+01 5.674182945035316505e-02
1.645966591028190962e+01 5.406459688711658107e-02
1.671125708846596325e+01 5.270618555258176768e-02
1.696160259490052624e+01 5.047880901252112945e-02
1.721370276108077135e+01 4.828441082325066191e-02
1.746543424102250341e+01 4.657998148592795706e-02
1.771598473288305442e+01 4.476799570727013622e-02
1.796653767411944003e+01 4.311085664730896633e-02
1.821765658501893270e+01 4.137469382209935098e-02
1.847053788120423334e+01 3.958634507953692067e-02
1.872257696809484173e+01 3.856077560048555564e-02
1.897394097105746269e+01 3.695069955281598401e-02
1.922542454726159988e+01 3.589090194598452965e-02
1.947607703355479103e+01 3.469033002623653217e-02
1.972678839839982601e+01 3.313604368512067938e-02
1.997802698857814363e+01 3.261114220585490525e-02
2.022863620534168660e+01 3.164103364164631838e-02
2.047969598507238231e+01 2.996272601539600941e-02
2.073250439107362553e+01 2.953289522781775769e-02
2.098435855211640089e+01 2.849335803263746900e-02
2.123502923393334640e+01 2.755076401531665609e-02
2.148629411178690773e+01 2.678290378016148082e-02
2.173831825513516591e+01 2.556560404279612647e-02
2.198972260956887226e+01 2.507287260035714893e-02
2.223974971000711420e+01 2.429227966136903241e-02
2.249141870643862973e+01 2.362614314967002860e-02
2.274404614890906373e+01 2.305358554861801704e-02
2.299521835768831579e+01 2.224861479354876131e-02
2.324620084136223852e+01 2.167604561518344033e-02
2.349757798664387209e+01 2.098696302295650212e-02
2.374870488118759937e+01 2.033793926169879737e-02
2.399988781917473091e+01 1.989689712454287621e-02
2.425071646049711305e+01 1.929981983068287596e-02
2.450187830577813841e+01 1.867689823125648005e-02
2.475391093216606109e+01 1.833519406352895204e-02
2.500524226975159792e+01 1.784764520507974711e-02
2.525610980153284402e+01 1.727221153237146201e-02
2.550801425092822328e+01 1.679855000691280256e-02
2.575943113325822864e+01 1.643527623503465707e-02
2.601074166866445125e+01 1.600673504382952445e-02
2.626234447079615464e+01 1.563554509024382352e-02
2.651347712943701751e+01 1.515751976436360837e-02
2.676474177984877656e+01 1.475142432871622347e-02
2.701628079430242479e+01 1.439746873394521891e-02
2.726734205837282232e+01 1.402721963105184669e-02
2.751837013544679422e+01 1.370915431243349865e-02
2.776937726815812724e+01 1.346281962573044055e-02
2.802070160973895341e+01 1.306436848763302405e-02
2.827249982643487058e+01 1.271711236925860376e-02
2.852407603869968966e+01 1.245419863258650367e-02
2.877567300468570721e+01 1.214605483863799920e-02
2.902733523039245256e+01 1.190033128982348823e-02
2.927861073083739996e+01 1.163957607555549112e-02
2.953003196193969160e+01 1.136528068729401875e-02
2.978106336846375157e+01 1.112329166368079478e-02
3.003148440777084716e+01 1.087379145344670624e-02
3.028303386126418673e+01 1.057056622616106729e-02
3.053456493440382857e+01 1.038629593339930254e-02
3.078585183944906944e+01 1.012348277660278517e-02
3.103757946070165730e+01 9.927538224011621393e-03
3.128931656795834826e+01 9.712521691477420463e-03
3.154125974608096428e+01 9.533166853329748044e-03
3.179158626791808828e+01 9.281152159684370739e-03
3.204196438636942190e+01 9.065436337576537537e-03
3.229344668057169798e+01 8.913183220679065169e-03
3.254489998018084407e+01 8.713241045315501393e-03
3.279660140319880668e+01 8.498429055811052013e-03
3.304772754686901237e+01 8.406373081512567499e-03
3.329949953441923327e+01 8.177902859534418381e-03
3.355173249539067371e+01 8.052085896601406459e-03
3.380235474142784824e+01 7.872442884782266878e-03
3.405292218889088218e+01 7.711772549699699372e-03
3.430455901572810262e+01 7.547942249504502321e-03
3.455605119154291316e+01 7.393507956176729491e-03
3.480708698418615654e+01 7.274903299348029970e-03
3.505823042281740243e+01 7.098243634397067604e-03
3.530983122122644602e+01 7.049970115547672146e-03
3.556111974160763367e+01 6.877320926160629226e-03
3.581195885960364933e+01 6.731611959078069758e-03
3.606348577968052638e+01 6.623124930936481747e-03
3.631495136683125935e+01 6.515608996132959095e-03
3.656646781331610185e+01 6.356840663259959862e-03
3.681800948534306173e+01 6.268042754036561200e-03
3.706942350460822411e+01 6.114008759337233485e-03
3.732119977997001570e+01 6.035462851353237158e-03
3.757249197135423202e+01 5.933786622068213702e-03
3.782324055213251057e+01 5.818872711744812500e-03
3.807430609684078604e+01 5.688081020445870904e-03
3.832526519371521090e+01 5.599857924920867945e-03
3.857704530181875668e+01 5.516510964323469678e-03
3.882896255048217427e+01 5.423807914863359655e-03
3.907976684424035341e+01 5.309575637618128841e-03
3.933085588900704010e+01 5.226135598426394184e-03
3.958184533965361140e+01 5.124505660970371870e-03
3.983320492881626507e+01 5.066770939639131215e-03
4.008506787586624398e+01 4.967184447782873637e-03
4.033569471078550350e+01 4.892331754430894256e-03
4.058701345074587863e+01 4.763756900632633642e-03
4.083916815834436420e+01 4.683406963723049481e-03
4.108978611092747713e+01 4.639605858650689384e-03
4.134119394692694271e+01 4.540224316725596961e-03
4.159372926482761557e+01 4.470293442664665523e-03
4.184480996230068683e+01 4.435949470456357693e-03
4.209495048714620680e+01 4.362764823777225999e-03
4.234568601474854432e+01 4.278834848146821461e-03
4.259794184898333214e+01 4.204165135480800349e-03
4.284922176444433717e+01 4.121230715747514241e-03
4.309982534096671003e+01 4.050423175740759663e-03
4.335153475414617930e+01 4.008941744821753993e-03
4.360374984514007224e+01 3.912582935416814706e-03
4.385432838732079830e+01 3.902536228647438942e-03
4.410529766549178277e+01 3.782696835816252035e-03
4.435675536456894008e+01 3.748704880519616693e-03
4.460756668584335927e+01 3.697076908930309585e-03
4.485812369927145937e+01 3.608083260028325471e-03
4.510933196139897206e+01 3.604763244069634272e-03
4.536097672816924131e+01 3.533046565490489694e-03
4.561261869099184452e+01 3.516291268028364208e-03
4.586346064304911607e+01 3.448997356224474484e-03
4.611435299895526185e+01 3.358913824232110778e-03
4.636610302009028572e+01 3.304005457066948141e-03
4.661726081402038346e+01 3.262104104167068679e-03
4.686748045926628237e+01 3.266740084004267700e-03
4.712001000143001761e+01 3.189729203301773508e-03
4.737334269293729960e+01 3.124417240856869598e-03
4.762357272554871912e+01 3.097740064078154110e-03
4.787295862859781437e+01 3.040218812634375503e-03
4.812686710231834297e+01 2.992434620699094532e-03
4.837988354528783930e+01 2.925460971436927814e-03
4.862698975964909209e+01 2.882185533953568208e-03
4.887931961662670233e+01 2.866769322904760570e-03
4.913512531690142282e+01 2.806660838844453852e-03
4.938486646957150583e+01 2.824598571051545673e-03
4.963073103205424985e+01 2.731139222097453325e-03
4.988316058859187763e+01 2.677366684577160618e-03
5.013927392651110893e+01 2.694702443483788529e-03
5.038898445289544270e+01 2.661648854332402964e-03
5.063791314200675941e+01 2.596933424094744619e-03
5.089234515763529032e+01 2.529480144231700117e-03
5.114529266359630810e+01 2.558774733823599747e-03
5.138952878242714206e+01 2.563389576744996064e-03
5.163945178601188246e+01 2.463716801299412583e-03
5.190206698624180603e+01 2.494478621590849165e-03
5.215590084722179398e+01 2.448854835991143373e-03
5.238680673191466042e+01 2.393737391387194303e-03
5.263532591009818873e+01 2.297050522905587887e-03
5.290823119436031874e+01 2.394113856665719929e-03
5.316882575050344428e+01 2.299565288195976574e-03
5.338513341050097694e+01 2.283236991736237956e-03
5.363212510227822349e+01 2.283024123266135397e-03
5.391615723351310407e+01 2.323267670676450094e-03
5.419187693011466678e+01 1.953200781823821383e-03
5.439722241285236493e+01 2.035294869471228514e-03
5.462806064877949552e+01 2.129125033613628749e-03
5.491241494336609463e+01 2.325752597789360922e-03
5.519421446932921782e+01 1.842229723489032054e-03
5.543046826972861396e+01 1.956121835421828839e-03
5.561137265256709128e+01 2.490754277669437328e-03
