3.559856489878782115e-01 6.475335189654502983e+02
6.031648866026231293e-01 2.011798412420991440e+02
8.579160745827347778e-01 9.354500286410262788e+01
1.113464310595710716e+00 4.705340471064709362e+01
1.374039914321364408e+00 2.807671229897469090e+01
1.619154704570298309e+00 2.073152038945516296e+01
1.870686673430271840e+00 1.363081036567687221e+01
2.123290040706380832e+00 1.064009532038681627e+01
2.378144976376236119e+00 7.722051768446219100e+00
2.630489925835516996e+00 5.948913150250521475e+00
2.878653162679494670e+00 4.869088754227387739e+00
3.131144366275339319e+00 3.822748736416426318e+00
3.388159578333816313e+00 3.394792585989301781e+00
3.638741848210948149e+00 2.827036392070708448e+00
3.888315910732085268e+00 2.411158441988722423e+00
4.139052155837465996e+00 2.011999035544990377e+00
4.390305777018236988e+00 1.626399359119704346e+00
4.642172339120373081e+00 1.488699030123788125e+00
4.894678666149941293e+00 1.305331112425632600e+00
5.147269052361176378e+00 1.115604109205873495e+00
5.398003206656323272e+00 9.972581889303967495e-01
5.647798235368590269e+00 9.152562429631573293e-01
5.900534302989873581e+00 7.801417505673682307e-01
6.151460297009074374e+00 7.184166177905856321e-01
6.402630176204441526e+00 6.392072992785199359e-01
6.655964674748322096e+00 5.798196403259899823e-01
6.908782583105771202e+00 5.306276991488059203e-01
7.159060853508338873e+00 4.803591136038868337e-01
7.409414762591408632e+00 4.483651937646083718e-01
7.659227149364629561e+00 4.114249976018151123e-01
7.911559474606142395e+00 3.800545644631113662e-01
8.163750941790897997e+00 3.496362454774942230e-01
8.415757210439384295e+00 3.229644502693699848e-01
8.667638839289207198e+00 2.912939860214771581e-01
8.918801124864609520e+00 2.700353506831433825e-01
9.170480108345369530e+00 2.581817568114987971e-01
9.420566033467249412e+00 2.401379194672087214e-01
9.671642335271435797e+00 2.212095800154702530e-01
9.923426157758477473e+00 2.102251151309464106e-01
1.017396902749181820e+01 1.930827408788491906e-01
1.042533700753922155e+01 1.820264354816842345e-01
1.067702948358784276e+01 1.723176229741290588e-01
1.092969337256462303e+01 1.621697223333912752e-01
1.118211872033766419e+01 1.497004026622459349e-01
1.143346516925797296e+01 1.420731373093118144e-01
1.168350508557724687e+01 1.362955207965974580e-01
1.193379937775929100e+01 1.271700971771876076e-01
1.218553055762879112e+01 1.214967302338263166e-01
1.243711650801278878e+01 1.140534044017340320e-01
1.268867268647359303e+01 1.078226185416204796e-01
1.294075027177769144e+01 1.045617774465784078e-01
1.319267287020158363e+01 9.754518565781185313e-02
1.344470571782862756e+01 9.333413198322622339e-02
1.369480150283709641e+01 8.854371796071582035e-02
1.394591277066507828e+01 8.535506382784391333e-02
1.419764645764527167e+01 8.037249691981844524e-02
1.444766774168416212e+01 7.802424621002822247e-02
1.469906835825429070e+01 7.329508468079656835e-02
1.495059118111036511e+01 7.042619568873785540e-02
1.520261612590052991e+01 6.714056958486888660e-02
1.545415944503929495e+01 6.439848818043203416e-02
1.570456072545780124e+01 6.189006488102779396e-02
1.595705800128773966e+01 5.894943852123581823e-02
1.620829297830731619e+01 5.753690344611712276e-02
1.645966591028190962e+01 5.440469960328539467e-02
1.671125708846596325e+01 5.272509572347034573e-02
1.696160259490052624e+01 5.013363406072317285e-02
1.721370276108077135e+01 4.780578090565922728e-02
1.746543424102250341e+01 4.617579574855142782e-02
1.771598473288305442e+01 4.545729493299150575e-02
1.796653767411944003e+01 4.260178122434587350e-02
1.821765658501893270e+01 4.166062591305330631e-02
1.847053788120423334e+01 3.989418763550962171e-02
1.872257696809484173e+01 3.867777772201314718e-02
1.897394097105746269e+01 3.712658815632789017e-02
1.922542454726159988e+01 3.582275549084913691e-02
1.947607703355479103e+01 3.455952965879668243e-02
1.972678839839982601e+01 3.359919990128538286e-02
1.997802698857814363e+01 3.244913400405989579e-02
2.022863620534168660e+01 3.109452113353764618e-02
2.047969598507238231e+01 3.011873956528355115e-02
2.073250439107362553e+01 2.924132066052246778e-02
2.098435855211640089e+01 2.828212355451604348e-02
2.123502923393334640e+01 2.748334102293773645e-02
2.148629411178690773e+01 2.664072346174829395e-02
2.173831825513516591e+01 2.581726233814400986e-02
2.198972260956887226e+01 2.507878662019480051e-02
2.223974971000711420e+01 2.429414399333588992e-02
2.249141870643862973e+01 2.365517064362175279e-02
2.274404614890906373e+01 2.308649390693940165e-02
2.299521835768831579e+01 2.233334098366247453e-02
2.324620084136223852e+01 2.158824663501820659e-02
2.349757798664387209e+01 2.113315509187681240e-02
2.374870488118759937e+01 2.022554761566226766e-02
2.399988781917473091e+01 1.994320553354962666e-02
2.425071646049711305e+01 1.934892305736551563e-02
2.450187830577813841e+01 1.885860360809939532e-02
2.475391093216606109e+01 1.831033580508990496e-02
2.500524226975159792e+01 1.776505479324648820e-02
2.525610980153284402e+01 1.735461440368305658e-02
2.550801425092822328e+01 1.686721833354190569e-02
2.575943113325822864e+01 1.635124379967037994e-02
2.601074166866445125e+01 1.592870519030098117e-02
2.626234447079615464e+01 1.550759593976387338e-02
2.651347712943701751e+01 1.514159408891192077e-02
2.676474177984877656e+01 1.473036412390632544e-02
2.701628079430242479e+01 1.438267737391218763e-02
2.726734205837282232e+01 1.399774774793537992e-02
2.751837013544679422e+01 1.379514849879391256e-02
2.776937726815812724e+01 1.338134065320483769e-02
2.802070160973895341e+01 1.302322890120041418e-02
2.827249982643487058e+01 1.268942763410483947e-02
2.852407603869968966e+01 1.242339950924526912e-02
2.877567300468570721e+01 1.217998626739686015e-02
2.902733523039245256e+01 1.190941871206912042e-02
2.927861073083739996e+01 1.155245855033230386e-02
2.953003196193969160e+01 1.131514708841225604e-02
2.978106336846375157e+01 1.102783669015898124e-02
3.003148440777084716e+01 1.088460172760196028e-02
3.028303386126418673e+01 1.059023015941652074e-02
3.053456493440382857e+01 1.037417798650777830e-02
3.078585183944906944e+01 1.012340212820441419e-02
3.103757946070165730e+01 9.901370967576313825e-03
3.128931656795834826e+01 9.752535443930171813e-03
3.154125974608096428e+01 9.519354963922420018e-03
3.179158626791808828e+01 9.287635729565549281e-03
3.204196438636942190e+01 9.168392134869939036e-03
3.229344668057169798e+01 8.927483764653252121e-03
3.254489998018084407e+01 8.749502812576651078e-03
3.279660140319880668e+01 8.543778730334508284e-03
3.304772754686901237e+01 8.399306158828586180e-03
3.329949953441923327e+01 8.245821852669433724e-03
3.355173249539067371e+01 8.072916907256883629e-03
3.380235474142784824e+01 7.906375852169682250e-03
3.405292218889088218e+01 7.725274960390954120e-03
3.430455901572810262e+01 7.576272504247441759e-03
3.455605119154291316e+01 7.465436386715164872e-03
3.480708698418615654e+01 7.231926963698221550e-03
3.505823042281740243e+01 7.184635134629233089e-03
3.530983122122644602e+01 6.971964774273494911e-03
3.556111974160763367e+01 6.893442907210211960e-03
3.581195885960364933e+01 6.726916302445683400e-03
3.606348577968052638e+01 6.587413872026169452e-03
3.631495136683125935e+01 6.498014639024826851e-03
3.656646781331610185e+01 6.329233151459966178e-03
3.681800948534306173e+01 6.267779119316297526e-03
3.706942350460822411e+01 6.149068719154830893e-03
3.732119977997001570e+01 6.055409776043855358e-03
3.757249197135423202e+01 5.888990472471418089e-03
3.782324055213251057e+01 5.793406986826911062e-03
3.807430609684078604e+01 5.698600815053245228e-03
3.832526519371521090e+01 5.646706673729569997e-03
3.857704530181875668e+01 5.528316012731532107e-03
3.882896255048217427e+01 5.442623489556220814e-03
3.907976684424035341e+01 5.279065489486163727e-03
3.933085588900704010e+01 5.255156675601921172e-03
3.958184533965361140e+01 5.136389550878144201e-03
3.983320492881626507e+01 5.006596179923630992e-03
4.008506787586624398e+01 4.957692474412857611e-03
4.033569471078550350e+01 4.901426086589128622e-03
4.058701345074587863e+01 4.751226729973438354e-03
4.083916815834436420e+01 4.729693320624481050e-03
4.108978611092747713e+01 4.625991879575911542e-03
4.134119394692694271e+01 4.553067014847861707e-03
4.159372926482761557e+01 4.464110646140903235e-03
4.184480996230068683e+01 4.413431008514674854e-03
4.209495048714620680e+01 4.341414116065344005e-03
4.234568601474854432e+01 4.275908831535847263e-03
4.259794184898333214e+01 4.214291429069474612e-03
4.284922176444433717e+01 4.137615736295350947e-03
4.309982534096671003e+01 4.066065661036667896e-03
4.335153475414617930e+01 4.016518544304626716e-03
4.360374984514007224e+01 3.961522446742117565e-03
4.385432838732079830e+01 3.863842583766235583e-03
4.410529766549178277e+01 3.790978023208973341e-03
4.435675536456894008e+01 3.788215800881705730e-03
4.460756668584335927e+01 3.707982188600789791e-03
4.485812369927145937e+01 3.660054600454892663e-03
4.510933196139897206e+01 3.600925915745405333e-03
4.536097672816924131e+01 3.530816890979957337e-03
4.561261869099184452e+01 3.501052122068941050e-03
4.586346064304911607e+01 3.433928984829340194e-03
4.611435299895526185e+01 3.375203373067526755e-03
4.636610302009028572e+01 3.345912820213287845e-03
4.661726081402038346e+01 3.309281255137931036e-03
4.686748045926628237e+01 3.222734282069660700e-03
4.712001000143001761e+01 3.138161792851027008e-03
4.737334269293729960e+01 3.138210395255857342e-03
4.762357272554871912e+01 3.084728448361050233e-03
4.787295862859781437e+01 3.009454168665698110e-03
4.812686710231834297e+01 2.988307978533663763e-03
4.837988354528783930e+01 2.968107041660556725e-03
4.862698975964909209e+01 2.927434419112472184e-03
4.887931961662670233e+01 2.913929061784016269e-03
4.913512531690142282e+01 2.903332450679915484e-03
4.938486646957150583e+01 2.815220680761442232e-03
4.963073103205424985e+01 2.760753879542078831e-03
4.988316058859187763e+01 2.749387740284941692e-03
5.013927392651110893e+01 2.768442493781709830e-03
5.038898445289544270e+01 2.683007570446911336e-03
5.063791314200675941e+01 2.590013962627695822e-03
5.089234515763529032e+01 2.534328017793119163e-03
5.114529266359630810e+01 2.539907006438504779e-03
5.138952878242714206e+01 2.500508166092057886e-03
5.163945178601188246e+01 2.517819943934452871e-03
5.190206698624180603e+01 2.448644940044619224e-03
5.215590084722179398e+01 2.388982307687519558e-03
5.238680673191466042e+01 2.391251768686953119e-03
5.263532591009818873e+01 2.297949945369908310e-03
5.290823119436031874e+01 2.359333366298556941e-03
5.316882575050344428e+01 2.207863304807590639e-03
5.338513341050097694e+01 2.261200152184889359e-03
5.363212510227822349e+01 2.146019977153813037e-03
5.391615723351310407e+01 2.006530119402192853e-03
5.419187693011466678e+01 2.029556232763629620e-03
5.439722241285236493e+01 2.284454131505459298e-03
5.462806064877949552e+01 2.121289449902856016e-03
5.491241494336609463e+01 1.778530558159200454e-03
5.519421446932921782e+01 1.939658758217816361e-03
5.543046826972861396e+01 2.069787685427666463e-03
5.561137265256709128e+01 1.990901880717830478e-03
