3.559856489878782115e-01 7.294350239525800816e+02
6.031648866026231293e-01 2.659260988851930279e+02
8.579160745827347778e-01 7.422094755977414593e+01
1.113464310595710716e+00 4.438782422096875280e+01
1.374039914321364408e+00 3.626006370841903248e+01
1.619154704570298309e+00 2.023969871830392009e+01
1.870686673430271840e+00 1.597566363955033175e+01
2.123290040706380832e+00 1.144196420512921009e+01
2.378144976376236119e+00 7.789436404929047875e+00
2.630489925835516996e+00 6.364008597315902627e+00
2.878653162679494670e+00 4.756484445239951953e+00
3.131144366275339319e+00 3.813344023583838727e+00
3.388159578333816313e+00 3.235698727181228751e+00
3.638741848210948149e+00 2.697164302354666976e+00
3.888315910732085268e+00 2.362778721080653455e+00
4.139052155837465996e+00 2.037082066679316128e+00
4.390305777018236988e+00 1.763597700601427398e+00
4.642172339120373081e+00 1.451768670511148995e+00
4.894678666149941293e+00 1.310322979490572637e+00
5.147269052361176378e+00 1.123330486267168249e+00
5.398003206656323272e+00 9.814646236630357734e-01
5.647798235368590269e+00 9.101754912560161559e-01
5.900534302989873581e+00 7.856196220310092126e-01
6.151460297009074374e+00 7.266373722850174577e-01
6.402630176204441526e+00 6.394641663490915340e-01
6.655964674748322096e+00 5.663387670197910229e-01
6.908782583105771202e+00 5.321723886303755258e-01
7.159060853508338873e+00 4.842990883286148462e-01
7.409414762591408632e+00 4.473207982353374357e-01
7.659227149364629561e+00 4.029325461450297685e-01
7.911559474606142395e+00 3.714779689757399805e-01
8.163750941790897997e+00 3.454995036189136282e-01
8.415757210439384295e+00 3.162725801744227239e-01
8.667638839289207198e+00 3.022991054617752416e-01
8.918801124864609520e+00 2.729745943872998737e-01
9.170480108345369530e+00 2.556458575710660597e-01
9.420566033467249412e+00 2.365942827752335331e-01
9.671642335271435797e+00 2.228619692955931819e-01
9.923426157758477473e+00 2.085336388792818907e-01
1.017396902749181820e+01 1.963855989726172036e-01
1.042533700753922155e+01 1.812709177960040441e-01
1.067702948358784276e+01 1.709130029374620607e-01
1.092969337256462303e+01 1.634159220649308575e-01
1.118211872033766419e+01 1.503769320719613167e-01
1.143346516925797296e+01 1.421674403512763196e-01
1.168350508557724687e+01 1.343542279401764850e-01
1.193379937775929100e+01 1.290818660115876093e-01
1.218553055762879112e+01 1.186080415201988675e-01
1.243711650801278878e+01 1.145541661809224010e-01
1.268867268647359303e+01 1.079885278357565342e-01
1.294075027177769144e+01 1.023096188903699494e-01
1.319267287020158363e+01 9.786022634212428184e-02
1.344470571782862756e+01 9.335762564717238476e-02
1.369480150283709641e+01 8.927336131503800509e-02
1.394591277066507828e+01 8.390926791498366788e-02
1.419764645764527167e+01 8.101192478271132535e-02
1.444766774168416212e+01 7.681237923243632026e-02
1.469906835825429070e+01 7.431423641956441672e-02
1.495059118111036511e+01 6.976869117197810610e-02
1.520261612590052991e+01 6.687691008933406567e-02
1.545415944503929495e+01 6.432586924669528305e-02
1.570456072545780124e+01 6.129861288976393846e-02
1.595705800128773966e+01 5.943839657718855141e-02
1.620829297830731619e+01 5.664173147651543200e-02
1.645966591028190962e+01 5.463510638897867838e-02
1.671125708846596325e+01 5.228209634715118292e-02
1.696160259490052624e+01 5.010989570529967435e-02
1.721370276108077135e+01 4.835579534287174491e-02
1.746543424102250341e+01 4.627398618617016568e-02
1.771598473288305442e+01 4.435313905215530761e-02
1.796653767411944003e+01 4.299131468020250813e-02
1.821765658501893270e+01 4.158841056730312735e-02
1.847053788120423334e+01 4.024413518378338467e-02
1.872257696809484173e+01 3.855551577401965940e-02
1.897394097105746269e+01 3.713905017682819776e-02
1.922542454726159988e+01 3.641106204851227851e-02
1.947607703355479103e+01 3.466286386609029879e-02
1.972678839839982601e+01 3.371952884165085873e-02
1.997802698857814363e+01 3.248163798040108047e-02
2.022863620534168660e+01 3.130303220983015472e-02
2.047969598507238231e+01 3.033953976886376996e-02
2.073250439107362553e+01 2.951702364572877935e-02
2.098435855211640089e+01 2.830760200198354642e-02
2.123502923393334640e+01 2.740237996261068315e-02
2.148629411178690773e+01 2.657795254898070655e-02
2.173831825513516591e+01 2.569952562696659754e-02
2.198972260956887226e+01 2.507929101694097301e-02
2.223974971000711420e+01 2.416793027731738500e-02
2.249141870643862973e+01 2.365208474485692297e-02
2.274404614890906373e+01 2.302667556380221664e-02
2.299521835768831579e+01 2.209801177538048972e-02
2.324620084136223852e+01 2.169297734543216769e-02
2.349757798664387209e+01 2.097771290727880322e-02
2.374870488118759937e+01 2.029982767731793730e-02
2.399988781917473091e+01 1.983697465891984604e-02
2.425071646049711305e+01 1.931625608552273513e-02
2.450187830577813841e+01 1.877224436383343950e-02
2.475391093216606109e+01 1.820690565353570364e-02
2.500524226975159792e+01 1.781692534482393411e-02
2.525610980153284402e+01 1.733612288088181089e-02
2.550801425092822328e+01 1.687776163351206032e-02
2.575943113325822864e+01 1.639539347564291510e-02
2.601074166866445125e+01 1.596245593100271282e-02
2.626234447079615464e+01 1.551297059278463134e-02
2.651347712943701751e+01 1.521580929798744923e-02
2.676474177984877656e+01 1.482743819650212541e-02
2.701628079430242479e+01 1.448501960959721301e-02
2.726734205837282232e+01 1.402230642843040748e-02
2.751837013544679422e+01 1.375546591329919813e-02
2.776937726815812724e+01 1.347278445655617982e-02
2.802070160973895341e+01 1.316409882662726051e-02
2.827249982643487058e+01 1.276333307049153619e-02
2.852407603869968966e+01 1.235639804604660684e-02
2.877567300468570721e+01 1.221420963708102700e-02
2.902733523039245256e+01 1.187731528110949446e-02
2.927861073083739996e+01 1.161475439569705122e-02
2.953003196193969160e+01 1.137899170955439590e-02
2.978106336846375157e+01 1.112256046647407473e-02
3.003148440777084716e+01 1.084452008458967713e-02
3.028303386126418673e+01 1.060543033644977332e-02
3.053456493440382857e+01 1.037300464607672154e-02
3.078585183944906944e+01 1.011155311466099826e-02
3.103757946070165730e+01 9.916166529637291185e-03
3.128931656795834826e+01 9.777338996830942444e-03
3.154125974608096428e+01 9.462041211998228896e-03
3.179158626791808828e+01 9.327213861653155941e-03
3.204196438636942190e+01 9.107229519883217744e-03
3.229344668057169798e+01 8.934543295650345870e-03
3.254489998018084407e+01 8.722544037011472490e-03
3.279660140319880668e+01 8.521728226716001123e-03
3.304772754686901237e+01 8.375418003744149881e-03
3.329949953441923327e+01 8.182059157517310166e-03
3.355173249539067371e+01 8.028913061172869223e-03
3.380235474142784824e+01 7.882796858339941731e-03
3.405292218889088218e+01 7.715934245637281162e-03
3.430455901572810262e+01 7.558504464421344875e-03
3.455605119154291316e+01 7.413698098989813558e-03
3.480708698418615654e+01 7.271797496083419986e-03
3.505823042281740243e+01 7.158148812754875148e-03
3.530983122122644602e+01 6.996035312141052863e-03
3.556111974160763367e+01 6.891805160773393710e-03
3.581195885960364933e+01 6.681023716611358271e-03
3.606348577968052638e+01 6.613283506717983727e-03
3.631495136683125935e+01 6.471082351908995396e-03
3.656646781331610185e+01 6.340600761873269389e-03
3.681800948534306173e+01 6.294486137919740910e-03
3.706942350460822411e+01 6.128753289281839607e-03
3.732119977997001570e+01 6.037014584546800122e-03
3.757249197135423202e+01 5.934440891745326914e-03
3.782324055213251057e+01 5.765630962591364143e-03
3.807430609684078604e+01 5.679650433465760311e-03
3.832526519371521090e+01 5.581254684963376719e-03
3.857704530181875668e+01 5.507118129333223033e-03
3.882896255048217427e+01 5.400312995124486280e-03
3.907976684424035341e+01 5.301568158177521854e-03
3.933085588900704010e+01 5.220073288113443247e-03
3.958184533965361140e+01 5.093915280270398110e-03
3.983320492881626507e+01 5.061594546950684385e-03
4.008506787586624398e+01 4.940031309361242462e-03
4.033569471078550350e+01 4.874924175542403627e-03
4.058701345074587863e+01 4.808672698432454179e-03
4.083916815834436420e+01 4.717557423586547609e-03
4.108978611092747713e+01 4.633748846378697196e-03
4.134119394692694271e+01 4.570728667587868263e-03
4.159372926482761557e+01 4.484877676623815097e-03
4.184480996230068683e+01 4.406596085497266856e-03
4.209495048714620680e+01 4.307060175721542060e-03
4.234568601474854432e+01 4.228522963757257343e-03
4.259794184898333214e+01 4.176979044247060811e-03
4.284922176444433717e+01 4.131686876511016411e-03
4.309982534096671003e+01 4.107955542668055397e-03
4.335153475414617930e+01 3.997408264193880352e-03
4.360374984514007224e+01 3.947228523472629501e-03
4.385432838732079830e+01 3.853599230963563899e-03
4.410529766549178277e+01 3.825293801795581327e-03
4.435675536456894008e+01 3.744989044372741809e-03
4.460756668584335927e+01 3.736253655363469799e-03
4.485812369927145937e+01 3.629073306706011737e-03
4.510933196139897206e+01 3.593065718862224409e-03
4.536097672816924131e+01 3.567225498310551499e-03
4.561261869099184452e+01 3.487247292564423819e-03
4.586346064304911607e+01 3.440647736482831988e-03
4.611435299895526185e+01 3.405916364907538366e-03
4.636610302009028572e+01 3.289361674019029153e-03
4.661726081402038346e+01 3.310646321179435032e-03
4.686748045926628237e+01 3.257334972840647200e-03
4.712001000143001761e+01 3.177648367115168924e-03
4.737334269293729960e+01 3.172982533894471140e-03
4.762357272554871912e+01 3.117905866447241020e-03
4.787295862859781437e+01 3.034956317136663830e-03
4.812686710231834297e+01 3.017659306380956422e-03
4.837988354528783930e+01 3.023742447615068545e-03
4.862698975964909209e+01 2.928186528169542547e-03
4.887931961662670233e+01 2.839984775219015108e-03
4.913512531690142282e+01 2.822502513843865198e-03
4.938486646957150583e+01 2.815103526199195551e-03
4.963073103205424985e+01 2.744047946158540297e-03
4.988316058859187763e+01 2.700764839455116126e-03
5.013927392651110893e+01 2.727891191585322776e-03
5.038898445289544270e+01 2.672692404308857177e-03
5.063791314200675941e+01 2.608068943255176502e-03
5.089234515763529032e+01 2.552455060314862394e-03
5.114529266359630810e+01 2.551537123305904105e-03
5.138952878242714206e+01 2.469310806701058552e-03
5.163945178601188246e+01 2.558264328427105588e-03
5.190206698624180603e+01 2.417034721795221011e-03
5.215590084722179398e+01 2.447953605275729819e-03
5.238680673191466042e+01 2.460557215752725950e-03
5.263532591009818873e+01 2.381217803528309571e-03
5.290823119436031874e+01 2.283490512107297973e-03
5.316882575050344428e+01 2.299722135687945826e-03
5.338513341050097694e+01 2.414329930595669749e-03
5.363212510227822349e+01 2.213305266385956743e-03
5.391615723351310407e+01 2.081439756275719598e-03
5.419187693011466678e+01 2.180017470750611908e-03
5.439722241285236493e+01 1.955025861304833003e-03
5.462806064877949552e+01 2.257387494834730071e-03
5.491241494336609463e+01 2.133459884820638076e-03
5.519421446932921782e+01 1.692115528467256179e-03
5.543046826972861396e+01 4.242792802505759332e-03
5.561137265256709128e+01 1.027479638946311854e-03
