3.559856489878782115e-01 5.416361142846648136e+02
6.031648866026231293e-01 1.992579111972389398e+02
8.579160745827347778e-01 9.862794804858278042e+01
1.113464310595710716e+00 5.580698338469495212e+01
1.374039914321364408e+00 2.842571358317235664e+01
1.619154704570298309e+00 1.815927272581915730e+01
1.870686673430271840e+00 1.305856777170325600e+01
2.123290040706380832e+00 1.019375789261807697e+01
2.378144976376236119e+00 7.973960915308319741e+00
2.630489925835516996e+00 6.332659180212028893e+00
2.878653162679494670e+00 4.977425435259134723e+00
3.131144366275339319e+00 4.113953414134003950e+00
3.388159578333816313e+00 3.296540021917656382e+00
3.638741848210948149e+00 2.839539568838713723e+00
3.888315910732085268e+00 2.310992798944005333e+00
4.139052155837465996e+00 1.907472764453236547e+00
4.390305777018236988e+00 1.658698963188339537e+00
4.642172339120373081e+00 1.499700168446995052e+00
4.894678666149941293e+00 1.291119426566269546e+00
5.147269052361176378e+00 1.131253055798340901e+00
5.398003206656323272e+00 9.890640373830980048e-01
5.647798235368590269e+00 9.069819176719345899e-01
5.900534302989873581e+00 8.231436842842153601e-01
6.151460297009074374e+00 7.086749262162281848e-01
6.402630176204441526e+00 6.560647977588994761e-01
6.655964674748322096e+00 5.783665823370892634e-01
6.908782583105771202e+00 5.338554016627602428e-01
7.159060853508338873e+00 4.834017409232588824e-01
7.409414762591408632e+00 4.384722443095264155e-01
7.659227149364629561e+00 4.080441098102997599e-01
7.911559474606142395e+00 3.839213736789349185e-01
8.163750941790897997e+00 3.475956569363375381e-01
8.415757210439384295e+00 3.183462712100677550e-01
8.667638839289207198e+00 2.949639116272129713e-01
8.918801124864609520e+00 2.796710257072443917e-01
9.170480108345369530e+00 2.481571354689069697e-01
9.420566033467249412e+00 2.384919894366090420e-01
9.671642335271435797e+00 2.239450832946205672e-01
9.923426157758477473e+00 2.050616000320621690e-01
1.017396902749181820e+01 1.973243881145217982e-01
1.042533700753922155e+01 1.827413921295775179e-01
1.067702948358784276e+01 1.736167966779465777e-01
1.092969337256462303e+01 1.625401678050564791e-01
1.118211872033766419e+01 1.521443220573930610e-01
1.143346516925797296e+01 1.414557246223286102e-01
1.168350508557724687e+01 1.338340788292771144e-01
1.193379937775929100e+01 1.267823867494403123e-01
1.218553055762879112e+01 1.216807246023286215e-01
1.243711650801278878e+01 1.150696056717002286e-01
1.268867268647359303e+01 1.097230571337476923e-01
1.294075027177769144e+01 1.037510348680018846e-01
1.319267287020158363e+01 9.811936672107927915e-02
1.344470571782862756e+01 9.323461129465618336e-02
1.369480150283709641e+01 8.754040668090763699e-02
1.394591277066507828e+01 8.486081438626676132e-02
1.419764645764527167e+01 8.001829396260277949e-02
1.444766774168416212e+01 7.585175265257422528e-02
1.469906835825429070e+01 7.346332589875663455e-02
1.495059118111036511e+01 7.052154358578889559e-02
1.520261612590052991e+01 6.738679100669547894e-02
1.545415944503929495e+01 6.463679383653224420e-02
1.570456072545780124e+01 6.176848341940281012e-02
1.595705800128773966e+01 5.868329981883992769e-02
1.620829297830731619e+01 5.628942273646318079e-02
1.645966591028190962e+01 5.411500049743488833e-02
1.671125708846596325e+01 5.217396508202371691e-02
1.696160259490052624e+01 4.996942637479302035e-02
1.721370276108077135e+01 4.861468537467945883e-02
1.746543424102250341e+01 4.665566496206859787e-02
1.771598473288305442e+01 4.466765860590491549e-02
1.796653767411944003e+01 4.282728390857826195e-02
1.821765658501893270e+01 4.183016163436292789e-02
1.847053788120423334e+01 4.010032247023034846e-02
1.872257696809484173e+01 3.842586971739707369e-02
1.897394097105746269e+01 3.720216732739275306e-02
1.922542454726159988e+01 3.576419694811669436e-02
1.947607703355479103e+01 3.438438486816790263e-02
1.972678839839982601e+01 3.351649228367427347e-02
1.997802698857814363e+01 3.233024104965259021e-02
2.022863620534168660e+01 3.150179039908919398e-02
2.047969598507238231e+01 3.040292578691896133e-02
2.073250439107362553e+01 2.904603149571410511e-02
2.098435855211640089e+01 2.834639497199896788e-02
2.123502923393334640e+01 2.751720278789272431e-02
2.148629411178690773e+01 2.659326723848363938e-02
2.173831825513516591e+01 2.592042128835989750e-02
2.198972260956887226e+01 2.478479417508821711e-02
2.223974971000711420e+01 2.429535903629851876e-02
2.249141870643862973e+01 2.355392793458525869e-02
2.274404614890906373e+01 2.299277591806283064e-02
2.299521835768831579e+01 2.217038124213558184e-02
2.324620084136223852e+01 2.162621646231199443e-02
2.349757798664387209e+01 2.115743333931073902e-02
2.374870488118759937e+01 2.036453418295333662e-02
2.399988781917473091e+01 1.978390928712931221e-02
2.425071646049711305e+01 1.936045958822368851e-02
2.450187830577813841e+01 1.874744582268829396e-02
2.475391093216606109e+01 1.805499461422173033e-02
2.500524226975159792e+01 1.773506757147204349e-02
2.525610980153284402e+01 1.721733189670249589e-02
2.550801425092822328e+01 1.677169287541359355e-02
2.575943113325822864e+01 1.646275318975016014e-02
2.601074166866445125e+01 1.589580840585012866e-02
2.626234447079615464e+01 1.555155491506676584e-02
2.651347712943701751e+01 1.520135183121365877e-02
2.676474177984877656e+01 1.489567982516326952e-02
2.701628079430242479e+01 1.439048750247920797e-02
2.726734205837282232e+01 1.399905651012724010e-02
2.751837013544679422e+01 1.373491733985371041e-02
2.776937726815812724e+01 1.344015213044135945e-02
2.802070160973895341e+01 1.309962572652157917e-02
2.827249982643487058e+01 1.275328171613717733e-02
2.852407603869968966e+01 1.247095681931982038e-02
2.877567300468570721e+01 1.214255812426823407e-02
2.902733523039245256e+01 1.189775038116114639e-02
2.927861073083739996e+01 1.161172361543625492e-02
2.953003196193969160e+01 1.133521285435949537e-02
2.978106336846375157e+01 1.111305671386273938e-02
3.003148440777084716e+01 1.084484453768714760e-02
3.028303386126418673e+01 1.066113319037540266e-02
3.053456493440382857e+01 1.039324667414443827e-02
3.078585183944906944e+01 1.012708725219421506e-02
3.103757946070165730e+01 9.962544987765503332e-03
3.128931656795834826e+01 9.679602578617057737e-03
3.154125974608096428e+01 9.446570624713313685e-03
3.179158626791808828e+01 9.267301582977829563e-03
3.204196438636942190e+01 9.091974910160364673e-03
3.229344668057169798e+01 8.913775921317210540e-03
3.254489998018084407e+01 8.698109468051492404e-03
3.279660140319880668e+01 8.578972371762546775e-03
3.304772754686901237e+01 8.307397602853081042e-03
3.329949953441923327e+01 8.181572502303060060e-03
3.355173249539067371e+01 8.021385960477028440e-03
3.380235474142784824e+01 7.884553149261808516e-03
3.405292218889088218e+01 7.734767966892916458e-03
3.430455901572810262e+01 7.570991658707495672e-03
3.455605119154291316e+01 7.421960090696238729e-03
3.480708698418615654e+01 7.270622292895651331e-03
3.505823042281740243e+01 7.144227295699236320e-03
3.530983122122644602e+01 6.996456027769765509e-03
3.556111974160763367e+01 6.836558188782565493e-03
3.581195885960364933e+01 6.740620804919314479e-03
3.606348577968052638e+01 6.612271963055826353e-03
3.631495136683125935e+01 6.472906223710605221e-03
3.656646781331610185e+01 6.382549850140357799e-03
3.681800948534306173e+01 6.256058649471185271e-03
3.706942350460822411e+01 6.141617596700520848e-03
3.732119977997001570e+01 6.016830357182024330e-03
3.757249197135423202e+01 5.877054108239403163e-03
3.782324055213251057e+01 5.787781055080471956e-03
3.807430609684078604e+01 5.700578245944736347e-03
3.832526519371521090e+01 5.608646658447851915e-03
3.857704530181875668e+01 5.488771748757056285e-03
3.882896255048217427e+01 5.385275408296252841e-03
3.907976684424035341e+01 5.302830882035450451e-03
3.933085588900704010e+01 5.196147358543292197e-03
3.958184533965361140e+01 5.115740886283469922e-03
3.983320492881626507e+01 5.041367742792418442e-03
4.008506787586624398e+01 4.949855530726761550e-03
4.033569471078550350e+01 4.904110948424205210e-03
4.058701345074587863e+01 4.799367047560190724e-03
4.083916815834436420e+01 4.715758720070586940e-03
4.108978611092747713e+01 4.624296491609374699e-03
4.134119394692694271e+01 4.533063161085443098e-03
4.159372926482761557e+01 4.455344176435572720e-03
4.184480996230068683e+01 4.414496267337838023e-03
4.209495048714620680e+01 4.341112125128047082e-03
4.234568601474854432e+01 4.238881688779529838e-03
4.259794184898333214e+01 4.205081000936674619e-03
4.284922176444433717e+01 4.137043015866647376e-03
4.309982534096671003e+01 4.060445987374407262e-03
4.335153475414617930e+01 4.014501792528060720e-03
4.360374984514007224e+01 3.952287807974193268e-03
4.385432838732079830e+01 3.912271218133360484e-03
4.410529766549178277e+01 3.839406396071308198e-03
4.435675536456894008e+01 3.773488280470150332e-03
4.460756668584335927e+01 3.706102624387544453e-03
4.485812369927145937e+01 3.637488270359672503e-03
4.510933196139897206e+01 3.632029838785772336e-03
4.536097672816924131e+01 3.562363116924773063e-03
4.561261869099184452e+01 3.492842419902012809e-03
4.586346064304911607e+01 3.398156638671141413e-03
4.611435299895526185e+01 3.374501012674305852e-03
4.636610302009028572e+01 3.346255900477239451e-03
4.661726081402038346e+01 3.264219686543676571e-03
4.686748045926628237e+01 3.235416997760491489e-03
4.712001000143001761e+01 3.174476934097134571e-03
4.737334269293729960e+01 3.145856419280287398e-03
4.762357272554871912e+01 3.134538242616394504e-03
4.787295862859781437e+01 3.111910511470347696e-03
4.812686710231834297e+01 3.026686416476362298e-03
4.837988354528783930e+01 3.013207929114124130e-03
4.862698975964909209e+01 2.922684496728957925e-03
4.887931961662670233e+01 2.874142515237408397e-03
4.913512531690142282e+01 2.784986831447187720e-03
4.938486646957150583e+01 2.770386637128116874e-03
4.963073103205424985e+01 2.811877511572205123e-03
4.988316058859187763e+01 2.742864670576941437e-03
5.013927392651110893e+01 2.704504670308170884e-03
5.038898445289544270e+01 2.660210527135018887e-03
5.063791314200675941e+01 2.665136954960803817e-03
5.089234515763529032e+01 2.610521648894669530e-03
5.114529266359630810e+01 2.553940631693679773e-03
5.138952878242714206e+01 2.593497041512739156e-03
5.163945178601188246e+01 2.521949255202612407e-03
5.190206698624180603e+01 2.406597594126016950e-03
5.215590084722179398e+01 2.403953492721945182e-03
5.238680673191466042e+01 2.463466938428541565e-03
5.263532591009818873e+01 2.379830548804011663e-03
5.290823119436031874e+01 2.269941204603464525e-03
5.316882575050344428e+01 2.255656227542139625e-03
5.338513341050097694e+01 2.409593732469104705e-03
5.363212510227822349e+01 2.263742200624002231e-03
5.391615723351310407e+01 2.228210469375857625e-03
5.419187693011466678e+01 2.082772896588121116e-03
5.439722241285236493e+01 2.008438536639497573e-03
5.462806064877949552e+01 2.191164564617211277e-03
5.491241494336609463e+01 2.559725131732536879e-03
5.519421446932921782e+01 1.919246323057693980e-03
5.543046826972861396e+01 2.082131957412761136e-03
5.561137265256709128e+01 1.464334977244627529e-03
