3.559856489878782115e-01 5.487931938010638078e+02
6.031648866026231293e-01 1.998857407014690466e+02
8.579160745827347778e-01 9.191896921949219745e+01
1.113464310595710716e+00 5.393830193344829382e+01
1.374039914321364408e+00 2.877410455089128405e+01
1.619154704570298309e+00 2.020415296925262538e+01
1.870686673430271840e+00 1.351941219520023374e+01
2.123290040706380832e+00 1.082455755988146606e+01
2.378144976376236119e+00 7.610876257159201685e+00
2.630489925835516996e+00 6.795808786259060597e+00
2.878653162679494670e+00 5.067210565423200030e+00
3.131144366275339319e+00 3.842585549712540516e+00
3.388159578333816313e+00 3.217142998323744951e+00
3.638741848210948149e+00 2.634283796604374839e+00
3.888315910732085268e+00 2.262739710922856418e+00
4.139052155837465996e+00 2.020350185261967635e+00
4.390305777018236988e+00 1.711568727120832190e+00
4.642172339120373081e+00 1.402145596061373345e+00
4.894678666149941293e+00 1.263855289741789845e+00
5.147269052361176378e+00 1.128373688241940176e+00
5.398003206656323272e+00 9.811138165659674115e-01
5.647798235368590269e+00 9.128555090006167383e-01
5.900534302989873581e+00 7.979097989261429991e-01
6.151460297009074374e+00 7.129905413629974431e-01
6.402630176204441526e+00 6.545414490734238200e-01
6.655964674748322096e+00 5.869955128998981531e-01
6.908782583105771202e+00 5.203695784035892169e-01
7.159060853508338873e+00 4.860921722695430991e-01
7.409414762591408632e+00 4.420725036768861638e-01
7.659227149364629561e+00 4.057421289466963121e-01
7.911559474606142395e+00 3.745274968262949367e-01
8.163750941790897997e+00 3.396262544296574926e-01
8.415757210439384295e+00 3.178176890747819172e-01
8.667638839289207198e+00 2.972856721403608349e-01
8.918801124864609520e+00 2.728908745270726688e-01
9.170480108345369530e+00 2.531231180784991319e-01
9.420566033467249412e+00 2.361466714026957125e-01
9.671642335271435797e+00 2.243321736793356391e-01
9.923426157758477473e+00 2.060964306017913916e-01
1.017396902749181820e+01 1.958101638394035282e-01
1.042533700753922155e+01 1.824447291923015635e-01
1.067702948358784276e+01 1.669159585802665324e-01
1.092969337256462303e+01 1.611555882055564493e-01
1.118211872033766419e+01 1.512884171639992392e-01
1.143346516925797296e+01 1.404238727861609470e-01
1.168350508557724687e+01 1.340657893656414523e-01
1.193379937775929100e+01 1.262770799069170835e-01
1.218553055762879112e+01 1.203758819676074426e-01
1.243711650801278878e+01 1.136858183436634528e-01
1.268867268647359303e+01 1.083423067035082926e-01
1.294075027177769144e+01 1.040488980710969763e-01
1.319267287020158363e+01 9.725590878900434999e-02
1.344470571782862756e+01 9.298953139756589714e-02
1.369480150283709641e+01 8.851691726916025016e-02
1.394591277066507828e+01 8.428196484926596399e-02
1.419764645764527167e+01 8.089599123470436748e-02
1.444766774168416212e+01 7.765761465720998069e-02
1.469906835825429070e+01 7.298087670309028052e-02
1.495059118111036511e+01 6.969892361237688128e-02
1.520261612590052991e+01 6.683858465359872325e-02
1.545415944503929495e+01 6.374939200391412097e-02
1.570456072545780124e+01 6.129086888370983283e-02
1.595705800128773966e+01 5.877818208148585105e-02
1.620829297830731619e+01 5.680608494842258327e-02
1.645966591028190962e+01 5.451116221903053172e-02
1.671125708846596325e+01 5.181737398923947496e-02
1.696160259490052624e+01 4.986617775976170952e-02
1.721370276108077135e+01 4.790063465475643406e-02
1.746543424102250341e+01 4.649919397680218197e-02
1.771598473288305442e+01 4.479483200532514281e-02
1.796653767411944003e+01 4.366294513879773187e-02
1.821765658501893270e+01 4.170213375479887158e-02
1.847053788120423334e+01 3.994864729238440521e-02
1.872257696809484173e+01 3.854162043012442779e-02
1.897394097105746269e+01 3.711611172474752612e-02
1.922542454726159988e+01 3.593277537318970843e-02
1.947607703355479103e+01 3.476639947583733820e-02
1.972678839839982601e+01 3.354133505439919893e-02
1.997802698857814363e+01 3.252942870051923896e-02
2.022863620534168660e+01 3.127991707249465347e-02
2.047969598507238231e+01 3.052673147679456356e-02
2.073250439107362553e+01 2.954285502311623096e-02
2.098435855211640089e+01 2.826972428767667717e-02
2.123502923393334640e+01 2.771347310766156258e-02
2.148629411178690773e+01 2.664016844786759250e-02
2.173831825513516591e+01 2.579139376579786883e-02
2.198972260956887226e+01 2.536555678350593118e-02
2.223974971000711420e+01 2.429902310597122778e-02
2.249141870643862973e+01 2.357955570461038597e-02
2.274404614890906373e+01 2.293542091986885967e-02
2.299521835768831579e+01 2.213499953524917380e-02
2.324620084136223852e+01 2.158250701481805381e-02
2.349757798664387209e+01 2.098433204143376057e-02
2.374870488118759937e+01 2.044722613125267083e-02
2.399988781917473091e+01 1.988498027944553617e-02
2.425071646049711305e+01 1.926276748255807345e-02
2.450187830577813841e+01 1.872900654800686848e-02
2.475391093216606109e+01 1.822851456247251770e-02
2.500524226975159792e+01 1.768783412247001280e-02
2.525610980153284402e+01 1.730310588026635898e-02
2.550801425092822328e+01 1.676582840760753104e-02
2.575943113325822864e+01 1.643690987738972986e-02
2.601074166866445125e+01 1.609039086475965927e-02
2.626234447079615464e+01 1.558727318422186391e-02
2.651347712943701751e+01 1.521993787841316795e-02
2.676474177984877656e+01 1.476785494934590784e-02
2.701628079430242479e+01 1.438789380047803858e-02
2.726734205837282232e+01 1.417496208112051410e-02
2.751837013544679422e+01 1.371066519971211005e-02
2.776937726815812724e+01 1.334655228959885469e-02
2.802070160973895341e+01 1.305720645776449473e-02
2.827249982643487058e+01 1.284544181954590941e-02
2.852407603869968966e+01 1.239479616402350964e-02
2.877567300468570721e+01 1.212112828580367251e-02
2.902733523039245256e+01 1.186324932436760154e-02
2.927861073083739996e+01 1.161825980363645656e-02
2.953003196193969160e+01 1.141438774319300867e-02
2.978106336846375157e+01 1.109125667238123128e-02
3.003148440777084716e+01 1.093435972720852023e-02
3.028303386126418673e+01 1.062419252843735049e-02
3.053456493440382857e+01 1.037809240425534817e-02
3.078585183944906944e+01 1.013730662917108026e-02
3.103757946070165730e+01 9.924388895260153470e-03
3.128931656795834826e+01 9.694732152504329653e-03
3.154125974608096428e+01 9.514038088450985087e-03
3.179158626791808828e+01 9.309959027138567031e-03
3.204196438636942190e+01 9.085882151609223426e-03
3.229344668057169798e+01 8.894867715857146875e-03
3.254489998018084407e+01 8.733827145253258636e-03
3.279660140319880668e+01 8.599627953221755314e-03
3.304772754686901237e+01 8.373195466213978824e-03
3.329949953441923327e+01 8.240468863648051437e-03
3.355173249539067371e+01 8.002769040275744400e-03
3.380235474142784824e+01 7.874795276876874264e-03
3.405292218889088218e+01 7.709696608770063263e-03
3.430455901572810262e+01 7.527141263801276176e-03
3.455605119154291316e+01 7.437588644736065936e-03
3.480708698418615654e+01 7.242658649663478304e-03
3.505823042281740243e+01 7.117200152828491791e-03
3.530983122122644602e+01 6.995024037463740303e-03
3.556111974160763367e+01 6.883792179432420000e-03
3.581195885960364933e+01 6.752211905883044075e-03
3.606348577968052638e+01 6.612610360530763766e-03
3.631495136683125935e+01 6.500180177860728249e-03
3.656646781331610185e+01 6.381270770642345595e-03
3.681800948534306173e+01 6.244762602485806960e-03
3.706942350460822411e+01 6.129055131468731307e-03
3.732119977997001570e+01 6.025337616229779411e-03
3.757249197135423202e+01 5.888455503445165669e-03
3.782324055213251057e+01 5.797169366501215247e-03
3.807430609684078604e+01 5.685785070138823193e-03
3.832526519371521090e+01 5.589181987452407525e-03
3.857704530181875668e+01 5.478200937304195106e-03
3.882896255048217427e+01 5.395124823869988998e-03
3.907976684424035341e+01 5.330246059382746406e-03
3.933085588900704010e+01 5.267944698335110323e-03
3.958184533965361140e+01 5.133759522627164527e-03
3.983320492881626507e+01 5.046476178447980611e-03
4.008506787586624398e+01 4.982317634840283636e-03
4.033569471078550350e+01 4.872222761159114741e-03
4.058701345074587863e+01 4.804207289637245186e-03
4.083916815834436420e+01 4.710633587407269188e-03
4.108978611092747713e+01 4.625658888991608132e-03
4.134119394692694271e+01 4.541148857690481197e-03
4.159372926482761557e+01 4.485268589527308634e-03
4.184480996230068683e+01 4.382324487898759530e-03
4.209495048714620680e+01 4.354757348932480031e-03
4.234568601474854432e+01 4.249663395737683820e-03
4.259794184898333214e+01 4.185904960748905619e-03
4.284922176444433717e+01 4.100560564747965896e-03
4.309982534096671003e+01 4.089592202355861635e-03
4.335153475414617930e+01 4.022417101774322830e-03
4.360374984514007224e+01 3.948455598830860787e-03
4.385432838732079830e+01 3.892287404206394401e-03
4.410529766549178277e+01 3.842637642237000436e-03
4.435675536456894008e+01 3.753956877971258328e-03
4.460756668584335927e+01 3.719215395203949101e-03
4.485812369927145937e+01 3.633415474517738119e-03
4.510933196139897206e+01 3.597574375701784871e-03
4.536097672816924131e+01 3.556740915283221685e-03
4.561261869099184452e+01 3.501794075745192150e-03
4.586346064304911607e+01 3.441106081448537784e-03
4.611435299895526185e+01 3.355158487118766776e-03
4.636610302009028572e+01 3.283777976268827808e-03
4.661726081402038346e+01 3.299716018753282628e-03
4.686748045926628237e+01 3.244640666982276291e-03
4.712001000143001761e+01 3.178295577420818443e-03
4.737334269293729960e+01 3.134683238316908829e-03
4.762357272554871912e+01 3.049812791089243861e-03
4.787295862859781437e+01 3.058701890629218420e-03
4.812686710231834297e+01 3.018745559844509922e-03
4.837988354528783930e+01 2.952795472598830975e-03
4.862698975964909209e+01 2.905895117908036986e-03
4.887931961662670233e+01 2.894625760582646840e-03
4.913512531690142282e+01 2.822127141634283090e-03
4.938486646957150583e+01 2.836008796635130363e-03
4.963073103205424985e+01 2.761620314985296747e-03
4.988316058859187763e+01 2.778466146698290503e-03
5.013927392651110893e+01 2.716404113380976870e-03
5.038898445289544270e+01 2.678855933475697299e-03
5.063791314200675941e+01 2.656540378994461885e-03
5.089234515763529032e+01 2.543556053413999121e-03
5.114529266359630810e+01 2.561950544075747467e-03
5.138952878242714206e+01 2.465285510589838858e-03
5.163945178601188246e+01 2.469783690896850716e-03
5.190206698624180603e+01 2.428711998422812806e-03
5.215590084722179398e+01 2.516683080318116335e-03
5.238680673191466042e+01 2.506595186487972551e-03
5.263532591009818873e+01 2.319953987791520920e-03
5.290823119436031874e+01 2.382648538803263522e-03
5.316882575050344428e+01 2.308510133365368824e-03
5.338513341050097694e+01 2.357210814558127320e-03
5.363212510227822349e+01 2.154797450639753340e-03
5.391615723351310407e+01 2.106114287840564394e-03
5.419187693011466678e+01 2.534779459479858266e-03
5.439722241285236493e+01 2.074794400009897198e-03
5.462806064877949552e+01 2.198037021832753828e-03
5.491241494336609463e+01 2.239735222597633545e-03
5.519421446932921782e+01 1.879659744394478237e-03
5.543046826972861396e+01 7.098344563753115725e-04
5.561137265256709128e+01 2.926299210952777209e-03
