3.559856489878782115e-01 7.738336192835080283e+02
6.031648866026231293e-01 1.653881938396070836e+02
8.579160745827347778e-01 9.950374999546625077e+01
1.113464310595710716e+00 5.697249816683162749e+01
1.374039914321364408e+00 2.946501752876244140e+01
1.619154704570298309e+00 2.095380368399020199e+01
1.870686673430271840e+00 1.373727716941914956e+01
2.123290040706380832e+00 1.083938016670681748e+01
2.378144976376236119e+00 8.028943556294130701e+00
2.630489925835516996e+00 6.038383137562775893e+00
2.878653162679494670e+00 5.162100022406312050e+00
3.131144366275339319e+00 4.154038968735520143e+00
3.388159578333816313e+00 3.029349789426194928e+00
3.638741848210948149e+00 2.716745273165586116e+00
3.888315910732085268e+00 2.359443641402847014e+00
4.139052155837465996e+00 1.923014931022361429e+00
4.390305777018236988e+00 1.709866566471269778e+00
4.642172339120373081e+00 1.472729479418530829e+00
4.894678666149941293e+00 1.294400927656840894e+00
5.147269052361176378e+00 1.110030021241928289e+00
5.398003206656323272e+00 1.007662528753965336e+00
5.647798235368590269e+00 8.929555380624559779e-01
5.900534302989873581e+00 8.240734617894002190e-01
6.151460297009074374e+00 7.066590593151158561e-01
6.402630176204441526e+00 6.375407419974120637e-01
6.655964674748322096e+00 5.856109055976910227e-01
6.908782583105771202e+00 5.300954021234046687e-01
7.159060853508338873e+00 4.872265719199300738e-01
7.409414762591408632e+00 4.448851671695325249e-01
7.659227149364629561e+00 4.096488652583084034e-01
7.911559474606142395e+00 3.744848252332451111e-01
8.163750941790897997e+00 3.442497123917617752e-01
8.415757210439384295e+00 3.190338202920773858e-01
8.667638839289207198e+00 2.969179247143899913e-01
8.918801124864609520e+00 2.694977627401140552e-01
9.170480108345369530e+00 2.524859431521666031e-01
9.420566033467249412e+00 2.356646779878906195e-01
9.671642335271435797e+00 2.190432176047544255e-01
9.923426157758477473e+00 2.033597962746390986e-01
1.017396902749181820e+01 1.954385118736804705e-01
1.042533700753922155e+01 1.804260277571405058e-01
1.067702948358784276e+01 1.709177278397708000e-01
1.092969337256462303e+01 1.593975081590807419e-01
1.118211872033766419e+01 1.515889330484148645e-01
1.143346516925797296e+01 1.421838014583761411e-01
1.168350508557724687e+01 1.336943332235798199e-01
1.193379937775929100e+01 1.272007719386458180e-01
1.218553055762879112e+01 1.198044769920438846e-01
1.243711650801278878e+01 1.141974174249252710e-01
1.268867268647359303e+01 1.079748067552131485e-01
1.294075027177769144e+01 1.025397496648612905e-01
1.319267287020158363e+01 9.785476654552834053e-02
1.344470571782862756e+01 9.274143245297442051e-02
1.369480150283709641e+01 8.841436162535000476e-02
1.394591277066507828e+01 8.366923317413468841e-02
1.419764645764527167e+01 7.956861856938506061e-02
1.444766774168416212e+01 7.655218704536197183e-02
1.469906835825429070e+01 7.297053107153565754e-02
1.495059118111036511e+01 7.030007918585383375e-02
1.520261612590052991e+01 6.724211547213172768e-02
1.545415944503929495e+01 6.438934629051029646e-02
1.570456072545780124e+01 6.162287177283659600e-02
1.595705800128773966e+01 5.923076558153744092e-02
1.620829297830731619e+01 5.610883489881361014e-02
1.645966591028190962e+01 5.375765507621302342e-02
1.671125708846596325e+01 5.238894241301259025e-02
1.696160259490052624e+01 5.000958753901614540e-02
1.721370276108077135e+01 4.856909675549895417e-02
1.746543424102250341e+01 4.612073880243567486e-02
1.771598473288305442e+01 4.481455673301406456e-02
1.796653767411944003e+01 4.333699783524432719e-02
1.821765658501893270e+01 4.143658251771761836e-02
1.847053788120423334e+01 4.019283981323742289e-02
1.872257696809484173e+01 3.853941046371164858e-02
1.897394097105746269e+01 3.718512045579976805e-02
1.922542454726159988e+01 3.561840851010477510e-02
1.947607703355479103e+01 3.482742489126137986e-02
1.972678839839982601e+01 3.348570608675081883e-02
1.997802698857814363e+01 3.251239887167756831e-02
2.022863620534168660e+01 3.150590523050220831e-02
2.047969598507238231e+01 3.000081025243128002e-02
2.073250439107362553e+01 2.933332144988952395e-02
2.098435855211640089e+01 2.836432412075036436e-02
2.123502923393334640e+01 2.742520067836697398e-02
2.148629411178690773e+01 2.645140637013391680e-02
2.173831825513516591e+01 2.593163967471258033e-02
2.198972260956887226e+01 2.493512024212710815e-02
2.223974971000711420e+01 2.432977418795163188e-02
2.249141870643862973e+01 2.367936917828272411e-02
2.274404614890906373e+01 2.303423696724327119e-02
2.299521835768831579e+01 2.226655384751667285e-02
2.324620084136223852e+01 2.163655976895089914e-02
2.349757798664387209e+01 2.098906064494568749e-02
2.374870488118759937e+01 2.024592260684121917e-02
2.399988781917473091e+01 1.989106043815451128e-02
2.425071646049711305e+01 1.917813256054051035e-02
2.450187830577813841e+01 1.879196665442681852e-02
2.475391093216606109e+01 1.831284762926062640e-02
2.500524226975159792e+01 1.774756217677574133e-02
2.525610980153284402e+01 1.720219425123011014e-02
2.550801425092822328e+01 1.683799292569538447e-02
2.575943113325822864e+01 1.640934844601036474e-02
2.601074166866445125e+01 1.592041460738179148e-02
2.626234447079615464e+01 1.556806324007618987e-02
2.651347712943701751e+01 1.517664016393553521e-02
2.676474177984877656e+01 1.465150669642403293e-02
2.701628079430242479e+01 1.441438700190553202e-02
2.726734205837282232e+01 1.403355399426245605e-02
2.751837013544679422e+01 1.374741049083888673e-02
2.776937726815812724e+01 1.336025523894814396e-02
2.802070160973895341e+01 1.306481684208739801e-02
2.827249982643487058e+01 1.283159250537852826e-02
2.852407603869968966e+01 1.243376189551870931e-02
2.877567300468570721e+01 1.217097410568910958e-02
2.902733523039245256e+01 1.192902961539460925e-02
2.927861073083739996e+01 1.165344639725697691e-02
2.953003196193969160e+01 1.142871891720249541e-02
2.978106336846375157e+01 1.111169366091192476e-02
3.003148440777084716e+01 1.082410979346722264e-02
3.028303386126418673e+01 1.055625992566270807e-02
3.053456493440382857e+01 1.029033645979994874e-02
3.078585183944906944e+01 1.012238612763070693e-02
3.103757946070165730e+01 9.965392944431727268e-03
3.128931656795834826e+01 9.659937204299055488e-03
3.154125974608096428e+01 9.505283432662471610e-03
3.179158626791808828e+01 9.345368026036655201e-03
3.204196438636942190e+01 9.076325493535496863e-03
3.229344668057169798e+01 8.925302911805254105e-03
3.254489998018084407e+01 8.710082129915015445e-03
3.279660140319880668e+01 8.584628043558374319e-03
3.304772754686901237e+01 8.357538863805439797e-03
3.329949953441923327e+01 8.188577130515076880e-03
3.355173249539067371e+01 8.065525970957615129e-03
3.380235474142784824e+01 7.882620269418289666e-03
3.405292218889088218e+01 7.707197110948122050e-03
3.430455901572810262e+01 7.531341559487173161e-03
3.455605119154291316e+01 7.427186940182417714e-03
3.480708698418615654e+01 7.329245223482625492e-03
3.505823042281740243e+01 7.111467229264159529e-03
3.530983122122644602e+01 7.040727553148814176e-03
3.556111974160763367e+01 6.872829578873452215e-03
3.581195885960364933e+01 6.714476619038290718e-03
3.606348577968052638e+01 6.628776077668842998e-03
3.631495136683125935e+01 6.487688180464401370e-03
3.656646781331610185e+01 6.369713692891853206e-03
3.681800948534306173e+01 6.238315593708331983e-03
3.706942350460822411e+01 6.128969745657048863e-03
3.732119977997001570e+01 6.012873286777129130e-03
3.757249197135423202e+01 5.875947517989316658e-03
3.782324055213251057e+01 5.789401758235266683e-03
3.807430609684078604e+01 5.662570817432070400e-03
3.832526519371521090e+01 5.614472182822780044e-03
3.857704530181875668e+01 5.513681976246285511e-03
3.882896255048217427e+01 5.410707551169062490e-03
3.907976684424035341e+01 5.286673919510630378e-03
3.933085588900704010e+01 5.200144496680323900e-03
3.958184533965361140e+01 5.114299379046148737e-03
3.983320492881626507e+01 5.039478574321708260e-03
4.008506787586624398e+01 4.948645409973031865e-03
4.033569471078550350e+01 4.849623683592688486e-03
4.058701345074587863e+01 4.802444801460868488e-03
4.083916815834436420e+01 4.682226201628432970e-03
4.108978611092747713e+01 4.640017120627075789e-03
4.134119394692694271e+01 4.584497759755075570e-03
4.159372926482761557e+01 4.425611115036857945e-03
4.184480996230068683e+01 4.432274879568997433e-03
4.209495048714620680e+01 4.334982733894754241e-03
4.234568601474854432e+01 4.289551142727251846e-03
4.259794184898333214e+01 4.194631121400823302e-03
4.284922176444433717e+01 4.162189558501088425e-03
4.309982534096671003e+01 4.088695371957877522e-03
4.335153475414617930e+01 3.992875139386073760e-03
4.360374984514007224e+01 3.957256137435452049e-03
4.385432838732079830e+01 3.849529688890220448e-03
4.410529766549178277e+01 3.805728757190764491e-03
4.435675536456894008e+01 3.767995512095835033e-03
4.460756668584335927e+01 3.713389710262104872e-03
4.485812369927145937e+01 3.669528397935541315e-03
4.510933196139897206e+01 3.555840839135261926e-03
4.536097672816924131e+01 3.564789949553160992e-03
4.561261869099184452e+01 3.479356736051900274e-03
4.586346064304911607e+01 3.413859911826744743e-03
4.611435299895526185e+01 3.387546385796727857e-03
4.636610302009028572e+01 3.353940302423773223e-03
4.661726081402038346e+01 3.332175708677629321e-03
4.686748045926628237e+01 3.230592686459084466e-03
4.712001000143001761e+01 3.247932494542709984e-03
4.737334269293729960e+01 3.155975221869765281e-03
4.762357272554871912e+01 3.104298331337245094e-03
4.787295862859781437e+01 3.031217662058719158e-03
4.812686710231834297e+01 3.005680195061080726e-03
4.837988354528783930e+01 2.996982473560309054e-03
4.862698975964909209e+01 2.907916541252247421e-03
4.887931961662670233e+01 2.859326471446257175e-03
4.913512531690142282e+01 2.833823697480400330e-03
4.938486646957150583e+01 2.807792493618725248e-03
4.963073103205424985e+01 2.801423325293840409e-03
4.988316058859187763e+01 2.706216117450657710e-03
5.013927392651110893e+01 2.703786673539823431e-03
5.038898445289544270e+01 2.708241255852750998e-03
5.063791314200675941e+01 2.545215148839938182e-03
5.089234515763529032e+01 2.569616096594963192e-03
5.114529266359630810e+01 2.617324768648374850e-03
5.138952878242714206e+01 2.509224156168025563e-03
5.163945178601188246e+01 2.527529492473166561e-03
5.190206698624180603e+01 2.404527260446162086e-03
5.215590084722179398e+01 2.499537226815084969e-03
5.238680673191466042e+01 2.439250942196053394e-03
5.263532591009818873e+01 2.352867894781557681e-03
5.290823119436031874e+01 2.234729472512988341e-03
5.316882575050344428e+01 2.220466139017123267e-03
5.338513341050097694e+01 2.378249607945579110e-03
5.363212510227822349e+01 2.266730775105427545e-03
5.391615723351310407e+01 2.354517349151322419e-03
5.419187693011466678e+01 2.123763015738101226e-03
5.439722241285236493e+01 2.203587363697497806e-03
5.462806064877949552e+01 1.973819597604616755e-03
5.491241494336609463e+01 2.224914040767287694e-03
5.519421446932921782e+01 1.872738921267038444e-03
5.543046826972861396e+01 1.667363042533652646e-03
5.561137265256709128e+01 1.109067402677772676e-03
