3.559856489878782115e-01 6.141876362161949601e+02
6.031648866026231293e-01 1.993728899042461364e+02
8.579160745827347778e-01 8.354635383009186000e+01
1.113464310595710716e+00 4.633356318094902804e+01
1.374039914321364408e+00 2.659965153017295236e+01
1.619154704570298309e+00 1.898260253157095789e+01
1.870686673430271840e+00 1.347124209308598530e+01
2.123290040706380832e+00 1.053580753310657414e+01
2.378144976376236119e+00 8.010919888335068961e+00
2.630489925835516996e+00 6.061750928835442309e+00
2.878653162679494670e+00 4.559763790265085603e+00
3.131144366275339319e+00 3.975214067887058444e+00
3.388159578333816313e+00 3.342804725077959116e+00
3.638741848210948149e+00 2.764181473996879301e+00
3.888315910732085268e+00 2.257606703242329260e+00
4.139052155837465996e+00 1.999159776728398397e+00
4.390305777018236988e+00 1.789286600002372829e+00
4.642172339120373081e+00 1.455089011291672341e+00
4.894678666149941293e+00 1.318816437033698774e+00
5.147269052361176378e+00 1.112600225725462133e+00
5.398003206656323272e+00 1.006918338768737042e+00
5.647798235368590269e+00 8.851312174710385117e-01
5.900534302989873581e+00 7.813045666271662970e-01
6.151460297009074374e+00 7.263588203572095559e-01
6.402630176204441526e+00 6.479180255450334158e-01
6.655964674748322096e+00 5.835575509525507965e-01
6.908782583105771202e+00 5.377904131171360458e-01
7.159060853508338873e+00 4.948042259455228686e-01
7.409414762591408632e+00 4.463955005252888686e-01
7.659227149364629561e+00 4.007537016774936345e-01
7.911559474606142395e+00 3.739903933459201579e-01
8.163750941790897997e+00 3.540730444237401575e-01
8.415757210439384295e+00 3.232294282940499919e-01
8.667638839289207198e+00 2.986699379937282628e-01
8.918801124864609520e+00 2.739442517310193281e-01
9.170480108345369530e+00 2.544402992670687924e-01
9.420566033467249412e+00 2.395253139114711105e-01
9.671642335271435797e+00 2.186498207832812679e-01
9.923426157758477473e+00 2.071253564153788529e-01
1.017396902749181820e+01 1.916582737219470756e-01
1.042533700753922155e+01 1.836184014550100996e-01
1.067702948358784276e+01 1.675885357084799798e-01
1.092969337256462303e+01 1.616116583063191559e-01
1.118211872033766419e+01 1.515055322035049612e-01
1.143346516925797296e+01 1.413766211725888122e-01
1.168350508557724687e+01 1.333921394765413548e-01
1.193379937775929100e+01 1.282435348087513083e-01
1.218553055762879112e+01 1.198356602376048075e-01
1.243711650801278878e+01 1.140440589875599819e-01
1.268867268647359303e+01 1.085307962466361686e-01
1.294075027177769144e+01 1.041167572249421525e-01
1.319267287020158363e+01 9.767219870354709732e-02
1.344470571782862756e+01 9.254333782561025012e-02
1.369480150283709641e+01 8.883262948202516607e-02
1.394591277066507828e+01 8.426446210733946895e-02
1.419764645764527167e+01 8.016616112877318623e-02
1.444766774168416212e+01 7.657389806811419619e-02
1.469906835825429070e+01 7.351291353261056594e-02
1.495059118111036511e+01 7.063733176807050762e-02
1.520261612590052991e+01 6.764673107905860849e-02
1.545415944503929495e+01 6.469295224049624593e-02
1.570456072545780124e+01 6.126899480343887122e-02
1.595705800128773966e+01 5.871572882975566177e-02
1.620829297830731619e+01 5.681179375114817770e-02
1.645966591028190962e+01 5.448047569680088825e-02
1.671125708846596325e+01 5.173504745945379374e-02
1.696160259490052624e+01 5.011251530604422105e-02
1.721370276108077135e+01 4.890027624217105351e-02
1.746543424102250341e+01 4.653436109963844658e-02
1.771598473288305442e+01 4.495241877116173262e-02
1.796653767411944003e+01 4.296571846498660474e-02
1.821765658501893270e+01 4.107061772337472494e-02
1.847053788120423334e+01 3.986112563806314818e-02
1.872257696809484173e+01 3.847132234944760504e-02
1.897394097105746269e+01 3.747280867803057247e-02
1.922542454726159988e+01 3.615019719254417702e-02
1.947607703355479103e+01 3.467094275204678222e-02
1.972678839839982601e+01 3.361594589434832581e-02
1.997802698857814363e+01 3.243963800034982414e-02
2.022863620534168660e+01 3.171855776880587452e-02
2.047969598507238231e+01 3.009156723621042237e-02
2.073250439107362553e+01 2.928440058186314310e-02
2.098435855211640089e+01 2.843654618753538657e-02
2.123502923393334640e+01 2.758356477104632887e-02
2.148629411178690773e+01 2.683104211597869479e-02
2.173831825513516591e+01 2.579429964985298016e-02
2.198972260956887226e+01 2.491925136841686983e-02
2.223974971000711420e+01 2.414441615229716634e-02
2.249141870643862973e+01 2.382048887250777860e-02
2.274404614890906373e+01 2.292621637560941436e-02
2.299521835768831579e+01 2.227223551463238665e-02
2.324620084136223852e+01 2.164789919830232071e-02
2.349757798664387209e+01 2.095135296360890742e-02
2.374870488118759937e+01 2.029740086711136898e-02
2.399988781917473091e+01 1.986388311220383188e-02
2.425071646049711305e+01 1.930332434261192512e-02
2.450187830577813841e+01 1.867688010631905413e-02
2.475391093216606109e+01 1.832236539097597400e-02
2.500524226975159792e+01 1.790688166816843674e-02
2.525610980153284402e+01 1.720421899812762251e-02
2.550801425092822328e+01 1.690718129333317402e-02
2.575943113325822864e+01 1.637820163975709301e-02
2.601074166866445125e+01 1.594351224339635512e-02
2.626234447079615464e+01 1.563779805016853736e-02
2.651347712943701751e+01 1.522643929102722102e-02
2.676474177984877656e+01 1.480816361053250048e-02
2.701628079430242479e+01 1.443911740820592871e-02
2.726734205837282232e+01 1.404912976027188239e-02
2.751837013544679422e+01 1.371243726657187141e-02
2.776937726815812724e+01 1.337821016381588596e-02
2.802070160973895341e+01 1.314346582044040486e-02
2.827249982643487058e+01 1.271803442683500616e-02
2.852407603869968966e+01 1.247319407749701570e-02
2.877567300468570721e+01 1.224341009691996655e-02
2.902733523039245256e+01 1.198825039097113458e-02
2.927861073083739996e+01 1.160910878177407075e-02
2.953003196193969160e+01 1.138475194182378587e-02
2.978106336846375157e+01 1.103713058925544742e-02
3.003148440777084716e+01 1.085100465741084715e-02
3.028303386126418673e+01 1.060524920703250808e-02
3.053456493440382857e+01 1.034500084044593683e-02
3.078585183944906944e+01 1.015060375745901848e-02
3.103757946070165730e+01 9.916412788091620925e-03
3.128931656795834826e+01 9.693783048663801374e-03
3.154125974608096428e+01 9.516413624394442008e-03
3.179158626791808828e+01 9.286715023587613707e-03
3.204196438636942190e+01 9.126439380138013160e-03
3.229344668057169798e+01 8.900808876028846323e-03
3.254489998018084407e+01 8.730585577159654179e-03
3.279660140319880668e+01 8.548917930782390026e-03
3.304772754686901237e+01 8.353975074016325650e-03
3.329949953441923327e+01 8.199929276411395407e-03
3.355173249539067371e+01 8.040625704717165728e-03
3.380235474142784824e+01 7.888759665563252477e-03
3.405292218889088218e+01 7.731056038982022510e-03
3.430455901572810262e+01 7.594397566767088249e-03
3.455605119154291316e+01 7.446968451391077284e-03
3.480708698418615654e+01 7.274636495893519079e-03
3.505823042281740243e+01 7.139117090324418463e-03
3.530983122122644602e+01 6.961492338211352701e-03
3.556111974160763367e+01 6.842237956706500625e-03
3.581195885960364933e+01 6.727308733716153358e-03
3.606348577968052638e+01 6.600762628895826510e-03
3.631495136683125935e+01 6.497783943111768400e-03
3.656646781331610185e+01 6.380824184202137268e-03
3.681800948534306173e+01 6.224847543411090797e-03
3.706942350460822411e+01 6.115469001976941293e-03
3.732119977997001570e+01 6.015202081160781096e-03
3.757249197135423202e+01 5.910454003543281001e-03
3.782324055213251057e+01 5.808511683536927289e-03
3.807430609684078604e+01 5.705106283496082231e-03
3.832526519371521090e+01 5.570548678067204634e-03
3.857704530181875668e+01 5.453916271589169182e-03
3.882896255048217427e+01 5.386693635446768678e-03
3.907976684424035341e+01 5.343456188205419899e-03
3.933085588900704010e+01 5.210164543390424438e-03
3.958184533965361140e+01 5.105779272780582370e-03
3.983320492881626507e+01 5.039012725997934344e-03
4.008506787586624398e+01 5.000109838728194513e-03
4.033569471078550350e+01 4.906513533777117492e-03
4.058701345074587863e+01 4.797850441815017068e-03
4.083916815834436420e+01 4.706891413552045413e-03
4.108978611092747713e+01 4.646640867538476445e-03
4.134119394692694271e+01 4.555179459103360709e-03
4.159372926482761557e+01 4.514174988443105281e-03
4.184480996230068683e+01 4.373080811169410831e-03
4.209495048714620680e+01 4.342164886864921698e-03
4.234568601474854432e+01 4.254809564460684812e-03
4.259794184898333214e+01 4.200315854728498520e-03
4.284922176444433717e+01 4.172822754928569820e-03
4.309982534096671003e+01 4.059920361022986528e-03
4.335153475414617930e+01 4.005004437612949726e-03
4.360374984514007224e+01 3.930337869659538720e-03
4.385432838732079830e+01 3.884645978808554546e-03
4.410529766549178277e+01 3.816170434803038431e-03
4.435675536456894008e+01 3.766492308973841928e-03
4.460756668584335927e+01 3.701199569182171082e-03
4.485812369927145937e+01 3.649468966417875309e-03
4.510933196139897206e+01 3.606753191025325201e-03
4.536097672816924131e+01 3.527381846496773724e-03
4.561261869099184452e+01 3.502847166449953118e-03
4.586346064304911607e+01 3.411912414903205560e-03
4.611435299895526185e+01 3.322596465313219522e-03
4.636610302009028572e+01 3.332993236147874933e-03
4.661726081402038346e+01 3.284004805808706743e-03
4.686748045926628237e+01 3.242183484895303208e-03
4.712001000143001761e+01 3.211430571009484848e-03
4.737334269293729960e+01 3.129149378367186013e-03
4.762357272554871912e+01 3.078761140921479952e-03
4.787295862859781437e+01 3.052996212363768593e-03
4.812686710231834297e+01 2.996362163988443728e-03
4.837988354528783930e+01 3.010264530880022143e-03
4.862698975964909209e+01 3.006924299220274221e-03
4.887931961662670233e+01 2.855812531628157402e-03
4.913512531690142282e+01 2.810573834587170878e-03
4.938486646957150583e+01 2.829842447344961803e-03
4.963073103205424985e+01 2.812430495443366766e-03
4.988316058859187763e+01 2.728407095285572802e-03
5.013927392651110893e+01 2.709377110830309132e-03
5.038898445289544270e+01 2.709527363046862741e-03
5.063791314200675941e+01 2.582595969217731709e-03
5.089234515763529032e+01 2.576841495092947829e-03
5.114529266359630810e+01 2.517008164584016387e-03
5.138952878242714206e+01 2.542038885865339354e-03
5.163945178601188246e+01 2.458937676941998565e-03
5.190206698624180603e+01 2.396387809988449399e-03
5.215590084722179398e+01 2.398460962159034131e-03
5.238680673191466042e+01 2.355811985908960564e-03
5.263532591009818873e+01 2.301850656448407601e-03
5.290823119436031874e+01 2.394532297492079145e-03
5.316882575050344428e+01 2.223658658125732181e-03
5.338513341050097694e+01 2.357841019946366017e-03
5.363212510227822349e+01 2.214068150670045476e-03
5.391615723351310407e+01 2.099608734026421879e-03
5.419187693011466678e+01 2.150093581975427107e-03
5.439722241285236493e+01 2.009520123689915831e-03
5.462806064877949552e+01 2.041048057577507166e-03
5.491241494336609463e+01 2.331191433075851475e-03
5.519421446932921782e+01 1.530388180204831023e-03
5.543046826972861396e+01 1.826557446571598414e-03
5.561137265256709128e+01 2.917199613083391440e-03
