3.559856489878782115e-01 4.599296006888869783e+02
6.031648866026231293e-01 2.520839311722914147e+02
8.579160745827347778e-01 9.682634965459023135e+01
1.113464310595710716e+00 4.674416283612983136e+01
1.374039914321364408e+00 3.009378968521010478e+01
1.619154704570298309e+00 2.063533790099148391e+01
1.870686673430271840e+00 1.535539698407638021e+01
2.123290040706380832e+00 1.039245761589406492e+01
2.378144976376236119e+00 7.859595884047903880e+00
2.630489925835516996e+00 6.022224631947493023e+00
2.878653162679494670e+00 5.241753758843366029e+00
3.131144366275339319e+00 4.088602421631437167e+00
3.388159578333816313e+00 3.125671165243447014e+00
3.638741848210948149e+00 2.902904138680748147e+00
3.888315910732085268e+00 2.281728802420666558e+00
4.139052155837465996e+00 1.982382630593824580e+00
4.390305777018236988e+00 1.609841901107061046e+00
4.642172339120373081e+00 1.437865899068783593e+00
4.894678666149941293e+00 1.303059812665769979e+00
5.147269052361176378e+00 1.104272745196709815e+00
5.398003206656323272e+00 1.003137499112109143e+00
5.647798235368590269e+00 9.226644384886770744e-01
5.900534302989873581e+00 7.998198727324945523e-01
6.151460297009074374e+00 7.387452453106316819e-01
6.402630176204441526e+00 6.490464068325754177e-01
6.655964674748322096e+00 5.727409688772097107e-01
6.908782583105771202e+00 5.371524048994601452e-01
7.159060853508338873e+00 4.842094778078365191e-01
7.409414762591408632e+00 4.419340265509395516e-01
7.659227149364629561e+00 4.000945065367243481e-01
7.911559474606142395e+00 3.711923335938712709e-01
8.163750941790897997e+00 3.424795578694143638e-01
8.415757210439384295e+00 3.239766885294542709e-01
8.667638839289207198e+00 2.938559500198613117e-01
8.918801124864609520e+00 2.703617820724243392e-01
9.170480108345369530e+00 2.525718489105965303e-01
9.420566033467249412e+00 2.357010820889520186e-01
9.671642335271435797e+00 2.241650299705601201e-01
9.923426157758477473e+00 2.069056344295691074e-01
1.017396902749181820e+01 1.957889705526028312e-01
1.042533700753922155e+01 1.812225189956671312e-01
1.067702948358784276e+01 1.730693914631095398e-01
1.092969337256462303e+01 1.598616215134078256e-01
1.118211872033766419e+01 1.516226256607124956e-01
1.143346516925797296e+01 1.433184435114658595e-01
1.168350508557724687e+01 1.349914563906893239e-01
1.193379937775929100e+01 1.267817009075418166e-01
1.218553055762879112e+01 1.209336470572348471e-01
1.243711650801278878e+01 1.160588286437403416e-01
1.268867268647359303e+01 1.082410305970717829e-01
1.294075027177769144e+01 1.024081498635837084e-01
1.319267287020158363e+01 9.817593341893426917e-02
1.344470571782862756e+01 9.287623161921325365e-02
1.369480150283709641e+01 8.864094706117239819e-02
1.394591277066507828e+01 8.500165625352351650e-02
1.419764645764527167e+01 7.985884102567528120e-02
1.444766774168416212e+01 7.733618709922143730e-02
1.469906835825429070e+01 7.422480725178935701e-02
1.495059118111036511e+01 7.022479485430201118e-02
1.520261612590052991e+01 6.646114678837714007e-02
1.545415944503929495e+01 6.497763055618065164e-02
1.570456072545780124e+01 6.132828449828443135e-02
1.595705800128773966e+01 5.901415032452739240e-02
1.620829297830731619e+01 5.644517186579715157e-02
1.645966591028190962e+01 5.478475753800968184e-02
1.671125708846596325e+01 5.245760870121560920e-02
1.696160259490052624e+01 5.003773401159843093e-02
1.721370276108077135e+01 4.781872538943910539e-02
1.746543424102250341e+01 4.662551963102296027e-02
1.771598473288305442e+01 4.467686563493898644e-02
1.796653767411944003e+01 4.319623867209064494e-02
1.821765658501893270e+01 4.157642335028746694e-02
1.847053788120423334e+01 3.998427143645996718e-02
1.872257696809484173e+01 3.884048048096380712e-02
1.897394097105746269e+01 3.711923960847517828e-02
1.922542454726159988e+01 3.611773457915607582e-02
1.947607703355479103e+01 3.484330617540304376e-02
1.972678839839982601e+01 3.361189388164321362e-02
1.997802698857814363e+01 3.233351627813121909e-02
2.022863620534168660e+01 3.113868719431763660e-02
2.047969598507238231e+01 3.021660690345745123e-02
2.073250439107362553e+01 2.948388884555091724e-02
2.098435855211640089e+01 2.823789907342984240e-02
2.123502923393334640e+01 2.761181173067112082e-02
2.148629411178690773e+01 2.625310992448014885e-02
2.173831825513516591e+01 2.587316928862494481e-02
2.198972260956887226e+01 2.509650785893694294e-02
2.223974971000711420e+01 2.428455601058247815e-02
2.249141870643862973e+01 2.355515798003093159e-02
2.274404614890906373e+01 2.291723310371223885e-02
2.299521835768831579e+01 2.223258601926224667e-02
2.324620084136223852e+01 2.164850286905412036e-02
2.349757798664387209e+01 2.091489380756638913e-02
2.374870488118759937e+01 2.047185110273425437e-02
2.399988781917473091e+01 1.988851703074740948e-02
2.425071646049711305e+01 1.937343683273803560e-02
2.450187830577813841e+01 1.875150021399479838e-02
2.475391093216606109e+01 1.825739339534644678e-02
2.500524226975159792e+01 1.775104647053496465e-02
2.525610980153284402e+01 1.738598615924027979e-02
2.550801425092822328e+01 1.677870495687129593e-02
2.575943113325822864e+01 1.637027285315940245e-02
2.601074166866445125e+01 1.592379914530556509e-02
2.626234447079615464e+01 1.554311045807345998e-02
2.651347712943701751e+01 1.510872595727536134e-02
2.676474177984877656e+01 1.471016356093416029e-02
2.701628079430242479e+01 1.442679110556740682e-02
2.726734205837282232e+01 1.409807933302984449e-02
2.751837013544679422e+01 1.369326434489567985e-02
2.776937726815812724e+01 1.341531757074594655e-02
2.802070160973895341e+01 1.311194181468449890e-02
2.827249982643487058e+01 1.273219894447943056e-02
2.852407603869968966e+01 1.251522069001906844e-02
2.877567300468570721e+01 1.214558419674135331e-02
2.902733523039245256e+01 1.194997394753277535e-02
2.927861073083739996e+01 1.154532430593413830e-02
2.953003196193969160e+01 1.139365744572448484e-02
2.978106336846375157e+01 1.111135517527644424e-02
3.003148440777084716e+01 1.080342523775866710e-02
3.028303386126418673e+01 1.065249756333285641e-02
3.053456493440382857e+01 1.039924858383421864e-02
3.078585183944906944e+01 1.015579914689096995e-02
3.103757946070165730e+01 9.926490594960563074e-03
3.128931656795834826e+01 9.723284087207377177e-03
3.154125974608096428e+01 9.497369141758010141e-03
3.179158626791808828e+01 9.308731614766727752e-03
3.204196438636942190e+01 9.119786315111930858e-03
3.229344668057169798e+01 8.890550557589376249e-03
3.254489998018084407e+01 8.692929543749929044e-03
3.279660140319880668e+01 8.581169402761176443e-03
3.304772754686901237e+01 8.374508666340421334e-03
3.329949953441923327e+01 8.220616817790097827e-03
3.355173249539067371e+01 8.028611279155651453e-03
3.380235474142784824e+01 7.889996709169318570e-03
3.405292218889088218e+01 7.700046888601377697e-03
3.430455901572810262e+01 7.610481081280784724e-03
3.455605119154291316e+01 7.431254217857482906e-03
3.480708698418615654e+01 7.313913822737863092e-03
3.505823042281740243e+01 7.131701504957717840e-03
3.530983122122644602e+01 7.002968422233440959e-03
3.556111974160763367e+01 6.865393318191553851e-03
3.581195885960364933e+01 6.753798995080303839e-03
3.606348577968052638e+01 6.596638265449857562e-03
3.631495136683125935e+01 6.491642574188845501e-03
3.656646781331610185e+01 6.363408524367675234e-03
3.681800948534306173e+01 6.257957059745169505e-03
3.706942350460822411e+01 6.112825682236176089e-03
3.732119977997001570e+01 6.029387887900169822e-03
3.757249197135423202e+01 5.905573601485602543e-03
3.782324055213251057e+01 5.836673602183537098e-03
3.807430609684078604e+01 5.709847612032700227e-03
3.832526519371521090e+01 5.618483541661696036e-03
3.857704530181875668e+01 5.497397362465399062e-03
3.882896255048217427e+01 5.387187536622727035e-03
3.907976684424035341e+01 5.325053300649517166e-03
3.933085588900704010e+01 5.203973460087614467e-03
3.958184533965361140e+01 5.124000229906259911e-03
3.983320492881626507e+01 5.060770078085143411e-03
4.008506787586624398e+01 4.967228316856686469e-03
4.033569471078550350e+01 4.874634938864560833e-03
4.058701345074587863e+01 4.764182292599688888e-03
4.083916815834436420e+01 4.725456836089995255e-03
4.108978611092747713e+01 4.634761929613075149e-03
4.134119394692694271e+01 4.554865709152778989e-03
4.159372926482761557e+01 4.493601574181570191e-03
4.184480996230068683e+01 4.419504234004340525e-03
4.209495048714620680e+01 4.343703465953921254e-03
4.234568601474854432e+01 4.254219746278432336e-03
4.259794184898333214e+01 4.201691492575902395e-03
4.284922176444433717e+01 4.110146678289949666e-03
4.309982534096671003e+01 4.081132471004605446e-03
4.335153475414617930e+01 3.979578394532145777e-03
4.360374984514007224e+01 3.927614249392567640e-03
4.385432838732079830e+01 3.869868122794964567e-03
4.410529766549178277e+01 3.833027645581703249e-03
4.435675536456894008e+01 3.816174385166324918e-03
4.460756668584335927e+01 3.687475885810807038e-03
4.485812369927145937e+01 3.645923726757467707e-03
4.510933196139897206e+01 3.593160197695166851e-03
4.536097672816924131e+01 3.525068094394721331e-03
4.561261869099184452e+01 3.473289658775216299e-03
4.586346064304911607e+01 3.437060187799636981e-03
4.611435299895526185e+01 3.333970159276129948e-03
4.636610302009028572e+01 3.338922601485959808e-03
4.661726081402038346e+01 3.262165412907108708e-03
4.686748045926628237e+01 3.239011640889129934e-03
4.712001000143001761e+01 3.198265322163148638e-03
4.737334269293729960e+01 3.128940374840191632e-03
4.762357272554871912e+01 3.094192959674029429e-03
4.787295862859781437e+01 3.086143293403458606e-03
4.812686710231834297e+01 2.993872661767961029e-03
4.837988354528783930e+01 2.941613253763274757e-03
4.862698975964909209e+01 2.957873842538889537e-03
4.887931961662670233e+01 2.891259261026846595e-03
4.913512531690142282e+01 2.874535870843625187e-03
4.938486646957150583e+01 2.826916056784804787e-03
4.963073103205424985e+01 2.720293334268589300e-03
4.988316058859187763e+01 2.708714168832323643e-03
5.013927392651110893e+01 2.705265614833399571e-03
5.038898445289544270e+01 2.614428878606152480e-03
5.063791314200675941e+01 2.586706757488576452e-03
5.089234515763529032e+01 2.533653551532452381e-03
5.114529266359630810e+01 2.642755198178492384e-03
5.138952878242714206e+01 2.489578299369498045e-03
5.163945178601188246e+01 2.536847384946026070e-03
5.190206698624180603e+01 2.471290269909750918e-03
5.215590084722179398e+01 2.425568213094445209e-03
5.238680673191466042e+01 2.383196617181137112e-03
5.263532591009818873e+01 2.320817333170330059e-03
5.290823119436031874e+01 2.317097751459458628e-03
5.316882575050344428e+01 2.360087473241910365e-03
5.338513341050097694e+01 2.170863942828850889e-03
5.363212510227822349e+01 2.156055922498591876e-03
5.391615723351310407e+01 2.219657292084883070e-03
5.419187693011466678e+01 2.103536967879581637e-03
5.439722241285236493e+01 2.278766260391218781e-03
5.462806064877949552e+01 2.222525252785955297e-03
5.491241494336609463e+01 1.991815103785979021e-03
5.519421446932921782e+01 2.714256080139922003e-03
5.543046826972861396e+01 2.319562423112641551e-03
5.561137265256709128e+01 3.187471041053552365e-03
