3.559856489878782115e-01 8.263873956898631832e+02
6.031648866026231293e-01 2.421804201702077535e+02
8.579160745827347778e-01 1.120235046273378003e+02
1.113464310595710716e+00 4.630656791666848449e+01
1.374039914321364408e+00 2.783486172409331161e+01
1.619154704570298309e+00 2.086854251783190151e+01
1.870686673430271840e+00 1.516111392467116659e+01
2.123290040706380832e+00 1.102910495153704140e+01
2.378144976376236119e+00 7.454312877119717129e+00
2.630489925835516996e+00 6.215645846006307096e+00
2.878653162679494670e+00 5.001417234517075094e+00
3.131144366275339319e+00 3.956822533154893851e+00
3.388159578333816313e+00 3.332652405107735749e+00
3.638741848210948149e+00 2.683066031751482949e+00
3.888315910732085268e+00 2.396019384074514758e+00
4.139052155837465996e+00 1.892683044792327074e+00
4.390305777018236988e+00 1.676454736091490982e+00
4.642172339120373081e+00 1.459316995522604188e+00
4.894678666149941293e+00 1.306697647284166486e+00
5.147269052361176378e+00 1.172046146759648577e+00
5.398003206656323272e+00 1.004141460955951803e+00
5.647798235368590269e+00 9.005348148239432637e-01
5.900534302989873581e+00 8.086080418131075254e-01
6.151460297009074374e+00 7.150306340922621962e-01
6.402630176204441526e+00 6.487681259931192823e-01
6.655964674748322096e+00 5.807652000757863586e-01
6.908782583105771202e+00 5.282934337608411468e-01
7.159060853508338873e+00 4.825249417067016822e-01
7.409414762591408632e+00 4.419430464035585260e-01
7.659227149364629561e+00 4.059666161913385030e-01
7.911559474606142395e+00 3.769603849399099094e-01
8.163750941790897997e+00 3.449686653566099159e-01
8.415757210439384295e+00 3.162678375397529607e-01
8.667638839289207198e+00 3.000629834638974258e-01
8.918801124864609520e+00 2.718429079590831132e-01
9.170480108345369530e+00 2.529404170262106177e-01
9.420566033467249412e+00 2.376900116504326865e-01
9.671642335271435797e+00 2.261988066881493176e-01
9.923426157758477473e+00 2.068657307767309550e-01
1.017396902749181820e+01 1.925340544247472196e-01
1.042533700753922155e+01 1.811255687629735878e-01
1.067702948358784276e+01 1.721549415662557425e-01
1.092969337256462303e+01 1.627736758666377959e-01
1.118211872033766419e+01 1.518018050620602577e-01
1.143346516925797296e+01 1.438078433613151907e-01
1.168350508557724687e+01 1.357294113645889644e-01
1.193379937775929100e+01 1.271499471989781804e-01
1.218553055762879112e+01 1.205236679907318309e-01
1.243711650801278878e+01 1.135494224373018585e-01
1.268867268647359303e+01 1.072667180514554480e-01
1.294075027177769144e+01 1.024210587002481881e-01
1.319267287020158363e+01 9.773064545708907980e-02
1.344470571782862756e+01 9.273119560799635008e-02
1.369480150283709641e+01 8.862967702162739825e-02
1.394591277066507828e+01 8.413219151605157153e-02
1.419764645764527167e+01 7.981032687339655041e-02
1.444766774168416212e+01 7.689685903217738372e-02
1.469906835825429070e+01 7.286433782177872964e-02
1.495059118111036511e+01 7.019252590277534620e-02
1.520261612590052991e+01 6.764723598405600336e-02
1.545415944503929495e+01 6.387560173268283514e-02
1.570456072545780124e+01 6.172784556261452088e-02
1.595705800128773966e+01 5.891062295468731808e-02
1.620829297830731619e+01 5.644575591668243852e-02
1.645966591028190962e+01 5.388904194606154718e-02
1.671125708846596325e+01 5.235906836981340379e-02
1.696160259490052624e+01 4.988105059480225228e-02
1.721370276108077135e+01 4.798206095157111356e-02
1.746543424102250341e+01 4.653391080277680808e-02
1.771598473288305442e+01 4.482491296225400712e-02
1.796653767411944003e+01 4.321672609498950629e-02
1.821765658501893270e+01 4.133720226958393501e-02
1.847053788120423334e+01 4.026578413068489931e-02
1.872257696809484173e+01 3.878076598782140283e-02
1.897394097105746269e+01 3.724916193824835686e-02
1.922542454726159988e+01 3.567039474668622784e-02
1.947607703355479103e+01 3.468005762277075882e-02
1.972678839839982601e+01 3.382876905954861763e-02
1.997802698857814363e+01 3.260297672071996861e-02
2.022863620534168660e+01 3.141538151499075754e-02
2.047969598507238231e+01 3.028819122180342188e-02
2.073250439107362553e+01 2.931831149522759472e-02
2.098435855211640089e+01 2.839559589339868059e-02
2.123502923393334640e+01 2.773581416057737184e-02
2.148629411178690773e+01 2.661399769548712657e-02
2.173831825513516591e+01 2.586445708333423230e-02
2.198972260956887226e+01 2.514763950848662027e-02
2.223974971000711420e+01 2.434633299281328475e-02
2.249141870643862973e+01 2.371095456687654507e-02
2.274404614890906373e+01 2.289767431079813009e-02
2.299521835768831579e+01 2.210769569067814327e-02
2.324620084136223852e+01 2.159748728171247828e-02
2.349757798664387209e+01 2.095704439292427404e-02
2.374870488118759937e+01 2.044807695371701414e-02
2.399988781917473091e+01 1.996144927633300425e-02
2.425071646049711305e+01 1.927172183322905727e-02
2.450187830577813841e+01 1.892027578756174874e-02
2.475391093216606109e+01 1.816277526525903602e-02
2.500524226975159792e+01 1.773572589781836212e-02
2.525610980153284402e+01 1.730700761926995401e-02
2.550801425092822328e+01 1.690981194264378276e-02
2.575943113325822864e+01 1.643112424279975781e-02
2.601074166866445125e+01 1.601633395495180578e-02
2.626234447079615464e+01 1.553974440822589696e-02
2.651347712943701751e+01 1.519058960130506043e-02
2.676474177984877656e+01 1.486780529827758969e-02
2.701628079430242479e+01 1.436611788470614111e-02
2.726734205837282232e+01 1.401815774453686950e-02
2.751837013544679422e+01 1.367558033078039061e-02
2.776937726815812724e+01 1.343979721626008955e-02
2.802070160973895341e+01 1.306439249696523044e-02
2.827249982643487058e+01 1.276129475041976741e-02
2.852407603869968966e+01 1.252554617334466526e-02
2.877567300468570721e+01 1.213449008402404244e-02
2.902733523039245256e+01 1.190038051595811684e-02
2.927861073083739996e+01 1.164625086620859479e-02
2.953003196193969160e+01 1.135518501121052758e-02
2.978106336846375157e+01 1.112735448805130672e-02
3.003148440777084716e+01 1.087186729404795993e-02
3.028303386126418673e+01 1.060238985243661114e-02
3.053456493440382857e+01 1.039495065545880531e-02
3.078585183944906944e+01 1.005039253613567926e-02
3.103757946070165730e+01 9.888530017336452996e-03
3.128931656795834826e+01 9.688286630881974212e-03
3.154125974608096428e+01 9.524017816957712490e-03
3.179158626791808828e+01 9.308034908560870388e-03
3.204196438636942190e+01 9.130643593995577470e-03
3.229344668057169798e+01 8.929853078287464802e-03
3.254489998018084407e+01 8.699959004234371698e-03
3.279660140319880668e+01 8.579181057922860912e-03
3.304772754686901237e+01 8.346356839305749120e-03
3.329949953441923327e+01 8.189505809306392436e-03
3.355173249539067371e+01 8.030537006749887893e-03
3.380235474142784824e+01 7.870571928204396842e-03
3.405292218889088218e+01 7.699226997017566583e-03
3.430455901572810262e+01 7.523028120854703162e-03
3.455605119154291316e+01 7.400271785401250045e-03
3.480708698418615654e+01 7.251512489331811938e-03
3.505823042281740243e+01 7.119175549410475604e-03
3.530983122122644602e+01 6.991462785046406725e-03
3.556111974160763367e+01 6.860944937090406037e-03
3.581195885960364933e+01 6.760839849439279590e-03
3.606348577968052638e+01 6.592711077096708588e-03
3.631495136683125935e+01 6.479278162948865979e-03
3.656646781331610185e+01 6.362743105579174441e-03
3.681800948534306173e+01 6.281499703336343443e-03
3.706942350460822411e+01 6.154691134902505294e-03
3.732119977997001570e+01 5.990910106118862294e-03
3.757249197135423202e+01 5.902547475718314743e-03
3.782324055213251057e+01 5.836283979100269879e-03
3.807430609684078604e+01 5.691623768125518741e-03
3.832526519371521090e+01 5.610331386211720242e-03
3.857704530181875668e+01 5.474091055281037066e-03
3.882896255048217427e+01 5.425082420600523501e-03
3.907976684424035341e+01 5.322149163734793929e-03
3.933085588900704010e+01 5.222380117939241263e-03
3.958184533965361140e+01 5.123530409450970796e-03
3.983320492881626507e+01 5.053267802712133050e-03
4.008506787586624398e+01 4.950150560879720656e-03
4.033569471078550350e+01 4.848960092945167437e-03
4.058701345074587863e+01 4.796868902497363439e-03
4.083916815834436420e+01 4.721709290742574262e-03
4.108978611092747713e+01 4.666860253061189297e-03
4.134119394692694271e+01 4.560351330392473611e-03
4.159372926482761557e+01 4.466122505220424845e-03
4.184480996230068683e+01 4.392273961916199829e-03
4.209495048714620680e+01 4.360650677370826733e-03
4.234568601474854432e+01 4.286081659554233023e-03
4.259794184898333214e+01 4.225440472963589746e-03
4.284922176444433717e+01 4.128295139613065608e-03
4.309982534096671003e+01 4.101976135878354808e-03
4.335153475414617930e+01 3.980143723875658422e-03
4.360374984514007224e+01 3.940902221504514850e-03
4.385432838732079830e+01 3.854689487100864537e-03
4.410529766549178277e+01 3.821094222286404701e-03
4.435675536456894008e+01 3.749775672074300622e-03
4.460756668584335927e+01 3.733379874656095592e-03
4.485812369927145937e+01 3.639491982219137528e-03
4.510933196139897206e+01 3.591521609059957279e-03
4.536097672816924131e+01 3.553105703077397062e-03
4.561261869099184452e+01 3.509489068663442304e-03
4.586346064304911607e+01 3.482425352397696891e-03
4.611435299895526185e+01 3.352131229471290007e-03
4.636610302009028572e+01 3.335104355370906940e-03
4.661726081402038346e+01 3.315159498704325046e-03
4.686748045926628237e+01 3.198631038119671439e-03
4.712001000143001761e+01 3.181533163496530828e-03
4.737334269293729960e+01 3.094244740932201778e-03
4.762357272554871912e+01 3.097765174905944049e-03
4.787295862859781437e+01 3.053433598734781734e-03
4.812686710231834297e+01 3.020938909813490527e-03
4.837988354528783930e+01 2.970383316408330143e-03
4.862698975964909209e+01 2.853140053418214400e-03
4.887931961662670233e+01 2.876529480023575641e-03
4.913512531690142282e+01 2.824364456424824366e-03
4.938486646957150583e+01 2.735085084799210569e-03
4.963073103205424985e+01 2.767867033762840424e-03
4.988316058859187763e+01 2.699657110746218024e-03
5.013927392651110893e+01 2.659144936698225065e-03
5.038898445289544270e+01 2.691440257117915739e-03
5.063791314200675941e+01 2.678081762607961713e-03
5.089234515763529032e+01 2.582975629717254411e-03
5.114529266359630810e+01 2.617327817317932973e-03
5.138952878242714206e+01 2.493994800498235218e-03
5.163945178601188246e+01 2.413094837109838221e-03
5.190206698624180603e+01 2.496356011637232333e-03
5.215590084722179398e+01 2.458157758933587293e-03
5.238680673191466042e+01 2.493222052611580256e-03
5.263532591009818873e+01 2.327215069665877767e-03
5.290823119436031874e+01 2.258445474188832715e-03
5.316882575050344428e+01 2.373644120562013338e-03
5.338513341050097694e+01 2.293314712590519000e-03
5.363212510227822349e+01 2.153218345687221182e-03
5.391615723351310407e+01 2.251060781652806323e-03
5.419187693011466678e+01 2.189175580434086013e-03
5.439722241285236493e+01 2.267542333774083020e-03
5.462806064877949552e+01 2.135202564458323505e-03
5.491241494336609463e+01 2.181365937563197865e-03
5.519421446932921782e+01 1.786483405183896802e-03
5.543046826972861396e+01 1.943124022707967084e-03
5.561137265256709128e+01 1.797560690356505382e-03
