3.559856489878782115e-01 4.841300348034643548e+02
6.031648866026231293e-01 1.609955027488656185e+02
8.579160745827347778e-01 7.922377270820953754e+01
1.113464310595710716e+00 4.738824211050430790e+01
1.374039914321364408e+00 2.736151104005468682e+01
1.619154704570298309e+00 1.957255361051558396e+01
1.870686673430271840e+00 1.457034728620387121e+01
2.123290040706380832e+00 1.054377488834579779e+01
2.378144976376236119e+00 8.123912975003054981e+00
2.630489925835516996e+00 6.141087987764255018e+00
2.878653162679494670e+00 4.874480621787631307e+00
3.131144366275339319e+00 3.850978111105937352e+00
3.388159578333816313e+00 3.303810445580525279e+00
3.638741848210948149e+00 2.736690497457807236e+00
3.888315910732085268e+00 2.277545760068668823e+00
4.139052155837465996e+00 1.909781156659687618e+00
4.390305777018236988e+00 1.720981699195712755e+00
4.642172339120373081e+00 1.525336734454547427e+00
4.894678666149941293e+00 1.231077819609639690e+00
5.147269052361176378e+00 1.168077836534612279e+00
5.398003206656323272e+00 1.010012681430901393e+00
5.647798235368590269e+00 8.981262303510602063e-01
5.900534302989873581e+00 8.047084680044035432e-01
6.151460297009074374e+00 7.074563412455235900e-01
6.402630176204441526e+00 6.522389475436048967e-01
6.655964674748322096e+00 5.830085656306494002e-01
6.908782583105771202e+00 5.530749353558432890e-01
7.159060853508338873e+00 4.892511620857791232e-01
7.409414762591408632e+00 4.455755966905197152e-01
7.659227149364629561e+00 4.044143881496934378e-01
7.911559474606142395e+00 3.706869060529346394e-01
8.163750941790897997e+00 3.363694978876209940e-01
8.415757210439384295e+00 3.205848607399413575e-01
8.667638839289207198e+00 2.991583704004002753e-01
8.918801124864609520e+00 2.749374055090414992e-01
9.170480108345369530e+00 2.531725716397230652e-01
9.420566033467249412e+00 2.360242775118878977e-01
9.671642335271435797e+00 2.234117923812559969e-01
9.923426157758477473e+00 2.020533885075616043e-01
1.017396902749181820e+01 1.950267197169292255e-01
1.042533700753922155e+01 1.821972013948262858e-01
1.067702948358784276e+01 1.695622399688429816e-01
1.092969337256462303e+01 1.607292600448550768e-01
1.118211872033766419e+01 1.513920234803891318e-01
1.143346516925797296e+01 1.436243344654733189e-01
1.168350508557724687e+01 1.353569978728349776e-01
1.193379937775929100e+01 1.281930753452401317e-01
1.218553055762879112e+01 1.192012455865970877e-01
1.243711650801278878e+01 1.150440680821023937e-01
1.268867268647359303e+01 1.080987586323090971e-01
1.294075027177769144e+01 1.049172779814695478e-01
1.319267287020158363e+01 9.681305372927340169e-02
1.344470571782862756e+01 9.198753940922363426e-02
1.369480150283709641e+01 8.840925059192245028e-02
1.394591277066507828e+01 8.382222241289255527e-02
1.419764645764527167e+01 7.962850733204149267e-02
1.444766774168416212e+01 7.686011619903967973e-02
1.469906835825429070e+01 7.307083728773770825e-02
1.495059118111036511e+01 7.012094970075692657e-02
1.520261612590052991e+01 6.704609031565191002e-02
1.545415944503929495e+01 6.399368166318228357e-02
1.570456072545780124e+01 6.193080703670129222e-02
1.595705800128773966e+01 5.882614584588030660e-02
1.620829297830731619e+01 5.608569864860252913e-02
1.645966591028190962e+01 5.416016720381784666e-02
1.671125708846596325e+01 5.236472181046041702e-02
1.696160259490052624e+01 5.000117701459171754e-02
1.721370276108077135e+01 4.781799493274761781e-02
1.746543424102250341e+01 4.647904166501524298e-02
1.771598473288305442e+01 4.472058166152196451e-02
1.796653767411944003e+01 4.313205429449590289e-02
1.821765658501893270e+01 4.192675013463378897e-02
1.847053788120423334e+01 3.989783952512607201e-02
1.872257696809484173e+01 3.852077860358302241e-02
1.897394097105746269e+01 3.715887322620685385e-02
1.922542454726159988e+01 3.641464296454900718e-02
1.947607703355479103e+01 3.488159153688337455e-02
1.972678839839982601e+01 3.359617401300939860e-02
1.997802698857814363e+01 3.231222487251699665e-02
2.022863620534168660e+01 3.144297364837626840e-02
2.047969598507238231e+01 3.030297345161945752e-02
2.073250439107362553e+01 2.926095017465785500e-02
2.098435855211640089e+01 2.839749291069342679e-02
2.123502923393334640e+01 2.743457768615547784e-02
2.148629411178690773e+01 2.663987426447860310e-02
2.173831825513516591e+01 2.590766660354706236e-02
2.198972260956887226e+01 2.520689319279891677e-02
2.223974971000711420e+01 2.415323020197330736e-02
2.249141870643862973e+01 2.372020868974334881e-02
2.274404614890906373e+01 2.297730106348470219e-02
2.299521835768831579e+01 2.215083469999818561e-02
2.324620084136223852e+01 2.156451608283007845e-02
2.349757798664387209e+01 2.107887905203700840e-02
2.374870488118759937e+01 2.037023079978803053e-02
2.399988781917473091e+01 1.993417735416648864e-02
2.425071646049711305e+01 1.924560741922122856e-02
2.450187830577813841e+01 1.881974165618617578e-02
2.475391093216606109e+01 1.817265156874538559e-02
2.500524226975159792e+01 1.773652687377818074e-02
2.525610980153284402e+01 1.726821567131201635e-02
2.550801425092822328e+01 1.682460161951945810e-02
2.575943113325822864e+01 1.640908677098836324e-02
2.601074166866445125e+01 1.594562142498989407e-02
2.626234447079615464e+01 1.563957737512158830e-02
2.651347712943701751e+01 1.520857440232388155e-02
2.676474177984877656e+01 1.484431677432366571e-02
2.701628079430242479e+01 1.442570508679710817e-02
2.726734205837282232e+01 1.403804951003899751e-02
2.751837013544679422e+01 1.373843996850082454e-02
2.776937726815812724e+01 1.341690167483150335e-02
2.802070160973895341e+01 1.306399853756412544e-02
2.827249982643487058e+01 1.274639105417824277e-02
2.852407603869968966e+01 1.248411723036147933e-02
2.877567300468570721e+01 1.216575351614108957e-02
2.902733523039245256e+01 1.182486916685067564e-02
2.927861073083739996e+01 1.154308469735699193e-02
2.953003196193969160e+01 1.135004334933248198e-02
2.978106336846375157e+01 1.111400076478488534e-02
3.003148440777084716e+01 1.086021931025133412e-02
3.028303386126418673e+01 1.057212916232996153e-02
3.053456493440382857e+01 1.035919141504229764e-02
3.078585183944906944e+01 1.009753012310122926e-02
3.103757946070165730e+01 9.895843151867431478e-03
3.128931656795834826e+01 9.723792451850236246e-03
3.154125974608096428e+01 9.518631508144418524e-03
3.179158626791808828e+01 9.303094435215694680e-03
3.204196438636942190e+01 9.056863848040035830e-03
3.229344668057169798e+01 8.929093938510681422e-03
3.254489998018084407e+01 8.748193910262597531e-03
3.279660140319880668e+01 8.549077518820316982e-03
3.304772754686901237e+01 8.339145912121471299e-03
3.329949953441923327e+01 8.225118801195115473e-03
3.355173249539067371e+01 8.040254460911023041e-03
3.380235474142784824e+01 7.873297851283857229e-03
3.405292218889088218e+01 7.721750218260289497e-03
3.430455901572810262e+01 7.564354343255141888e-03
3.455605119154291316e+01 7.389139577404854262e-03
3.480708698418615654e+01 7.223738214127463537e-03
3.505823042281740243e+01 7.186750765526955624e-03
3.530983122122644602e+01 6.986373154881763380e-03
3.556111974160763367e+01 6.886280801148454700e-03
3.581195885960364933e+01 6.709909439952092131e-03
3.606348577968052638e+01 6.632640498760811708e-03
3.631495136683125935e+01 6.486184844358129295e-03
3.656646781331610185e+01 6.382539889828072778e-03
3.681800948534306173e+01 6.248430147429085563e-03
3.706942350460822411e+01 6.125999750927158156e-03
3.732119977997001570e+01 6.029035762003991453e-03
3.757249197135423202e+01 5.915694619158764177e-03
3.782324055213251057e+01 5.765076282352811325e-03
3.807430609684078604e+01 5.711838261327209336e-03
3.832526519371521090e+01 5.593059824591322358e-03
3.857704530181875668e+01 5.500385324843152374e-03
3.882896255048217427e+01 5.398988542111380490e-03
3.907976684424035341e+01 5.311608866880525477e-03
3.933085588900704010e+01 5.229177323300505074e-03
3.958184533965361140e+01 5.122407652642360122e-03
3.983320492881626507e+01 5.068200853207953209e-03
4.008506787586624398e+01 4.926579080441506261e-03
4.033569471078550350e+01 4.892891583739361443e-03
4.058701345074587863e+01 4.784298421902814964e-03
4.083916815834436420e+01 4.693691453774905507e-03
4.108978611092747713e+01 4.645241008566484801e-03
4.134119394692694271e+01 4.590628286480324081e-03
4.159372926482761557e+01 4.469487045687566863e-03
4.184480996230068683e+01 4.376163698195894083e-03
4.209495048714620680e+01 4.348417414184045822e-03
4.234568601474854432e+01 4.286005752470348033e-03
4.259794184898333214e+01 4.182569994883682946e-03
4.284922176444433717e+01 4.124691089592101741e-03
4.309982534096671003e+01 4.056957658665380842e-03
4.335153475414617930e+01 3.993424051132406227e-03
4.360374984514007224e+01 3.938669017694003058e-03
4.385432838732079830e+01 3.905462471151842103e-03
4.410529766549178277e+01 3.806856093807010726e-03
4.435675536456894008e+01 3.733844621453014101e-03
4.460756668584335927e+01 3.733273747397768301e-03
4.485812369927145937e+01 3.595099239840278751e-03
4.510933196139897206e+01 3.631243963856805711e-03
4.536097672816924131e+01 3.560484653882721885e-03
4.561261869099184452e+01 3.478954375144740607e-03
4.586346064304911607e+01 3.422682530988463510e-03
4.611435299895526185e+01 3.397508705532258089e-03
4.636610302009028572e+01 3.322593186109461597e-03
4.661726081402038346e+01 3.291966572517321214e-03
4.686748045926628237e+01 3.243140006195441988e-03
4.712001000143001761e+01 3.215663045663342580e-03
4.737334269293729960e+01 3.129928003944057457e-03
4.762357272554871912e+01 3.092631709923301768e-03
4.787295862859781437e+01 3.030091410381077158e-03
4.812686710231834297e+01 3.006317880977277344e-03
4.837988354528783930e+01 2.989028639813134242e-03
4.862698975964909209e+01 2.909282361518153968e-03
4.887931961662670233e+01 2.909551599295496279e-03
4.913512531690142282e+01 2.854173336097040603e-03
4.938486646957150583e+01 2.811800818758118312e-03
4.963073103205424985e+01 2.735170370489222076e-03
4.988316058859187763e+01 2.681573069399569888e-03
5.013927392651110893e+01 2.646373167154078380e-03
5.038898445289544270e+01 2.658242830270506323e-03
5.063791314200675941e+01 2.563200291413456587e-03
5.089234515763529032e+01 2.594514267628489270e-03
5.114529266359630810e+01 2.573855479739519270e-03
5.138952878242714206e+01 2.507961326503655667e-03
5.163945178601188246e+01 2.550390490346888563e-03
5.190206698624180603e+01 2.467149875514999986e-03
5.215590084722179398e+01 2.375246356146767587e-03
5.238680673191466042e+01 2.395560385620344387e-03
5.263532591009818873e+01 2.348967273856310441e-03
5.290823119436031874e+01 2.256717193219964432e-03
5.316882575050344428e+01 2.315967716315468251e-03
5.338513341050097694e+01 2.293991050575433163e-03
5.363212510227822349e+01 2.177192199131485276e-03
5.391615723351310407e+01 2.167436213098833300e-03
5.419187693011466678e+01 1.974865984827310107e-03
5.439722241285236493e+01 2.156668121738117457e-03
5.462806064877949552e+01 2.153676367725371188e-03
5.491241494336609463e+01 1.935766053818899213e-03
5.519421446932921782e+01 2.519254167473395246e-03
5.543046826972861396e+01 1.408721604352280391e-03
5.561137265256709128e+01 1.219556406725248645e-03
