3.559856489878782115e-01 9.824150500465486857e+02
6.031648866026231293e-01 2.620130329233486464e+02
8.579160745827347778e-01 9.014555323841457835e+01
1.113464310595710716e+00 5.197447493116052897e+01
1.374039914321364408e+00 3.065988661425437201e+01
1.619154704570298309e+00 1.976396923750188606e+01
1.870686673430271840e+00 1.611863888174199033e+01
2.123290040706380832e+00 1.067045848167975208e+01
2.378144976376236119e+00 8.064844936639694595e+00
2.630489925835516996e+00 6.306998425061904001e+00
2.878653162679494670e+00 5.039834843653954621e+00
3.131144366275339319e+00 4.171158096407777016e+00
3.388159578333816313e+00 3.201949060172307071e+00
3.638741848210948149e+00 2.803820897677760104e+00
3.888315910732085268e+00 2.267903451449814423e+00
4.139052155837465996e+00 2.040325411547010415e+00
4.390305777018236988e+00 1.719629786681252881e+00
4.642172339120373081e+00 1.436103516584029460e+00
4.894678666149941293e+00 1.290707747054103516e+00
5.147269052361176378e+00 1.146709081110036443e+00
5.398003206656323272e+00 9.769255081433765309e-01
5.647798235368590269e+00 8.881808180203714098e-01
5.900534302989873581e+00 8.186899070205051476e-01
6.151460297009074374e+00 7.400390854650714667e-01
6.402630176204441526e+00 6.505074536256642004e-01
6.655964674748322096e+00 5.955510026410784086e-01
6.908782583105771202e+00 5.220776549761384500e-01
7.159060853508338873e+00 4.889771044214279438e-01
7.409414762591408632e+00 4.493222373592700158e-01
7.659227149364629561e+00 4.000059673484791523e-01
7.911559474606142395e+00 3.674877242069671812e-01
8.163750941790897997e+00 3.421132420100406191e-01
8.415757210439384295e+00 3.183985633013335925e-01
8.667638839289207198e+00 2.884160563225681151e-01
8.918801124864609520e+00 2.685996322884439125e-01
9.170480108345369530e+00 2.553730175038650962e-01
9.420566033467249412e+00 2.387085524255423974e-01
9.671642335271435797e+00 2.219801129919732052e-01
9.923426157758477473e+00 2.053639029486805656e-01
1.017396902749181820e+01 1.950333184882450388e-01
1.042533700753922155e+01 1.795066499249875769e-01
1.067702948358784276e+01 1.720111438959284755e-01
1.092969337256462303e+01 1.579317966388026073e-01
1.118211872033766419e+01 1.486008970572341159e-01
1.143346516925797296e+01 1.429783201037075346e-01
1.168350508557724687e+01 1.340313404855421331e-01
1.193379937775929100e+01 1.275778407340097120e-01
1.218553055762879112e+01 1.211552568944996716e-01
1.243711650801278878e+01 1.130725394627256075e-01
1.268867268647359303e+01 1.093418162439751401e-01
1.294075027177769144e+01 1.038890142436451752e-01
1.319267287020158363e+01 9.856529075866828082e-02
1.344470571782862756e+01 9.271464904550050234e-02
1.369480150283709641e+01 8.871966677598136508e-02
1.394591277066507828e+01 8.487581370654176394e-02
1.419764645764527167e+01 7.972962357456044036e-02
1.444766774168416212e+01 7.732550212867664308e-02
1.469906835825429070e+01 7.293289762058237369e-02
1.495059118111036511e+01 6.958224986171941684e-02
1.520261612590052991e+01 6.649742890357458747e-02
1.545415944503929495e+01 6.416174265707035029e-02
1.570456072545780124e+01 6.138491971909867950e-02
1.595705800128773966e+01 5.907274980776613255e-02
1.620829297830731619e+01 5.663747364422336977e-02
1.645966591028190962e+01 5.402256781346073677e-02
1.671125708846596325e+01 5.221439500704982278e-02
1.696160259490052624e+01 5.054798325252205654e-02
1.721370276108077135e+01 4.839661755747850375e-02
1.746543424102250341e+01 4.649009386511779307e-02
1.771598473288305442e+01 4.470296186471477834e-02
1.796653767411944003e+01 4.286018574518942609e-02
1.821765658501893270e+01 4.165823203456747725e-02
1.847053788120423334e+01 3.984763079198884450e-02
1.872257696809484173e+01 3.853060244545879892e-02
1.897394097105746269e+01 3.728165674303325627e-02
1.922542454726159988e+01 3.613513858668740419e-02
1.947607703355479103e+01 3.467296562923049413e-02
1.972678839839982601e+01 3.353383679662875344e-02
1.997802698857814363e+01 3.229078822118049141e-02
2.022863620534168660e+01 3.132085324915829389e-02
2.047969598507238231e+01 3.034547535931201093e-02
2.073250439107362553e+01 2.947805460155203741e-02
2.098435855211640089e+01 2.831731360197587213e-02
2.123502923393334640e+01 2.743884039329645697e-02
2.148629411178690773e+01 2.664222192678894138e-02
2.173831825513516591e+01 2.581444184363338584e-02
2.198972260956887226e+01 2.510292985454758846e-02
2.223974971000711420e+01 2.417927606058147688e-02
2.249141870643862973e+01 2.360757263269694720e-02
2.274404614890906373e+01 2.295331144044024038e-02
2.299521835768831579e+01 2.233396055658540963e-02
2.324620084136223852e+01 2.166110519010645483e-02
2.349757798664387209e+01 2.111561490440940977e-02
2.374870488118759937e+01 2.028985229395891682e-02
2.399988781917473091e+01 1.985897221711918972e-02
2.425071646049711305e+01 1.931395044869270092e-02
2.450187830577813841e+01 1.885661253405613094e-02
2.475391093216606109e+01 1.814500067762623431e-02
2.500524226975159792e+01 1.786421630978406866e-02
2.525610980153284402e+01 1.726689609492202196e-02
2.550801425092822328e+01 1.680019075562426759e-02
2.575943113325822864e+01 1.632758882243191129e-02
2.601074166866445125e+01 1.590239130021516359e-02
2.626234447079615464e+01 1.564688432071922181e-02
2.651347712943701751e+01 1.518175032461861751e-02
2.676474177984877656e+01 1.471245097963331909e-02
2.701628079430242479e+01 1.443946730222367414e-02
2.726734205837282232e+01 1.409483394455326825e-02
2.751837013544679422e+01 1.374651712012580664e-02
2.776937726815812724e+01 1.350508800467278489e-02
2.802070160973895341e+01 1.314893748623624688e-02
2.827249982643487058e+01 1.273582866444714946e-02
2.852407603869968966e+01 1.245111234519864427e-02
2.877567300468570721e+01 1.221217811063808785e-02
2.902733523039245256e+01 1.192633826183367440e-02
2.927861073083739996e+01 1.165763584855339721e-02
2.953003196193969160e+01 1.135261116940878071e-02
2.978106336846375157e+01 1.100326994399384098e-02
3.003148440777084716e+01 1.080078116200004594e-02
3.028303386126418673e+01 1.057498066399461048e-02
3.053456493440382857e+01 1.033481419452789846e-02
3.078585183944906944e+01 1.014014001753405468e-02
3.103757946070165730e+01 9.906358428558107929e-03
3.128931656795834826e+01 9.713301866763029979e-03
3.154125974608096428e+01 9.513548464498042603e-03
3.179158626791808828e+01 9.229714012856712196e-03
3.204196438636942190e+01 9.105396314079769113e-03
3.229344668057169798e+01 8.886633222728606077e-03
3.254489998018084407e+01 8.736098370294868853e-03
3.279660140319880668e+01 8.539475949197756349e-03
3.304772754686901237e+01 8.387152223438271506e-03
3.329949953441923327e+01 8.184776253868611406e-03
3.355173249539067371e+01 8.005421899009958903e-03
3.380235474142784824e+01 7.885762904609213211e-03
3.405292218889088218e+01 7.733319650643035760e-03
3.430455901572810262e+01 7.567945762315465494e-03
3.455605119154291316e+01 7.418487666136701006e-03
3.480708698418615654e+01 7.277925806607618564e-03
3.505823042281740243e+01 7.126279895972383212e-03
3.530983122122644602e+01 6.991611673746920240e-03
3.556111974160763367e+01 6.842410736975634324e-03
3.581195885960364933e+01 6.752552139680100159e-03
3.606348577968052638e+01 6.590682521595970025e-03
3.631495136683125935e+01 6.497006497934657530e-03
3.656646781331610185e+01 6.384039234739834548e-03
3.681800948534306173e+01 6.231449206883871161e-03
3.706942350460822411e+01 6.102696105676411534e-03
3.732119977997001570e+01 6.004602526005048922e-03
3.757249197135423202e+01 5.919644339316187942e-03
3.782324055213251057e+01 5.805517005226148997e-03
3.807430609684078604e+01 5.699606521333159224e-03
3.832526519371521090e+01 5.603016072705475914e-03
3.857704530181875668e+01 5.537050935809076889e-03
3.882896255048217427e+01 5.442916152065060964e-03
3.907976684424035341e+01 5.280077475011172097e-03
3.933085588900704010e+01 5.220054010686861999e-03
3.958184533965361140e+01 5.137383081951208547e-03
3.983320492881626507e+01 5.036591585072399367e-03
4.008506787586624398e+01 4.942849620867301175e-03
4.033569471078550350e+01 4.887728444646596490e-03
4.058701345074587863e+01 4.792467335246915205e-03
4.083916815834436420e+01 4.712633338102153839e-03
4.108978611092747713e+01 4.630771766215203804e-03
4.134119394692694271e+01 4.544239114049162739e-03
4.159372926482761557e+01 4.459202349102524450e-03
4.184480996230068683e+01 4.419419602352476009e-03
4.209495048714620680e+01 4.336016385981512206e-03
4.234568601474854432e+01 4.258867329000941455e-03
4.259794184898333214e+01 4.210779545426246266e-03
4.284922176444433717e+01 4.146542344427305710e-03
4.309982534096671003e+01 4.064005875810985241e-03
4.335153475414617930e+01 3.995723886977821555e-03
4.360374984514007224e+01 3.933522373816868145e-03
4.385432838732079830e+01 3.869627415715085235e-03
4.410529766549178277e+01 3.832800160709778307e-03
4.435675536456894008e+01 3.752520400248984637e-03
4.460756668584335927e+01 3.698577919723215323e-03
4.485812369927145937e+01 3.665762371738480203e-03
4.510933196139897206e+01 3.604801781585389650e-03
4.536097672816924131e+01 3.524667628492031413e-03
4.561261869099184452e+01 3.482363567120409266e-03
4.586346064304911607e+01 3.436001458229652299e-03
4.611435299895526185e+01 3.419898360065297231e-03
4.636610302009028572e+01 3.340380203970769093e-03
4.661726081402038346e+01 3.311098535980440752e-03
4.686748045926628237e+01 3.233917141110433015e-03
4.712001000143001761e+01 3.192019146290943701e-03
4.737334269293729960e+01 3.180142686884046121e-03
4.762357272554871912e+01 3.069135556247099342e-03
4.787295862859781437e+01 3.029866702462477926e-03
4.812686710231834297e+01 3.063756207042796480e-03
4.837988354528783930e+01 2.969950613612083734e-03
4.862698975964909209e+01 2.899233180239677108e-03
4.887931961662670233e+01 2.834603446952437943e-03
4.913512531690142282e+01 2.809519696579445940e-03
4.938486646957150583e+01 2.781300558423788118e-03
4.963073103205424985e+01 2.802588280089863583e-03
4.988316058859187763e+01 2.719779811033798140e-03
5.013927392651110893e+01 2.643311305484184574e-03
5.038898445289544270e+01 2.693352017725002875e-03
5.063791314200675941e+01 2.598131604156110608e-03
5.089234515763529032e+01 2.564001777141364062e-03
5.114529266359630810e+01 2.559994564865796397e-03
5.138952878242714206e+01 2.507475751419610023e-03
5.163945178601188246e+01 2.526198395580584247e-03
5.190206698624180603e+01 2.470896711049058378e-03
5.215590084722179398e+01 2.517669271708357359e-03
5.238680673191466042e+01 2.366926417984405433e-03
5.263532591009818873e+01 2.446487694064902133e-03
5.290823119436031874e+01 2.186129115766219291e-03
5.316882575050344428e+01 2.195057836247584025e-03
5.338513341050097694e+01 2.236668959037093046e-03
5.363212510227822349e+01 2.270418683576505905e-03
5.391615723351310407e+01 2.193079738901894220e-03
5.419187693011466678e+01 2.324764530719833095e-03
5.439722241285236493e+01 2.072503444014757099e-03
5.462806064877949552e+01 2.046732319678477591e-03
5.491241494336609463e+01 2.216248381141641341e-03
5.519421446932921782e+01 2.054208140253428305e-03
5.543046826972861396e+01 8.379639576024306737e-04
5.561137265256709128e+01 9.679738219388852368e-04
