3.559856489878782115e-01 6.571856201705970761e+02
6.031648866026231293e-01 2.143170148343473329e+02
8.579160745827347778e-01 8.997962092756326058e+01
1.113464310595710716e+00 4.723888494535605531e+01
1.374039914321364408e+00 3.142977741424698479e+01
1.619154704570298309e+00 1.993598542840724974e+01
1.870686673430271840e+00 1.322351537674785682e+01
2.123290040706380832e+00 1.052207557130792637e+01
2.378144976376236119e+00 7.390980553777519724e+00
2.630489925835516996e+00 6.178828855356258920e+00
2.878653162679494670e+00 4.803788053669094893e+00
3.131144366275339319e+00 4.108184620180386659e+00
3.388159578333816313e+00 3.354100623855173602e+00
3.638741848210948149e+00 2.577558524206511326e+00
3.888315910732085268e+00 2.327715427346949362e+00
4.139052155837465996e+00 1.881467244650313342e+00
4.390305777018236988e+00 1.731047859753074070e+00
4.642172339120373081e+00 1.533374530601923746e+00
4.894678666149941293e+00 1.300349414011978899e+00
5.147269052361176378e+00 1.129675253536312818e+00
5.398003206656323272e+00 1.011184522596752178e+00
5.647798235368590269e+00 8.819779432247835116e-01
5.900534302989873581e+00 7.840967239895568763e-01
6.151460297009074374e+00 7.120476067816435828e-01
6.402630176204441526e+00 6.384638219889037236e-01
6.655964674748322096e+00 5.929864270203228926e-01
6.908782583105771202e+00 5.309933969502216300e-01
7.159060853508338873e+00 4.831619503270970228e-01
7.409414762591408632e+00 4.488023635199265837e-01
7.659227149364629561e+00 3.901740474757808275e-01
7.911559474606142395e+00 3.705109047569268843e-01
8.163750941790897997e+00 3.402244314123503144e-01
8.415757210439384295e+00 3.185568913696951721e-01
8.667638839289207198e+00 2.990271814468146161e-01
8.918801124864609520e+00 2.755749189132483123e-01
9.170480108345369530e+00 2.580407487582907500e-01
9.420566033467249412e+00 2.324049329899968985e-01
9.671642335271435797e+00 2.207538608993305229e-01
9.923426157758477473e+00 2.044223232356347508e-01
1.017396902749181820e+01 1.968243469450050298e-01
1.042533700753922155e+01 1.813324430558264921e-01
1.067702948358784276e+01 1.723216712811748430e-01
1.092969337256462303e+01 1.611920541208627655e-01
1.118211872033766419e+01 1.510801114780568333e-01
1.143346516925797296e+01 1.410137781718975025e-01
1.168350508557724687e+01 1.350958126538816251e-01
1.193379937775929100e+01 1.277275818831031806e-01
1.218553055762879112e+01 1.202047153562963988e-01
1.243711650801278878e+01 1.146223282224010098e-01
1.268867268647359303e+01 1.071583655119266454e-01
1.294075027177769144e+01 1.027841905059134614e-01
1.319267287020158363e+01 9.777695475440464912e-02
1.344470571782862756e+01 9.328166676883915820e-02
1.369480150283709641e+01 8.820496760033126604e-02
1.394591277066507828e+01 8.426178970568873328e-02
1.419764645764527167e+01 8.177079301260493926e-02
1.444766774168416212e+01 7.774615513091749641e-02
1.469906835825429070e+01 7.445539115620396220e-02
1.495059118111036511e+01 7.094507220943037373e-02
1.520261612590052991e+01 6.768232561753781407e-02
1.545415944503929495e+01 6.465982709289498642e-02
1.570456072545780124e+01 6.185652656670417165e-02
1.595705800128773966e+01 5.928610201326110773e-02
1.620829297830731619e+01 5.701678022391188511e-02
1.645966591028190962e+01 5.438598377214257096e-02
1.671125708846596325e+01 5.255674109503590680e-02
1.696160259490052624e+01 5.040539353985008797e-02
1.721370276108077135e+01 4.819680656131167945e-02
1.746543424102250341e+01 4.628845981745067367e-02
1.771598473288305442e+01 4.464829568938004367e-02
1.796653767411944003e+01 4.291946708753401063e-02
1.821765658501893270e+01 4.147128006923329890e-02
1.847053788120423334e+01 3.961622747164431080e-02
1.872257696809484173e+01 3.854073302048545424e-02
1.897394097105746269e+01 3.741051054226256223e-02
1.922542454726159988e+01 3.529331736186384905e-02
1.947607703355479103e+01 3.493713721836534669e-02
1.972678839839982601e+01 3.339082418905514604e-02
1.997802698857814363e+01 3.225797322365117625e-02
2.022863620534168660e+01 3.125110898530831377e-02
2.047969598507238231e+01 3.045577088439797159e-02
2.073250439107362553e+01 2.925192135162618667e-02
2.098435855211640089e+01 2.844413313218741371e-02
2.123502923393334640e+01 2.786865488097858834e-02
2.148629411178690773e+01 2.678925645546914591e-02
2.173831825513516591e+01 2.591754620357599251e-02
2.198972260956887226e+01 2.497591028592463860e-02
2.223974971000711420e+01 2.444837875688682730e-02
2.249141870643862973e+01 2.359911885259431338e-02
2.274404614890906373e+01 2.287833648657469632e-02
2.299521835768831579e+01 2.215550757367826945e-02
2.324620084136223852e+01 2.148924574952503289e-02
2.349757798664387209e+01 2.090812025303659741e-02
2.374870488118759937e+01 2.052927580582908709e-02
2.399988781917473091e+01 1.993328088847802840e-02
2.425071646049711305e+01 1.918765002327504562e-02
2.450187830577813841e+01 1.875627110527708710e-02
2.475391093216606109e+01 1.808802683594418204e-02
2.500524226975159792e+01 1.777517378431727954e-02
2.525610980153284402e+01 1.723563438253387925e-02
2.550801425092822328e+01 1.682671142963800340e-02
2.575943113325822864e+01 1.631924889707300069e-02
2.601074166866445125e+01 1.595135774014085073e-02
2.626234447079615464e+01 1.559601076777142846e-02
2.651347712943701751e+01 1.510706296982802267e-02
2.676474177984877656e+01 1.475023815445827488e-02
2.701628079430242479e+01 1.443081828771934985e-02
2.726734205837282232e+01 1.411669635402763162e-02
2.751837013544679422e+01 1.374270633405870121e-02
2.776937726815812724e+01 1.341071790131377964e-02
2.802070160973895341e+01 1.299054660947757296e-02
2.827249982643487058e+01 1.275243009695212031e-02
2.852407603869968966e+01 1.243726405022478262e-02
2.877567300468570721e+01 1.209664712306002948e-02
2.902733523039245256e+01 1.192556441501656413e-02
2.927861073083739996e+01 1.165640165103726082e-02
2.953003196193969160e+01 1.139037897697432224e-02
2.978106336846375157e+01 1.112965707069143301e-02
3.003148440777084716e+01 1.082600987055109751e-02
3.028303386126418673e+01 1.062957153344438674e-02
3.053456493440382857e+01 1.035814773894682544e-02
3.078585183944906944e+01 1.014187430507020558e-02
3.103757946070165730e+01 9.877363748261727000e-03
3.128931656795834826e+01 9.693163423307966237e-03
3.154125974608096428e+01 9.449613902536626101e-03
3.179158626791808828e+01 9.302140016597387068e-03
3.204196438636942190e+01 9.076922968980901882e-03
3.229344668057169798e+01 8.873797238859755868e-03
3.254489998018084407e+01 8.710045274681808142e-03
3.279660140319880668e+01 8.534470273428322248e-03
3.304772754686901237e+01 8.395475610699731570e-03
3.329949953441923327e+01 8.191579291351645115e-03
3.355173249539067371e+01 8.051057614778067348e-03
3.380235474142784824e+01 7.873225592943627546e-03
3.405292218889088218e+01 7.711109319892619184e-03
3.430455901572810262e+01 7.538219709531245039e-03
3.455605119154291316e+01 7.418864938303098254e-03
3.480708698418615654e+01 7.270304019313134428e-03
3.505823042281740243e+01 7.138752841933859380e-03
3.530983122122644602e+01 6.975720236999547949e-03
3.556111974160763367e+01 6.899542779051575682e-03
3.581195885960364933e+01 6.745376367086730780e-03
3.606348577968052638e+01 6.589897748530929023e-03
3.631495136683125935e+01 6.499228120514440564e-03
3.656646781331610185e+01 6.329291023091019458e-03
3.681800948534306173e+01 6.233676665560567223e-03
3.706942350460822411e+01 6.137970906884521009e-03
3.732119977997001570e+01 5.992424364411473754e-03
3.757249197135423202e+01 5.901590991323901400e-03
3.782324055213251057e+01 5.824127913177596164e-03
3.807430609684078604e+01 5.673135000654479232e-03
3.832526519371521090e+01 5.601135129377912171e-03
3.857704530181875668e+01 5.508089100797443176e-03
3.882896255048217427e+01 5.410730748828190308e-03
3.907976684424035341e+01 5.312377825399726070e-03
3.933085588900704010e+01 5.233543075502520257e-03
3.958184533965361140e+01 5.117626392461458416e-03
3.983320492881626507e+01 5.039367370951257016e-03
4.008506787586624398e+01 4.948262701220063065e-03
4.033569471078550350e+01 4.891987370727284359e-03
4.058701345074587863e+01 4.772796382315411257e-03
4.083916815834436420e+01 4.704033546813249020e-03
4.108978611092747713e+01 4.621575923563721322e-03
4.134119394692694271e+01 4.556991956581181273e-03
4.159372926482761557e+01 4.455958986811328279e-03
4.184480996230068683e+01 4.411303142536853947e-03
4.209495048714620680e+01 4.341243359791755255e-03
4.234568601474854432e+01 4.225395243175144797e-03
4.259794184898333214e+01 4.217747725229113731e-03
4.284922176444433717e+01 4.137278747797603663e-03
4.309982534096671003e+01 4.059629828417839030e-03
4.335153475414617930e+01 4.015450373226954819e-03
4.360374984514007224e+01 3.973903917751522331e-03
4.385432838732079830e+01 3.876184716350900873e-03
4.410529766549178277e+01 3.789793151462752998e-03
4.435675536456894008e+01 3.778343029656239249e-03
4.460756668584335927e+01 3.652708124882211513e-03
4.485812369927145937e+01 3.663775613184098740e-03
4.510933196139897206e+01 3.598841632757544470e-03
4.536097672816924131e+01 3.530418302990516802e-03
4.561261869099184452e+01 3.462665219894123930e-03
4.586346064304911607e+01 3.430282224538361204e-03
4.611435299895526185e+01 3.359976663331877469e-03
4.636610302009028572e+01 3.335513217601693628e-03
4.661726081402038346e+01 3.292602942857668618e-03
4.686748045926628237e+01 3.245094999895602531e-03
4.712001000143001761e+01 3.162031305963314189e-03
4.737334269293729960e+01 3.151419573910351022e-03
4.762357272554871912e+01 3.111840219843336509e-03
4.787295862859781437e+01 3.110962426546470989e-03
4.812686710231834297e+01 2.961642689723410771e-03
4.837988354528783930e+01 2.941422142255123440e-03
4.862698975964909209e+01 2.929750948076164947e-03
4.887931961662670233e+01 2.865100101936145054e-03
4.913512531690142282e+01 2.842789761490006548e-03
4.938486646957150583e+01 2.766057113557513370e-03
4.963073103205424985e+01 2.778925839760351766e-03
4.988316058859187763e+01 2.773061777619487307e-03
5.013927392651110893e+01 2.764973984500516697e-03
5.038898445289544270e+01 2.675149623528594138e-03
5.063791314200675941e+01 2.625301384210881449e-03
5.089234515763529032e+01 2.557241603104015975e-03
5.114529266359630810e+01 2.576048347308275508e-03
5.138952878242714206e+01 2.588991955983945339e-03
5.163945178601188246e+01 2.514820045557988881e-03
5.190206698624180603e+01 2.423513545768027529e-03
5.215590084722179398e+01 2.477279970705240347e-03
5.238680673191466042e+01 2.492894834057739380e-03
5.263532591009818873e+01 2.330456399090741638e-03
5.290823119436031874e+01 2.311671971760061693e-03
5.316882575050344428e+01 2.393047836398768096e-03
5.338513341050097694e+01 2.185188564575309047e-03
5.363212510227822349e+01 2.201227707598349750e-03
5.391615723351310407e+01 2.375585564391093692e-03
5.419187693011466678e+01 2.071973006617754045e-03
5.439722241285236493e+01 2.506897999942438431e-03
5.462806064877949552e+01 2.256018189999090939e-03
5.491241494336609463e+01 2.171242777334197755e-03
5.519421446932921782e+01 2.546514506762636351e-03
5.543046826972861396e+01 2.290116233497523426e-03
5.561137265256709128e+01 1.775397305022425242e-03
