3.559856489878782115e-01 8.703138356174707724e+02
6.031648866026231293e-01 1.839798560505990679e+02
8.579160745827347778e-01 1.015780937965921993e+02
1.113464310595710716e+00 5.076699250972971811e+01
1.374039914321364408e+00 3.051911978226960187e+01
1.619154704570298309e+00 2.113419583849154293e+01
1.870686673430271840e+00 1.370421970717384141e+01
2.123290040706380832e+00 1.023895702407325103e+01
2.378144976376236119e+00 7.852864748810493900e+00
2.630489925835516996e+00 5.834810542280283840e+00
2.878653162679494670e+00 4.752934976481230755e+00
3.131144366275339319e+00 4.175401453263884122e+00
3.388159578333816313e+00 3.381689856202132916e+00
3.638741848210948149e+00 2.730871638323657535e+00
3.888315910732085268e+00 2.302785725293511998e+00
4.139052155837465996e+00 1.996685755923725436e+00
4.390305777018236988e+00 1.695052224837931609e+00
4.642172339120373081e+00 1.451351674964022953e+00
4.894678666149941293e+00 1.299250834064911153e+00
5.147269052361176378e+00 1.140533940631599963e+00
5.398003206656323272e+00 1.013039752322147935e+00
5.647798235368590269e+00 8.998535013575734709e-01
5.900534302989873581e+00 7.909074179875804633e-01
6.151460297009074374e+00 7.439763029060940669e-01
6.402630176204441526e+00 6.518052777116215557e-01
6.655964674748322096e+00 5.747071959131651031e-01
6.908782583105771202e+00 5.348425279038673263e-01
7.159060853508338873e+00 4.841748352781728437e-01
7.409414762591408632e+00 4.407876563575203743e-01
7.659227149364629561e+00 4.104740268387406799e-01
7.911559474606142395e+00 3.764499681566687572e-01
8.163750941790897997e+00 3.462741236576410975e-01
8.415757210439384295e+00 3.219489988126747471e-01
8.667638839289207198e+00 2.892078122980584198e-01
8.918801124864609520e+00 2.689751522628627822e-01
9.170480108345369530e+00 2.488526564864850799e-01
9.420566033467249412e+00 2.380479756658856749e-01
9.671642335271435797e+00 2.184021572053729543e-01
9.923426157758477473e+00 2.102882760086499381e-01
1.017396902749181820e+01 1.935832664274720061e-01
1.042533700753922155e+01 1.811952089632748453e-01
1.067702948358784276e+01 1.729783223072669240e-01
1.092969337256462303e+01 1.607284417175945113e-01
1.118211872033766419e+01 1.489759052723687860e-01
1.143346516925797296e+01 1.419308008531874332e-01
1.168350508557724687e+01 1.325166339416378458e-01
1.193379937775929100e+01 1.290312341645216687e-01
1.218553055762879112e+01 1.214499491103865902e-01
1.243711650801278878e+01 1.142806422211582046e-01
1.268867268647359303e+01 1.085793709000652113e-01
1.294075027177769144e+01 1.026587807810874775e-01
1.319267287020158363e+01 9.799002871988270191e-02
1.344470571782862756e+01 9.291265864426669074e-02
1.369480150283709641e+01 8.807425011706550289e-02
1.394591277066507828e+01 8.464182768700025117e-02
1.419764645764527167e+01 8.020146892737355093e-02
1.444766774168416212e+01 7.690434480802205153e-02
1.469906835825429070e+01 7.257308800399310533e-02
1.495059118111036511e+01 7.114595271484065730e-02
1.520261612590052991e+01 6.666655327090960370e-02
1.545415944503929495e+01 6.443098264786567553e-02
1.570456072545780124e+01 6.100064344761747803e-02
1.595705800128773966e+01 5.947175488472841720e-02
1.620829297830731619e+01 5.670028315546941228e-02
1.645966591028190962e+01 5.432703287861992414e-02
1.671125708846596325e+01 5.231769234210333769e-02
1.696160259490052624e+01 5.036246767287637371e-02
1.721370276108077135e+01 4.840003184520105112e-02
1.746543424102250341e+01 4.640968011553023992e-02
1.771598473288305442e+01 4.439101193575130389e-02
1.796653767411944003e+01 4.267070094207554148e-02
1.821765658501893270e+01 4.139922581449660688e-02
1.847053788120423334e+01 3.982507410834495998e-02
1.872257696809484173e+01 3.844358073180739743e-02
1.897394097105746269e+01 3.708669963811520726e-02
1.922542454726159988e+01 3.601808605227794363e-02
1.947607703355479103e+01 3.463138282092728670e-02
1.972678839839982601e+01 3.389939658406695283e-02
1.997802698857814363e+01 3.241652421070392170e-02
2.022863620534168660e+01 3.155992316445214996e-02
2.047969598507238231e+01 3.025611266943662586e-02
2.073250439107362553e+01 2.937284105243757881e-02
2.098435855211640089e+01 2.829045649398505627e-02
2.123502923393334640e+01 2.762926072706654163e-02
2.148629411178690773e+01 2.674763086245110152e-02
2.173831825513516591e+01 2.574569787592735984e-02
2.198972260956887226e+01 2.511225363742651887e-02
2.223974971000711420e+01 2.413957075695249282e-02
2.249141870643862973e+01 2.357983471963837410e-02
2.274404614890906373e+01 2.294388322400753993e-02
2.299521835768831579e+01 2.227673858976131696e-02
2.324620084136223852e+01 2.143876371508478956e-02
2.349757798664387209e+01 2.098857462917510727e-02
2.374870488118759937e+01 2.036770975585292312e-02
2.399988781917473091e+01 1.984820252338687779e-02
2.425071646049711305e+01 1.936538218748091664e-02
2.450187830577813841e+01 1.865266968676220979e-02
2.475391093216606109e+01 1.829181191534325068e-02
2.500524226975159792e+01 1.767173300720718820e-02
2.525610980153284402e+01 1.738177256091869363e-02
2.550801425092822328e+01 1.689002847779185260e-02
2.575943113325822864e+01 1.628492292642302539e-02
2.601074166866445125e+01 1.600175337412346188e-02
2.626234447079615464e+01 1.565142199175020843e-02
2.651347712943701751e+01 1.518940987639552480e-02
2.676474177984877656e+01 1.474565650054777792e-02
2.701628079430242479e+01 1.445942894158487244e-02
2.726734205837282232e+01 1.407932698111926013e-02
2.751837013544679422e+01 1.367036493285619589e-02
2.776937726815812724e+01 1.338751773649061484e-02
2.802070160973895341e+01 1.304844685110310813e-02
2.827249982643487058e+01 1.273855248726253088e-02
2.852407603869968966e+01 1.247175652395406814e-02
2.877567300468570721e+01 1.213695092727972574e-02
2.902733523039245256e+01 1.184494992691758307e-02
2.927861073083739996e+01 1.158170652155388405e-02
2.953003196193969160e+01 1.131580665434778026e-02
2.978106336846375157e+01 1.102339408775897429e-02
3.003148440777084716e+01 1.087716297692281099e-02
3.028303386126418673e+01 1.058016224413214218e-02
3.053456493440382857e+01 1.032885294774041340e-02
3.078585183944906944e+01 1.017859977273011599e-02
3.103757946070165730e+01 9.903112771669358994e-03
3.128931656795834826e+01 9.719147325572335613e-03
3.154125974608096428e+01 9.492479505468550544e-03
3.179158626791808828e+01 9.269335861465432050e-03
3.204196438636942190e+01 9.082948214538462059e-03
3.229344668057169798e+01 8.904050162518811068e-03
3.254489998018084407e+01 8.729646422472297357e-03
3.279660140319880668e+01 8.552707758722898415e-03
3.304772754686901237e+01 8.403023228650000759e-03
3.329949953441923327e+01 8.230842342225128810e-03
3.355173249539067371e+01 8.058503415352538668e-03
3.380235474142784824e+01 7.848675047710765296e-03
3.405292218889088218e+01 7.744783976315583809e-03
3.430455901572810262e+01 7.553075273910616651e-03
3.455605119154291316e+01 7.419988945411636755e-03
3.480708698418615654e+01 7.244162530482011787e-03
3.505823042281740243e+01 7.161639999924978781e-03
3.530983122122644602e+01 7.014304739169350579e-03
3.556111974160763367e+01 6.846523127308824265e-03
3.581195885960364933e+01 6.744184620852169444e-03
3.606348577968052638e+01 6.582338637404398438e-03
3.631495136683125935e+01 6.453620701949730303e-03
3.656646781331610185e+01 6.352397287662418270e-03
3.681800948534306173e+01 6.243005595110303306e-03
3.706942350460822411e+01 6.138832835025700811e-03
3.732119977997001570e+01 5.994814475693268849e-03
3.757249197135423202e+01 5.902392610126580563e-03
3.782324055213251057e+01 5.791226740045739112e-03
3.807430609684078604e+01 5.722855419002249346e-03
3.832526519371521090e+01 5.619819107861557216e-03
3.857704530181875668e+01 5.536097696936829668e-03
3.882896255048217427e+01 5.392210730059331276e-03
3.907976684424035341e+01 5.315648501796167193e-03
3.933085588900704010e+01 5.250054631622893403e-03
3.958184533965361140e+01 5.123171319268022758e-03
3.983320492881626507e+01 5.048763534991940020e-03
4.008506787586624398e+01 4.951680992925204701e-03
4.033569471078550350e+01 4.897209242634040921e-03
4.058701345074587863e+01 4.804564417013186019e-03
4.083916815834436420e+01 4.685755021313285987e-03
4.108978611092747713e+01 4.605063135068420375e-03
4.134119394692694271e+01 4.594260193645702088e-03
4.159372926482761557e+01 4.486580384956970376e-03
4.184480996230068683e+01 4.392533374501855423e-03
4.209495048714620680e+01 4.346034002437615569e-03
4.234568601474854432e+01 4.232061178455048117e-03
4.259794184898333214e+01 4.192902440511432974e-03
4.284922176444433717e+01 4.121589602039743734e-03
4.309982534096671003e+01 4.049297112538346143e-03
4.335153475414617930e+01 4.006749084052153680e-03
4.360374984514007224e+01 3.930178939986934961e-03
4.385432838732079830e+01 3.860701299774981551e-03
4.410529766549178277e+01 3.831720876116803069e-03
4.435675536456894008e+01 3.732476625096366792e-03
4.460756668584335927e+01 3.685981824998711773e-03
4.485812369927145937e+01 3.648405721849445633e-03
4.510933196139897206e+01 3.603358914797794455e-03
4.536097672816924131e+01 3.558387872046864936e-03
4.561261869099184452e+01 3.458469398875176418e-03
4.586346064304911607e+01 3.447238948749122706e-03
4.611435299895526185e+01 3.391480911037151637e-03
4.636610302009028572e+01 3.326104135100915564e-03
4.661726081402038346e+01 3.283528799798627901e-03
4.686748045926628237e+01 3.277766072731646326e-03
4.712001000143001761e+01 3.193792949543987261e-03
4.737334269293729960e+01 3.100107393421477637e-03
4.762357272554871912e+01 3.116113882238989545e-03
4.787295862859781437e+01 3.056021524602768255e-03
4.812686710231834297e+01 3.039019147144497116e-03
4.837988354528783930e+01 2.938109161255643767e-03
4.862698975964909209e+01 2.968863675642337621e-03
4.887931961662670233e+01 2.906058110307057751e-03
4.913512531690142282e+01 2.876407979556036641e-03
4.938486646957150583e+01 2.835658657189492077e-03
4.963073103205424985e+01 2.778935469798920425e-03
4.988316058859187763e+01 2.686410606186194309e-03
5.013927392651110893e+01 2.744153570434407219e-03
5.038898445289544270e+01 2.669361239084149916e-03
5.063791314200675941e+01 2.583845614012963716e-03
5.089234515763529032e+01 2.525414194088231295e-03
5.114529266359630810e+01 2.530464693551431627e-03
5.138952878242714206e+01 2.512511721458546374e-03
5.163945178601188246e+01 2.521682537580084964e-03
5.190206698624180603e+01 2.368150026783516666e-03
5.215590084722179398e+01 2.439375165980271331e-03
5.238680673191466042e+01 2.369978468188348782e-03
5.263532591009818873e+01 2.306568251874659310e-03
5.290823119436031874e+01 2.265677688852672615e-03
5.316882575050344428e+01 2.356221046614058890e-03
5.338513341050097694e+01 2.172688326572631227e-03
5.363212510227822349e+01 2.251479102484965633e-03
5.391615723351310407e+01 2.356669140104532181e-03
5.419187693011466678e+01 2.091148096372142176e-03
5.439722241285236493e+01 1.980520402899409518e-03
5.462806064877949552e+01 1.903376116263924729e-03
5.491241494336609463e+01 1.940025767991061974e-03
5.519421446932921782e+01 1.834168063351296167e-03
5.543046826972861396e+01 1.362222537972062903e-03
5.561137265256709128e+01 6.452374574573133516e-04
