3.559856489878782115e-01 7.500829184896967945e+02
6.031648866026231293e-01 1.849187671824664392e+02
8.579160745827347778e-01 9.851996338138437181e+01
1.113464310595710716e+00 4.651403221815625955e+01
1.374039914321364408e+00 3.288764173521851575e+01
1.619154704570298309e+00 2.183289724091724437e+01
1.870686673430271840e+00 1.471567013372487764e+01
2.123290040706380832e+00 1.081047419652918329e+01
2.378144976376236119e+00 7.343392180555533777e+00
2.630489925835516996e+00 6.932210645922774361e+00
2.878653162679494670e+00 5.132828947090526839e+00
3.131144366275339319e+00 4.067830893268778780e+00
3.388159578333816313e+00 3.314540122750414319e+00
3.638741848210948149e+00 2.684706249290930824e+00
3.888315910732085268e+00 2.211858236679633549e+00
4.139052155837465996e+00 1.961002793509551090e+00
4.390305777018236988e+00 1.690929155752084245e+00
4.642172339120373081e+00 1.524613208998736091e+00
4.894678666149941293e+00 1.287031434988667566e+00
5.147269052361176378e+00 1.137789352082132721e+00
5.398003206656323272e+00 1.022212932231134630e+00
5.647798235368590269e+00 8.750089142625753214e-01
5.900534302989873581e+00 7.941005994703171922e-01
6.151460297009074374e+00 7.138919476919236562e-01
6.402630176204441526e+00 6.594727852742235941e-01
6.655964674748322096e+00 5.937692427799650119e-01
6.908782583105771202e+00 5.270764155514172655e-01
7.159060853508338873e+00 4.938277240059215090e-01
7.409414762591408632e+00 4.385627714462120297e-01
7.659227149364629561e+00 4.070292855917598263e-01
7.911559474606142395e+00 3.787689879873353815e-01
8.163750941790897997e+00 3.393909357979816854e-01
8.415757210439384295e+00 3.141856452220953555e-01
8.667638839289207198e+00 2.987143556992744586e-01
8.918801124864609520e+00 2.684168012331539788e-01
9.170480108345369530e+00 2.538421529742070915e-01
9.420566033467249412e+00 2.339340437917492022e-01
9.671642335271435797e+00 2.205208221041050909e-01
9.923426157758477473e+00 2.076639372118017079e-01
1.017396902749181820e+01 1.934048138765668279e-01
1.042533700753922155e+01 1.819962600301965050e-01
1.067702948358784276e+01 1.710047927596105299e-01
1.092969337256462303e+01 1.608388822992703193e-01
1.118211872033766419e+01 1.522430211801497346e-01
1.143346516925797296e+01 1.393153001079905917e-01
1.168350508557724687e+01 1.340484622487513322e-01
1.193379937775929100e+01 1.284328322743796547e-01
1.218553055762879112e+01 1.191105320867920231e-01
1.243711650801278878e+01 1.147968876902180496e-01
1.268867268647359303e+01 1.075450290805792103e-01
1.294075027177769144e+01 1.032113615573551912e-01
1.319267287020158363e+01 9.806997548665885578e-02
1.344470571782862756e+01 9.389424595560273701e-02
1.369480150283709641e+01 8.820779677791130979e-02
1.394591277066507828e+01 8.397055901406080825e-02
1.419764645764527167e+01 8.017926132988588417e-02
1.444766774168416212e+01 7.615381144052336959e-02
1.469906835825429070e+01 7.348003010627736364e-02
1.495059118111036511e+01 6.953091923985788014e-02
1.520261612590052991e+01 6.724905081497471737e-02
1.545415944503929495e+01 6.408166559633658721e-02
1.570456072545780124e+01 6.183170241846844967e-02
1.595705800128773966e+01 5.958208263733350690e-02
1.620829297830731619e+01 5.639644818327278764e-02
1.645966591028190962e+01 5.484305662616467680e-02
1.671125708846596325e+01 5.218172681659966755e-02
1.696160259490052624e+01 4.969163001161805426e-02
1.721370276108077135e+01 4.788596620979594654e-02
1.746543424102250341e+01 4.659534644532616759e-02
1.771598473288305442e+01 4.515269085114818198e-02
1.796653767411944003e+01 4.294261415626687145e-02
1.821765658501893270e+01 4.149716266209291932e-02
1.847053788120423334e+01 4.016717050935451894e-02
1.872257696809484173e+01 3.878627505914015311e-02
1.897394097105746269e+01 3.753959384929741322e-02
1.922542454726159988e+01 3.599147208970607248e-02
1.947607703355479103e+01 3.492528291312712446e-02
1.972678839839982601e+01 3.352373209680762495e-02
1.997802698857814363e+01 3.254890705590055000e-02
2.022863620534168660e+01 3.137437938923547803e-02
2.047969598507238231e+01 3.030198041223127262e-02
2.073250439107362553e+01 2.933485049781356727e-02
2.098435855211640089e+01 2.843801153600946166e-02
2.123502923393334640e+01 2.743287598679062383e-02
2.148629411178690773e+01 2.678935612663310012e-02
2.173831825513516591e+01 2.584620847426548004e-02
2.198972260956887226e+01 2.497945889654794305e-02
2.223974971000711420e+01 2.425275177885354363e-02
2.249141870643862973e+01 2.371134901529959108e-02
2.274404614890906373e+01 2.294802922909511961e-02
2.299521835768831579e+01 2.230443719746181067e-02
2.324620084136223852e+01 2.173507575800431857e-02
2.349757798664387209e+01 2.118312984772184604e-02
2.374870488118759937e+01 2.017034539050044026e-02
2.399988781917473091e+01 1.998127248085442009e-02
2.425071646049711305e+01 1.933559383736309714e-02
2.450187830577813841e+01 1.871047333825773262e-02
2.475391093216606109e+01 1.824129774756277217e-02
2.500524226975159792e+01 1.772871952334882650e-02
2.525610980153284402e+01 1.740910710781483003e-02
2.550801425092822328e+01 1.686710704062861083e-02
2.575943113325822864e+01 1.639537190426056112e-02
2.601074166866445125e+01 1.604015588456354433e-02
2.626234447079615464e+01 1.553333796641118321e-02
2.651347712943701751e+01 1.525720929860945041e-02
2.676474177984877656e+01 1.479750695653180535e-02
2.701628079430242479e+01 1.447290161852407206e-02
2.726734205837282232e+01 1.405081667073806995e-02
2.751837013544679422e+01 1.364680442290923043e-02
2.776937726815812724e+01 1.329460087940616611e-02
2.802070160973895341e+01 1.309955664230903760e-02
2.827249982643487058e+01 1.280450536896636342e-02
2.852407603869968966e+01 1.247909967398600113e-02
2.877567300468570721e+01 1.210288161638648115e-02
2.902733523039245256e+01 1.185612084931604235e-02
2.927861073083739996e+01 1.163434336220297606e-02
2.953003196193969160e+01 1.137006286928769240e-02
2.978106336846375157e+01 1.105114120727825576e-02
3.003148440777084716e+01 1.082620011224405369e-02
3.028303386126418673e+01 1.066502058902496150e-02
3.053456493440382857e+01 1.038253647856619659e-02
3.078585183944906944e+01 1.012899258570334853e-02
3.103757946070165730e+01 9.897626285734607496e-03
3.128931656795834826e+01 9.671554833759513428e-03
3.154125974608096428e+01 9.508648114063098997e-03
3.179158626791808828e+01 9.276970404737173298e-03
3.204196438636942190e+01 9.064081872006865895e-03
3.229344668057169798e+01 8.851705539235543013e-03
3.254489998018084407e+01 8.709489332025753192e-03
3.279660140319880668e+01 8.550013290722309478e-03
3.304772754686901237e+01 8.370484817886074055e-03
3.329949953441923327e+01 8.200866672626571860e-03
3.355173249539067371e+01 8.077178403829144565e-03
3.380235474142784824e+01 7.839901498903692478e-03
3.405292218889088218e+01 7.683860268504846651e-03
3.430455901572810262e+01 7.602919532241456287e-03
3.455605119154291316e+01 7.434166019414813371e-03
3.480708698418615654e+01 7.282468846008122339e-03
3.505823042281740243e+01 7.139466864043683518e-03
3.530983122122644602e+01 7.020095428422187117e-03
3.556111974160763367e+01 6.856705096200361310e-03
3.581195885960364933e+01 6.705754043859011443e-03
3.606348577968052638e+01 6.620396454527179529e-03
3.631495136683125935e+01 6.507480850640298166e-03
3.656646781331610185e+01 6.383232674171872810e-03
3.681800948534306173e+01 6.250696083706431573e-03
3.706942350460822411e+01 6.137150148397943310e-03
3.732119977997001570e+01 6.019939008001099975e-03
3.757249197135423202e+01 5.922368675265616764e-03
3.782324055213251057e+01 5.831689922703702650e-03
3.807430609684078604e+01 5.677365808228296111e-03
3.832526519371521090e+01 5.564896259409141469e-03
3.857704530181875668e+01 5.488614032454767339e-03
3.882896255048217427e+01 5.411368989663880961e-03
3.907976684424035341e+01 5.304421702294884709e-03
3.933085588900704010e+01 5.210355194461489294e-03
3.958184533965361140e+01 5.123845584631915931e-03
3.983320492881626507e+01 5.035913255738573048e-03
4.008506787586624398e+01 4.951305817017870488e-03
4.033569471078550350e+01 4.870499187511129376e-03
4.058701345074587863e+01 4.764178783435748556e-03
4.083916815834436420e+01 4.704363802489199692e-03
4.108978611092747713e+01 4.632754275315320233e-03
4.134119394692694271e+01 4.572820526335149953e-03
4.159372926482761557e+01 4.478759642126080298e-03
4.184480996230068683e+01 4.409889143949353475e-03
4.209495048714620680e+01 4.304371663566597915e-03
4.234568601474854432e+01 4.264579979513211105e-03
4.259794184898333214e+01 4.220948026456700086e-03
4.284922176444433717e+01 4.116759616588749893e-03
4.309982534096671003e+01 4.068797850821714163e-03
4.335153475414617930e+01 3.970569253487574862e-03
4.360374984514007224e+01 3.899542320266112441e-03
4.385432838732079830e+01 3.886932710493533425e-03
4.410529766549178277e+01 3.836352580177259004e-03
4.435675536456894008e+01 3.761468525618829294e-03
4.460756668584335927e+01 3.713047813577892691e-03
4.485812369927145937e+01 3.685397095553005591e-03
4.510933196139897206e+01 3.590936651793534377e-03
4.536097672816924131e+01 3.529822159704443848e-03
4.561261869099184452e+01 3.486281725352575675e-03
4.586346064304911607e+01 3.458841249140056501e-03
4.611435299895526185e+01 3.375161230713628977e-03
4.636610302009028572e+01 3.360540749938351404e-03
4.661726081402038346e+01 3.275112008923156647e-03
4.686748045926628237e+01 3.223975882310453449e-03
4.712001000143001761e+01 3.216048122613556024e-03
4.737334269293729960e+01 3.108244248186278844e-03
4.762357272554871912e+01 3.072636243928229295e-03
4.787295862859781437e+01 3.060898302933049570e-03
4.812686710231834297e+01 3.051630916468587706e-03
4.837988354528783930e+01 2.978413289001660344e-03
4.862698975964909209e+01 2.956196154417389810e-03
4.887931961662670233e+01 2.888357635302959796e-03
4.913512531690142282e+01 2.861436715038696843e-03
4.938486646957150583e+01 2.820750268885911273e-03
4.963073103205424985e+01 2.797482399877807523e-03
4.988316058859187763e+01 2.722815609181014184e-03
5.013927392651110893e+01 2.690017017571850067e-03
5.038898445289544270e+01 2.677469165672791054e-03
5.063791314200675941e+01 2.574663057967109450e-03
5.089234515763529032e+01 2.585242982388825852e-03
5.114529266359630810e+01 2.509641792655488077e-03
5.138952878242714206e+01 2.431307209861648198e-03
5.163945178601188246e+01 2.507584145820694263e-03
5.190206698624180603e+01 2.390725420812781984e-03
5.215590084722179398e+01 2.429943259715898040e-03
5.238680673191466042e+01 2.363470552121192843e-03
5.263532591009818873e+01 2.317234631299643251e-03
5.290823119436031874e+01 2.354871380805247712e-03
5.316882575050344428e+01 2.389768348630195906e-03
5.338513341050097694e+01 2.248522162015124601e-03
5.363212510227822349e+01 2.265286714631296883e-03
5.391615723351310407e+01 2.299868168831861303e-03
5.419187693011466678e+01 2.133131616150046699e-03
5.439722241285236493e+01 2.101301760580248385e-03
5.462806064877949552e+01 2.088587751363429629e-03
5.491241494336609463e+01 1.550501301974834814e-03
5.519421446932921782e+01 2.470136642812577419e-03
5.543046826972861396e+01 1.309395085037614627e-03
5.561137265256709128e+01 2.107593063773905481e-03
