3.559856489878782115e-01 4.981149758130566738e+02
6.031648866026231293e-01 2.084478370095332309e+02
8.579160745827347778e-01 8.250943237971533506e+01
1.113464310595710716e+00 4.788378077977775860e+01
1.374039914321364408e+00 3.017336950953326635e+01
1.619154704570298309e+00 1.956737879905064403e+01
1.870686673430271840e+00 1.342694634106145557e+01
2.123290040706380832e+00 1.058667826483003971e+01
2.378144976376236119e+00 7.712372470465779450e+00
2.630489925835516996e+00 6.624004188908121371e+00
2.878653162679494670e+00 4.879214271505378342e+00
3.131144366275339319e+00 4.120769337843062097e+00
3.388159578333816313e+00 3.387044758775477504e+00
3.638741848210948149e+00 2.869126648131192336e+00
3.888315910732085268e+00 2.423255889967564691e+00
4.139052155837465996e+00 1.979095756295991437e+00
4.390305777018236988e+00 1.751542822014806156e+00
4.642172339120373081e+00 1.528997231792085243e+00
4.894678666149941293e+00 1.307148362413558917e+00
5.147269052361176378e+00 1.163304719759851835e+00
5.398003206656323272e+00 1.022211212869304164e+00
5.647798235368590269e+00 9.088471870545591358e-01
5.900534302989873581e+00 7.739303724463536538e-01
6.151460297009074374e+00 7.120652160956544297e-01
6.402630176204441526e+00 6.773756550242657770e-01
6.655964674748322096e+00 5.797735757879868279e-01
6.908782583105771202e+00 5.357415074111377962e-01
7.159060853508338873e+00 4.837623822599972367e-01
7.409414762591408632e+00 4.396696742580463169e-01
7.659227149364629561e+00 4.045952944627279058e-01
7.911559474606142395e+00 3.764138997281341048e-01
8.163750941790897997e+00 3.406179342830372159e-01
8.415757210439384295e+00 3.138476871194697537e-01
8.667638839289207198e+00 2.983553142837161443e-01
8.918801124864609520e+00 2.777284724145470673e-01
9.170480108345369530e+00 2.609315393600148969e-01
9.420566033467249412e+00 2.396305312709706703e-01
9.671642335271435797e+00 2.211650449767983695e-01
9.923426157758477473e+00 2.060815019667489867e-01
1.017396902749181820e+01 1.957353576605388445e-01
1.042533700753922155e+01 1.814529539655696244e-01
1.067702948358784276e+01 1.717570934251076431e-01
1.092969337256462303e+01 1.659634037846574595e-01
1.118211872033766419e+01 1.511013778167547006e-01
1.143346516925797296e+01 1.420788858862185311e-01
1.168350508557724687e+01 1.329662086076024430e-01
1.193379937775929100e+01 1.272932286284169934e-01
1.218553055762879112e+01 1.210888803799290286e-01
1.243711650801278878e+01 1.139271556508783118e-01
1.268867268647359303e+01 1.095835307332894970e-01
1.294075027177769144e+01 1.034447875346339446e-01
1.319267287020158363e+01 9.779729653468877126e-02
1.344470571782862756e+01 9.272808628039136414e-02
1.369480150283709641e+01 8.802298349762065210e-02
1.394591277066507828e+01 8.479828970069493155e-02
1.419764645764527167e+01 8.104065385355910256e-02
1.444766774168416212e+01 7.659876507031312953e-02
1.469906835825429070e+01 7.340545928696730338e-02
1.495059118111036511e+01 6.993503277123011563e-02
1.520261612590052991e+01 6.799891479334561895e-02
1.545415944503929495e+01 6.385023740042897189e-02
1.570456072545780124e+01 6.226725154029016246e-02
1.595705800128773966e+01 5.899576206878463791e-02
1.620829297830731619e+01 5.666911514798252114e-02
1.645966591028190962e+01 5.403284511643181159e-02
1.671125708846596325e+01 5.236733365246948324e-02
1.696160259490052624e+01 5.019770078703925803e-02
1.721370276108077135e+01 4.802050677304072618e-02
1.746543424102250341e+01 4.601974822264840587e-02
1.771598473288305442e+01 4.476508310302568239e-02
1.796653767411944003e+01 4.296696473948252715e-02
1.821765658501893270e+01 4.168500062967354924e-02
1.847053788120423334e+01 3.998364597958840166e-02
1.872257696809484173e+01 3.868974160223177111e-02
1.897394097105746269e+01 3.704742362399304073e-02
1.922542454726159988e+01 3.601434708675135127e-02
1.947607703355479103e+01 3.460651806152346965e-02
1.972678839839982601e+01 3.341923144833823522e-02
1.997802698857814363e+01 3.246839103034041690e-02
2.022863620534168660e+01 3.145096030296926776e-02
2.047969598507238231e+01 3.032857028104373950e-02
2.073250439107362553e+01 2.927963340427870015e-02
2.098435855211640089e+01 2.855331270623379103e-02
2.123502923393334640e+01 2.753026694569857963e-02
2.148629411178690773e+01 2.677278826266710557e-02
2.173831825513516591e+01 2.603846280472040670e-02
2.198972260956887226e+01 2.515431105550091154e-02
2.223974971000711420e+01 2.432588558510632298e-02
2.249141870643862973e+01 2.361606033035999752e-02
2.274404614890906373e+01 2.282798846672028092e-02
2.299521835768831579e+01 2.225306218870947220e-02
2.324620084136223852e+01 2.165846492810154580e-02
2.349757798664387209e+01 2.103290100532436563e-02
2.374870488118759937e+01 2.040048559753525684e-02
2.399988781917473091e+01 1.988733310618162956e-02
2.425071646049711305e+01 1.928739624083453813e-02
2.450187830577813841e+01 1.885594698770432995e-02
2.475391093216606109e+01 1.815769782486449657e-02
2.500524226975159792e+01 1.778985295793648891e-02
2.525610980153284402e+01 1.723615410278978022e-02
2.550801425092822328e+01 1.692564004405549064e-02
2.575943113325822864e+01 1.635273637421911022e-02
2.601074166866445125e+01 1.588615559770039862e-02
2.626234447079615464e+01 1.575526431497141847e-02
2.651347712943701751e+01 1.517581276804081183e-02
2.676474177984877656e+01 1.476635031728341929e-02
2.701628079430242479e+01 1.443924199169074191e-02
2.726734205837282232e+01 1.414072318533818318e-02
2.751837013544679422e+01 1.366152464008612254e-02
2.776937726815812724e+01 1.335035362235714208e-02
2.802070160973895341e+01 1.310951330032446814e-02
2.827249982643487058e+01 1.276878191610564435e-02
2.852407603869968966e+01 1.250712001849516725e-02
2.877567300468570721e+01 1.216028866436270200e-02
2.902733523039245256e+01 1.189784387018353110e-02
2.927861073083739996e+01 1.162861166777688117e-02
2.953003196193969160e+01 1.135537894879930405e-02
2.978106336846375157e+01 1.109001237457716942e-02
3.003148440777084716e+01 1.083276692661838160e-02
3.028303386126418673e+01 1.055986201139662468e-02
3.053456493440382857e+01 1.039285681377860593e-02
3.078585183944906944e+01 1.013263732308049107e-02
3.103757946070165730e+01 9.939692744595737470e-03
3.128931656795834826e+01 9.735596093875177603e-03
3.154125974608096428e+01 9.505603564897083593e-03
3.179158626791808828e+01 9.298813188165319654e-03
3.204196438636942190e+01 9.089775956956529235e-03
3.229344668057169798e+01 8.944905592685809675e-03
3.254489998018084407e+01 8.683956684732136930e-03
3.279660140319880668e+01 8.532549995567437900e-03
3.304772754686901237e+01 8.396336647664854810e-03
3.329949953441923327e+01 8.149947317835963545e-03
3.355173249539067371e+01 8.084132706714673711e-03
3.380235474142784824e+01 7.864666490572226262e-03
3.405292218889088218e+01 7.727869376492228076e-03
3.430455901572810262e+01 7.553854338510452779e-03
3.455605119154291316e+01 7.385149543869435305e-03
3.480708698418615654e+01 7.323259201421506576e-03
3.505823042281740243e+01 7.118137129242734645e-03
3.530983122122644602e+01 7.004231035268991372e-03
3.556111974160763367e+01 6.843407560419556383e-03
3.581195885960364933e+01 6.728184337512082419e-03
3.606348577968052638e+01 6.615525186974760032e-03
3.631495136683125935e+01 6.464342575813730556e-03
3.656646781331610185e+01 6.356700817249952458e-03
3.681800948534306173e+01 6.244816408667711906e-03
3.706942350460822411e+01 6.114577402192470680e-03
3.732119977997001570e+01 5.948054491314891043e-03
3.757249197135423202e+01 5.920919595935512925e-03
3.782324055213251057e+01 5.816740463737586457e-03
3.807430609684078604e+01 5.719144016787945824e-03
3.832526519371521090e+01 5.599666600426328987e-03
3.857704530181875668e+01 5.496578360576968685e-03
3.882896255048217427e+01 5.394904153501613175e-03
3.907976684424035341e+01 5.298715655854751433e-03
3.933085588900704010e+01 5.214751720050760445e-03
3.958184533965361140e+01 5.116740327496130739e-03
3.983320492881626507e+01 5.057686535314974245e-03
4.008506787586624398e+01 4.977009121463245832e-03
4.033569471078550350e+01 4.860063666566326844e-03
4.058701345074587863e+01 4.796974318631939266e-03
4.083916815834436420e+01 4.751754749283314608e-03
4.108978611092747713e+01 4.600809312547931955e-03
4.134119394692694271e+01 4.571257383099139662e-03
4.159372926482761557e+01 4.470919772300165941e-03
4.184480996230068683e+01 4.394742408116544125e-03
4.209495048714620680e+01 4.331085933588225967e-03
4.234568601474854432e+01 4.240603524155363117e-03
4.259794184898333214e+01 4.213399791766686553e-03
4.284922176444433717e+01 4.121396603301821088e-03
4.309982534096671003e+01 4.072162502362620083e-03
4.335153475414617930e+01 4.017073799628385553e-03
4.360374984514007224e+01 3.940098635966066652e-03
4.385432838732079830e+01 3.875573893078613445e-03
4.410529766549178277e+01 3.810083208311911256e-03
4.435675536456894008e+01 3.728614828523476709e-03
4.460756668584335927e+01 3.705589637602380200e-03
4.485812369927145937e+01 3.629991091018539007e-03
4.510933196139897206e+01 3.581231100071640902e-03
4.536097672816924131e+01 3.546307381264432197e-03
4.561261869099184452e+01 3.516453227619292885e-03
4.586346064304911607e+01 3.459843973461751085e-03
4.611435299895526185e+01 3.383776188415019929e-03
4.636610302009028572e+01 3.333768563656002056e-03
4.661726081402038346e+01 3.255941653292608855e-03
4.686748045926628237e+01 3.221793791799867131e-03
4.712001000143001761e+01 3.161327896178305411e-03
4.737334269293729960e+01 3.151802778717721371e-03
4.762357272554871912e+01 3.106616566506123240e-03
4.787295862859781437e+01 3.038289946866000544e-03
4.812686710231834297e+01 3.064334998470536007e-03
4.837988354528783930e+01 2.946396764104239081e-03
4.862698975964909209e+01 2.935812610656063359e-03
4.887931961662670233e+01 2.903330977460193488e-03
4.913512531690142282e+01 2.793364611581903613e-03
4.938486646957150583e+01 2.810187842014285568e-03
4.963073103205424985e+01 2.805095271063681554e-03
4.988316058859187763e+01 2.771498166511684059e-03
5.013927392651110893e+01 2.704290721126204576e-03
5.038898445289544270e+01 2.669279717683172102e-03
5.063791314200675941e+01 2.592527834702781572e-03
5.089234515763529032e+01 2.589712386677362962e-03
5.114529266359630810e+01 2.465316502944461200e-03
5.138952878242714206e+01 2.559551236929463649e-03
5.163945178601188246e+01 2.442459544903281907e-03
5.190206698624180603e+01 2.505407205814407044e-03
5.215590084722179398e+01 2.335566411120256185e-03
5.238680673191466042e+01 2.383869387735497621e-03
5.263532591009818873e+01 2.302741694538856191e-03
5.290823119436031874e+01 2.292777231148692384e-03
5.316882575050344428e+01 2.332241006685384106e-03
5.338513341050097694e+01 2.283155375404558821e-03
5.363212510227822349e+01 2.259390300430165564e-03
5.391615723351310407e+01 2.043598250688219084e-03
5.419187693011466678e+01 2.291996749096194066e-03
5.439722241285236493e+01 2.169669890433007214e-03
5.462806064877949552e+01 2.068902822304072558e-03
5.491241494336609463e+01 2.120396836079620553e-03
5.519421446932921782e+01 1.763470656921309505e-03
5.543046826972861396e+01 1.334346233403094304e-03
5.561137265256709128e+01 1.509671982174458056e-03
