3.559856489878782115e-01 6.369966452830452681e+02
6.031648866026231293e-01 2.424059358767289041e+02
8.579160745827347778e-01 1.062238180620018113e+02
1.113464310595710716e+00 4.725668185252499853e+01
1.374039914321364408e+00 3.190802531282934140e+01
1.619154704570298309e+00 2.011295709576148028e+01
1.870686673430271840e+00 1.430671697506279649e+01
2.123290040706380832e+00 1.064360471989870760e+01
2.378144976376236119e+00 7.850257005633694440e+00
2.630489925835516996e+00 5.861418634703764674e+00
2.878653162679494670e+00 5.024670144448546871e+00
3.131144366275339319e+00 4.057460612854036697e+00
3.388159578333816313e+00 3.269094561902632812e+00
3.638741848210948149e+00 2.739368282801750265e+00
3.888315910732085268e+00 2.372410533529292653e+00
4.139052155837465996e+00 2.055269008376154893e+00
4.390305777018236988e+00 1.618238368575302788e+00
4.642172339120373081e+00 1.463507434695397569e+00
4.894678666149941293e+00 1.250433604814352950e+00
5.147269052361176378e+00 1.096767424043622929e+00
5.398003206656323272e+00 1.001464423366682288e+00
5.647798235368590269e+00 8.717182271561320084e-01
5.900534302989873581e+00 7.817284069259475832e-01
6.151460297009074374e+00 7.166530327409440515e-01
6.402630176204441526e+00 6.695366629109589240e-01
6.655964674748322096e+00 5.765539116391394936e-01
6.908782583105771202e+00 5.339694684883053988e-01
7.159060853508338873e+00 4.904709946139828580e-01
7.409414762591408632e+00 4.532917633129072699e-01
7.659227149364629561e+00 4.026665499606656984e-01
7.911559474606142395e+00 3.803611462039935831e-01
8.163750941790897997e+00 3.437537500730952211e-01
8.415757210439384295e+00 3.216856797827488124e-01
8.667638839289207198e+00 3.004576710862738032e-01
8.918801124864609520e+00 2.702360288426773893e-01
9.170480108345369530e+00 2.558880991620084977e-01
9.420566033467249412e+00 2.379542273574532241e-01
9.671642335271435797e+00 2.238773281234732737e-01
9.923426157758477473e+00 2.058349210425436671e-01
1.017396902749181820e+01 1.926511881721491293e-01
1.042533700753922155e+01 1.841942096986838306e-01
1.067702948358784276e+01 1.686226881104063435e-01
1.092969337256462303e+01 1.628011129314470562e-01
1.118211872033766419e+01 1.515521935805263232e-01
1.143346516925797296e+01 1.398458477456436810e-01
1.168350508557724687e+01 1.360291978834267113e-01
1.193379937775929100e+01 1.270871059462130026e-01
1.218553055762879112e+01 1.188125541496318910e-01
1.243711650801278878e+01 1.163191784595651590e-01
1.268867268647359303e+01 1.083171873597129214e-01
1.294075027177769144e+01 1.034578961576328587e-01
1.319267287020158363e+01 9.859245764335416995e-02
1.344470571782862756e+01 9.231371684394466814e-02
1.369480150283709641e+01 8.873673989140581919e-02
1.394591277066507828e+01 8.505448654298489175e-02
1.419764645764527167e+01 8.088895078212501866e-02
1.444766774168416212e+01 7.571786104679832652e-02
1.469906835825429070e+01 7.314147403077649046e-02
1.495059118111036511e+01 6.980589983263625620e-02
1.520261612590052991e+01 6.676379160923405498e-02
1.545415944503929495e+01 6.410163044968679447e-02
1.570456072545780124e+01 6.155605439756051817e-02
1.595705800128773966e+01 5.890917462485175532e-02
1.620829297830731619e+01 5.704546146547691959e-02
1.645966591028190962e+01 5.383175246822420601e-02
1.671125708846596325e+01 5.206729605564537622e-02
1.696160259490052624e+01 5.024526891424558467e-02
1.721370276108077135e+01 4.884405770286665005e-02
1.746543424102250341e+01 4.547861612549115862e-02
1.771598473288305442e+01 4.461826142156419955e-02
1.796653767411944003e+01 4.256632728920673597e-02
1.821765658501893270e+01 4.130377678884469134e-02
1.847053788120423334e+01 3.991278971128410513e-02
1.872257696809484173e+01 3.885342346639014677e-02
1.897394097105746269e+01 3.705568887294427571e-02
1.922542454726159988e+01 3.579412058966274790e-02
1.947607703355479103e+01 3.470848130092714368e-02
1.972678839839982601e+01 3.373173084028350394e-02
1.997802698857814363e+01 3.243954342040916705e-02
2.022863620534168660e+01 3.126385254949223119e-02
2.047969598507238231e+01 3.021617789133146381e-02
2.073250439107362553e+01 2.934293897798331482e-02
2.098435855211640089e+01 2.849053495325695393e-02
2.123502923393334640e+01 2.771372986329986507e-02
2.148629411178690773e+01 2.681035203716443382e-02
2.173831825513516591e+01 2.590896563403371003e-02
2.198972260956887226e+01 2.525898629804315676e-02
2.223974971000711420e+01 2.428268314029487923e-02
2.249141870643862973e+01 2.365125134824289099e-02
2.274404614890906373e+01 2.277441071837321349e-02
2.299521835768831579e+01 2.235528239256648342e-02
2.324620084136223852e+01 2.161211660317247443e-02
2.349757798664387209e+01 2.097236081619316753e-02
2.374870488118759937e+01 2.034112210921707603e-02
2.399988781917473091e+01 1.986803168502815006e-02
2.425071646049711305e+01 1.922168246529745023e-02
2.450187830577813841e+01 1.880953223379496289e-02
2.475391093216606109e+01 1.828432389307612857e-02
2.500524226975159792e+01 1.773186177718787809e-02
2.525610980153284402e+01 1.730087625898211329e-02
2.550801425092822328e+01 1.672525793850835815e-02
2.575943113325822864e+01 1.632410937054526445e-02
2.601074166866445125e+01 1.599508016772371172e-02
2.626234447079615464e+01 1.548483413494915542e-02
2.651347712943701751e+01 1.519336644272631376e-02
2.676474177984877656e+01 1.476563068297123346e-02
2.701628079430242479e+01 1.451612018367458463e-02
2.726734205837282232e+01 1.398460102340660927e-02
2.751837013544679422e+01 1.361233955049472727e-02
2.776937726815812724e+01 1.338975016021945637e-02
2.802070160973895341e+01 1.297815381268566451e-02
2.827249982643487058e+01 1.273337789409379611e-02
2.852407603869968966e+01 1.247822326092084058e-02
2.877567300468570721e+01 1.223674893810943430e-02
2.902733523039245256e+01 1.195000992975875538e-02
2.927861073083739996e+01 1.154666663993326667e-02
2.953003196193969160e+01 1.135634239967385321e-02
2.978106336846375157e+01 1.106800374101444759e-02
3.003148440777084716e+01 1.082458600982613879e-02
3.028303386126418673e+01 1.059480237142986121e-02
3.053456493440382857e+01 1.035008484608610294e-02
3.078585183944906944e+01 1.014007058432217848e-02
3.103757946070165730e+01 9.892887652284226147e-03
3.128931656795834826e+01 9.728900818133462414e-03
3.154125974608096428e+01 9.495450994156261551e-03
3.179158626791808828e+01 9.255061243363088552e-03
3.204196438636942190e+01 9.068750263413289867e-03
3.229344668057169798e+01 8.886439725515997423e-03
3.254489998018084407e+01 8.681542924215126730e-03
3.279660140319880668e+01 8.520028103912129572e-03
3.304772754686901237e+01 8.399538749872941315e-03
3.329949953441923327e+01 8.218431312566920263e-03
3.355173249539067371e+01 8.033847164022547491e-03
3.380235474142784824e+01 7.867124848410532445e-03
3.405292218889088218e+01 7.723438533179840561e-03
3.430455901572810262e+01 7.577916880993211188e-03
3.455605119154291316e+01 7.409912969936617404e-03
3.480708698418615654e+01 7.291417810214492409e-03
3.505823042281740243e+01 7.124629220650204216e-03
3.530983122122644602e+01 7.015668459024095721e-03
3.556111974160763367e+01 6.846576801509382353e-03
3.581195885960364933e+01 6.719880111085432643e-03
3.606348577968052638e+01 6.602692752271586453e-03
3.631495136683125935e+01 6.472145217191820413e-03
3.656646781331610185e+01 6.361439354156861806e-03
3.681800948534306173e+01 6.229950524352769262e-03
3.706942350460822411e+01 6.152399516673646811e-03
3.732119977997001570e+01 6.000327371303774797e-03
3.757249197135423202e+01 5.839335693589916589e-03
3.782324055213251057e+01 5.810497243701554133e-03
3.807430609684078604e+01 5.720486735878375917e-03
3.832526519371521090e+01 5.645840504256862021e-03
3.857704530181875668e+01 5.501153305077875234e-03
3.882896255048217427e+01 5.398153053054108134e-03
3.907976684424035341e+01 5.325296107468394623e-03
3.933085588900704010e+01 5.224877562432176520e-03
3.958184533965361140e+01 5.100049094990160431e-03
3.983320492881626507e+01 5.062498029330297217e-03
4.008506787586624398e+01 4.952423690303764739e-03
4.033569471078550350e+01 4.844050622004654298e-03
4.058701345074587863e+01 4.810007405282846170e-03
4.083916815834436420e+01 4.718096456935701698e-03
4.108978611092747713e+01 4.627249610533360792e-03
4.134119394692694271e+01 4.565970746349692910e-03
4.159372926482761557e+01 4.470741647376796565e-03
4.184480996230068683e+01 4.408602384012966571e-03
4.209495048714620680e+01 4.347476827007561682e-03
4.234568601474854432e+01 4.259854040129139145e-03
4.259794184898333214e+01 4.193942801572790764e-03
4.284922176444433717e+01 4.138075587968056794e-03
4.309982534096671003e+01 4.068522075971977604e-03
4.335153475414617930e+01 3.962366322734910996e-03
4.360374984514007224e+01 3.933950126214286712e-03
4.385432838732079830e+01 3.901693982569256341e-03
4.410529766549178277e+01 3.799173724575153656e-03
4.435675536456894008e+01 3.788282111076822240e-03
4.460756668584335927e+01 3.687031020143689136e-03
4.485812369927145937e+01 3.663741495456526807e-03
4.510933196139897206e+01 3.622318511057587113e-03
4.536097672816924131e+01 3.528384487363982365e-03
4.561261869099184452e+01 3.485886294064490312e-03
4.586346064304911607e+01 3.464173768041119497e-03
4.611435299895526185e+01 3.380692878992556504e-03
4.636610302009028572e+01 3.377042037220091830e-03
4.661726081402038346e+01 3.279881282393025746e-03
4.686748045926628237e+01 3.214076121492766974e-03
4.712001000143001761e+01 3.185422429013189376e-03
4.737334269293729960e+01 3.128091130455832279e-03
4.762357272554871912e+01 3.107701713398490061e-03
4.787295862859781437e+01 3.045829832865192509e-03
4.812686710231834297e+01 3.024720593088025579e-03
4.837988354528783930e+01 2.988026946825118706e-03
4.862698975964909209e+01 2.917489760287141076e-03
4.887931961662670233e+01 2.902127755807066244e-03
4.913512531690142282e+01 2.856420394378200809e-03
4.938486646957150583e+01 2.810084409666980480e-03
4.963073103205424985e+01 2.711000220597409131e-03
4.988316058859187763e+01 2.728708775391879005e-03
5.013927392651110893e+01 2.643402472107122050e-03
5.038898445289544270e+01 2.738564548022154755e-03
5.063791314200675941e+01 2.613110030879682577e-03
5.089234515763529032e+01 2.570963079825284298e-03
5.114529266359630810e+01 2.590386400707858031e-03
5.138952878242714206e+01 2.535637793884624579e-03
5.163945178601188246e+01 2.506407117852421824e-03
5.190206698624180603e+01 2.490798367920741413e-03
5.215590084722179398e+01 2.404172443012230626e-03
5.238680673191466042e+01 2.298120234650115161e-03
5.263532591009818873e+01 2.239307563206606195e-03
5.290823119436031874e+01 2.266116957631539048e-03
5.316882575050344428e+01 2.284428327717905570e-03
5.338513341050097694e+01 2.286968611540410225e-03
5.363212510227822349e+01 2.086067998270485849e-03
5.391615723351310407e+01 2.204563513618236579e-03
5.419187693011466678e+01 2.151488097818413971e-03
5.439722241285236493e+01 2.267384588446505391e-03
5.462806064877949552e+01 2.051173109643105678e-03
5.491241494336609463e+01 1.945855717771587850e-03
5.519421446932921782e+01 2.089686194715451549e-03
5.543046826972861396e+01 2.090323307108451351e-03
5.561137265256709128e+01 1.696371049046637098e-03
