3.559856489878782115e-01 5.950123748536858557e+02
6.031648866026231293e-01 2.609778244613033849e+02
8.579160745827347778e-01 8.093385512338288379e+01
1.113464310595710716e+00 4.781212017832561401e+01
1.374039914321364408e+00 3.029092992792395123e+01
1.619154704570298309e+00 1.934525635798727450e+01
1.870686673430271840e+00 1.353653171568814173e+01
2.123290040706380832e+00 1.037619601156100835e+01
2.378144976376236119e+00 8.083037955439204225e+00
2.630489925835516996e+00 6.309181771124656279e+00
2.878653162679494670e+00 5.021080641608737238e+00
3.131144366275339319e+00 4.010654486276020059e+00
3.388159578333816313e+00 3.356713421047488488e+00
3.638741848210948149e+00 2.777753697621317741e+00
3.888315910732085268e+00 2.297234542865257190e+00
4.139052155837465996e+00 1.923331497179172178e+00
4.390305777018236988e+00 1.740905195513280379e+00
4.642172339120373081e+00 1.490626956758598798e+00
4.894678666149941293e+00 1.266293668380050974e+00
5.147269052361176378e+00 1.123104018864395037e+00
5.398003206656323272e+00 1.027025159023833289e+00
5.647798235368590269e+00 9.045586171848100099e-01
5.900534302989873581e+00 7.974429075118767418e-01
6.151460297009074374e+00 7.125105417286086151e-01
6.402630176204441526e+00 6.476499595941359599e-01
6.655964674748322096e+00 6.058597314497398134e-01
6.908782583105771202e+00 5.371264623793109427e-01
7.159060853508338873e+00 4.851490637753254620e-01
7.409414762591408632e+00 4.406985912609326927e-01
7.659227149364629561e+00 4.028457367134835598e-01
7.911559474606142395e+00 3.757250827869145771e-01
8.163750941790897997e+00 3.432142061058928162e-01
8.415757210439384295e+00 3.217919108807615336e-01
8.667638839289207198e+00 2.976709360486372580e-01
8.918801124864609520e+00 2.726901308665319879e-01
9.170480108345369530e+00 2.512195751751037931e-01
9.420566033467249412e+00 2.349297372709015785e-01
9.671642335271435797e+00 2.251139104790828016e-01
9.923426157758477473e+00 2.101228133614214399e-01
1.017396902749181820e+01 1.935188311802211181e-01
1.042533700753922155e+01 1.806788871666389351e-01
1.067702948358784276e+01 1.713565111581285272e-01
1.092969337256462303e+01 1.612987753011185799e-01
1.118211872033766419e+01 1.502680897058781273e-01
1.143346516925797296e+01 1.426035385544586753e-01
1.168350508557724687e+01 1.345465876367046010e-01
1.193379937775929100e+01 1.274743745267662154e-01
1.218553055762879112e+01 1.211002920139236522e-01
1.243711650801278878e+01 1.149583890202162118e-01
1.268867268647359303e+01 1.088915659379809248e-01
1.294075027177769144e+01 1.020288672756515524e-01
1.319267287020158363e+01 9.695742244436612867e-02
1.344470571782862756e+01 9.397054621137863883e-02
1.369480150283709641e+01 8.984847784413275973e-02
1.394591277066507828e+01 8.457781833470903732e-02
1.419764645764527167e+01 8.033426007885988152e-02
1.444766774168416212e+01 7.662461613562034091e-02
1.469906835825429070e+01 7.276491113886765505e-02
1.495059118111036511e+01 6.973080450540863895e-02
1.520261612590052991e+01 6.701171562608676524e-02
1.545415944503929495e+01 6.468370283255764353e-02
1.570456072545780124e+01 6.160930344175754442e-02
1.595705800128773966e+01 5.829255460504571135e-02
1.620829297830731619e+01 5.669504070216811742e-02
1.645966591028190962e+01 5.430286303784689905e-02
1.671125708846596325e+01 5.240869083835191650e-02
1.696160259490052624e+01 5.026919765677290153e-02
1.721370276108077135e+01 4.836476575436314540e-02
1.746543424102250341e+01 4.633042418526459039e-02
1.771598473288305442e+01 4.516746207872148616e-02
1.796653767411944003e+01 4.308806647762642578e-02
1.821765658501893270e+01 4.160926150655554212e-02
1.847053788120423334e+01 3.980664966339041849e-02
1.872257696809484173e+01 3.855391417321563097e-02
1.897394097105746269e+01 3.751792942301496875e-02
1.922542454726159988e+01 3.617406024362441325e-02
1.947607703355479103e+01 3.475768715676301468e-02
1.972678839839982601e+01 3.352178327936315705e-02
1.997802698857814363e+01 3.227213854554027844e-02
2.022863620534168660e+01 3.144296486602173035e-02
2.047969598507238231e+01 3.041622015645334062e-02
2.073250439107362553e+01 2.922615929093646051e-02
2.098435855211640089e+01 2.862962769627133003e-02
2.123502923393334640e+01 2.763619533967016928e-02
2.148629411178690773e+01 2.669605419724875583e-02
2.173831825513516591e+01 2.583816697959548034e-02
2.198972260956887226e+01 2.507514193172678818e-02
2.223974971000711420e+01 2.428589096651576074e-02
2.249141870643862973e+01 2.358160801241895518e-02
2.274404614890906373e+01 2.295241758302866975e-02
2.299521835768831579e+01 2.213214490478096139e-02
2.324620084136223852e+01 2.180273845528219248e-02
2.349757798664387209e+01 2.113209705051308923e-02
2.374870488118759937e+01 2.046477526248908704e-02
2.399988781917473091e+01 1.982866518470163125e-02
2.425071646049711305e+01 1.932069931632296456e-02
2.450187830577813841e+01 1.871412965799077593e-02
2.475391093216606109e+01 1.832256875025959145e-02
2.500524226975159792e+01 1.779235845179562639e-02
2.525610980153284402e+01 1.730393845507756378e-02
2.550801425092822328e+01 1.682496661331327192e-02
2.575943113325822864e+01 1.638368791893904039e-02
2.601074166866445125e+01 1.598051959455481716e-02
2.626234447079615464e+01 1.552277299673697486e-02
2.651347712943701751e+01 1.519860100483545404e-02
2.676474177984877656e+01 1.482372001797570803e-02
2.701628079430242479e+01 1.441133807134013962e-02
2.726734205837282232e+01 1.409934730101033637e-02
2.751837013544679422e+01 1.370505031887053402e-02
2.776937726815812724e+01 1.332786410038543090e-02
2.802070160973895341e+01 1.314829244602112000e-02
2.827249982643487058e+01 1.272616345691741230e-02
2.852407603869968966e+01 1.247214787708268713e-02
2.877567300468570721e+01 1.230754362655978040e-02
2.902733523039245256e+01 1.193826003020097802e-02
2.927861073083739996e+01 1.163526154928572198e-02
2.953003196193969160e+01 1.141244527151774081e-02
2.978106336846375157e+01 1.112217767454404087e-02
3.003148440777084716e+01 1.093444119135428792e-02
3.028303386126418673e+01 1.063945103981335863e-02
3.053456493440382857e+01 1.040518157295969304e-02
3.078585183944906944e+01 1.012736363069256101e-02
3.103757946070165730e+01 9.963362956598364670e-03
3.128931656795834826e+01 9.715671987221665903e-03
3.154125974608096428e+01 9.498580759973382359e-03
3.179158626791808828e+01 9.304630948510542177e-03
3.204196438636942190e+01 9.070162645067708987e-03
3.229344668057169798e+01 8.898595760724919285e-03
3.254489998018084407e+01 8.692807502594851465e-03
3.279660140319880668e+01 8.533524169317196345e-03
3.304772754686901237e+01 8.352744870151803530e-03
3.329949953441923327e+01 8.186992230431731563e-03
3.355173249539067371e+01 8.031488677554345784e-03
3.380235474142784824e+01 7.880778767434466411e-03
3.405292218889088218e+01 7.712445139762596526e-03
3.430455901572810262e+01 7.532225414656335341e-03
3.455605119154291316e+01 7.416481005869569529e-03
3.480708698418615654e+01 7.257692221501307363e-03
3.505823042281740243e+01 7.136937504371955975e-03
3.530983122122644602e+01 6.991583920193092730e-03
3.556111974160763367e+01 6.827997413788730423e-03
3.581195885960364933e+01 6.689218655203474188e-03
3.606348577968052638e+01 6.631855957676830067e-03
3.631495136683125935e+01 6.483515061365899800e-03
3.656646781331610185e+01 6.366949875936027924e-03
3.681800948534306173e+01 6.224635218677891831e-03
3.706942350460822411e+01 6.142530476757791444e-03
3.732119977997001570e+01 6.019030050720246446e-03
3.757249197135423202e+01 5.898908914071870728e-03
3.782324055213251057e+01 5.773633986022855616e-03
3.807430609684078604e+01 5.710865480764754261e-03
3.832526519371521090e+01 5.607466016718553811e-03
3.857704530181875668e+01 5.502783903398911908e-03
3.882896255048217427e+01 5.394299688283673948e-03
3.907976684424035341e+01 5.301208192234451409e-03
3.933085588900704010e+01 5.196262367836522629e-03
3.958184533965361140e+01 5.147927871658085179e-03
3.983320492881626507e+01 5.025099975742120667e-03
4.008506787586624398e+01 4.972642991237984263e-03
4.033569471078550350e+01 4.909237243094386090e-03
4.058701345074587863e+01 4.814233856472325580e-03
4.083916815834436420e+01 4.681750125276671129e-03
4.108978611092747713e+01 4.638668833699391945e-03
4.134119394692694271e+01 4.550942987206305079e-03
4.159372926482761557e+01 4.464657743447294526e-03
4.184480996230068683e+01 4.403191426661658137e-03
4.209495048714620680e+01 4.362980524130937246e-03
4.234568601474854432e+01 4.300422630822657924e-03
4.259794184898333214e+01 4.185449861073903093e-03
4.284922176444433717e+01 4.112913246862283378e-03
4.309982534096671003e+01 4.068534750935158192e-03
4.335153475414617930e+01 4.010752397487326280e-03
4.360374984514007224e+01 3.941289600569710012e-03
4.385432838732079830e+01 3.864660396024123448e-03
4.410529766549178277e+01 3.804850806148055674e-03
4.435675536456894008e+01 3.751733106609312675e-03
4.460756668584335927e+01 3.693426622976024587e-03
4.485812369927145937e+01 3.669049531254939527e-03
4.510933196139897206e+01 3.591254552615504893e-03
4.536097672816924131e+01 3.546976105849142247e-03
4.561261869099184452e+01 3.489194815021576853e-03
4.586346064304911607e+01 3.388958820186299594e-03
4.611435299895526185e+01 3.398038085268192607e-03
4.636610302009028572e+01 3.259631605168920865e-03
4.661726081402038346e+01 3.281071442719152124e-03
4.686748045926628237e+01 3.219638245287907534e-03
4.712001000143001761e+01 3.192988464589273205e-03
4.737334269293729960e+01 3.167846861636461602e-03
4.762357272554871912e+01 3.111278846626003118e-03
4.787295862859781437e+01 3.065657141571093234e-03
4.812686710231834297e+01 3.036893141798413433e-03
4.837988354528783930e+01 2.929580754922151472e-03
4.862698975964909209e+01 2.935051422038267334e-03
4.887931961662670233e+01 2.879883678570937470e-03
4.913512531690142282e+01 2.798240514371076130e-03
4.938486646957150583e+01 2.786660615549828822e-03
4.963073103205424985e+01 2.753696192063620138e-03
4.988316058859187763e+01 2.691551814981848426e-03
5.013927392651110893e+01 2.711484862609620568e-03
5.038898445289544270e+01 2.652979074421204196e-03
5.063791314200675941e+01 2.652610824799012199e-03
5.089234515763529032e+01 2.554925716096455995e-03
5.114529266359630810e+01 2.495820769749624007e-03
5.138952878242714206e+01 2.410574850933783903e-03
5.163945178601188246e+01 2.519562566511434048e-03
5.190206698624180603e+01 2.426416546333158217e-03
5.215590084722179398e+01 2.400534991769293167e-03
5.238680673191466042e+01 2.342382456174423380e-03
5.263532591009818873e+01 2.393221276183804622e-03
5.290823119436031874e+01 2.277936658342256948e-03
5.316882575050344428e+01 2.225081758667253867e-03
5.338513341050097694e+01 2.215580773929379330e-03
5.363212510227822349e+01 2.056166389070122370e-03
5.391615723351310407e+01 2.247249472180345379e-03
5.419187693011466678e+01 2.227698532397087098e-03
5.439722241285236493e+01 2.340036396601174844e-03
5.462806064877949552e+01 2.019329480812234907e-03
5.491241494336609463e+01 1.891878643551941387e-03
5.519421446932921782e+01 2.287976227481297847e-03
5.543046826972861396e+01 2.283033849115565905e-03
5.561137265256709128e+01 2.170001806740581851e-03
