3.559856489878782115e-01 6.345373911403311240e+02
6.031648866026231293e-01 2.269631965292908831e+02
8.579160745827347778e-01 9.243608959549342785e+01
1.113464310595710716e+00 5.051561794762550051e+01
1.374039914321364408e+00 2.909124859959051435e+01
1.619154704570298309e+00 2.077226970359708602e+01
1.870686673430271840e+00 1.369281124968643581e+01
2.123290040706380832e+00 1.024728126634177450e+01
2.378144976376236119e+00 7.861423159046633025e+00
2.630489925835516996e+00 6.036678641429896075e+00
2.878653162679494670e+00 4.844739129784017884e+00
3.131144366275339319e+00 3.973449517931760600e+00
3.388159578333816313e+00 3.249156120157759897e+00
3.638741848210948149e+00 2.658008404691626581e+00
3.888315910732085268e+00 2.260822926223200469e+00
4.139052155837465996e+00 1.962730844742048619e+00
4.390305777018236988e+00 1.702376809853484607e+00
4.642172339120373081e+00 1.442117939635713775e+00
4.894678666149941293e+00 1.298431295935843055e+00
5.147269052361176378e+00 1.128767490999608381e+00
5.398003206656323272e+00 9.757246310715992355e-01
5.647798235368590269e+00 9.085020254217478497e-01
5.900534302989873581e+00 8.075826584528456031e-01
6.151460297009074374e+00 7.073750985433694405e-01
6.402630176204441526e+00 6.404789941084022553e-01
6.655964674748322096e+00 5.884488248789551124e-01
6.908782583105771202e+00 5.232323368406698316e-01
7.159060853508338873e+00 4.843142071107672808e-01
7.409414762591408632e+00 4.401770010011485379e-01
7.659227149364629561e+00 4.146190851668089539e-01
7.911559474606142395e+00 3.784257890156736415e-01
8.163750941790897997e+00 3.408607540634562283e-01
8.415757210439384295e+00 3.147804560945210994e-01
8.667638839289207198e+00 2.988628599999886837e-01
8.918801124864609520e+00 2.728814973561514701e-01
9.170480108345369530e+00 2.567887361419881054e-01
9.420566033467249412e+00 2.376022227456399960e-01
9.671642335271435797e+00 2.207449725493391413e-01
9.923426157758477473e+00 2.064002031729414155e-01
1.017396902749181820e+01 1.962070695127939857e-01
1.042533700753922155e+01 1.844556787240911322e-01
1.067702948358784276e+01 1.684243282332219538e-01
1.092969337256462303e+01 1.609125716867035594e-01
1.118211872033766419e+01 1.509048120267829640e-01
1.143346516925797296e+01 1.405856560803765420e-01
1.168350508557724687e+01 1.356869932208514817e-01
1.193379937775929100e+01 1.275686854086766908e-01
1.218553055762879112e+01 1.215433243697741361e-01
1.243711650801278878e+01 1.143424436258936583e-01
1.268867268647359303e+01 1.086820083682489835e-01
1.294075027177769144e+01 1.029201225913329437e-01
1.319267287020158363e+01 9.856684406093564610e-02
1.344470571782862756e+01 9.318638167735533717e-02
1.369480150283709641e+01 8.834914062267403001e-02
1.394591277066507828e+01 8.399210877947975440e-02
1.419764645764527167e+01 7.958006306791612361e-02
1.444766774168416212e+01 7.697512444372185680e-02
1.469906835825429070e+01 7.269461955666309261e-02
1.495059118111036511e+01 7.008813731511295830e-02
1.520261612590052991e+01 6.684254129224793950e-02
1.545415944503929495e+01 6.451575525094314922e-02
1.570456072545780124e+01 6.135490113934878587e-02
1.595705800128773966e+01 5.895127682023268423e-02
1.620829297830731619e+01 5.714146853521811370e-02
1.645966591028190962e+01 5.436358795829705770e-02
1.671125708846596325e+01 5.208236088184552831e-02
1.696160259490052624e+01 5.028147826822119970e-02
1.721370276108077135e+01 4.821986964951287952e-02
1.746543424102250341e+01 4.663956586528497650e-02
1.771598473288305442e+01 4.495677048161792616e-02
1.796653767411944003e+01 4.297650949892244804e-02
1.821765658501893270e+01 4.153867541644928191e-02
1.847053788120423334e+01 4.004020741213404344e-02
1.872257696809484173e+01 3.879938682849497222e-02
1.897394097105746269e+01 3.704762794402866738e-02
1.922542454726159988e+01 3.589969843119818205e-02
1.947607703355479103e+01 3.475043726073530348e-02
1.972678839839982601e+01 3.374009330249685967e-02
1.997802698857814363e+01 3.249474872353924626e-02
2.022863620534168660e+01 3.158180967090921942e-02
2.047969598507238231e+01 3.043897794684400152e-02
2.073250439107362553e+01 2.916886923967170961e-02
2.098435855211640089e+01 2.845089942818947518e-02
2.123502923393334640e+01 2.771070779538683387e-02
2.148629411178690773e+01 2.689749345999738195e-02
2.173831825513516591e+01 2.574217720781970739e-02
2.198972260956887226e+01 2.503307273049333939e-02
2.223974971000711420e+01 2.419791601976880105e-02
2.249141870643862973e+01 2.367086921564563046e-02
2.274404614890906373e+01 2.285374133951667205e-02
2.299521835768831579e+01 2.229971796239852908e-02
2.324620084136223852e+01 2.142127472643801794e-02
2.349757798664387209e+01 2.115520972682942424e-02
2.374870488118759937e+01 2.031361899668061854e-02
2.399988781917473091e+01 1.981328156388932615e-02
2.425071646049711305e+01 1.938661246530083010e-02
2.450187830577813841e+01 1.868851372235348293e-02
2.475391093216606109e+01 1.822254681463017847e-02
2.500524226975159792e+01 1.767716599501263294e-02
2.525610980153284402e+01 1.738132766322013356e-02
2.550801425092822328e+01 1.691570372098544911e-02
2.575943113325822864e+01 1.640888588769120679e-02
2.601074166866445125e+01 1.597640225386471463e-02
2.626234447079615464e+01 1.550429767644647717e-02
2.651347712943701751e+01 1.502898437243070304e-02
2.676474177984877656e+01 1.485289215917983199e-02
2.701628079430242479e+01 1.442420593695668829e-02
2.726734205837282232e+01 1.404572369959240438e-02
2.751837013544679422e+01 1.367746811245868117e-02
2.776937726815812724e+01 1.339038427953384222e-02
2.802070160973895341e+01 1.305081379123891605e-02
2.827249982643487058e+01 1.268900085492649481e-02
2.852407603869968966e+01 1.252973172011175897e-02
2.877567300468570721e+01 1.215838237778099455e-02
2.902733523039245256e+01 1.185996338450858931e-02
2.927861073083739996e+01 1.158682842724738545e-02
2.953003196193969160e+01 1.134511604373686713e-02
2.978106336846375157e+01 1.113684825009721852e-02
3.003148440777084716e+01 1.084674447685167985e-02
3.028303386126418673e+01 1.065332648614917416e-02
3.053456493440382857e+01 1.040768528653022475e-02
3.078585183944906944e+01 1.011410965952580336e-02
3.103757946070165730e+01 9.936402536417766537e-03
3.128931656795834826e+01 9.688653901893908710e-03
3.154125974608096428e+01 9.507623643597024402e-03
3.179158626791808828e+01 9.277576066012089076e-03
3.204196438636942190e+01 9.094632907119379675e-03
3.229344668057169798e+01 8.920675273912688844e-03
3.254489998018084407e+01 8.772102097522630967e-03
3.279660140319880668e+01 8.601358145910585618e-03
3.304772754686901237e+01 8.387435988754958494e-03
3.329949953441923327e+01 8.216674955645240225e-03
3.355173249539067371e+01 8.024850098495730708e-03
3.380235474142784824e+01 7.863111261834589485e-03
3.405292218889088218e+01 7.714608488919643889e-03
3.430455901572810262e+01 7.507202826966737422e-03
3.455605119154291316e+01 7.366986428675726707e-03
3.480708698418615654e+01 7.283091421667275099e-03
3.505823042281740243e+01 7.166475239545892079e-03
3.530983122122644602e+01 6.958504886982421443e-03
3.556111974160763367e+01 6.858304932939788753e-03
3.581195885960364933e+01 6.747376627947834597e-03
3.606348577968052638e+01 6.585760671160868600e-03
3.631495136683125935e+01 6.494389641509048725e-03
3.656646781331610185e+01 6.381041934114382690e-03
3.681800948534306173e+01 6.215843483845543901e-03
3.706942350460822411e+01 6.155319716493534016e-03
3.732119977997001570e+01 5.993198032723317907e-03
3.757249197135423202e+01 5.869344031588136050e-03
3.782324055213251057e+01 5.788125519267234981e-03
3.807430609684078604e+01 5.708534617337761990e-03
3.832526519371521090e+01 5.613968880937667862e-03
3.857704530181875668e+01 5.529534213824053093e-03
3.882896255048217427e+01 5.404093524495206385e-03
3.907976684424035341e+01 5.268827171647586134e-03
3.933085588900704010e+01 5.235748565888455157e-03
3.958184533965361140e+01 5.104704928496009084e-03
3.983320492881626507e+01 5.061758569282426290e-03
4.008506787586624398e+01 4.945475667086959848e-03
4.033569471078550350e+01 4.898652040476529981e-03
4.058701345074587863e+01 4.788843045277700085e-03
4.083916815834436420e+01 4.698748272331240879e-03
4.108978611092747713e+01 4.678448158316348728e-03
4.134119394692694271e+01 4.568922055050343191e-03
4.159372926482761557e+01 4.494227682173218032e-03
4.184480996230068683e+01 4.422351203912785675e-03
4.209495048714620680e+01 4.359509237772255137e-03
4.234568601474854432e+01 4.275979385640780658e-03
4.259794184898333214e+01 4.191366161343667782e-03
4.284922176444433717e+01 4.108629864827754476e-03
4.309982534096671003e+01 4.088319575686595597e-03
4.335153475414617930e+01 3.980172939071717660e-03
4.360374984514007224e+01 3.922289739612429271e-03
4.385432838732079830e+01 3.901020769195291497e-03
4.410529766549178277e+01 3.816396768539850361e-03
4.435675536456894008e+01 3.808098591158349915e-03
4.460756668584335927e+01 3.709542899692211057e-03
4.485812369927145937e+01 3.689690962315490558e-03
4.510933196139897206e+01 3.583240892151406259e-03
4.536097672816924131e+01 3.515569646812562350e-03
4.561261869099184452e+01 3.481777235565444457e-03
4.586346064304911607e+01 3.427428831907247675e-03
4.611435299895526185e+01 3.357889963697484412e-03
4.636610302009028572e+01 3.325010698606037374e-03
4.661726081402038346e+01 3.327506666109962367e-03
4.686748045926628237e+01 3.247198381500204008e-03
4.712001000143001761e+01 3.171926437987466433e-03
4.737334269293729960e+01 3.142490917854237446e-03
4.762357272554871912e+01 3.086158073627765647e-03
4.787295862859781437e+01 3.067751964341634829e-03
4.812686710231834297e+01 3.001386015676953210e-03
4.837988354528783930e+01 3.000040334210505449e-03
4.862698975964909209e+01 2.954132186380884189e-03
4.887931961662670233e+01 2.955513109319072781e-03
4.913512531690142282e+01 2.826822821311063966e-03
4.938486646957150583e+01 2.782036326890643344e-03
4.963073103205424985e+01 2.756212798350177271e-03
4.988316058859187763e+01 2.729716427981714391e-03
5.013927392651110893e+01 2.660090422899415944e-03
5.038898445289544270e+01 2.701819298656369002e-03
5.063791314200675941e+01 2.560295089198513351e-03
5.089234515763529032e+01 2.548821249818364505e-03
5.114529266359630810e+01 2.509858786420247727e-03
5.138952878242714206e+01 2.589186020272572514e-03
5.163945178601188246e+01 2.529462127960820442e-03
5.190206698624180603e+01 2.437776936971096636e-03
5.215590084722179398e+01 2.503655305899305482e-03
5.238680673191466042e+01 2.425992034975443194e-03
5.263532591009818873e+01 2.338288803694644254e-03
5.290823119436031874e+01 2.440447080484005413e-03
5.316882575050344428e+01 2.224508106616116150e-03
5.338513341050097694e+01 2.337162782421883626e-03
5.363212510227822349e+01 2.296664790108347148e-03
5.391615723351310407e+01 2.256811741330142732e-03
5.419187693011466678e+01 2.340503825511528781e-03
5.439722241285236493e+01 2.315050075851362004e-03
5.462806064877949552e+01 2.020159592510303512e-03
5.491241494336609463e+01 2.160681738398820186e-03
5.519421446932921782e+01 1.847357254898922274e-03
5.543046826972861396e+01 1.705297429609043368e-03
5.561137265256709128e+01 1.175304960330760071e-03
