3.559856489878782115e-01 4.134895354996779702e+02
6.031648866026231293e-01 1.759647394300369285e+02
8.579160745827347778e-01 8.925216227620700238e+01
1.113464310595710716e+00 4.214516361199986250e+01
1.374039914321364408e+00 3.194298609145511492e+01
1.619154704570298309e+00 1.882226349489429751e+01
1.870686673430271840e+00 1.545283824755760627e+01
2.123290040706380832e+00 1.017307543308250750e+01
2.378144976376236119e+00 7.843327787395565132e+00
2.630489925835516996e+00 6.053076471830587835e+00
2.878653162679494670e+00 4.814425843851046771e+00
3.131144366275339319e+00 3.796206610949439231e+00
3.388159578333816313e+00 3.147027571577521776e+00
3.638741848210948149e+00 2.698677455613394560e+00
3.888315910732085268e+00 2.328646189956847579e+00
4.139052155837465996e+00 1.990338800365679672e+00
4.390305777018236988e+00 1.787497824028217774e+00
4.642172339120373081e+00 1.447764653231448317e+00
4.894678666149941293e+00 1.279375179308043897e+00
5.147269052361176378e+00 1.154924485828443315e+00
5.398003206656323272e+00 9.705968192096600111e-01
5.647798235368590269e+00 8.692488954340357177e-01
5.900534302989873581e+00 8.115573778238631686e-01
6.151460297009074374e+00 7.003997575888512017e-01
6.402630176204441526e+00 6.572138616421447921e-01
6.655964674748322096e+00 5.812117120528037528e-01
6.908782583105771202e+00 5.489964964175149120e-01
7.159060853508338873e+00 4.958964572138507831e-01
7.409414762591408632e+00 4.372709249559456612e-01
7.659227149364629561e+00 4.097353491744145093e-01
7.911559474606142395e+00 3.744707782095925697e-01
8.163750941790897997e+00 3.484777878424427655e-01
8.415757210439384295e+00 3.160449992355128801e-01
8.667638839289207198e+00 2.968552643778718525e-01
8.918801124864609520e+00 2.716384032441118701e-01
9.170480108345369530e+00 2.504075511497355078e-01
9.420566033467249412e+00 2.343176149778860573e-01
9.671642335271435797e+00 2.212273948497605613e-01
9.923426157758477473e+00 2.051379363587398086e-01
1.017396902749181820e+01 1.930448287188460954e-01
1.042533700753922155e+01 1.791412404305406658e-01
1.067702948358784276e+01 1.728801184418978787e-01
1.092969337256462303e+01 1.595558241797986332e-01
1.118211872033766419e+01 1.528842255070644585e-01
1.143346516925797296e+01 1.431074855453229322e-01
1.168350508557724687e+01 1.353672974746853441e-01
1.193379937775929100e+01 1.292307133443030831e-01
1.218553055762879112e+01 1.195951463008098070e-01
1.243711650801278878e+01 1.128965728611201202e-01
1.268867268647359303e+01 1.079579842502018799e-01
1.294075027177769144e+01 1.027557263209255001e-01
1.319267287020158363e+01 9.709312322092863989e-02
1.344470571782862756e+01 9.342982379260070247e-02
1.369480150283709641e+01 8.854926780224467442e-02
1.394591277066507828e+01 8.370715473385259564e-02
1.419764645764527167e+01 8.090714407488137916e-02
1.444766774168416212e+01 7.667948974978287813e-02
1.469906835825429070e+01 7.323075599713251005e-02
1.495059118111036511e+01 7.006793309847969553e-02
1.520261612590052991e+01 6.789999449120197317e-02
1.545415944503929495e+01 6.472084586650807270e-02
1.570456072545780124e+01 6.122296710714832113e-02
1.595705800128773966e+01 5.963584650387832725e-02
1.620829297830731619e+01 5.670793051093196702e-02
1.645966591028190962e+01 5.440281246907258117e-02
1.671125708846596325e+01 5.192806242257316796e-02
1.696160259490052624e+01 5.034198796842979939e-02
1.721370276108077135e+01 4.805946195979354796e-02
1.746543424102250341e+01 4.595553850129380918e-02
1.771598473288305442e+01 4.452792783966195989e-02
1.796653767411944003e+01 4.286520280016378054e-02
1.821765658501893270e+01 4.180411369902470309e-02
1.847053788120423334e+01 3.987174993233964099e-02
1.872257696809484173e+01 3.860377879501833420e-02
1.897394097105746269e+01 3.724674510077743972e-02
1.922542454726159988e+01 3.591644668698051185e-02
1.947607703355479103e+01 3.471463732296641708e-02
1.972678839839982601e+01 3.346908356539861351e-02
1.997802698857814363e+01 3.250967047238020186e-02
2.022863620534168660e+01 3.143440457544347671e-02
2.047969598507238231e+01 3.038685671990650275e-02
2.073250439107362553e+01 2.913415998419295605e-02
2.098435855211640089e+01 2.858727819736908010e-02
2.123502923393334640e+01 2.765479905509224054e-02
2.148629411178690773e+01 2.652787163516084901e-02
2.173831825513516591e+01 2.605289089825929896e-02
2.198972260956887226e+01 2.533126229738042606e-02
2.223974971000711420e+01 2.439326115298471459e-02
2.249141870643862973e+01 2.370693177061970053e-02
2.274404614890906373e+01 2.281170275345899279e-02
2.299521835768831579e+01 2.213611473161309143e-02
2.324620084136223852e+01 2.151464386713438856e-02
2.349757798664387209e+01 2.093262008058143636e-02
2.374870488118759937e+01 2.045685199308521288e-02
2.399988781917473091e+01 1.986988389029877011e-02
2.425071646049711305e+01 1.931643875040448682e-02
2.450187830577813841e+01 1.872123964968832807e-02
2.475391093216606109e+01 1.838468300474933523e-02
2.500524226975159792e+01 1.779314990529271695e-02
2.525610980153284402e+01 1.716703039434194430e-02
2.550801425092822328e+01 1.677938520563349717e-02
2.575943113325822864e+01 1.644943032125183516e-02
2.601074166866445125e+01 1.604463718149813992e-02
2.626234447079615464e+01 1.554059502489319247e-02
2.651347712943701751e+01 1.519765980409783571e-02
2.676474177984877656e+01 1.483430335540012086e-02
2.701628079430242479e+01 1.437596589268845884e-02
2.726734205837282232e+01 1.412180294619083155e-02
2.751837013544679422e+01 1.373228041651035174e-02
2.776937726815812724e+01 1.337869716619613167e-02
2.802070160973895341e+01 1.310320959812311462e-02
2.827249982643487058e+01 1.271101044006576163e-02
2.852407603869968966e+01 1.254370838846604469e-02
2.877567300468570721e+01 1.219881849497565091e-02
2.902733523039245256e+01 1.195822552327908440e-02
2.927861073083739996e+01 1.161127134738595620e-02
2.953003196193969160e+01 1.148959886022560620e-02
2.978106336846375157e+01 1.105807087523892791e-02
3.003148440777084716e+01 1.086347577872160373e-02
3.028303386126418673e+01 1.061864890546705860e-02
3.053456493440382857e+01 1.039467562386186053e-02
3.078585183944906944e+01 1.014031972833644678e-02
3.103757946070165730e+01 9.950110189976874367e-03
3.128931656795834826e+01 9.759023627239162002e-03
3.154125974608096428e+01 9.524808836376642482e-03
3.179158626791808828e+01 9.297810858352796928e-03
3.204196438636942190e+01 9.126033659290060454e-03
3.229344668057169798e+01 8.918464137137125519e-03
3.254489998018084407e+01 8.724882215383046244e-03
3.279660140319880668e+01 8.605440706127670883e-03
3.304772754686901237e+01 8.310327198259111550e-03
3.329949953441923327e+01 8.177903762499914159e-03
3.355173249539067371e+01 8.038756892920021976e-03
3.380235474142784824e+01 7.888256994879383477e-03
3.405292218889088218e+01 7.714038943893970247e-03
3.430455901572810262e+01 7.627643208921562265e-03
3.455605119154291316e+01 7.423143421031220407e-03
3.480708698418615654e+01 7.306633214010700532e-03
3.505823042281740243e+01 7.123962263254997838e-03
3.530983122122644602e+01 6.987717779538163247e-03
3.556111974160763367e+01 6.869828653806499090e-03
3.581195885960364933e+01 6.716986432400220107e-03
3.606348577968052638e+01 6.582366203384034525e-03
3.631495136683125935e+01 6.497471119504676443e-03
3.656646781331610185e+01 6.380388378760646836e-03
3.681800948534306173e+01 6.245203299818860229e-03
3.706942350460822411e+01 6.134385393372563701e-03
3.732119977997001570e+01 6.011724478589530393e-03
3.757249197135423202e+01 5.934403738566233766e-03
3.782324055213251057e+01 5.818406181944941677e-03
3.807430609684078604e+01 5.695997675759486081e-03
3.832526519371521090e+01 5.585810956591809318e-03
3.857704530181875668e+01 5.495828675261210140e-03
3.882896255048217427e+01 5.407925397740654706e-03
3.907976684424035341e+01 5.297856274840391858e-03
3.933085588900704010e+01 5.203146427808726451e-03
3.958184533965361140e+01 5.151105107111311580e-03
3.983320492881626507e+01 5.059126698225798087e-03
4.008506787586624398e+01 4.979046583455201680e-03
4.033569471078550350e+01 4.875243568017230064e-03
4.058701345074587863e+01 4.769351216785145189e-03
4.083916815834436420e+01 4.685182658562651870e-03
4.108978611092747713e+01 4.619759655390155532e-03
4.134119394692694271e+01 4.560810979900064080e-03
4.159372926482761557e+01 4.465048803442695294e-03
4.184480996230068683e+01 4.393278671921296841e-03
4.209495048714620680e+01 4.369408780277157095e-03
4.234568601474854432e+01 4.285824987019082495e-03
4.259794184898333214e+01 4.220930431147486978e-03
4.284922176444433717e+01 4.131626117473224946e-03
4.309982534096671003e+01 4.062592296676183906e-03
4.335153475414617930e+01 3.991766888143249807e-03
4.360374984514007224e+01 3.960249567098934539e-03
4.385432838732079830e+01 3.864980162428414967e-03
4.410529766549178277e+01 3.855534945815127477e-03
4.435675536456894008e+01 3.767328643458782694e-03
4.460756668584335927e+01 3.719036867511653008e-03
4.485812369927145937e+01 3.663905709439090226e-03
4.510933196139897206e+01 3.605239285315998358e-03
4.536097672816924131e+01 3.548674513390762987e-03
4.561261869099184452e+01 3.515361075911482662e-03
4.586346064304911607e+01 3.480282293998561514e-03
4.611435299895526185e+01 3.409001266166870273e-03
4.636610302009028572e+01 3.327014665054702381e-03
4.661726081402038346e+01 3.268283748872786998e-03
4.686748045926628237e+01 3.260021409462119692e-03
4.712001000143001761e+01 3.222930308994294279e-03
4.737334269293729960e+01 3.163194097358728966e-03
4.762357272554871912e+01 3.098222826233392336e-03
4.787295862859781437e+01 3.095326698354185918e-03
4.812686710231834297e+01 2.997391445203266471e-03
4.837988354528783930e+01 2.957716290452034377e-03
4.862698975964909209e+01 2.896986541287669033e-03
4.887931961662670233e+01 2.881793189878893973e-03
4.913512531690142282e+01 2.842081984654638415e-03
4.938486646957150583e+01 2.782841333481797172e-03
4.963073103205424985e+01 2.814626021537334176e-03
4.988316058859187763e+01 2.717048528209258136e-03
5.013927392651110893e+01 2.694295150617889018e-03
5.038898445289544270e+01 2.571091545606957792e-03
5.063791314200675941e+01 2.635619851468071900e-03
5.089234515763529032e+01 2.562277639503589364e-03
5.114529266359630810e+01 2.541464904171676989e-03
5.138952878242714206e+01 2.521355837253928377e-03
5.163945178601188246e+01 2.471314092728502890e-03
5.190206698624180603e+01 2.380610957350479725e-03
5.215590084722179398e+01 2.415994659735482691e-03
5.238680673191466042e+01 2.371715544601056026e-03
5.263532591009818873e+01 2.396732470850422396e-03
5.290823119436031874e+01 2.356798620050982139e-03
5.316882575050344428e+01 2.274092276032102684e-03
5.338513341050097694e+01 2.362352737371981037e-03
5.363212510227822349e+01 2.118398730306929583e-03
5.391615723351310407e+01 2.352656153786474719e-03
5.419187693011466678e+01 2.321428175517696677e-03
5.439722241285236493e+01 1.976638190846806420e-03
5.462806064877949552e+01 2.333529574904076153e-03
5.491241494336609463e+01 2.177407070904356298e-03
5.519421446932921782e+01 1.541942469429392415e-03
5.543046826972861396e+01 1.786446687749713861e-03
5.561137265256709128e+01 1.088511464034910663e-03
