3.559856489878782115e-01 3.196438885289989003e+02
6.031648866026231293e-01 2.241282352283421062e+02
8.579160745827347778e-01 9.524980043766301208e+01
1.113464310595710716e+00 4.957466617756803373e+01
1.374039914321364408e+00 2.845057646377678751e+01
1.619154704570298309e+00 1.845126439650434946e+01
1.870686673430271840e+00 1.286036273065104396e+01
2.123290040706380832e+00 1.000942738960813649e+01
2.378144976376236119e+00 7.673215801502712985e+00
2.630489925835516996e+00 6.005310995120932027e+00
2.878653162679494670e+00 5.203619451135534035e+00
3.131144366275339319e+00 3.975089001283123036e+00
3.388159578333816313e+00 3.312401293583453032e+00
3.638741848210948149e+00 2.613965873408095497e+00
3.888315910732085268e+00 2.371828509146696629e+00
4.139052155837465996e+00 1.952311095335795610e+00
4.390305777018236988e+00 1.684166886819593589e+00
4.642172339120373081e+00 1.489453842688670759e+00
4.894678666149941293e+00 1.285348688295243402e+00
5.147269052361176378e+00 1.163919001193594926e+00
5.398003206656323272e+00 1.017230594225474904e+00
5.647798235368590269e+00 8.724853796665812400e-01
5.900534302989873581e+00 8.058965927764674131e-01
6.151460297009074374e+00 7.041432751527373357e-01
6.402630176204441526e+00 6.510482198754152794e-01
6.655964674748322096e+00 5.817478388960122260e-01
6.908782583105771202e+00 5.174222343494863097e-01
7.159060853508338873e+00 4.876882062070029833e-01
7.409414762591408632e+00 4.480234572057709141e-01
7.659227149364629561e+00 4.071127965326241660e-01
7.911559474606142395e+00 3.750616138530955546e-01
8.163750941790897997e+00 3.434860753075966722e-01
8.415757210439384295e+00 3.175875078356150683e-01
8.667638839289207198e+00 2.900639215314694819e-01
8.918801124864609520e+00 2.733031471410827806e-01
9.170480108345369530e+00 2.555169046499025653e-01
9.420566033467249412e+00 2.374139157339536788e-01
9.671642335271435797e+00 2.184566398173059532e-01
9.923426157758477473e+00 2.079774073444358995e-01
1.017396902749181820e+01 1.917942120516930582e-01
1.042533700753922155e+01 1.800247145731810883e-01
1.067702948358784276e+01 1.707602543397874206e-01
1.092969337256462303e+01 1.609620146720074640e-01
1.118211872033766419e+01 1.504787659382929299e-01
1.143346516925797296e+01 1.447777281168241559e-01
1.168350508557724687e+01 1.338290577916075030e-01
1.193379937775929100e+01 1.271645156642274288e-01
1.218553055762879112e+01 1.202790501884663521e-01
1.243711650801278878e+01 1.139204904810853930e-01
1.268867268647359303e+01 1.080417260975503335e-01
1.294075027177769144e+01 1.020495551797771933e-01
1.319267287020158363e+01 9.922866133093868890e-02
1.344470571782862756e+01 9.372886143245785784e-02
1.369480150283709641e+01 8.794243382752071903e-02
1.394591277066507828e+01 8.390874576329870882e-02
1.419764645764527167e+01 8.106392254041092094e-02
1.444766774168416212e+01 7.611096450161136673e-02
1.469906835825429070e+01 7.287650277562458812e-02
1.495059118111036511e+01 6.983438528078485252e-02
1.520261612590052991e+01 6.668493469343647617e-02
1.545415944503929495e+01 6.484294761071950075e-02
1.570456072545780124e+01 6.169390319650215615e-02
1.595705800128773966e+01 5.907437046206846787e-02
1.620829297830731619e+01 5.662206173522177366e-02
1.645966591028190962e+01 5.421435402052653119e-02
1.671125708846596325e+01 5.283026528353919338e-02
1.696160259490052624e+01 4.980077149052517665e-02
1.721370276108077135e+01 4.808892135867285506e-02
1.746543424102250341e+01 4.652741842554275475e-02
1.771598473288305442e+01 4.461589127528958754e-02
1.796653767411944003e+01 4.282335155492346390e-02
1.821765658501893270e+01 4.183581783251051622e-02
1.847053788120423334e+01 4.021655955019044076e-02
1.872257696809484173e+01 3.899405452724920285e-02
1.897394097105746269e+01 3.726761378231826377e-02
1.922542454726159988e+01 3.580062651559224457e-02
1.947607703355479103e+01 3.479813906810164809e-02
1.972678839839982601e+01 3.349713364622095013e-02
1.997802698857814363e+01 3.259383549540707109e-02
2.022863620534168660e+01 3.132171053578052672e-02
2.047969598507238231e+01 3.032764251742628425e-02
2.073250439107362553e+01 2.929464632213944417e-02
2.098435855211640089e+01 2.858018999918784595e-02
2.123502923393334640e+01 2.748303002360499500e-02
2.148629411178690773e+01 2.673373610466637379e-02
2.173831825513516591e+01 2.609807181879020277e-02
2.198972260956887226e+01 2.517823800562158515e-02
2.223974971000711420e+01 2.443708171318596106e-02
2.249141870643862973e+01 2.372781528066876533e-02
2.274404614890906373e+01 2.281184249878702788e-02
2.299521835768831579e+01 2.224366796164801291e-02
2.324620084136223852e+01 2.145456238275300978e-02
2.349757798664387209e+01 2.094901595264598085e-02
2.374870488118759937e+01 2.035454625150772551e-02
2.399988781917473091e+01 1.991946648705065354e-02
2.425071646049711305e+01 1.932850433880543839e-02
2.450187830577813841e+01 1.887880113840877463e-02
2.475391093216606109e+01 1.822747792954879098e-02
2.500524226975159792e+01 1.775296469932280755e-02
2.525610980153284402e+01 1.731954203900827952e-02
2.550801425092822328e+01 1.686776567619236236e-02
2.575943113325822864e+01 1.637257569301252269e-02
2.601074166866445125e+01 1.601378172215834825e-02
2.626234447079615464e+01 1.553137111118619781e-02
2.651347712943701751e+01 1.510264244247743262e-02
2.676474177984877656e+01 1.478381410470863341e-02
2.701628079430242479e+01 1.440067186504745064e-02
2.726734205837282232e+01 1.405936049533222133e-02
2.751837013544679422e+01 1.380303361924203193e-02
2.776937726815812724e+01 1.335715597544107416e-02
2.802070160973895341e+01 1.304000203477427913e-02
2.827249982643487058e+01 1.285904747265194034e-02
2.852407603869968966e+01 1.231222658677073173e-02
2.877567300468570721e+01 1.214709851489258023e-02
2.902733523039245256e+01 1.182739589988794117e-02
2.927861073083739996e+01 1.164002742375204458e-02
2.953003196193969160e+01 1.140851928292613802e-02
2.978106336846375157e+01 1.108921452068814539e-02
3.003148440777084716e+01 1.080290112567359323e-02
3.028303386126418673e+01 1.059326473762455326e-02
3.053456493440382857e+01 1.035706246219446867e-02
3.078585183944906944e+01 1.008276541865615362e-02
3.103757946070165730e+01 9.936757394748876870e-03
3.128931656795834826e+01 9.657584444210829885e-03
3.154125974608096428e+01 9.528190293169468486e-03
3.179158626791808828e+01 9.329035357477583404e-03
3.204196438636942190e+01 9.081925403956164766e-03
3.229344668057169798e+01 8.944776713798922516e-03
3.254489998018084407e+01 8.755825920147527683e-03
3.279660140319880668e+01 8.556135682829001110e-03
3.304772754686901237e+01 8.423962263438319886e-03
3.329949953441923327e+01 8.218005561458166866e-03
3.355173249539067371e+01 8.022359488742476785e-03
3.380235474142784824e+01 7.867162187658503780e-03
3.405292218889088218e+01 7.748273448346811032e-03
3.430455901572810262e+01 7.565156771398847541e-03
3.455605119154291316e+01 7.416435141524680731e-03
3.480708698418615654e+01 7.257720490139174530e-03
3.505823042281740243e+01 7.135948379501854018e-03
3.530983122122644602e+01 7.013764815650565775e-03
3.556111974160763367e+01 6.874332698531266175e-03
3.581195885960364933e+01 6.740535936046209049e-03
3.606348577968052638e+01 6.618695139008617077e-03
3.631495136683125935e+01 6.474698874381926324e-03
3.656646781331610185e+01 6.364041920771890994e-03
3.681800948534306173e+01 6.245554164955950324e-03
3.706942350460822411e+01 6.148164730292405775e-03
3.732119977997001570e+01 5.996770095285289433e-03
3.757249197135423202e+01 5.911423019434003737e-03
3.782324055213251057e+01 5.787865302608481352e-03
3.807430609684078604e+01 5.670503854815931062e-03
3.832526519371521090e+01 5.574602173378692162e-03
3.857704530181875668e+01 5.461037147567180013e-03
3.882896255048217427e+01 5.407726451413987639e-03
3.907976684424035341e+01 5.276255322094237227e-03
3.933085588900704010e+01 5.195524377835969085e-03
3.958184533965361140e+01 5.112826607809000182e-03
3.983320492881626507e+01 5.033794152017723351e-03
4.008506787586624398e+01 4.956947596843903903e-03
4.033569471078550350e+01 4.892452484469058012e-03
4.058701345074587863e+01 4.795595894968359557e-03
4.083916815834436420e+01 4.732491945523048006e-03
4.108978611092747713e+01 4.595598316050782117e-03
4.134119394692694271e+01 4.565618590212990047e-03
4.159372926482761557e+01 4.485501040928313934e-03
4.184480996230068683e+01 4.397003529341376310e-03
4.209495048714620680e+01 4.349702282728467803e-03
4.234568601474854432e+01 4.272095450681640504e-03
4.259794184898333214e+01 4.197893440416163024e-03
4.284922176444433717e+01 4.142506795388460616e-03
4.309982534096671003e+01 4.046020528305011715e-03
4.335153475414617930e+01 4.007710787106519984e-03
4.360374984514007224e+01 3.900328817729069569e-03
4.385432838732079830e+01 3.867016881438630014e-03
4.410529766549178277e+01 3.812762088592255415e-03
4.435675536456894008e+01 3.793206329796477375e-03
4.460756668584335927e+01 3.715377985891581223e-03
4.485812369927145937e+01 3.700586637721172377e-03
4.510933196139897206e+01 3.631301310375029037e-03
4.536097672816924131e+01 3.540240070049361330e-03
4.561261869099184452e+01 3.489960651712489380e-03
4.586346064304911607e+01 3.433801852644382396e-03
4.611435299895526185e+01 3.389310488554373151e-03
4.636610302009028572e+01 3.321682427281291358e-03
4.661726081402038346e+01 3.286334357878744564e-03
4.686748045926628237e+01 3.230004021136999130e-03
4.712001000143001761e+01 3.181433831800446234e-03
4.737334269293729960e+01 3.138477083043913086e-03
4.762357272554871912e+01 3.098900639599261059e-03
4.787295862859781437e+01 3.034422460627188897e-03
4.812686710231834297e+01 2.985592908194928136e-03
4.837988354528783930e+01 2.943020503387139015e-03
4.862698975964909209e+01 2.955579913872939408e-03
4.887931961662670233e+01 2.897193294439327250e-03
4.913512531690142282e+01 2.876465468720406163e-03
4.938486646957150583e+01 2.808873288545684667e-03
4.963073103205424985e+01 2.747667330748038844e-03
4.988316058859187763e+01 2.748332637841841876e-03
5.013927392651110893e+01 2.616269529565594994e-03
5.038898445289544270e+01 2.684158275121651879e-03
5.063791314200675941e+01 2.560746509448489500e-03
5.089234515763529032e+01 2.583206320329979773e-03
5.114529266359630810e+01 2.556526411667169041e-03
5.138952878242714206e+01 2.477470152186475941e-03
5.163945178601188246e+01 2.431727513076037232e-03
5.190206698624180603e+01 2.473404431530218037e-03
5.215590084722179398e+01 2.406157793833400404e-03
5.238680673191466042e+01 2.339997693059613516e-03
5.263532591009818873e+01 2.396377919688764697e-03
5.290823119436031874e+01 2.259826826143735822e-03
5.316882575050344428e+01 2.411445106610835085e-03
5.338513341050097694e+01 2.217281117634142210e-03
5.363212510227822349e+01 2.298979624453942588e-03
5.391615723351310407e+01 2.394095762912147249e-03
5.419187693011466678e+01 2.147660362159268307e-03
5.439722241285236493e+01 2.363564013818301827e-03
5.462806064877949552e+01 2.121151560171353687e-03
5.491241494336609463e+01 2.090482943620939477e-03
5.519421446932921782e+01 1.826651386356378413e-03
5.543046826972861396e+01 2.725747688762610900e-03
5.561137265256709128e+01 2.208416258257007297e-03
