3.559856489878782115e-01 6.830594312688153877e+02
6.031648866026231293e-01 2.646204151253322152e+02
8.579160745827347778e-01 7.724139351481781546e+01
1.113464310595710716e+00 4.810568722204445180e+01
1.374039914321364408e+00 3.041411451718568060e+01
1.619154704570298309e+00 1.827534147463113001e+01
1.870686673430271840e+00 1.602407955008445128e+01
2.123290040706380832e+00 1.003801198429446018e+01
2.378144976376236119e+00 7.952132820733228691e+00
2.630489925835516996e+00 5.999270954779082565e+00
2.878653162679494670e+00 4.866129401840185942e+00
3.131144366275339319e+00 3.861007984646719127e+00
3.388159578333816313e+00 3.240761148756593713e+00
3.638741848210948149e+00 2.648451771456897141e+00
3.888315910732085268e+00 2.250907691385277687e+00
4.139052155837465996e+00 2.041090507374377694e+00
4.390305777018236988e+00 1.758571359549807589e+00
4.642172339120373081e+00 1.454228803544759696e+00
4.894678666149941293e+00 1.276205576961543020e+00
5.147269052361176378e+00 1.115157517297053369e+00
5.398003206656323272e+00 9.822743570553512660e-01
5.647798235368590269e+00 9.191257806495595206e-01
5.900534302989873581e+00 7.988063627592141280e-01
6.151460297009074374e+00 7.191127294255512670e-01
6.402630176204441526e+00 6.457732227996778596e-01
6.655964674748322096e+00 5.907996737142813259e-01
6.908782583105771202e+00 5.325501809319267421e-01
7.159060853508338873e+00 4.825628236774520685e-01
7.409414762591408632e+00 4.499376038904946973e-01
7.659227149364629561e+00 3.978794201419332821e-01
7.911559474606142395e+00 3.754363192786385750e-01
8.163750941790897997e+00 3.424742009700432188e-01
8.415757210439384295e+00 3.203488406660524590e-01
8.667638839289207198e+00 3.018229196276721038e-01
8.918801124864609520e+00 2.737129310425677198e-01
9.170480108345369530e+00 2.555585255639674092e-01
9.420566033467249412e+00 2.375005210435585101e-01
9.671642335271435797e+00 2.262921324671211820e-01
9.923426157758477473e+00 2.091635213758230305e-01
1.017396902749181820e+01 1.971240976749311091e-01
1.042533700753922155e+01 1.816798723720978170e-01
1.067702948358784276e+01 1.738507027192938426e-01
1.092969337256462303e+01 1.598631936545377441e-01
1.118211872033766419e+01 1.511478175075045560e-01
1.143346516925797296e+01 1.447876718567334131e-01
1.168350508557724687e+01 1.363886150600835956e-01
1.193379937775929100e+01 1.251759458027264516e-01
1.218553055762879112e+01 1.201766537456458728e-01
1.243711650801278878e+01 1.156895700618997547e-01
1.268867268647359303e+01 1.084589588704789193e-01
1.294075027177769144e+01 1.035288484394549097e-01
1.319267287020158363e+01 9.766144536816016852e-02
1.344470571782862756e+01 9.223809416223389956e-02
1.369480150283709641e+01 8.853175351055658782e-02
1.394591277066507828e+01 8.450432509867251973e-02
1.419764645764527167e+01 8.033662426054657968e-02
1.444766774168416212e+01 7.610165469499774460e-02
1.469906835825429070e+01 7.342644092975730841e-02
1.495059118111036511e+01 6.958026545088566439e-02
1.520261612590052991e+01 6.792798084310350260e-02
1.545415944503929495e+01 6.462733316764175673e-02
1.570456072545780124e+01 6.148097246565185914e-02
1.595705800128773966e+01 5.898641882497789729e-02
1.620829297830731619e+01 5.676991007229709868e-02
1.645966591028190962e+01 5.429289293065487493e-02
1.671125708846596325e+01 5.209629968629950897e-02
1.696160259490052624e+01 5.008937887413330431e-02
1.721370276108077135e+01 4.790503891753623844e-02
1.746543424102250341e+01 4.637511320993844416e-02
1.771598473288305442e+01 4.485972350975689360e-02
1.796653767411944003e+01 4.309228320808038831e-02
1.821765658501893270e+01 4.142881156002278797e-02
1.847053788120423334e+01 3.965074752552844722e-02
1.872257696809484173e+01 3.859695741573990202e-02
1.897394097105746269e+01 3.705071722099572556e-02
1.922542454726159988e+01 3.604158806089850786e-02
1.947607703355479103e+01 3.497947392165783737e-02
1.972678839839982601e+01 3.340439393243700011e-02
1.997802698857814363e+01 3.233732955272550919e-02
2.022863620534168660e+01 3.119763899511952127e-02
2.047969598507238231e+01 3.015096175442724680e-02
2.073250439107362553e+01 2.926743625595360290e-02
2.098435855211640089e+01 2.846110328738283429e-02
2.123502923393334640e+01 2.749860368990169474e-02
2.148629411178690773e+01 2.671006907270613573e-02
2.173831825513516591e+01 2.581639428487250698e-02
2.198972260956887226e+01 2.504986326383253081e-02
2.223974971000711420e+01 2.448463330380322781e-02
2.249141870643862973e+01 2.355135486511939283e-02
2.274404614890906373e+01 2.318814933385324878e-02
2.299521835768831579e+01 2.240556149802580901e-02
2.324620084136223852e+01 2.164322818240478619e-02
2.349757798664387209e+01 2.110012396617218927e-02
2.374870488118759937e+01 2.030163067125087192e-02
2.399988781917473091e+01 1.995233093146521475e-02
2.425071646049711305e+01 1.913557428931078955e-02
2.450187830577813841e+01 1.865146614979251716e-02
2.475391093216606109e+01 1.832145991774325813e-02
2.500524226975159792e+01 1.769576344129646442e-02
2.525610980153284402e+01 1.736490435041552344e-02
2.550801425092822328e+01 1.683586667920848254e-02
2.575943113325822864e+01 1.644801617409834618e-02
2.601074166866445125e+01 1.598230715151927744e-02
2.626234447079615464e+01 1.560449851230370256e-02
2.651347712943701751e+01 1.515119902555446887e-02
2.676474177984877656e+01 1.483977297613766830e-02
2.701628079430242479e+01 1.446472319405799588e-02
2.726734205837282232e+01 1.402552919454537472e-02
2.751837013544679422e+01 1.368440428574621733e-02
2.776937726815812724e+01 1.343799907191224607e-02
2.802070160973895341e+01 1.316043422824857492e-02
2.827249982643487058e+01 1.275040075719324761e-02
2.852407603869968966e+01 1.244183173684631355e-02
2.877567300468570721e+01 1.213229997182863756e-02
2.902733523039245256e+01 1.186686798768035733e-02
2.927861073083739996e+01 1.161203803068508456e-02
2.953003196193969160e+01 1.124983968253928657e-02
2.978106336846375157e+01 1.115008325110616524e-02
3.003148440777084716e+01 1.080434504334624145e-02
3.028303386126418673e+01 1.057227052802226820e-02
3.053456493440382857e+01 1.039101303670834919e-02
3.078585183944906944e+01 1.013408051898085152e-02
3.103757946070165730e+01 9.902873144008752376e-03
3.128931656795834826e+01 9.671955462368646284e-03
3.154125974608096428e+01 9.495689605428039165e-03
3.179158626791808828e+01 9.290801702935334513e-03
3.204196438636942190e+01 9.101185790503516296e-03
3.229344668057169798e+01 8.881929008271881656e-03
3.254489998018084407e+01 8.691147883399006485e-03
3.279660140319880668e+01 8.529392325711428538e-03
3.304772754686901237e+01 8.322702379045086515e-03
3.329949953441923327e+01 8.233318994123292253e-03
3.355173249539067371e+01 8.017546995232605056e-03
3.380235474142784824e+01 7.882176238376975563e-03
3.405292218889088218e+01 7.690850084453026980e-03
3.430455901572810262e+01 7.516733230177569981e-03
3.455605119154291316e+01 7.412433301006610652e-03
3.480708698418615654e+01 7.256146137736591874e-03
3.505823042281740243e+01 7.117677870385888568e-03
3.530983122122644602e+01 6.998878335287188682e-03
3.556111974160763367e+01 6.838622275543034500e-03
3.581195885960364933e+01 6.729090227039445475e-03
3.606348577968052638e+01 6.580840681942812243e-03
3.631495136683125935e+01 6.522715509269460046e-03
3.656646781331610185e+01 6.376591255843905119e-03
3.681800948534306173e+01 6.236451704635369644e-03
3.706942350460822411e+01 6.131378094943810454e-03
3.732119977997001570e+01 6.016030967851765214e-03
3.757249197135423202e+01 5.950402949582323832e-03
3.782324055213251057e+01 5.765931719688989140e-03
3.807430609684078604e+01 5.715410842344073594e-03
3.832526519371521090e+01 5.587502761994079213e-03
3.857704530181875668e+01 5.506092991440243896e-03
3.882896255048217427e+01 5.398642455245299294e-03
3.907976684424035341e+01 5.270464373217553095e-03
3.933085588900704010e+01 5.245525761750502967e-03
3.958184533965361140e+01 5.125128778310554523e-03
3.983320492881626507e+01 5.036188580286915344e-03
4.008506787586624398e+01 4.956385646915743848e-03
4.033569471078550350e+01 4.870077056468022532e-03
4.058701345074587863e+01 4.823414577611364815e-03
4.083916815834436420e+01 4.710632827448783290e-03
4.108978611092747713e+01 4.649559236363373475e-03
4.134119394692694271e+01 4.574217417390571104e-03
4.159372926482761557e+01 4.534222650799321630e-03
4.184480996230068683e+01 4.399891090550655040e-03
4.209495048714620680e+01 4.347638793682366380e-03
4.234568601474854432e+01 4.261241518371306630e-03
4.259794184898333214e+01 4.186204015247724751e-03
4.284922176444433717e+01 4.154869293295184417e-03
4.309982534096671003e+01 4.101855120562028847e-03
4.335153475414617930e+01 4.003810210782841709e-03
4.360374984514007224e+01 3.981356654624643686e-03
4.385432838732079830e+01 3.834805696124076076e-03
4.410529766549178277e+01 3.803275510658661682e-03
4.435675536456894008e+01 3.742347549288548274e-03
4.460756668584335927e+01 3.717342266418645607e-03
4.485812369927145937e+01 3.615573438339785440e-03
4.510933196139897206e+01 3.602500127959563751e-03
4.536097672816924131e+01 3.558984692477654924e-03
4.561261869099184452e+01 3.494769599584690491e-03
4.586346064304911607e+01 3.424278274085014451e-03
4.611435299895526185e+01 3.376827591414975800e-03
4.636610302009028572e+01 3.336114647360902997e-03
4.661726081402038346e+01 3.218127569757303283e-03
4.686748045926628237e+01 3.230339653780403986e-03
4.712001000143001761e+01 3.174853409030563376e-03
4.737334269293729960e+01 3.163033742143064007e-03
4.762357272554871912e+01 3.031270972304201099e-03
4.787295862859781437e+01 3.072545481637887436e-03
4.812686710231834297e+01 3.045423742123636209e-03
4.837988354528783930e+01 2.941801002568272382e-03
4.862698975964909209e+01 2.969227156867496054e-03
4.887931961662670233e+01 2.890136495452924094e-03
4.913512531690142282e+01 2.854623144180378283e-03
4.938486646957150583e+01 2.763353650290404501e-03
4.963073103205424985e+01 2.765339387788745464e-03
4.988316058859187763e+01 2.689685306094984681e-03
5.013927392651110893e+01 2.711735572153540965e-03
5.038898445289544270e+01 2.624882027453547505e-03
5.063791314200675941e+01 2.663884483494720866e-03
5.089234515763529032e+01 2.584572729886350402e-03
5.114529266359630810e+01 2.519453865633000667e-03
5.138952878242714206e+01 2.522411151418572570e-03
5.163945178601188246e+01 2.487452411169912159e-03
5.190206698624180603e+01 2.441389084504863582e-03
5.215590084722179398e+01 2.389902039252616520e-03
5.238680673191466042e+01 2.397631965644404610e-03
5.263532591009818873e+01 2.328119009470999961e-03
5.290823119436031874e+01 2.343753151020182540e-03
5.316882575050344428e+01 2.207536922704855624e-03
5.338513341050097694e+01 2.302952657724016347e-03
5.363212510227822349e+01 2.294851226153317089e-03
5.391615723351310407e+01 2.243503225659047428e-03
5.419187693011466678e+01 2.279567181846417403e-03
5.439722241285236493e+01 2.088238081725122836e-03
5.462806064877949552e+01 2.096209129415423176e-03
5.491241494336609463e+01 1.794168676306685199e-03
5.519421446932921782e+01 1.913545018870219843e-03
5.543046826972861396e+01 3.003111418035005632e-03
5.561137265256709128e+01 1.976747098355257151e-03
