3.559856489878782115e-01 2.431439693125054191e+02
6.031648866026231293e-01 2.189760662823921393e+02
8.579160745827347778e-01 9.997047625058439735e+01
1.113464310595710716e+00 4.761739670918778700e+01
1.374039914321364408e+00 3.029812614391598657e+01
1.619154704570298309e+00 2.164407726107322816e+01
1.870686673430271840e+00 1.380252023140690554e+01
2.123290040706380832e+00 1.053707017778369526e+01
2.378144976376236119e+00 7.862890241747884978e+00
2.630489925835516996e+00 5.808330684350449857e+00
2.878653162679494670e+00 4.908377107145965645e+00
3.131144366275339319e+00 3.813047896512394619e+00
3.388159578333816313e+00 3.298929087356804235e+00
3.638741848210948149e+00 2.811603306472646224e+00
3.888315910732085268e+00 2.342037761570145982e+00
4.139052155837465996e+00 1.974789972465707422e+00
4.390305777018236988e+00 1.781755331389897945e+00
4.642172339120373081e+00 1.444892238992041111e+00
4.894678666149941293e+00 1.327868775123861367e+00
5.147269052361176378e+00 1.129989279537197966e+00
5.398003206656323272e+00 1.013668711056912031e+00
5.647798235368590269e+00 8.811070475613577146e-01
5.900534302989873581e+00 7.974770489218120373e-01
6.151460297009074374e+00 7.276849909085927326e-01
6.402630176204441526e+00 6.363692187401701617e-01
6.655964674748322096e+00 5.801644668727317100e-01
6.908782583105771202e+00 5.438577423824900725e-01
7.159060853508338873e+00 4.985662676113484792e-01
7.409414762591408632e+00 4.442371442331416453e-01
7.659227149364629561e+00 4.124102946937788783e-01
7.911559474606142395e+00 3.788568590668811575e-01
8.163750941790897997e+00 3.432771888604218002e-01
8.415757210439384295e+00 3.203952894712097099e-01
8.667638839289207198e+00 2.947835607314615025e-01
8.918801124864609520e+00 2.718401823397138539e-01
9.170480108345369530e+00 2.483042723332772317e-01
9.420566033467249412e+00 2.312515472874096811e-01
9.671642335271435797e+00 2.183279713332280658e-01
9.923426157758477473e+00 2.079686204464149535e-01
1.017396902749181820e+01 1.923105929421025651e-01
1.042533700753922155e+01 1.821612011453106195e-01
1.067702948358784276e+01 1.717872197631801767e-01
1.092969337256462303e+01 1.594061535876353519e-01
1.118211872033766419e+01 1.505229565259708080e-01
1.143346516925797296e+01 1.394874817607674455e-01
1.168350508557724687e+01 1.370163466432129662e-01
1.193379937775929100e+01 1.268635289769707575e-01
1.218553055762879112e+01 1.206277300856253842e-01
1.243711650801278878e+01 1.133604209136316876e-01
1.268867268647359303e+01 1.081420398312416403e-01
1.294075027177769144e+01 1.025907383677423373e-01
1.319267287020158363e+01 9.732502497554755549e-02
1.344470571782862756e+01 9.314140374419245527e-02
1.369480150283709641e+01 8.882630232782716406e-02
1.394591277066507828e+01 8.426846013663807922e-02
1.419764645764527167e+01 8.016159414988442700e-02
1.444766774168416212e+01 7.700311059730488572e-02
1.469906835825429070e+01 7.363629570634630528e-02
1.495059118111036511e+01 7.001899135664675644e-02
1.520261612590052991e+01 6.690143233150652735e-02
1.545415944503929495e+01 6.383408545683257052e-02
1.570456072545780124e+01 6.232691796586554284e-02
1.595705800128773966e+01 5.878108221408409606e-02
1.620829297830731619e+01 5.620400871060975134e-02
1.645966591028190962e+01 5.484422162042979637e-02
1.671125708846596325e+01 5.216678634167540990e-02
1.696160259490052624e+01 5.010998710623872782e-02
1.721370276108077135e+01 4.825687632644434788e-02
1.746543424102250341e+01 4.668100035377099194e-02
1.771598473288305442e+01 4.509165411501935006e-02
1.796653767411944003e+01 4.307817428486918065e-02
1.821765658501893270e+01 4.138955265129867084e-02
1.847053788120423334e+01 3.996024706116880348e-02
1.872257696809484173e+01 3.848353425459215965e-02
1.897394097105746269e+01 3.717428004402915237e-02
1.922542454726159988e+01 3.600380820022906075e-02
1.947607703355479103e+01 3.461373078907050566e-02
1.972678839839982601e+01 3.350464201514992413e-02
1.997802698857814363e+01 3.229499233544497194e-02
2.022863620534168660e+01 3.126766102238730943e-02
2.047969598507238231e+01 3.050920280052049974e-02
2.073250439107362553e+01 2.964696002409282147e-02
2.098435855211640089e+01 2.839613017407414258e-02
2.123502923393334640e+01 2.743257147639990845e-02
2.148629411178690773e+01 2.664333975406766100e-02
2.173831825513516591e+01 2.565763235189312888e-02
2.198972260956887226e+01 2.491847570987588273e-02
2.223974971000711420e+01 2.444092828777769122e-02
2.249141870643862973e+01 2.365584590815605556e-02
2.274404614890906373e+01 2.286120579576946324e-02
2.299521835768831579e+01 2.221566752818167692e-02
2.324620084136223852e+01 2.152094188063266925e-02
2.349757798664387209e+01 2.111521564776190282e-02
2.374870488118759937e+01 2.032598331015422408e-02
2.399988781917473091e+01 1.997547738810898782e-02
2.425071646049711305e+01 1.921078824431674340e-02
2.450187830577813841e+01 1.883545665989556916e-02
2.475391093216606109e+01 1.843998923960547473e-02
2.500524226975159792e+01 1.773170093389447172e-02
2.525610980153284402e+01 1.740756672532572241e-02
2.550801425092822328e+01 1.692539210892389512e-02
2.575943113325822864e+01 1.646768953125247667e-02
2.601074166866445125e+01 1.589833503436532958e-02
2.626234447079615464e+01 1.568439507775185732e-02
2.651347712943701751e+01 1.504752681010441961e-02
2.676474177984877656e+01 1.475052453641642614e-02
2.701628079430242479e+01 1.452627377784478091e-02
2.726734205837282232e+01 1.396871183719296076e-02
2.751837013544679422e+01 1.373641088165939057e-02
2.776937726815812724e+01 1.347659027078942744e-02
2.802070160973895341e+01 1.304626756836687641e-02
2.827249982643487058e+01 1.283346442581096390e-02
2.852407603869968966e+01 1.238472694441952564e-02
2.877567300468570721e+01 1.220001588212905538e-02
2.902733523039245256e+01 1.187881739855456073e-02
2.927861073083739996e+01 1.161714948593938618e-02
2.953003196193969160e+01 1.132436540309594841e-02
2.978106336846375157e+01 1.108020848084471412e-02
3.003148440777084716e+01 1.083455485070244223e-02
3.028303386126418673e+01 1.064576044320561347e-02
3.053456493440382857e+01 1.043112594714917969e-02
3.078585183944906944e+01 1.011703808946172109e-02
3.103757946070165730e+01 9.908378400851274720e-03
3.128931656795834826e+01 9.703099249593670136e-03
3.154125974608096428e+01 9.498633373584123088e-03
3.179158626791808828e+01 9.332177157649763563e-03
3.204196438636942190e+01 9.080265191475415942e-03
3.229344668057169798e+01 8.886957541808751526e-03
3.254489998018084407e+01 8.717132913550373202e-03
3.279660140319880668e+01 8.583168572859381854e-03
3.304772754686901237e+01 8.336059630035709198e-03
3.329949953441923327e+01 8.239630873214861054e-03
3.355173249539067371e+01 8.009151505203046875e-03
3.380235474142784824e+01 7.840649507005971811e-03
3.405292218889088218e+01 7.728535490845671319e-03
3.430455901572810262e+01 7.581312045956892579e-03
3.455605119154291316e+01 7.459454742974311325e-03
3.480708698418615654e+01 7.272709900329158046e-03
3.505823042281740243e+01 7.091356650465311870e-03
3.530983122122644602e+01 6.973311058080307323e-03
3.556111974160763367e+01 6.833046137986852585e-03
3.581195885960364933e+01 6.753663690243770154e-03
3.606348577968052638e+01 6.612971530806308236e-03
3.631495136683125935e+01 6.449954965377643207e-03
3.656646781331610185e+01 6.345212973076392281e-03
3.681800948534306173e+01 6.292238934644923433e-03
3.706942350460822411e+01 6.133972028303466897e-03
3.732119977997001570e+01 5.993735044831282818e-03
3.757249197135423202e+01 5.900487894520284500e-03
3.782324055213251057e+01 5.794441029378737291e-03
3.807430609684078604e+01 5.678093462021454457e-03
3.832526519371521090e+01 5.570523232259524948e-03
3.857704530181875668e+01 5.527655179400749706e-03
3.882896255048217427e+01 5.407023494778868435e-03
3.907976684424035341e+01 5.308836338994584077e-03
3.933085588900704010e+01 5.216258406450728635e-03
3.958184533965361140e+01 5.143229533561099846e-03
3.983320492881626507e+01 5.021345709645586193e-03
4.008506787586624398e+01 4.989362120270216319e-03
4.033569471078550350e+01 4.887146976531089697e-03
4.058701345074587863e+01 4.790582276167327548e-03
4.083916815834436420e+01 4.705578032770395963e-03
4.108978611092747713e+01 4.638791438153870572e-03
4.134119394692694271e+01 4.557629048913090265e-03
4.159372926482761557e+01 4.508532614834059524e-03
4.184480996230068683e+01 4.395705488556494490e-03
4.209495048714620680e+01 4.323139040239662445e-03
4.234568601474854432e+01 4.268622234156456939e-03
4.259794184898333214e+01 4.212068607951673614e-03
4.284922176444433717e+01 4.154190154800560704e-03
4.309982534096671003e+01 4.031030369065621496e-03
4.335153475414617930e+01 3.962791085715849579e-03
4.360374984514007224e+01 3.948684528506441783e-03
4.385432838732079830e+01 3.900016728316938949e-03
4.410529766549178277e+01 3.826488567709788752e-03
4.435675536456894008e+01 3.732687422917337159e-03
4.460756668584335927e+01 3.716167788477196116e-03
4.485812369927145937e+01 3.614704286090140561e-03
4.510933196139897206e+01 3.591132507922973564e-03
4.536097672816924131e+01 3.564061895731650623e-03
4.561261869099184452e+01 3.498074326121746250e-03
4.586346064304911607e+01 3.434619483087218532e-03
4.611435299895526185e+01 3.373094843920356432e-03
4.636610302009028572e+01 3.327663040018165232e-03
4.661726081402038346e+01 3.295679902169201033e-03
4.686748045926628237e+01 3.213666327559694218e-03
4.712001000143001761e+01 3.193328838523016699e-03
4.737334269293729960e+01 3.121213613043793533e-03
4.762357272554871912e+01 3.127076615207665528e-03
4.787295862859781437e+01 3.028016849128002414e-03
4.812686710231834297e+01 3.018393312842421530e-03
4.837988354528783930e+01 2.986599544004662436e-03
4.862698975964909209e+01 2.939335713309949253e-03
4.887931961662670233e+01 2.864837857862361729e-03
4.913512531690142282e+01 2.897698588141268961e-03
4.938486646957150583e+01 2.853806592527523972e-03
4.963073103205424985e+01 2.763904508565183642e-03
4.988316058859187763e+01 2.753909104981850601e-03
5.013927392651110893e+01 2.714406199598339963e-03
5.038898445289544270e+01 2.658287073576767138e-03
5.063791314200675941e+01 2.625557730165249595e-03
5.089234515763529032e+01 2.605509208110313481e-03
5.114529266359630810e+01 2.576881471112162352e-03
5.138952878242714206e+01 2.434861851794032413e-03
5.163945178601188246e+01 2.535388352215441239e-03
5.190206698624180603e+01 2.488885202329478834e-03
5.215590084722179398e+01 2.349703363299190505e-03
5.238680673191466042e+01 2.424326102826209871e-03
5.263532591009818873e+01 2.352794406733411774e-03
5.290823119436031874e+01 2.359194586191896460e-03
5.316882575050344428e+01 2.198845523567451166e-03
5.338513341050097694e+01 2.239741655745267936e-03
5.363212510227822349e+01 2.124766048831036157e-03
5.391615723351310407e+01 2.268859928344535166e-03
5.419187693011466678e+01 2.007083766068261561e-03
5.439722241285236493e+01 2.081438591162818475e-03
5.462806064877949552e+01 2.107850654794523378e-03
5.491241494336609463e+01 2.193668470512804679e-03
5.519421446932921782e+01 2.039507683165291997e-03
5.543046826972861396e+01 1.443916107528944899e-03
5.561137265256709128e+01 3.693949980709102226e-03
