3.559856489878782115e-01 6.053540266060008435e+02
6.031648866026231293e-01 1.938586155889379938e+02
8.579160745827347778e-01 8.408797544446711925e+01
1.113464310595710716e+00 4.566333884346457239e+01
1.374039914321364408e+00 3.116175345743903335e+01
1.619154704570298309e+00 1.932434498893359986e+01
1.870686673430271840e+00 1.398742994968130837e+01
2.123290040706380832e+00 1.135748735052298208e+01
2.378144976376236119e+00 7.469230969798552167e+00
2.630489925835516996e+00 6.106881568973911101e+00
2.878653162679494670e+00 4.947663937699915415e+00
3.131144366275339319e+00 3.792112346055882099e+00
3.388159578333816313e+00 3.287976577419623236e+00
3.638741848210948149e+00 2.830014350373044163e+00
3.888315910732085268e+00 2.405839502629386839e+00
4.139052155837465996e+00 2.001126997798561735e+00
4.390305777018236988e+00 1.718806032362242497e+00
4.642172339120373081e+00 1.441941559673564743e+00
4.894678666149941293e+00 1.257433681784704715e+00
5.147269052361176378e+00 1.132067980262725371e+00
5.398003206656323272e+00 9.814014488883811005e-01
5.647798235368590269e+00 8.995196283020749917e-01
5.900534302989873581e+00 7.999463443760305159e-01
6.151460297009074374e+00 7.222345269285208591e-01
6.402630176204441526e+00 6.491505932078457386e-01
6.655964674748322096e+00 5.925585974023103164e-01
6.908782583105771202e+00 5.189120730419816141e-01
7.159060853508338873e+00 4.890370886617131374e-01
7.409414762591408632e+00 4.458323670660138682e-01
7.659227149364629561e+00 4.025701660743537524e-01
7.911559474606142395e+00 3.699118352362803508e-01
8.163750941790897997e+00 3.420311976077372584e-01
8.415757210439384295e+00 3.128549997504018743e-01
8.667638839289207198e+00 2.980260513608691264e-01
8.918801124864609520e+00 2.727272972202898216e-01
9.170480108345369530e+00 2.531107559723554945e-01
9.420566033467249412e+00 2.383568975071405915e-01
9.671642335271435797e+00 2.216008629765560400e-01
9.923426157758477473e+00 2.087395550498760965e-01
1.017396902749181820e+01 1.917742746205607085e-01
1.042533700753922155e+01 1.804016817729273969e-01
1.067702948358784276e+01 1.690697840180443168e-01
1.092969337256462303e+01 1.574752551082605478e-01
1.118211872033766419e+01 1.501993174526976560e-01
1.143346516925797296e+01 1.428813779016173124e-01
1.168350508557724687e+01 1.369223192147910884e-01
1.193379937775929100e+01 1.271943521476139038e-01
1.218553055762879112e+01 1.210596775344501552e-01
1.243711650801278878e+01 1.144877609248926842e-01
1.268867268647359303e+01 1.087155615392133706e-01
1.294075027177769144e+01 1.016261258565966663e-01
1.319267287020158363e+01 9.752524488566124972e-02
1.344470571782862756e+01 9.321989092750140871e-02
1.369480150283709641e+01 8.763623789844922352e-02
1.394591277066507828e+01 8.457444754107992790e-02
1.419764645764527167e+01 8.111891395505410607e-02
1.444766774168416212e+01 7.724916035885318055e-02
1.469906835825429070e+01 7.303832374616670009e-02
1.495059118111036511e+01 7.006140823877704538e-02
1.520261612590052991e+01 6.707441226922805644e-02
1.545415944503929495e+01 6.428867310846268779e-02
1.570456072545780124e+01 6.170820050416556124e-02
1.595705800128773966e+01 5.890626534683520571e-02
1.620829297830731619e+01 5.657512143291879708e-02
1.645966591028190962e+01 5.395962824381995981e-02
1.671125708846596325e+01 5.188234558270522073e-02
1.696160259490052624e+01 5.056149641444306064e-02
1.721370276108077135e+01 4.811355652397672489e-02
1.746543424102250341e+01 4.660931574112060771e-02
1.771598473288305442e+01 4.461044036964551679e-02
1.796653767411944003e+01 4.317087640673158283e-02
1.821765658501893270e+01 4.177600898740627816e-02
1.847053788120423334e+01 3.991944704842818881e-02
1.872257696809484173e+01 3.855567862324427858e-02
1.897394097105746269e+01 3.723176064330291357e-02
1.922542454726159988e+01 3.567014681086418809e-02
1.947607703355479103e+01 3.459799169983748812e-02
1.972678839839982601e+01 3.331071544363638920e-02
1.997802698857814363e+01 3.246848459051970837e-02
2.022863620534168660e+01 3.142212576461100165e-02
2.047969598507238231e+01 3.028300253643752618e-02
2.073250439107362553e+01 2.918618952260754879e-02
2.098435855211640089e+01 2.824980648827166152e-02
2.123502923393334640e+01 2.790633467661937650e-02
2.148629411178690773e+01 2.671590722917497815e-02
2.173831825513516591e+01 2.594181071935085930e-02
2.198972260956887226e+01 2.515857937178550205e-02
2.223974971000711420e+01 2.435747107517230101e-02
2.249141870643862973e+01 2.366105461719505976e-02
2.274404614890906373e+01 2.284860881741751157e-02
2.299521835768831579e+01 2.231815919349679211e-02
2.324620084136223852e+01 2.158909613385234447e-02
2.349757798664387209e+01 2.104513113734964025e-02
2.374870488118759937e+01 2.035954863062863426e-02
2.399988781917473091e+01 1.989895370477491252e-02
2.425071646049711305e+01 1.926494470540810258e-02
2.450187830577813841e+01 1.866851037139663841e-02
2.475391093216606109e+01 1.836932538865516593e-02
2.500524226975159792e+01 1.774236872923092706e-02
2.525610980153284402e+01 1.731687061149682696e-02
2.550801425092822328e+01 1.671585771823629052e-02
2.575943113325822864e+01 1.646226162384460678e-02
2.601074166866445125e+01 1.609286807536540465e-02
2.626234447079615464e+01 1.562245120637615996e-02
2.651347712943701751e+01 1.517220508558446077e-02
2.676474177984877656e+01 1.478963095814166129e-02
2.701628079430242479e+01 1.444922235946974852e-02
2.726734205837282232e+01 1.407679064846044034e-02
2.751837013544679422e+01 1.372829507241166494e-02
2.776937726815812724e+01 1.339439100965443899e-02
2.802070160973895341e+01 1.313928234201448136e-02
2.827249982643487058e+01 1.277707775458290264e-02
2.852407603869968966e+01 1.246823408718411227e-02
2.877567300468570721e+01 1.210923217587834069e-02
2.902733523039245256e+01 1.187921932110551880e-02
2.927861073083739996e+01 1.161278204244340154e-02
2.953003196193969160e+01 1.143523240078805556e-02
2.978106336846375157e+01 1.112473239539791756e-02
3.003148440777084716e+01 1.083516174922089480e-02
3.028303386126418673e+01 1.056832711174300783e-02
3.053456493440382857e+01 1.032411019490902734e-02
3.078585183944906944e+01 1.013823584626265435e-02
3.103757946070165730e+01 9.961904933419854155e-03
3.128931656795834826e+01 9.772914008641544678e-03
3.154125974608096428e+01 9.476261622005141549e-03
3.179158626791808828e+01 9.310795826331343811e-03
3.204196438636942190e+01 9.102027601969132908e-03
3.229344668057169798e+01 8.944838491623526705e-03
3.254489998018084407e+01 8.763437808127541237e-03
3.279660140319880668e+01 8.554393185017088869e-03
3.304772754686901237e+01 8.387833737350112312e-03
3.329949953441923327e+01 8.196695619937086411e-03
3.355173249539067371e+01 8.010343888793326761e-03
3.380235474142784824e+01 7.878453202671352462e-03
3.405292218889088218e+01 7.722520117737850798e-03
3.430455901572810262e+01 7.596042317349065327e-03
3.455605119154291316e+01 7.392523267005163441e-03
3.480708698418615654e+01 7.258696299407340312e-03
3.505823042281740243e+01 7.129108892608564639e-03
3.530983122122644602e+01 6.972288110246457025e-03
3.556111974160763367e+01 6.857526331731761925e-03
3.581195885960364933e+01 6.738192218670027885e-03
3.606348577968052638e+01 6.649011998104826029e-03
3.631495136683125935e+01 6.468760619292454606e-03
3.656646781331610185e+01 6.414420763843899261e-03
3.681800948534306173e+01 6.232959054269055985e-03
3.706942350460822411e+01 6.087761012736590122e-03
3.732119977997001570e+01 5.967625773826782005e-03
3.757249197135423202e+01 5.893695614657743116e-03
3.782324055213251057e+01 5.813026075726058020e-03
3.807430609684078604e+01 5.722716783428218219e-03
3.832526519371521090e+01 5.621174366747078502e-03
3.857704530181875668e+01 5.516459049232861310e-03
3.882896255048217427e+01 5.405240715211451219e-03
3.907976684424035341e+01 5.301228549137286701e-03
3.933085588900704010e+01 5.213864663713867198e-03
3.958184533965361140e+01 5.108313095150463640e-03
3.983320492881626507e+01 5.018894030773619203e-03
4.008506787586624398e+01 4.949582638016743717e-03
4.033569471078550350e+01 4.872071631281219527e-03
4.058701345074587863e+01 4.809013423918615492e-03
4.083916815834436420e+01 4.719578123727086183e-03
4.108978611092747713e+01 4.583418822206964532e-03
4.134119394692694271e+01 4.546156342407916238e-03
4.159372926482761557e+01 4.473062164173813304e-03
4.184480996230068683e+01 4.434322813255901947e-03
4.209495048714620680e+01 4.321484453383274936e-03
4.234568601474854432e+01 4.284012310014718126e-03
4.259794184898333214e+01 4.213961921801838428e-03
4.284922176444433717e+01 4.132862787965077903e-03
4.309982534096671003e+01 4.101277283898844932e-03
4.335153475414617930e+01 4.038339523301763198e-03
4.360374984514007224e+01 3.935276598161556449e-03
4.385432838732079830e+01 3.879326310972991063e-03
4.410529766549178277e+01 3.812652146555391662e-03
4.435675536456894008e+01 3.780363805562424618e-03
4.460756668584335927e+01 3.657785296758403644e-03
4.485812369927145937e+01 3.591298034713968391e-03
4.510933196139897206e+01 3.607479327399891727e-03
4.536097672816924131e+01 3.543434163397089082e-03
4.561261869099184452e+01 3.503428099854177715e-03
4.586346064304911607e+01 3.419573660584299905e-03
4.611435299895526185e+01 3.385792047189468360e-03
4.636610302009028572e+01 3.330137512198423806e-03
4.661726081402038346e+01 3.271583981384211526e-03
4.686748045926628237e+01 3.242470183675856543e-03
4.712001000143001761e+01 3.161575919987062895e-03
4.737334269293729960e+01 3.150263749853057186e-03
4.762357272554871912e+01 3.087904079629533258e-03
4.787295862859781437e+01 3.006534508446782449e-03
4.812686710231834297e+01 2.977378253939553122e-03
4.837988354528783930e+01 2.972044616457461107e-03
4.862698975964909209e+01 2.896102385562820611e-03
4.887931961662670233e+01 2.869969452652295847e-03
4.913512531690142282e+01 2.809750202283893810e-03
4.938486646957150583e+01 2.831096909191518907e-03
4.963073103205424985e+01 2.761065995101446170e-03
4.988316058859187763e+01 2.632575784202173964e-03
5.013927392651110893e+01 2.659195948896991846e-03
5.038898445289544270e+01 2.711668479595612333e-03
5.063791314200675941e+01 2.621034230489993795e-03
5.089234515763529032e+01 2.558824963662205063e-03
5.114529266359630810e+01 2.497378277622952589e-03
5.138952878242714206e+01 2.528159118176958112e-03
5.163945178601188246e+01 2.463841190870071519e-03
5.190206698624180603e+01 2.571829928532568844e-03
5.215590084722179398e+01 2.401717875718875281e-03
5.238680673191466042e+01 2.331335090919456343e-03
5.263532591009818873e+01 2.391041875613464113e-03
5.290823119436031874e+01 2.274928222657781381e-03
5.316882575050344428e+01 2.331652521620159423e-03
5.338513341050097694e+01 2.258005465783832939e-03
5.363212510227822349e+01 2.177014607975801333e-03
5.391615723351310407e+01 2.297769210937951421e-03
5.419187693011466678e+01 2.159043022964738431e-03
5.439722241285236493e+01 2.296015625341731297e-03
5.462806064877949552e+01 2.149054720160515925e-03
5.491241494336609463e+01 2.292074681324979789e-03
5.519421446932921782e+01 2.971747372216043421e-03
5.543046826972861396e+01 3.008566031071404842e-03
5.561137265256709128e+01 3.757098412000750304e-03
