3.559856489878782115e-01 6.403925781623415787e+02
6.031648866026231293e-01 1.760592530125116468e+02
8.579160745827347778e-01 1.146658502579063565e+02
1.113464310595710716e+00 4.457226277143386284e+01
1.374039914321364408e+00 3.248666495181122116e+01
1.619154704570298309e+00 1.971983178003713633e+01
1.870686673430271840e+00 1.213780888212237130e+01
2.123290040706380832e+00 9.887035991323935846e+00
2.378144976376236119e+00 8.004054769913366840e+00
2.630489925835516996e+00 5.613150835960326823e+00
2.878653162679494670e+00 5.204879820563928838e+00
3.131144366275339319e+00 3.894213614540148249e+00
3.388159578333816313e+00 3.311138396836063702e+00
3.638741848210948149e+00 2.684088240034582462e+00
3.888315910732085268e+00 2.295167301647703884e+00
4.139052155837465996e+00 1.969573974199625654e+00
4.390305777018236988e+00 1.742286119467428840e+00
4.642172339120373081e+00 1.466597173840854307e+00
4.894678666149941293e+00 1.282588728864533456e+00
5.147269052361176378e+00 1.131020704707768054e+00
5.398003206656323272e+00 1.031208075595261064e+00
5.647798235368590269e+00 9.144373161011387641e-01
5.900534302989873581e+00 8.229034145894674745e-01
6.151460297009074374e+00 7.301140901425656748e-01
6.402630176204441526e+00 6.576179918885693976e-01
6.655964674748322096e+00 5.829480693165640659e-01
6.908782583105771202e+00 5.321703674507933801e-01
7.159060853508338873e+00 4.805885300153275863e-01
7.409414762591408632e+00 4.394645116450835998e-01
7.659227149364629561e+00 4.092748446162801645e-01
7.911559474606142395e+00 3.754227467291440523e-01
8.163750941790897997e+00 3.433234921650586413e-01
8.415757210439384295e+00 3.169892220100000713e-01
8.667638839289207198e+00 2.962985811661885127e-01
8.918801124864609520e+00 2.720426258553587107e-01
9.170480108345369530e+00 2.566571270861749410e-01
9.420566033467249412e+00 2.388652282333744437e-01
9.671642335271435797e+00 2.202718993778275403e-01
9.923426157758477473e+00 2.089521529619657869e-01
1.017396902749181820e+01 1.943590562325401283e-01
1.042533700753922155e+01 1.808561063850538109e-01
1.067702948358784276e+01 1.714408301843174665e-01
1.092969337256462303e+01 1.621048557156444803e-01
1.118211872033766419e+01 1.498816275918401220e-01
1.143346516925797296e+01 1.426209340722171537e-01
1.168350508557724687e+01 1.355549523505654719e-01
1.193379937775929100e+01 1.256023322192723612e-01
1.218553055762879112e+01 1.204992470072084876e-01
1.243711650801278878e+01 1.147887195744486111e-01
1.268867268647359303e+01 1.077165812489382923e-01
1.294075027177769144e+01 1.025962854086144432e-01
1.319267287020158363e+01 9.785183035941368013e-02
1.344470571782862756e+01 9.359219315318270671e-02
1.369480150283709641e+01 8.785543064466611041e-02
1.394591277066507828e+01 8.356792044629730853e-02
1.419764645764527167e+01 7.942326117287135112e-02
1.444766774168416212e+01 7.822011983298821081e-02
1.469906835825429070e+01 7.367825146456750962e-02
1.495059118111036511e+01 7.006111576268506114e-02
1.520261612590052991e+01 6.781897265860466206e-02
1.545415944503929495e+01 6.444080294992179936e-02
1.570456072545780124e+01 6.178025417174014960e-02
1.595705800128773966e+01 5.862853175764597830e-02
1.620829297830731619e+01 5.690942524686527781e-02
1.645966591028190962e+01 5.497976969499424743e-02
1.671125708846596325e+01 5.204381031558448500e-02
1.696160259490052624e+01 4.994102236793597493e-02
1.721370276108077135e+01 4.846839101614960899e-02
1.746543424102250341e+01 4.652158696416980321e-02
1.771598473288305442e+01 4.481924669741796374e-02
1.796653767411944003e+01 4.302301863444478458e-02
1.821765658501893270e+01 4.138443313720577277e-02
1.847053788120423334e+01 4.043806065929555354e-02
1.872257696809484173e+01 3.847037144694683691e-02
1.897394097105746269e+01 3.729036038354545390e-02
1.922542454726159988e+01 3.553207035972576894e-02
1.947607703355479103e+01 3.471198927929582817e-02
1.972678839839982601e+01 3.362066900853543511e-02
1.997802698857814363e+01 3.235468361046128088e-02
2.022863620534168660e+01 3.130075402153906228e-02
2.047969598507238231e+01 3.002988739370576407e-02
2.073250439107362553e+01 2.934184259078868179e-02
2.098435855211640089e+01 2.846297326063589039e-02
2.123502923393334640e+01 2.756090040326205151e-02
2.148629411178690773e+01 2.680403844617691711e-02
2.173831825513516591e+01 2.576936212789178449e-02
2.198972260956887226e+01 2.510712492678420296e-02
2.223974971000711420e+01 2.435243286648974131e-02
2.249141870643862973e+01 2.386351565225507121e-02
2.274404614890906373e+01 2.299044560504067206e-02
2.299521835768831579e+01 2.220145215290734650e-02
2.324620084136223852e+01 2.156649000589465695e-02
2.349757798664387209e+01 2.108558499387701984e-02
2.374870488118759937e+01 2.040073028682962836e-02
2.399988781917473091e+01 1.993609023551759854e-02
2.425071646049711305e+01 1.923270950498423906e-02
2.450187830577813841e+01 1.879995630658218286e-02
2.475391093216606109e+01 1.812569355375482499e-02
2.500524226975159792e+01 1.771235540981764417e-02
2.525610980153284402e+01 1.728417631703923346e-02
2.550801425092822328e+01 1.688142457388951134e-02
2.575943113325822864e+01 1.635980909401855629e-02
2.601074166866445125e+01 1.593924921544738124e-02
2.626234447079615464e+01 1.544456505851139229e-02
2.651347712943701751e+01 1.513975650684230498e-02
2.676474177984877656e+01 1.480205364989384091e-02
2.701628079430242479e+01 1.449053148669714706e-02
2.726734205837282232e+01 1.416932878385598372e-02
2.751837013544679422e+01 1.363141093499751176e-02
2.776937726815812724e+01 1.338839168960992421e-02
2.802070160973895341e+01 1.307988537292792755e-02
2.827249982643487058e+01 1.275109990786658931e-02
2.852407603869968966e+01 1.251514679318611878e-02
2.877567300468570721e+01 1.214886259992679213e-02
2.902733523039245256e+01 1.183279288758797530e-02
2.927861073083739996e+01 1.162171325424533365e-02
2.953003196193969160e+01 1.133978543431223354e-02
2.978106336846375157e+01 1.114093899305740841e-02
3.003148440777084716e+01 1.084004086392630073e-02
3.028303386126418673e+01 1.064595813507027491e-02
3.053456493440382857e+01 1.033972206489413952e-02
3.078585183944906944e+01 1.013007707630132065e-02
3.103757946070165730e+01 9.868634315904213639e-03
3.128931656795834826e+01 9.705502479000678931e-03
3.154125974608096428e+01 9.523859270873074809e-03
3.179158626791808828e+01 9.295766864748479866e-03
3.204196438636942190e+01 9.138599211131394340e-03
3.229344668057169798e+01 8.861174128320983487e-03
3.254489998018084407e+01 8.730294117881573848e-03
3.279660140319880668e+01 8.534981242997627740e-03
3.304772754686901237e+01 8.402224658619056666e-03
3.329949953441923327e+01 8.214182467236609206e-03
3.355173249539067371e+01 7.978786459474957946e-03
3.380235474142784824e+01 7.868713570040021532e-03
3.405292218889088218e+01 7.678382328512186293e-03
3.430455901572810262e+01 7.499997737928267537e-03
3.455605119154291316e+01 7.410317437827396332e-03
3.480708698418615654e+01 7.307261547132870919e-03
3.505823042281740243e+01 7.132219381652908467e-03
3.530983122122644602e+01 7.009491145298445657e-03
3.556111974160763367e+01 6.902094319104306458e-03
3.581195885960364933e+01 6.732715784989292546e-03
3.606348577968052638e+01 6.607044672076747838e-03
3.631495136683125935e+01 6.491930245712310664e-03
3.656646781331610185e+01 6.365905865063496358e-03
3.681800948534306173e+01 6.228186183433259172e-03
3.706942350460822411e+01 6.134853159784421812e-03
3.732119977997001570e+01 6.016525828595201998e-03
3.757249197135423202e+01 5.912751938996206255e-03
3.782324055213251057e+01 5.814876102825026344e-03
3.807430609684078604e+01 5.697236665394968778e-03
3.832526519371521090e+01 5.607451562951637838e-03
3.857704530181875668e+01 5.535635033542271079e-03
3.882896255048217427e+01 5.415220859646357673e-03
3.907976684424035341e+01 5.312480819243695085e-03
3.933085588900704010e+01 5.223603947468987221e-03
3.958184533965361140e+01 5.102610392384366797e-03
3.983320492881626507e+01 5.064898158508579495e-03
4.008506787586624398e+01 4.967661969013499601e-03
4.033569471078550350e+01 4.841537126405877009e-03
4.058701345074587863e+01 4.802044253768743970e-03
4.083916815834436420e+01 4.703663247120950727e-03
4.108978611092747713e+01 4.649159135268875892e-03
4.134119394692694271e+01 4.561762930246912075e-03
4.159372926482761557e+01 4.455531517322783991e-03
4.184480996230068683e+01 4.424347230124355684e-03
4.209495048714620680e+01 4.328959405554221561e-03
4.234568601474854432e+01 4.278941170264095005e-03
4.259794184898333214e+01 4.200687352097314670e-03
4.284922176444433717e+01 4.118744643543392758e-03
4.309982534096671003e+01 4.084216958858495096e-03
4.335153475414617930e+01 3.996409279168494991e-03
4.360374984514007224e+01 3.964441552697733039e-03
4.385432838732079830e+01 3.877133079469101927e-03
4.410529766549178277e+01 3.814030960370772862e-03
4.435675536456894008e+01 3.772236199183441867e-03
4.460756668584335927e+01 3.725113638360029282e-03
4.485812369927145937e+01 3.653857642294856996e-03
4.510933196139897206e+01 3.585514833370999962e-03
4.536097672816924131e+01 3.573196510079054353e-03
4.561261869099184452e+01 3.461664982070465028e-03
4.586346064304911607e+01 3.406053507075063394e-03
4.611435299895526185e+01 3.390563236044875136e-03
4.636610302009028572e+01 3.351566440086993157e-03
4.661726081402038346e+01 3.270211100070038058e-03
4.686748045926628237e+01 3.223333683517036474e-03
4.712001000143001761e+01 3.229652557785200797e-03
4.737334269293729960e+01 3.140149818007043243e-03
4.762357272554871912e+01 3.089452142841650310e-03
4.787295862859781437e+01 3.063065349074294008e-03
4.812686710231834297e+01 3.042208629901874822e-03
4.837988354528783930e+01 3.005260283838291028e-03
4.862698975964909209e+01 2.966861142029904221e-03
4.887931961662670233e+01 2.850933407503967575e-03
4.913512531690142282e+01 2.854014817128176958e-03
4.938486646957150583e+01 2.832804504622123132e-03
4.963073103205424985e+01 2.753530721250633997e-03
4.988316058859187763e+01 2.697369273457837779e-03
5.013927392651110893e+01 2.661750515305809361e-03
5.038898445289544270e+01 2.656380375770399892e-03
5.063791314200675941e+01 2.635479234969837891e-03
5.089234515763529032e+01 2.551236799341554881e-03
5.114529266359630810e+01 2.574577987493533327e-03
5.138952878242714206e+01 2.539937609845660874e-03
5.163945178601188246e+01 2.390026470887863814e-03
5.190206698624180603e+01 2.437810629525628998e-03
5.215590084722179398e+01 2.481710447734680313e-03
5.238680673191466042e+01 2.371507164042036594e-03
5.263532591009818873e+01 2.431485994266820508e-03
5.290823119436031874e+01 2.413868676643934029e-03
5.316882575050344428e+01 2.304041923138364957e-03
5.338513341050097694e+01 2.190850957256928501e-03
5.363212510227822349e+01 2.111048743066312825e-03
5.391615723351310407e+01 2.173564048443887581e-03
5.419187693011466678e+01 2.111568168795448404e-03
5.439722241285236493e+01 2.197796993746113300e-03
5.462806064877949552e+01 2.115557956700365311e-03
5.491241494336609463e+01 1.802425000149886257e-03
5.519421446932921782e+01 2.335124449028066086e-03
5.543046826972861396e+01 2.061957735047508650e-03
5.561137265256709128e+01 2.048435146612756583e-03
