3.559856489878782115e-01 2.785333966494819720e+02
6.031648866026231293e-01 1.744350558208688255e+02
8.579160745827347778e-01 7.405387891246614629e+01
1.113464310595710716e+00 4.522297977067989905e+01
1.374039914321364408e+00 3.192547272321472107e+01
1.619154704570298309e+00 1.925063949732575708e+01
1.870686673430271840e+00 1.496900958387911729e+01
2.123290040706380832e+00 1.071573223540756103e+01
2.378144976376236119e+00 8.017067873284265289e+00
2.630489925835516996e+00 6.426920521868571434e+00
2.878653162679494670e+00 4.864858772502970830e+00
3.131144366275339319e+00 4.047273951934752034e+00
3.388159578333816313e+00 3.276758799882171669e+00
3.638741848210948149e+00 2.789346188782163782e+00
3.888315910732085268e+00 2.218376101735358041e+00
4.139052155837465996e+00 1.995761346370142686e+00
4.390305777018236988e+00 1.673901118750753758e+00
4.642172339120373081e+00 1.439991610264370836e+00
4.894678666149941293e+00 1.299080854987432199e+00
5.147269052361176378e+00 1.167277913556329150e+00
5.398003206656323272e+00 1.022808018970804866e+00
5.647798235368590269e+00 8.984949027426831769e-01
5.900534302989873581e+00 8.018189296004996081e-01
6.151460297009074374e+00 7.156612521946902339e-01
6.402630176204441526e+00 6.517768785114699259e-01
6.655964674748322096e+00 5.882140758288549875e-01
6.908782583105771202e+00 5.326561284526573070e-01
7.159060853508338873e+00 4.746612445553776150e-01
7.409414762591408632e+00 4.443102593088817942e-01
7.659227149364629561e+00 4.070147793219379140e-01
7.911559474606142395e+00 3.747202714780035748e-01
8.163750941790897997e+00 3.519976058053916890e-01
8.415757210439384295e+00 3.182433939607769990e-01
8.667638839289207198e+00 2.893391658045598724e-01
8.918801124864609520e+00 2.787202458547439754e-01
9.170480108345369530e+00 2.549605596929435114e-01
9.420566033467249412e+00 2.391264785083077882e-01
9.671642335271435797e+00 2.210422687604952641e-01
9.923426157758477473e+00 2.055328588012199920e-01
1.017396902749181820e+01 1.911362635452226177e-01
1.042533700753922155e+01 1.811667800642516868e-01
1.067702948358784276e+01 1.700138229509044197e-01
1.092969337256462303e+01 1.606311251007739027e-01
1.118211872033766419e+01 1.511066651147952300e-01
1.143346516925797296e+01 1.423043123225461726e-01
1.168350508557724687e+01 1.354434948189423837e-01
1.193379937775929100e+01 1.268087885031608242e-01
1.218553055762879112e+01 1.212315565662021727e-01
1.243711650801278878e+01 1.135195129353597093e-01
1.268867268647359303e+01 1.095339204469101269e-01
1.294075027177769144e+01 1.023895733357026716e-01
1.319267287020158363e+01 9.789950152653688342e-02
1.344470571782862756e+01 9.229427414756663506e-02
1.369480150283709641e+01 8.838626836519372643e-02
1.394591277066507828e+01 8.355993462397859339e-02
1.419764645764527167e+01 8.032479189302303701e-02
1.444766774168416212e+01 7.670475975677529257e-02
1.469906835825429070e+01 7.319820653113587317e-02
1.495059118111036511e+01 6.968575722261298455e-02
1.520261612590052991e+01 6.755994580222872414e-02
1.545415944503929495e+01 6.406725945997807092e-02
1.570456072545780124e+01 6.104579461396019563e-02
1.595705800128773966e+01 5.867333897983551677e-02
1.620829297830731619e+01 5.651130220731241660e-02
1.645966591028190962e+01 5.399655718005910710e-02
1.671125708846596325e+01 5.241859476614459112e-02
1.696160259490052624e+01 5.025496429338292131e-02
1.721370276108077135e+01 4.814645937785046875e-02
1.746543424102250341e+01 4.625046054733323447e-02
1.771598473288305442e+01 4.424341940714806437e-02
1.796653767411944003e+01 4.308248092658406581e-02
1.821765658501893270e+01 4.201442259831890402e-02
1.847053788120423334e+01 4.005186040786845592e-02
1.872257696809484173e+01 3.823145853271450040e-02
1.897394097105746269e+01 3.715417046934403611e-02
1.922542454726159988e+01 3.611912262963643677e-02
1.947607703355479103e+01 3.452543075389151450e-02
1.972678839839982601e+01 3.363082591284095174e-02
1.997802698857814363e+01 3.226316510186504755e-02
2.022863620534168660e+01 3.136130076151092544e-02
2.047969598507238231e+01 3.026872583025018784e-02
2.073250439107362553e+01 2.933117991633929847e-02
2.098435855211640089e+01 2.843651922938076476e-02
2.123502923393334640e+01 2.783728284019127211e-02
2.148629411178690773e+01 2.659524777225324640e-02
2.173831825513516591e+01 2.589950646004060553e-02
2.198972260956887226e+01 2.506039821091570613e-02
2.223974971000711420e+01 2.416406493317520623e-02
2.249141870643862973e+01 2.374017871463266968e-02
2.274404614890906373e+01 2.292719238141254987e-02
2.299521835768831579e+01 2.230114838333668512e-02
2.324620084136223852e+01 2.172520806680943925e-02
2.349757798664387209e+01 2.112795928401712056e-02
2.374870488118759937e+01 2.041779922071537690e-02
2.399988781917473091e+01 1.982048548882420561e-02
2.425071646049711305e+01 1.931645484644712793e-02
2.450187830577813841e+01 1.884844859168177331e-02
2.475391093216606109e+01 1.825915447235948105e-02
2.500524226975159792e+01 1.771890053054734487e-02
2.525610980153284402e+01 1.738290502663314765e-02
2.550801425092822328e+01 1.674830156164853340e-02
2.575943113325822864e+01 1.642043273756495225e-02
2.601074166866445125e+01 1.604989414671211673e-02
2.626234447079615464e+01 1.560959277832744616e-02
2.651347712943701751e+01 1.510780694542421775e-02
2.676474177984877656e+01 1.469184973124744789e-02
2.701628079430242479e+01 1.442737542492620630e-02
2.726734205837282232e+01 1.402796034149660781e-02
2.751837013544679422e+01 1.369453342493539248e-02
2.776937726815812724e+01 1.342700923725953857e-02
2.802070160973895341e+01 1.308070742575567595e-02
2.827249982643487058e+01 1.285988896941638732e-02
2.852407603869968966e+01 1.242211633975463803e-02
2.877567300468570721e+01 1.221979105126265105e-02
2.902733523039245256e+01 1.182928287107710454e-02
2.927861073083739996e+01 1.158575203296560371e-02
2.953003196193969160e+01 1.138669322517470335e-02
2.978106336846375157e+01 1.110402890146592637e-02
3.003148440777084716e+01 1.082788560025392359e-02
3.028303386126418673e+01 1.058620911794381364e-02
3.053456493440382857e+01 1.037976501160897680e-02
3.078585183944906944e+01 1.011844270327991006e-02
3.103757946070165730e+01 9.903765111389758666e-03
3.128931656795834826e+01 9.687185242177254879e-03
3.154125974608096428e+01 9.445629757903944990e-03
3.179158626791808828e+01 9.288517955303512985e-03
3.204196438636942190e+01 9.089198357157098757e-03
3.229344668057169798e+01 8.916669918516537466e-03
3.254489998018084407e+01 8.743640888680959122e-03
3.279660140319880668e+01 8.532412107961202113e-03
3.304772754686901237e+01 8.384769693890493925e-03
3.329949953441923327e+01 8.196768446418572357e-03
3.355173249539067371e+01 8.033245164216213166e-03
3.380235474142784824e+01 7.850861138437114847e-03
3.405292218889088218e+01 7.706527844985323374e-03
3.430455901572810262e+01 7.553423023764267545e-03
3.455605119154291316e+01 7.416366806049386716e-03
3.480708698418615654e+01 7.288768014998236316e-03
3.505823042281740243e+01 7.114541154825425318e-03
3.530983122122644602e+01 6.952535393462442453e-03
3.556111974160763367e+01 6.856646705731238300e-03
3.581195885960364933e+01 6.694414599046794902e-03
3.606348577968052638e+01 6.614617217203448522e-03
3.631495136683125935e+01 6.447585266273731831e-03
3.656646781331610185e+01 6.384328042640175123e-03
3.681800948534306173e+01 6.233674907849245245e-03
3.706942350460822411e+01 6.140274227371008559e-03
3.732119977997001570e+01 6.023755164795380895e-03
3.757249197135423202e+01 5.900815992178918244e-03
3.782324055213251057e+01 5.846397290484147725e-03
3.807430609684078604e+01 5.693184695051297338e-03
3.832526519371521090e+01 5.579763554197991055e-03
3.857704530181875668e+01 5.467823654372159017e-03
3.882896255048217427e+01 5.382696370667230598e-03
3.907976684424035341e+01 5.318980755181161590e-03
3.933085588900704010e+01 5.260126795824378136e-03
3.958184533965361140e+01 5.111745304786018476e-03
3.983320492881626507e+01 5.073218745708867050e-03
4.008506787586624398e+01 4.979431992308513445e-03
4.033569471078550350e+01 4.870578611996534586e-03
4.058701345074587863e+01 4.774174808744636317e-03
4.083916815834436420e+01 4.699517917577249702e-03
4.108978611092747713e+01 4.639264179257980569e-03
4.134119394692694271e+01 4.555274514438834195e-03
4.159372926482761557e+01 4.451108825559177071e-03
4.184480996230068683e+01 4.397563553382288944e-03
4.209495048714620680e+01 4.309896907788748378e-03
4.234568601474854432e+01 4.229035588161919254e-03
4.259794184898333214e+01 4.195637603545355511e-03
4.284922176444433717e+01 4.180773814503557957e-03
4.309982534096671003e+01 4.036565241841674929e-03
4.335153475414617930e+01 4.035224330809922440e-03
4.360374984514007224e+01 3.972042320442467980e-03
4.385432838732079830e+01 3.894698999615264518e-03
4.410529766549178277e+01 3.823140823804620919e-03
4.435675536456894008e+01 3.739492692237222915e-03
4.460756668584335927e+01 3.695436309962511247e-03
4.485812369927145937e+01 3.678028636553706300e-03
4.510933196139897206e+01 3.612078127490185846e-03
4.536097672816924131e+01 3.541087680228514195e-03
4.561261869099184452e+01 3.479133872717761911e-03
4.586346064304911607e+01 3.417433098117818660e-03
4.611435299895526185e+01 3.394318327194319283e-03
4.636610302009028572e+01 3.317609003779334927e-03
4.661726081402038346e+01 3.266841991392091613e-03
4.686748045926628237e+01 3.310379638238213160e-03
4.712001000143001761e+01 3.188024382437893225e-03
4.737334269293729960e+01 3.213482492019758847e-03
4.762357272554871912e+01 3.092144484583869788e-03
4.787295862859781437e+01 3.068661717482944022e-03
4.812686710231834297e+01 2.995027628211387790e-03
4.837988354528783930e+01 2.977673736582295283e-03
4.862698975964909209e+01 2.959149749951812784e-03
4.887931961662670233e+01 2.889670286843183753e-03
4.913512531690142282e+01 2.857549563201630324e-03
4.938486646957150583e+01 2.826265475900329675e-03
4.963073103205424985e+01 2.731829134300947388e-03
4.988316058859187763e+01 2.755947252211779150e-03
5.013927392651110893e+01 2.731467290423511204e-03
5.038898445289544270e+01 2.615530647487177614e-03
5.063791314200675941e+01 2.642443374976002901e-03
5.089234515763529032e+01 2.657958052737795229e-03
5.114529266359630810e+01 2.592046323929068658e-03
5.138952878242714206e+01 2.451225972943087226e-03
5.163945178601188246e+01 2.492995289368185249e-03
5.190206698624180603e+01 2.492615208750385575e-03
5.215590084722179398e+01 2.513263470910182765e-03
5.238680673191466042e+01 2.343764956947702420e-03
5.263532591009818873e+01 2.318348821797604382e-03
5.290823119436031874e+01 2.156211248363344105e-03
5.316882575050344428e+01 2.297723849105351348e-03
5.338513341050097694e+01 2.294592251663457247e-03
5.363212510227822349e+01 2.228695535116545848e-03
5.391615723351310407e+01 2.380029193609830077e-03
5.419187693011466678e+01 2.217272478437956953e-03
5.439722241285236493e+01 2.121314899899673454e-03
5.462806064877949552e+01 2.155240606622496700e-03
5.491241494336609463e+01 1.939240564088593388e-03
5.519421446932921782e+01 2.107598258806655817e-03
5.543046826972861396e+01 2.801644487475522458e-03
5.561137265256709128e+01 1.475565686397100262e-03
