3.559856489878782115e-01 4.541112911234965850e+02
6.031648866026231293e-01 2.231881708084714546e+02
8.579160745827347778e-01 1.013333502464893741e+02
1.113464310595710716e+00 4.472892465037710963e+01
1.374039914321364408e+00 3.098087792535019958e+01
1.619154704570298309e+00 2.157639325424489130e+01
1.870686673430271840e+00 1.557440495375648837e+01
2.123290040706380832e+00 1.085799852385900266e+01
2.378144976376236119e+00 7.547268733250239059e+00
2.630489925835516996e+00 5.972188707631612914e+00
2.878653162679494670e+00 4.803985898771346186e+00
3.131144366275339319e+00 4.013347363170184146e+00
3.388159578333816313e+00 3.323480713227630723e+00
3.638741848210948149e+00 2.639362833290002541e+00
3.888315910732085268e+00 2.231288121810162117e+00
4.139052155837465996e+00 2.017756537146949913e+00
4.390305777018236988e+00 1.695594603492645014e+00
4.642172339120373081e+00 1.424229685701504433e+00
4.894678666149941293e+00 1.290623663148216194e+00
5.147269052361176378e+00 1.131730763205863521e+00
5.398003206656323272e+00 9.880824654984798894e-01
5.647798235368590269e+00 9.132001960841418242e-01
5.900534302989873581e+00 7.918038953774554356e-01
6.151460297009074374e+00 7.087018725426239563e-01
6.402630176204441526e+00 6.540719438157844845e-01
6.655964674748322096e+00 5.874829484738920415e-01
6.908782583105771202e+00 5.182642065611549054e-01
7.159060853508338873e+00 4.875629723519585568e-01
7.409414762591408632e+00 4.470993498849386016e-01
7.659227149364629561e+00 4.078575298533815841e-01
7.911559474606142395e+00 3.757217274449474176e-01
8.163750941790897997e+00 3.435017029903021379e-01
8.415757210439384295e+00 3.207496733677643874e-01
8.667638839289207198e+00 2.962972917186264543e-01
8.918801124864609520e+00 2.708176116144119794e-01
9.170480108345369530e+00 2.533850915351241739e-01
9.420566033467249412e+00 2.404796880239464529e-01
9.671642335271435797e+00 2.231801081502743922e-01
9.923426157758477473e+00 2.061044927430739637e-01
1.017396902749181820e+01 1.973183813172652290e-01
1.042533700753922155e+01 1.778518083164901120e-01
1.067702948358784276e+01 1.701922851428112615e-01
1.092969337256462303e+01 1.622943598922630959e-01
1.118211872033766419e+01 1.522951863856286947e-01
1.143346516925797296e+01 1.433186548012964912e-01
1.168350508557724687e+01 1.354131618153365246e-01
1.193379937775929100e+01 1.279282247046766297e-01
1.218553055762879112e+01 1.200700339199247124e-01
1.243711650801278878e+01 1.147974581096561364e-01
1.268867268647359303e+01 1.069881083138313621e-01
1.294075027177769144e+01 1.039865023452483245e-01
1.319267287020158363e+01 9.663069672151981815e-02
1.344470571782862756e+01 9.294730119793497003e-02
1.369480150283709641e+01 8.911849372826535776e-02
1.394591277066507828e+01 8.526018259637198338e-02
1.419764645764527167e+01 7.994155775462721825e-02
1.444766774168416212e+01 7.622933038796535221e-02
1.469906835825429070e+01 7.312056240626509107e-02
1.495059118111036511e+01 6.985918938918052323e-02
1.520261612590052991e+01 6.772018803150582633e-02
1.545415944503929495e+01 6.485254892943363714e-02
1.570456072545780124e+01 6.072329971333543380e-02
1.595705800128773966e+01 5.892140656980372759e-02
1.620829297830731619e+01 5.703680630689065417e-02
1.645966591028190962e+01 5.452371954381514396e-02
1.671125708846596325e+01 5.228999913912722730e-02
1.696160259490052624e+01 5.012941263429170069e-02
1.721370276108077135e+01 4.813022734997174368e-02
1.746543424102250341e+01 4.649160117633244216e-02
1.771598473288305442e+01 4.456005622129161764e-02
1.796653767411944003e+01 4.304768842955629393e-02
1.821765658501893270e+01 4.150694512322603003e-02
1.847053788120423334e+01 3.987971950548303834e-02
1.872257696809484173e+01 3.867930266673868384e-02
1.897394097105746269e+01 3.696949735520760338e-02
1.922542454726159988e+01 3.568808646659749062e-02
1.947607703355479103e+01 3.447786547834951615e-02
1.972678839839982601e+01 3.376148547575497094e-02
1.997802698857814363e+01 3.266245427427665049e-02
2.022863620534168660e+01 3.127120157969301428e-02
2.047969598507238231e+01 3.028022227134386304e-02
2.073250439107362553e+01 2.904956860406485847e-02
2.098435855211640089e+01 2.829820612743103730e-02
2.123502923393334640e+01 2.762114351815509253e-02
2.148629411178690773e+01 2.667450893725974506e-02
2.173831825513516591e+01 2.598728576579240404e-02
2.198972260956887226e+01 2.512803503716391426e-02
2.223974971000711420e+01 2.435961929807999027e-02
2.249141870643862973e+01 2.379509872795194936e-02
2.274404614890906373e+01 2.296748533554160074e-02
2.299521835768831579e+01 2.224683069704447291e-02
2.324620084136223852e+01 2.153984757080767629e-02
2.349757798664387209e+01 2.089309186930310772e-02
2.374870488118759937e+01 2.031009982580827405e-02
2.399988781917473091e+01 1.989412624731482296e-02
2.425071646049711305e+01 1.932305696670437792e-02
2.450187830577813841e+01 1.872541897383149176e-02
2.475391093216606109e+01 1.828260543141308619e-02
2.500524226975159792e+01 1.774605070421206646e-02
2.525610980153284402e+01 1.720901607225969188e-02
2.550801425092822328e+01 1.700517909768524752e-02
2.575943113325822864e+01 1.630711798384982744e-02
2.601074166866445125e+01 1.596765114754805995e-02
2.626234447079615464e+01 1.555785079221775474e-02
2.651347712943701751e+01 1.522512463729396373e-02
2.676474177984877656e+01 1.482837900755172578e-02
2.701628079430242479e+01 1.446004127581068492e-02
2.726734205837282232e+01 1.400589359868384572e-02
2.751837013544679422e+01 1.371913269244726466e-02
2.776937726815812724e+01 1.335833003085973476e-02
2.802070160973895341e+01 1.300141292897136897e-02
2.827249982643487058e+01 1.279575555205322672e-02
2.852407603869968966e+01 1.244664139975877430e-02
2.877567300468570721e+01 1.214590482058008729e-02
2.902733523039245256e+01 1.190691963333183508e-02
2.927861073083739996e+01 1.160384743057942154e-02
2.953003196193969160e+01 1.128256183843171639e-02
2.978106336846375157e+01 1.111333626906931341e-02
3.003148440777084716e+01 1.083486712890151596e-02
3.028303386126418673e+01 1.054451543151794547e-02
3.053456493440382857e+01 1.039219630373886330e-02
3.078585183944906944e+01 1.013566262450493576e-02
3.103757946070165730e+01 9.882049741267951923e-03
3.128931656795834826e+01 9.691243172582754070e-03
3.154125974608096428e+01 9.433892521049385207e-03
3.179158626791808828e+01 9.275451581852061853e-03
3.204196438636942190e+01 9.080626533032263789e-03
3.229344668057169798e+01 8.863320716088732634e-03
3.254489998018084407e+01 8.713270866472456674e-03
3.279660140319880668e+01 8.518527090800821419e-03
3.304772754686901237e+01 8.354825638209818078e-03
3.329949953441923327e+01 8.185944305008860736e-03
3.355173249539067371e+01 8.044820862048157953e-03
3.380235474142784824e+01 7.823474370741573258e-03
3.405292218889088218e+01 7.730401153789519773e-03
3.430455901572810262e+01 7.552639151090174106e-03
3.455605119154291316e+01 7.422400626118130437e-03
3.480708698418615654e+01 7.235966721183837401e-03
3.505823042281740243e+01 7.165929137597838207e-03
3.530983122122644602e+01 6.995914711950199094e-03
3.556111974160763367e+01 6.856109179432798469e-03
3.581195885960364933e+01 6.743354429560412429e-03
3.606348577968052638e+01 6.626791031185070950e-03
3.631495136683125935e+01 6.485444927106611898e-03
3.656646781331610185e+01 6.363556087295173073e-03
3.681800948534306173e+01 6.224654103871645264e-03
3.706942350460822411e+01 6.157526723518761368e-03
3.732119977997001570e+01 6.001958703614451371e-03
3.757249197135423202e+01 5.904671140624177458e-03
3.782324055213251057e+01 5.789027142848662127e-03
3.807430609684078604e+01 5.734733823614096733e-03
3.832526519371521090e+01 5.586218747589746618e-03
3.857704530181875668e+01 5.511284854424370640e-03
3.882896255048217427e+01 5.413134493787232458e-03
3.907976684424035341e+01 5.298380406717663992e-03
3.933085588900704010e+01 5.200732133533238731e-03
3.958184533965361140e+01 5.129519410212384813e-03
3.983320492881626507e+01 5.046190941142142394e-03
4.008506787586624398e+01 4.952737144657620542e-03
4.033569471078550350e+01 4.860101275940950996e-03
4.058701345074587863e+01 4.792071592103108908e-03
4.083916815834436420e+01 4.713520320103302061e-03
4.108978611092747713e+01 4.638306923123548114e-03
4.134119394692694271e+01 4.538363232327166305e-03
4.159372926482761557e+01 4.504430760859125076e-03
4.184480996230068683e+01 4.455171983221194523e-03
4.209495048714620680e+01 4.294791720614490015e-03
4.234568601474854432e+01 4.307047195458448517e-03
4.259794184898333214e+01 4.199072095973789553e-03
4.284922176444433717e+01 4.103349343855392135e-03
4.309982534096671003e+01 4.064169923688533068e-03
4.335153475414617930e+01 3.999828969823098976e-03
4.360374984514007224e+01 3.961328578078643185e-03
4.385432838732079830e+01 3.883857674022137690e-03
4.410529766549178277e+01 3.825298564751460420e-03
4.435675536456894008e+01 3.758344867731206601e-03
4.460756668584335927e+01 3.703576467426742368e-03
4.485812369927145937e+01 3.675432860733697168e-03
4.510933196139897206e+01 3.624871554458486064e-03
4.536097672816924131e+01 3.521501868969882394e-03
4.561261869099184452e+01 3.507436089014773911e-03
4.586346064304911607e+01 3.456053778849231799e-03
4.611435299895526185e+01 3.373329027779158745e-03
4.636610302009028572e+01 3.365135958395561698e-03
4.661726081402038346e+01 3.312155336384889348e-03
4.686748045926628237e+01 3.245248597211491687e-03
4.712001000143001761e+01 3.191538307504250636e-03
4.737334269293729960e+01 3.121490609376284878e-03
4.762357272554871912e+01 3.112093613736404384e-03
4.787295862859781437e+01 3.085032502511694721e-03
4.812686710231834297e+01 3.027381841341811319e-03
4.837988354528783930e+01 2.963480331272416290e-03
4.862698975964909209e+01 2.901947827254565838e-03
4.887931961662670233e+01 2.900354160133453759e-03
4.913512531690142282e+01 2.847542868227564278e-03
4.938486646957150583e+01 2.788167943240201473e-03
4.963073103205424985e+01 2.782763123428071313e-03
4.988316058859187763e+01 2.781390523252891440e-03
5.013927392651110893e+01 2.646349198091919267e-03
5.038898445289544270e+01 2.676887949917551926e-03
5.063791314200675941e+01 2.629325765169275228e-03
5.089234515763529032e+01 2.609060077871725846e-03
5.114529266359630810e+01 2.551474138351045220e-03
5.138952878242714206e+01 2.487202092021537081e-03
5.163945178601188246e+01 2.465832919218547900e-03
5.190206698624180603e+01 2.478359844733276241e-03
5.215590084722179398e+01 2.403290228044839289e-03
5.238680673191466042e+01 2.394815049501548051e-03
5.263532591009818873e+01 2.389074514951856475e-03
5.290823119436031874e+01 2.307663061904016797e-03
5.316882575050344428e+01 2.176621560480194485e-03
5.338513341050097694e+01 2.429353620831308652e-03
5.363212510227822349e+01 2.343954778938386538e-03
5.391615723351310407e+01 2.052054189817832663e-03
5.419187693011466678e+01 2.094401740797851956e-03
5.439722241285236493e+01 2.099306581357755774e-03
5.462806064877949552e+01 2.228478558386562565e-03
5.491241494336609463e+01 1.680108953799080334e-03
5.519421446932921782e+01 1.951219215244054915e-03
5.543046826972861396e+01 2.183074260445643042e-03
5.561137265256709128e+01 1.836742428343020707e-03
