3.559856489878782115e-01 1.246919200114702562e+03
6.031648866026231293e-01 1.455472786585776817e+02
8.579160745827347778e-01 8.974207075039795711e+01
1.113464310595710716e+00 4.827642396483157228e+01
1.374039914321364408e+00 2.889810598005494313e+01
1.619154704570298309e+00 2.038369531072585872e+01
1.870686673430271840e+00 1.381160006498914861e+01
2.123290040706380832e+00 1.036214295267743246e+01
2.378144976376236119e+00 7.655560254126523745e+00
2.630489925835516996e+00 6.024703573010598667e+00
2.878653162679494670e+00 5.159768024934866304e+00
3.131144366275339319e+00 4.232890951207432195e+00
3.388159578333816313e+00 3.185195139291760125e+00
3.638741848210948149e+00 2.776885534069046368e+00
3.888315910732085268e+00 2.340960991143593350e+00
4.139052155837465996e+00 2.068656752621498285e+00
4.390305777018236988e+00 1.665544798196099796e+00
4.642172339120373081e+00 1.485520498645837018e+00
4.894678666149941293e+00 1.316513587300438104e+00
5.147269052361176378e+00 1.155222511137512287e+00
5.398003206656323272e+00 9.948858004775499309e-01
5.647798235368590269e+00 8.412820415894645132e-01
5.900534302989873581e+00 7.866279141665764030e-01
6.151460297009074374e+00 7.098284672254439043e-01
6.402630176204441526e+00 6.493761433068788724e-01
6.655964674748322096e+00 5.883681354251483198e-01
6.908782583105771202e+00 5.251213997661086097e-01
7.159060853508338873e+00 4.944477582321779585e-01
7.409414762591408632e+00 4.385086238769366762e-01
7.659227149364629561e+00 4.028046270503997106e-01
7.911559474606142395e+00 3.762883475462092120e-01
8.163750941790897997e+00 3.449254455565924915e-01
8.415757210439384295e+00 3.227218457860892564e-01
8.667638839289207198e+00 2.910325056661392518e-01
8.918801124864609520e+00 2.731476614587646790e-01
9.170480108345369530e+00 2.594151282054702468e-01
9.420566033467249412e+00 2.318192813877154590e-01
9.671642335271435797e+00 2.237263089518211068e-01
9.923426157758477473e+00 2.048382479428295377e-01
1.017396902749181820e+01 1.949117997629071231e-01
1.042533700753922155e+01 1.843757380043642979e-01
1.067702948358784276e+01 1.709046049992384575e-01
1.092969337256462303e+01 1.602294342857368548e-01
1.118211872033766419e+01 1.505817357959473302e-01
1.143346516925797296e+01 1.426382394911885898e-01
1.168350508557724687e+01 1.355979139204577799e-01
1.193379937775929100e+01 1.269812322223493606e-01
1.218553055762879112e+01 1.216784161186973134e-01
1.243711650801278878e+01 1.130549571724131924e-01
1.268867268647359303e+01 1.082044781875596551e-01
1.294075027177769144e+01 1.029414870029004697e-01
1.319267287020158363e+01 9.677492378058338840e-02
1.344470571782862756e+01 9.360165109761867108e-02
1.369480150283709641e+01 8.960933171341745052e-02
1.394591277066507828e+01 8.406874813879522401e-02
1.419764645764527167e+01 8.047602091296933435e-02
1.444766774168416212e+01 7.727679744525943473e-02
1.469906835825429070e+01 7.387448807573861187e-02
1.495059118111036511e+01 7.006472997284207693e-02
1.520261612590052991e+01 6.786338012940423825e-02
1.545415944503929495e+01 6.442860845124021019e-02
1.570456072545780124e+01 6.154049638025119867e-02
1.595705800128773966e+01 5.886133634906529771e-02
1.620829297830731619e+01 5.690035443093703627e-02
1.645966591028190962e+01 5.419170164158664676e-02
1.671125708846596325e+01 5.194618757862224517e-02
1.696160259490052624e+01 4.991070806736083026e-02
1.721370276108077135e+01 4.822849723000624533e-02
1.746543424102250341e+01 4.646022398661894814e-02
1.771598473288305442e+01 4.457740996152266544e-02
1.796653767411944003e+01 4.320228325110972434e-02
1.821765658501893270e+01 4.129630049635221040e-02
1.847053788120423334e+01 3.985493234134202672e-02
1.872257696809484173e+01 3.838995318928169198e-02
1.897394097105746269e+01 3.702208579354043794e-02
1.922542454726159988e+01 3.604375834634193643e-02
1.947607703355479103e+01 3.467420527244839679e-02
1.972678839839982601e+01 3.365878301275100626e-02
1.997802698857814363e+01 3.236640007459198887e-02
2.022863620534168660e+01 3.100776662622993507e-02
2.047969598507238231e+01 3.027860596010680319e-02
2.073250439107362553e+01 2.924487727291517902e-02
2.098435855211640089e+01 2.835269364566468317e-02
2.123502923393334640e+01 2.765920130868485330e-02
2.148629411178690773e+01 2.660179067090532104e-02
2.173831825513516591e+01 2.593026121592652972e-02
2.198972260956887226e+01 2.503692442878715368e-02
2.223974971000711420e+01 2.445275537430240120e-02
2.249141870643862973e+01 2.352703728598202690e-02
2.274404614890906373e+01 2.286607466085757018e-02
2.299521835768831579e+01 2.239987659382857571e-02
2.324620084136223852e+01 2.152171419073126840e-02
2.349757798664387209e+01 2.095802532507042362e-02
2.374870488118759937e+01 2.041261876383181420e-02
2.399988781917473091e+01 1.980868733863649922e-02
2.425071646049711305e+01 1.922992207547891477e-02
2.450187830577813841e+01 1.889156825835155290e-02
2.475391093216606109e+01 1.817146609201794952e-02
2.500524226975159792e+01 1.780638979650550971e-02
2.525610980153284402e+01 1.736288633790362620e-02
2.550801425092822328e+01 1.683128241820260398e-02
2.575943113325822864e+01 1.647481455775506171e-02
2.601074166866445125e+01 1.591488779849943927e-02
2.626234447079615464e+01 1.552088852533107903e-02
2.651347712943701751e+01 1.515149608468859856e-02
2.676474177984877656e+01 1.484633646454025860e-02
2.701628079430242479e+01 1.442327744005359423e-02
2.726734205837282232e+01 1.404462558497534055e-02
2.751837013544679422e+01 1.372701128421133059e-02
2.776937726815812724e+01 1.342128273184558726e-02
2.802070160973895341e+01 1.312989635241192631e-02
2.827249982643487058e+01 1.281420731021613857e-02
2.852407603869968966e+01 1.240239029145603911e-02
2.877567300468570721e+01 1.210766359056089474e-02
2.902733523039245256e+01 1.187489841328903152e-02
2.927861073083739996e+01 1.168629346212038747e-02
2.953003196193969160e+01 1.132318186083494486e-02
2.978106336846375157e+01 1.108652131572148911e-02
3.003148440777084716e+01 1.078488351232320848e-02
3.028303386126418673e+01 1.056284542598628050e-02
3.053456493440382857e+01 1.034697963153943280e-02
3.078585183944906944e+01 1.008705753432175348e-02
3.103757946070165730e+01 9.895270374844842079e-03
3.128931656795834826e+01 9.737389364311420381e-03
3.154125974608096428e+01 9.543038706868125012e-03
3.179158626791808828e+01 9.284363224157958158e-03
3.204196438636942190e+01 9.150628247062421797e-03
3.229344668057169798e+01 8.977493954932882353e-03
3.254489998018084407e+01 8.771850430602771628e-03
3.279660140319880668e+01 8.587448539921285762e-03
3.304772754686901237e+01 8.361396569622200209e-03
3.329949953441923327e+01 8.222608022072528874e-03
3.355173249539067371e+01 8.023141372430901350e-03
3.380235474142784824e+01 7.875659044652042612e-03
3.405292218889088218e+01 7.720104051840968352e-03
3.430455901572810262e+01 7.539423262745596939e-03
3.455605119154291316e+01 7.397414037368254917e-03
3.480708698418615654e+01 7.275119443996311969e-03
3.505823042281740243e+01 7.143178531482542032e-03
3.530983122122644602e+01 7.033348328489315640e-03
3.556111974160763367e+01 6.900497936725592286e-03
3.581195885960364933e+01 6.698073444561722205e-03
3.606348577968052638e+01 6.571086164354932729e-03
3.631495136683125935e+01 6.471156503211519806e-03
3.656646781331610185e+01 6.386726861189222920e-03
3.681800948534306173e+01 6.249179312626895397e-03
3.706942350460822411e+01 6.152516018343491891e-03
3.732119977997001570e+01 6.040185604189381684e-03
3.757249197135423202e+01 5.895638303588600360e-03
3.782324055213251057e+01 5.781073198623680291e-03
3.807430609684078604e+01 5.672818790392847137e-03
3.832526519371521090e+01 5.597693604751789384e-03
3.857704530181875668e+01 5.483854479912559157e-03
3.882896255048217427e+01 5.415180691419110674e-03
3.907976684424035341e+01 5.358611264455402992e-03
3.933085588900704010e+01 5.171960823064977036e-03
3.958184533965361140e+01 5.127094841143591854e-03
3.983320492881626507e+01 5.028477686729385977e-03
4.008506787586624398e+01 4.979404717467016996e-03
4.033569471078550350e+01 4.861894284686996484e-03
4.058701345074587863e+01 4.776824430383635675e-03
4.083916815834436420e+01 4.708812449850369349e-03
4.108978611092747713e+01 4.640334861472820462e-03
4.134119394692694271e+01 4.544602071259418521e-03
4.159372926482761557e+01 4.490234947995857227e-03
4.184480996230068683e+01 4.419594542137766750e-03
4.209495048714620680e+01 4.343241882865779904e-03
4.234568601474854432e+01 4.273242499217622115e-03
4.259794184898333214e+01 4.183993519824023670e-03
4.284922176444433717e+01 4.114395883341569887e-03
4.309982534096671003e+01 4.072371079279379046e-03
4.335153475414617930e+01 4.000522164957442950e-03
4.360374984514007224e+01 3.934420616873538466e-03
4.385432838732079830e+01 3.877867147294431112e-03
4.410529766549178277e+01 3.818229397750127780e-03
4.435675536456894008e+01 3.746798436415973640e-03
4.460756668584335927e+01 3.690044582918244019e-03
4.485812369927145937e+01 3.651338243540838170e-03
4.510933196139897206e+01 3.593892956499539736e-03
4.536097672816924131e+01 3.552518402470663302e-03
4.561261869099184452e+01 3.490057571287389759e-03
4.586346064304911607e+01 3.454063970477222727e-03
4.611435299895526185e+01 3.393347835622661894e-03
4.636610302009028572e+01 3.335684657231711980e-03
4.661726081402038346e+01 3.327240297272830889e-03
4.686748045926628237e+01 3.205613673608883902e-03
4.712001000143001761e+01 3.195230967170920901e-03
4.737334269293729960e+01 3.133179573116781722e-03
4.762357272554871912e+01 3.086651575135369169e-03
4.787295862859781437e+01 3.077038576324576859e-03
4.812686710231834297e+01 2.996328902854882362e-03
4.837988354528783930e+01 2.975555848994660118e-03
4.862698975964909209e+01 2.881464333460384986e-03
4.887931961662670233e+01 2.867988071898773961e-03
4.913512531690142282e+01 2.868663422744565945e-03
4.938486646957150583e+01 2.811379490930324739e-03
4.963073103205424985e+01 2.762239469572604425e-03
4.988316058859187763e+01 2.756021707469052083e-03
5.013927392651110893e+01 2.679532324601672458e-03
5.038898445289544270e+01 2.653077428940158779e-03
5.063791314200675941e+01 2.657696594567772377e-03
5.089234515763529032e+01 2.547169402854488219e-03
5.114529266359630810e+01 2.558053380867180478e-03
5.138952878242714206e+01 2.540100310674714250e-03
5.163945178601188246e+01 2.458048083901502069e-03
5.190206698624180603e+01 2.558991828049644521e-03
5.215590084722179398e+01 2.450575793521308100e-03
5.238680673191466042e+01 2.399482791470512050e-03
5.263532591009818873e+01 2.404292693851619103e-03
5.290823119436031874e+01 2.279786023744483168e-03
5.316882575050344428e+01 2.270076563537746193e-03
5.338513341050097694e+01 2.142889556506957088e-03
5.363212510227822349e+01 2.155698358660306044e-03
5.391615723351310407e+01 2.155692967278033997e-03
5.419187693011466678e+01 2.255551687041147668e-03
5.439722241285236493e+01 1.954555996313574358e-03
5.462806064877949552e+01 2.237504018431399604e-03
5.491241494336609463e+01 1.816509997794848270e-03
5.519421446932921782e+01 2.029110757669464696e-03
5.543046826972861396e+01 2.202451536842129146e-03
5.561137265256709128e+01 4.457006889679922083e-03
