3.559856489878782115e-01 8.212511115957207721e+02
6.031648866026231293e-01 2.090703799201461948e+02
8.579160745827347778e-01 9.074650629724156659e+01
1.113464310595710716e+00 5.051373807655172499e+01
1.374039914321364408e+00 2.349328683118758931e+01
1.619154704570298309e+00 2.178297792224604734e+01
1.870686673430271840e+00 1.540003746976226218e+01
2.123290040706380832e+00 1.118580300024097696e+01
2.378144976376236119e+00 7.568625780236616585e+00
2.630489925835516996e+00 6.054159764401481958e+00
2.878653162679494670e+00 4.911610543420367847e+00
3.131144366275339319e+00 3.902202126893837608e+00
3.388159578333816313e+00 3.272747604239762964e+00
3.638741848210948149e+00 2.853500167735426807e+00
3.888315910732085268e+00 2.371453667798332887e+00
4.139052155837465996e+00 1.977111083326290375e+00
4.390305777018236988e+00 1.694996455519181211e+00
4.642172339120373081e+00 1.461030269218138056e+00
4.894678666149941293e+00 1.295586336256594473e+00
5.147269052361176378e+00 1.145031744906944704e+00
5.398003206656323272e+00 1.047054050283422244e+00
5.647798235368590269e+00 8.851741005205824298e-01
5.900534302989873581e+00 7.838699620637089582e-01
6.151460297009074374e+00 7.240149579818748737e-01
6.402630176204441526e+00 6.383029819823045070e-01
6.655964674748322096e+00 5.836733390075974359e-01
6.908782583105771202e+00 5.274418895549984887e-01
7.159060853508338873e+00 4.792011303727783389e-01
7.409414762591408632e+00 4.384308020004065720e-01
7.659227149364629561e+00 3.976783995048167597e-01
7.911559474606142395e+00 3.756544045374372587e-01
8.163750941790897997e+00 3.393326888180929202e-01
8.415757210439384295e+00 3.192447658566158197e-01
8.667638839289207198e+00 2.924073390503917902e-01
8.918801124864609520e+00 2.725943719729247983e-01
9.170480108345369530e+00 2.612198650729934402e-01
9.420566033467249412e+00 2.386731347901666911e-01
9.671642335271435797e+00 2.199605537311530024e-01
9.923426157758477473e+00 2.071534109421242498e-01
1.017396902749181820e+01 1.945837353816349813e-01
1.042533700753922155e+01 1.813116065208531247e-01
1.067702948358784276e+01 1.716140744794286133e-01
1.092969337256462303e+01 1.603910684784183305e-01
1.118211872033766419e+01 1.530571530069956554e-01
1.143346516925797296e+01 1.411003538984722527e-01
1.168350508557724687e+01 1.344528009956485470e-01
1.193379937775929100e+01 1.262655529749839856e-01
1.218553055762879112e+01 1.206299871548792008e-01
1.243711650801278878e+01 1.142676344127430410e-01
1.268867268647359303e+01 1.074552616043027431e-01
1.294075027177769144e+01 1.041801457427978667e-01
1.319267287020158363e+01 9.560195212170669032e-02
1.344470571782862756e+01 9.208569715940204126e-02
1.369480150283709641e+01 8.846506558558039912e-02
1.394591277066507828e+01 8.459465186108296175e-02
1.419764645764527167e+01 8.050423672024495381e-02
1.444766774168416212e+01 7.557130903443404213e-02
1.469906835825429070e+01 7.371497395325034285e-02
1.495059118111036511e+01 7.041031024133970195e-02
1.520261612590052991e+01 6.704035037937970676e-02
1.545415944503929495e+01 6.352964490593869529e-02
1.570456072545780124e+01 6.172872234735441582e-02
1.595705800128773966e+01 5.890246113512193765e-02
1.620829297830731619e+01 5.671606300447178811e-02
1.645966591028190962e+01 5.430689895683194629e-02
1.671125708846596325e+01 5.187305013124909187e-02
1.696160259490052624e+01 5.052646218462888278e-02
1.721370276108077135e+01 4.828028914934219540e-02
1.746543424102250341e+01 4.693112566305879946e-02
1.771598473288305442e+01 4.452233183243509140e-02
1.796653767411944003e+01 4.318689449793592511e-02
1.821765658501893270e+01 4.173996326499174875e-02
1.847053788120423334e+01 4.022733084683798033e-02
1.872257696809484173e+01 3.869397149060786745e-02
1.897394097105746269e+01 3.693095904387894146e-02
1.922542454726159988e+01 3.604598843559247284e-02
1.947607703355479103e+01 3.500586502625408630e-02
1.972678839839982601e+01 3.384690424191222347e-02
1.997802698857814363e+01 3.241669326731280026e-02
2.022863620534168660e+01 3.123448695802384656e-02
2.047969598507238231e+01 3.038253212593904073e-02
2.073250439107362553e+01 2.939302872858656768e-02
2.098435855211640089e+01 2.847513774056964833e-02
2.123502923393334640e+01 2.742719615763130475e-02
2.148629411178690773e+01 2.662747237297730107e-02
2.173831825513516591e+01 2.598115860935756513e-02
2.198972260956887226e+01 2.519878689045753836e-02
2.223974971000711420e+01 2.431085324755007104e-02
2.249141870643862973e+01 2.368462573601448976e-02
2.274404614890906373e+01 2.294334153002185878e-02
2.299521835768831579e+01 2.217895797151085008e-02
2.324620084136223852e+01 2.160421031663096667e-02
2.349757798664387209e+01 2.097963223865051408e-02
2.374870488118759937e+01 2.044333985335643547e-02
2.399988781917473091e+01 2.004929655050833454e-02
2.425071646049711305e+01 1.930186030153499543e-02
2.450187830577813841e+01 1.878561467247436348e-02
2.475391093216606109e+01 1.823257130943658696e-02
2.500524226975159792e+01 1.774524072066208102e-02
2.525610980153284402e+01 1.727480995002941833e-02
2.550801425092822328e+01 1.688353930599393454e-02
2.575943113325822864e+01 1.625708590711373580e-02
2.601074166866445125e+01 1.595060180451451579e-02
2.626234447079615464e+01 1.554983544597278097e-02
2.651347712943701751e+01 1.518992922670458871e-02
2.676474177984877656e+01 1.473592038509407599e-02
2.701628079430242479e+01 1.438371400214343530e-02
2.726734205837282232e+01 1.402888087681296476e-02
2.751837013544679422e+01 1.368510652697552121e-02
2.776937726815812724e+01 1.329629607855112305e-02
2.802070160973895341e+01 1.306691059598194191e-02
2.827249982643487058e+01 1.270159685054165523e-02
2.852407603869968966e+01 1.248352889867763993e-02
2.877567300468570721e+01 1.216850954202646981e-02
2.902733523039245256e+01 1.190408248847357221e-02
2.927861073083739996e+01 1.166029993316233457e-02
2.953003196193969160e+01 1.131734143316846450e-02
2.978106336846375157e+01 1.110396817273387113e-02
3.003148440777084716e+01 1.087184789512124668e-02
3.028303386126418673e+01 1.058745877008916703e-02
3.053456493440382857e+01 1.032461017002793587e-02
3.078585183944906944e+01 1.018439962183089430e-02
3.103757946070165730e+01 9.921253046784152610e-03
3.128931656795834826e+01 9.763548851260503425e-03
3.154125974608096428e+01 9.523273074043079461e-03
3.179158626791808828e+01 9.330638101546259722e-03
3.204196438636942190e+01 9.046362737992969319e-03
3.229344668057169798e+01 8.918709330640012256e-03
3.254489998018084407e+01 8.701778071543540480e-03
3.279660140319880668e+01 8.570869245652354418e-03
3.304772754686901237e+01 8.322169690862180752e-03
3.329949953441923327e+01 8.240351254059783553e-03
3.355173249539067371e+01 8.033473149252783052e-03
3.380235474142784824e+01 7.860887101922143030e-03
3.405292218889088218e+01 7.701561622236592977e-03
3.430455901572810262e+01 7.533188272399450776e-03
3.455605119154291316e+01 7.407464666339341232e-03
3.480708698418615654e+01 7.248470829389908228e-03
3.505823042281740243e+01 7.127921225444498743e-03
3.530983122122644602e+01 7.013162333657839941e-03
3.556111974160763367e+01 6.819295774770286513e-03
3.581195885960364933e+01 6.708184085158653415e-03
3.606348577968052638e+01 6.588576965337450235e-03
3.631495136683125935e+01 6.475600384392351909e-03
3.656646781331610185e+01 6.336448630055958528e-03
3.681800948534306173e+01 6.281889487556207782e-03
3.706942350460822411e+01 6.142848503988588942e-03
3.732119977997001570e+01 6.027695267854328576e-03
3.757249197135423202e+01 5.935900936601124812e-03
3.782324055213251057e+01 5.814712474435126260e-03
3.807430609684078604e+01 5.697046894408969511e-03
3.832526519371521090e+01 5.617639666026436052e-03
3.857704530181875668e+01 5.502502738353783757e-03
3.882896255048217427e+01 5.391168207199891795e-03
3.907976684424035341e+01 5.325253462101379141e-03
3.933085588900704010e+01 5.211273838541420102e-03
3.958184533965361140e+01 5.105036911939812155e-03
3.983320492881626507e+01 5.033607277300274595e-03
4.008506787586624398e+01 4.976831782154390871e-03
4.033569471078550350e+01 4.890441893811554863e-03
4.058701345074587863e+01 4.795087177133911666e-03
4.083916815834436420e+01 4.699289243370706123e-03
4.108978611092747713e+01 4.647944086417391679e-03
4.134119394692694271e+01 4.557494352558181042e-03
4.159372926482761557e+01 4.481706390234808240e-03
4.184480996230068683e+01 4.433560761764603238e-03
4.209495048714620680e+01 4.350966252990085860e-03
4.234568601474854432e+01 4.244139765501275287e-03
4.259794184898333214e+01 4.182738336620843260e-03
4.284922176444433717e+01 4.107497534114882415e-03
4.309982534096671003e+01 4.078032219737056339e-03
4.335153475414617930e+01 3.989531652425144445e-03
4.360374984514007224e+01 3.938617366868821072e-03
4.385432838732079830e+01 3.869594396490102107e-03
4.410529766549178277e+01 3.825471766802607514e-03
4.435675536456894008e+01 3.771203841468833730e-03
4.460756668584335927e+01 3.736574432621958541e-03
4.485812369927145937e+01 3.649773266484587254e-03
4.510933196139897206e+01 3.590931555798499136e-03
4.536097672816924131e+01 3.564072837945425013e-03
4.561261869099184452e+01 3.460830774324469804e-03
4.586346064304911607e+01 3.393053002319928145e-03
4.611435299895526185e+01 3.350272128916792665e-03
4.636610302009028572e+01 3.335581561777398261e-03
4.661726081402038346e+01 3.270099754254848085e-03
4.686748045926628237e+01 3.209135199589263632e-03
4.712001000143001761e+01 3.205588653595834673e-03
4.737334269293729960e+01 3.129715120537310529e-03
4.762357272554871912e+01 3.072794174044882025e-03
4.787295862859781437e+01 3.040868081733881772e-03
4.812686710231834297e+01 2.998770343771082342e-03
4.837988354528783930e+01 2.964586647844313742e-03
4.862698975964909209e+01 2.938907282383941468e-03
4.887931961662670233e+01 2.844429823652150271e-03
4.913512531690142282e+01 2.827228166997508910e-03
4.938486646957150583e+01 2.840753180808943453e-03
4.963073103205424985e+01 2.766312163767904557e-03
4.988316058859187763e+01 2.706536992833836683e-03
5.013927392651110893e+01 2.698351151334946185e-03
5.038898445289544270e+01 2.647277645863691051e-03
5.063791314200675941e+01 2.645247436737280765e-03
5.089234515763529032e+01 2.542902616451228268e-03
5.114529266359630810e+01 2.544087168138888660e-03
5.138952878242714206e+01 2.554679919682411628e-03
5.163945178601188246e+01 2.463380185934855877e-03
5.190206698624180603e+01 2.421837955478608161e-03
5.215590084722179398e+01 2.463211224166587075e-03
5.238680673191466042e+01 2.412453348944834566e-03
5.263532591009818873e+01 2.345882313736657836e-03
5.290823119436031874e+01 2.300586967854577163e-03
5.316882575050344428e+01 2.320133071307037796e-03
5.338513341050097694e+01 2.239930440984447095e-03
5.363212510227822349e+01 2.233688713298515472e-03
5.391615723351310407e+01 2.075508653570744180e-03
5.419187693011466678e+01 2.160625867051115152e-03
5.439722241285236493e+01 2.246457102741122348e-03
5.462806064877949552e+01 1.940735402838124693e-03
5.491241494336609463e+01 2.326248886129886426e-03
5.519421446932921782e+01 2.417027110223344318e-03
5.543046826972861396e+01 2.167254991543390765e-03
5.561137265256709128e+01 3.359740010703718676e-03
