3.559856489878782115e-01 7.911433475004890852e+02
6.031648866026231293e-01 1.605580135517362805e+02
8.579160745827347778e-01 9.216442703686951177e+01
1.113464310595710716e+00 6.165225880696112881e+01
1.374039914321364408e+00 3.086574054531257616e+01
1.619154704570298309e+00 1.936780290333100396e+01
1.870686673430271840e+00 1.415389269592873056e+01
2.123290040706380832e+00 1.085700253246636571e+01
2.378144976376236119e+00 7.732888307370284764e+00
2.630489925835516996e+00 5.986333175926065842e+00
2.878653162679494670e+00 4.837596040605661507e+00
3.131144366275339319e+00 4.043353049609649474e+00
3.388159578333816313e+00 3.248200278403883701e+00
3.638741848210948149e+00 2.653565927547194558e+00
3.888315910732085268e+00 2.274019469697409424e+00
4.139052155837465996e+00 1.932771852560327464e+00
4.390305777018236988e+00 1.759627995962578462e+00
4.642172339120373081e+00 1.545418510293693704e+00
4.894678666149941293e+00 1.298894098204996794e+00
5.147269052361176378e+00 1.095941373003608943e+00
5.398003206656323272e+00 1.010255733461125294e+00
5.647798235368590269e+00 8.974588653860694487e-01
5.900534302989873581e+00 7.949587701592647493e-01
6.151460297009074374e+00 7.182883244293308822e-01
6.402630176204441526e+00 6.417382015399082373e-01
6.655964674748322096e+00 5.784423540341548930e-01
6.908782583105771202e+00 5.264932361026590790e-01
7.159060853508338873e+00 4.834850193895366965e-01
7.409414762591408632e+00 4.458519073162276469e-01
7.659227149364629561e+00 4.025235379232843247e-01
7.911559474606142395e+00 3.688029386680226063e-01
8.163750941790897997e+00 3.447559675137360502e-01
8.415757210439384295e+00 3.184945395678729363e-01
8.667638839289207198e+00 2.888848216829280058e-01
8.918801124864609520e+00 2.787378159008410683e-01
9.170480108345369530e+00 2.538554905705934783e-01
9.420566033467249412e+00 2.408774872311860160e-01
9.671642335271435797e+00 2.235398918368192989e-01
9.923426157758477473e+00 2.084061853950143206e-01
1.017396902749181820e+01 1.931538527138985939e-01
1.042533700753922155e+01 1.841657681401335511e-01
1.067702948358784276e+01 1.678741102857769785e-01
1.092969337256462303e+01 1.597261617342005668e-01
1.118211872033766419e+01 1.499145120230331862e-01
1.143346516925797296e+01 1.420717101080171685e-01
1.168350508557724687e+01 1.336422311242441152e-01
1.193379937775929100e+01 1.265489727859412938e-01
1.218553055762879112e+01 1.224478716392820993e-01
1.243711650801278878e+01 1.150840479821503559e-01
1.268867268647359303e+01 1.094390171660950123e-01
1.294075027177769144e+01 1.036729794747673905e-01
1.319267287020158363e+01 9.601362053662630680e-02
1.344470571782862756e+01 9.275720478232304944e-02
1.369480150283709641e+01 8.840143505504902133e-02
1.394591277066507828e+01 8.478843663582175116e-02
1.419764645764527167e+01 8.105859034418386178e-02
1.444766774168416212e+01 7.695577957606249131e-02
1.469906835825429070e+01 7.285397531442802666e-02
1.495059118111036511e+01 7.024440158634862041e-02
1.520261612590052991e+01 6.745372863762029436e-02
1.545415944503929495e+01 6.455039441046457604e-02
1.570456072545780124e+01 6.196473267764117387e-02
1.595705800128773966e+01 5.887295477428203944e-02
1.620829297830731619e+01 5.656023691034810924e-02
1.645966591028190962e+01 5.447919519282661688e-02
1.671125708846596325e+01 5.218214769690096566e-02
1.696160259490052624e+01 4.995479101240007241e-02
1.721370276108077135e+01 4.840113485363075480e-02
1.746543424102250341e+01 4.691665682687069794e-02
1.771598473288305442e+01 4.488546818122562954e-02
1.796653767411944003e+01 4.317722988737144468e-02
1.821765658501893270e+01 4.153269357261130112e-02
1.847053788120423334e+01 4.006642139919356499e-02
1.872257696809484173e+01 3.881042940344499315e-02
1.897394097105746269e+01 3.734255026292545437e-02
1.922542454726159988e+01 3.594142534908854880e-02
1.947607703355479103e+01 3.469493119667481362e-02
1.972678839839982601e+01 3.328843722310061842e-02
1.997802698857814363e+01 3.252135513839021774e-02
2.022863620534168660e+01 3.150550899290476686e-02
2.047969598507238231e+01 3.046307399254027590e-02
2.073250439107362553e+01 2.952058269829401643e-02
2.098435855211640089e+01 2.836298432674842079e-02
2.123502923393334640e+01 2.757798876693088111e-02
2.148629411178690773e+01 2.668014015545362369e-02
2.173831825513516591e+01 2.605148375378407710e-02
2.198972260956887226e+01 2.522503587547140699e-02
2.223974971000711420e+01 2.432543324990148886e-02
2.249141870643862973e+01 2.345230138019302815e-02
2.274404614890906373e+01 2.283423774446010843e-02
2.299521835768831579e+01 2.231500085658306293e-02
2.324620084136223852e+01 2.159939655509058795e-02
2.349757798664387209e+01 2.108387483639144119e-02
2.374870488118759937e+01 2.040162200724288111e-02
2.399988781917473091e+01 1.979955847778168757e-02
2.425071646049711305e+01 1.930135848181268460e-02
2.450187830577813841e+01 1.877376089790366853e-02
2.475391093216606109e+01 1.821004620971116220e-02
2.500524226975159792e+01 1.774124854299940698e-02
2.525610980153284402e+01 1.733679665907618406e-02
2.550801425092822328e+01 1.688194119153912931e-02
2.575943113325822864e+01 1.641327095852719575e-02
2.601074166866445125e+01 1.597555428068826375e-02
2.626234447079615464e+01 1.557763820675919612e-02
2.651347712943701751e+01 1.526378547295350295e-02
2.676474177984877656e+01 1.475622383319798864e-02
2.701628079430242479e+01 1.440753582863913730e-02
2.726734205837282232e+01 1.402780375557758676e-02
2.751837013544679422e+01 1.372817415844233314e-02
2.776937726815812724e+01 1.335841720997326884e-02
2.802070160973895341e+01 1.311233884641540941e-02
2.827249982643487058e+01 1.279870337347627923e-02
2.852407603869968966e+01 1.249762938247593255e-02
2.877567300468570721e+01 1.215130194307579778e-02
2.902733523039245256e+01 1.181383840889069399e-02
2.927861073083739996e+01 1.154400659507880469e-02
2.953003196193969160e+01 1.133884900869922344e-02
2.978106336846375157e+01 1.104804760989065715e-02
3.003148440777084716e+01 1.084598714312426729e-02
3.028303386126418673e+01 1.058295076744589225e-02
3.053456493440382857e+01 1.033860644782819312e-02
3.078585183944906944e+01 1.018963622137300171e-02
3.103757946070165730e+01 9.886815988408003200e-03
3.128931656795834826e+01 9.717019251416669084e-03
3.154125974608096428e+01 9.491042707501364667e-03
3.179158626791808828e+01 9.279825918448083438e-03
3.204196438636942190e+01 9.029185237824382051e-03
3.229344668057169798e+01 8.963641579008635799e-03
3.254489998018084407e+01 8.741143385260066734e-03
3.279660140319880668e+01 8.508980611614432032e-03
3.304772754686901237e+01 8.300743421418912971e-03
3.329949953441923327e+01 8.206368600227591931e-03
3.355173249539067371e+01 8.074863397981775839e-03
3.380235474142784824e+01 7.819689468466404017e-03
3.405292218889088218e+01 7.757543833412232880e-03
3.430455901572810262e+01 7.519376684203744367e-03
3.455605119154291316e+01 7.398456745687059279e-03
3.480708698418615654e+01 7.304825727432537850e-03
3.505823042281740243e+01 7.172855356101006004e-03
3.530983122122644602e+01 7.012123880373158369e-03
3.556111974160763367e+01 6.842130555889671187e-03
3.581195885960364933e+01 6.760789879712686065e-03
3.606348577968052638e+01 6.596558532326267030e-03
3.631495136683125935e+01 6.472082826581448782e-03
3.656646781331610185e+01 6.336069250945220062e-03
3.681800948534306173e+01 6.290768685218019012e-03
3.706942350460822411e+01 6.138784052493881198e-03
3.732119977997001570e+01 6.051936146612118227e-03
3.757249197135423202e+01 5.923491427545730936e-03
3.782324055213251057e+01 5.791784575854564028e-03
3.807430609684078604e+01 5.686217704227347798e-03
3.832526519371521090e+01 5.595808974793876553e-03
3.857704530181875668e+01 5.481916162813242795e-03
3.882896255048217427e+01 5.427926312229461488e-03
3.907976684424035341e+01 5.329856422827764992e-03
3.933085588900704010e+01 5.230981707448761030e-03
3.958184533965361140e+01 5.132676854463559882e-03
3.983320492881626507e+01 5.046429889388593867e-03
4.008506787586624398e+01 4.943258880530397581e-03
4.033569471078550350e+01 4.860557060921680619e-03
4.058701345074587863e+01 4.792421015128073974e-03
4.083916815834436420e+01 4.737486058922824039e-03
4.108978611092747713e+01 4.676364007736054547e-03
4.134119394692694271e+01 4.531513901941864111e-03
4.159372926482761557e+01 4.487438401377046894e-03
4.184480996230068683e+01 4.408025562060995280e-03
4.209495048714620680e+01 4.318070610762381016e-03
4.234568601474854432e+01 4.260913918020055660e-03
4.259794184898333214e+01 4.197688331777125505e-03
4.284922176444433717e+01 4.152624984187302561e-03
4.309982534096671003e+01 4.072907153447107194e-03
4.335153475414617930e+01 3.999167421766355000e-03
4.360374984514007224e+01 3.967432937663873532e-03
4.385432838732079830e+01 3.874383116849884276e-03
4.410529766549178277e+01 3.816207796728681139e-03
4.435675536456894008e+01 3.793217165219097721e-03
4.460756668584335927e+01 3.740554733041614489e-03
4.485812369927145937e+01 3.643615210387445100e-03
4.510933196139897206e+01 3.589814428776399134e-03
4.536097672816924131e+01 3.547771790155197693e-03
4.561261869099184452e+01 3.495007085577831775e-03
4.586346064304911607e+01 3.415387678659661218e-03
4.611435299895526185e+01 3.399387679829544463e-03
4.636610302009028572e+01 3.321064238009081501e-03
4.661726081402038346e+01 3.232541333313704562e-03
4.686748045926628237e+01 3.227067530935368717e-03
4.712001000143001761e+01 3.216137109054565714e-03
4.737334269293729960e+01 3.142829476351465413e-03
4.762357272554871912e+01 3.098805602776654160e-03
4.787295862859781437e+01 3.053973235694566486e-03
4.812686710231834297e+01 3.031196167792434785e-03
4.837988354528783930e+01 2.988033987006958984e-03
4.862698975964909209e+01 2.914132574785467753e-03
4.887931961662670233e+01 2.871719667283430776e-03
4.913512531690142282e+01 2.809613635352660975e-03
4.938486646957150583e+01 2.805770758110031748e-03
4.963073103205424985e+01 2.779048857583075408e-03
4.988316058859187763e+01 2.725150683411112825e-03
5.013927392651110893e+01 2.684610952524034942e-03
5.038898445289544270e+01 2.605383961552311910e-03
5.063791314200675941e+01 2.566618550863524612e-03
5.089234515763529032e+01 2.567483165213458544e-03
5.114529266359630810e+01 2.533762560895887628e-03
5.138952878242714206e+01 2.582899677405800769e-03
5.163945178601188246e+01 2.453279670138716270e-03
5.190206698624180603e+01 2.393567686753430689e-03
5.215590084722179398e+01 2.468676523211855295e-03
5.238680673191466042e+01 2.426465682523386378e-03
5.263532591009818873e+01 2.366293312367027859e-03
5.290823119436031874e+01 2.290407445225108463e-03
5.316882575050344428e+01 2.268365100300256433e-03
5.338513341050097694e+01 2.202917769952517958e-03
5.363212510227822349e+01 2.361463012039920553e-03
5.391615723351310407e+01 2.294527779476751572e-03
5.419187693011466678e+01 2.075601154068048518e-03
5.439722241285236493e+01 2.049878638110166473e-03
5.462806064877949552e+01 2.141634830463428826e-03
5.491241494336609463e+01 1.822757359855580817e-03
5.519421446932921782e+01 2.177650807244763814e-03
5.543046826972861396e+01 1.126597520405793560e-03
5.561137265256709128e+01 1.478344022740309344e-03
