3.559856489878782115e-01 8.502632215793336172e+02
6.031648866026231293e-01 2.194659594467513557e+02
8.579160745827347778e-01 8.889118758321593816e+01
1.113464310595710716e+00 5.180157014595677367e+01
1.374039914321364408e+00 3.024627138213633515e+01
1.619154704570298309e+00 1.966716658312816790e+01
1.870686673430271840e+00 1.363419337850465141e+01
2.123290040706380832e+00 1.013032243420644107e+01
2.378144976376236119e+00 8.280824253187915929e+00
2.630489925835516996e+00 6.089206751085187719e+00
2.878653162679494670e+00 5.065591547071701228e+00
3.131144366275339319e+00 4.132530087082176173e+00
3.388159578333816313e+00 3.320793772080201212e+00
3.638741848210948149e+00 2.689022947286693999e+00
3.888315910732085268e+00 2.368526782268248532e+00
4.139052155837465996e+00 1.957940732602824419e+00
4.390305777018236988e+00 1.695436236298301758e+00
4.642172339120373081e+00 1.457915474853122895e+00
4.894678666149941293e+00 1.288073575286274419e+00
5.147269052361176378e+00 1.147830678030867579e+00
5.398003206656323272e+00 1.001269971746225229e+00
5.647798235368590269e+00 8.994684125708477529e-01
5.900534302989873581e+00 7.941773457283750615e-01
6.151460297009074374e+00 7.219008067097567594e-01
6.402630176204441526e+00 6.581724755630621315e-01
6.655964674748322096e+00 5.688653731356848597e-01
6.908782583105771202e+00 5.188036264855560020e-01
7.159060853508338873e+00 4.840161088606404483e-01
7.409414762591408632e+00 4.420446191692186666e-01
7.659227149364629561e+00 3.996777264244677497e-01
7.911559474606142395e+00 3.789649956457678548e-01
8.163750941790897997e+00 3.495514570890905226e-01
8.415757210439384295e+00 3.149818653008673586e-01
8.667638839289207198e+00 2.956699998686541098e-01
8.918801124864609520e+00 2.691149817060189964e-01
9.170480108345369530e+00 2.537538073742744427e-01
9.420566033467249412e+00 2.368729875643230121e-01
9.671642335271435797e+00 2.199881239695242185e-01
9.923426157758477473e+00 2.056553992478056814e-01
1.017396902749181820e+01 1.934003250219195058e-01
1.042533700753922155e+01 1.836459423465508500e-01
1.067702948358784276e+01 1.714843912582344754e-01
1.092969337256462303e+01 1.605082996091746483e-01
1.118211872033766419e+01 1.507790689766398406e-01
1.143346516925797296e+01 1.420204417171659628e-01
1.168350508557724687e+01 1.362443306857391567e-01
1.193379937775929100e+01 1.273698989311560226e-01
1.218553055762879112e+01 1.214192800190481009e-01
1.243711650801278878e+01 1.153504802205279206e-01
1.268867268647359303e+01 1.080106742785821583e-01
1.294075027177769144e+01 1.032029253357653747e-01
1.319267287020158363e+01 9.880284788340348845e-02
1.344470571782862756e+01 9.187723668682427902e-02
1.369480150283709641e+01 8.836010649248053628e-02
1.394591277066507828e+01 8.463564377822985207e-02
1.419764645764527167e+01 8.106374663593977903e-02
1.444766774168416212e+01 7.636493689498652371e-02
1.469906835825429070e+01 7.355145414092985334e-02
1.495059118111036511e+01 7.014658906636690727e-02
1.520261612590052991e+01 6.807376755798782986e-02
1.545415944503929495e+01 6.377047227676234387e-02
1.570456072545780124e+01 6.131053240937956589e-02
1.595705800128773966e+01 5.913738140617404160e-02
1.620829297830731619e+01 5.721434077167566329e-02
1.645966591028190962e+01 5.435548075199364559e-02
1.671125708846596325e+01 5.176844886866896478e-02
1.696160259490052624e+01 5.025291395834512176e-02
1.721370276108077135e+01 4.847600258522811317e-02
1.746543424102250341e+01 4.624339955585621276e-02
1.771598473288305442e+01 4.494480005856361926e-02
1.796653767411944003e+01 4.306717233960565688e-02
1.821765658501893270e+01 4.132076011637238894e-02
1.847053788120423334e+01 3.991878182328530839e-02
1.872257696809484173e+01 3.824498635772897309e-02
1.897394097105746269e+01 3.686941392474445828e-02
1.922542454726159988e+01 3.616525164433107703e-02
1.947607703355479103e+01 3.510182949971793476e-02
1.972678839839982601e+01 3.367048480396379884e-02
1.997802698857814363e+01 3.236981134776423241e-02
2.022863620534168660e+01 3.119414135573876645e-02
2.047969598507238231e+01 3.061150759711364633e-02
2.073250439107362553e+01 2.953115367216206308e-02
2.098435855211640089e+01 2.836388334549351520e-02
2.123502923393334640e+01 2.767584770836778799e-02
2.148629411178690773e+01 2.666666002275727698e-02
2.173831825513516591e+01 2.601895589134240946e-02
2.198972260956887226e+01 2.503910866963964671e-02
2.223974971000711420e+01 2.433319641648638149e-02
2.249141870643862973e+01 2.362520146319358263e-02
2.274404614890906373e+01 2.300988435171641075e-02
2.299521835768831579e+01 2.222686462640326502e-02
2.324620084136223852e+01 2.164613463997654835e-02
2.349757798664387209e+01 2.106901944175850611e-02
2.374870488118759937e+01 2.044692020931205764e-02
2.399988781917473091e+01 1.974141045817804849e-02
2.425071646049711305e+01 1.924324129258775037e-02
2.450187830577813841e+01 1.869864914962176411e-02
2.475391093216606109e+01 1.828802347162715447e-02
2.500524226975159792e+01 1.781678407955126359e-02
2.525610980153284402e+01 1.730088821405225200e-02
2.550801425092822328e+01 1.687229661412736545e-02
2.575943113325822864e+01 1.632977047393374681e-02
2.601074166866445125e+01 1.595554966080481654e-02
2.626234447079615464e+01 1.554114928036968296e-02
2.651347712943701751e+01 1.521831695112933584e-02
2.676474177984877656e+01 1.473302228219248305e-02
2.701628079430242479e+01 1.451038404902800678e-02
2.726734205837282232e+01 1.403784924872569090e-02
2.751837013544679422e+01 1.369923962911281067e-02
2.776937726815812724e+01 1.337142851322786936e-02
2.802070160973895341e+01 1.308598256873762591e-02
2.827249982643487058e+01 1.271206190945309462e-02
2.852407603869968966e+01 1.247996549656423156e-02
2.877567300468570721e+01 1.210818791845576399e-02
2.902733523039245256e+01 1.187113815462600801e-02
2.927861073083739996e+01 1.164528495521330656e-02
2.953003196193969160e+01 1.136778546921253345e-02
2.978106336846375157e+01 1.110086579688529876e-02
3.003148440777084716e+01 1.091317427352914669e-02
3.028303386126418673e+01 1.060112844808382658e-02
3.053456493440382857e+01 1.039045571971748683e-02
3.078585183944906944e+01 1.008817995769069158e-02
3.103757946070165730e+01 9.948948732950827628e-03
3.128931656795834826e+01 9.688418139467571896e-03
3.154125974608096428e+01 9.518497587409701505e-03
3.179158626791808828e+01 9.325668378478056686e-03
3.204196438636942190e+01 9.063269495270245488e-03
3.229344668057169798e+01 8.879149842785552527e-03
3.254489998018084407e+01 8.725819902205427664e-03
3.279660140319880668e+01 8.568102743594074519e-03
3.304772754686901237e+01 8.335399727178491314e-03
3.329949953441923327e+01 8.214089081364546116e-03
3.355173249539067371e+01 8.012375077526851658e-03
3.380235474142784824e+01 7.913846057291208658e-03
3.405292218889088218e+01 7.700534340969929573e-03
3.430455901572810262e+01 7.599068623884644089e-03
3.455605119154291316e+01 7.410850729703456589e-03
3.480708698418615654e+01 7.258264683018906573e-03
3.505823042281740243e+01 7.118716316522183223e-03
3.530983122122644602e+01 6.967932896921536640e-03
3.556111974160763367e+01 6.837235400960507518e-03
3.581195885960364933e+01 6.748471581789264144e-03
3.606348577968052638e+01 6.577348982854351080e-03
3.631495136683125935e+01 6.453643823886280606e-03
3.656646781331610185e+01 6.387050824539227713e-03
3.681800948534306173e+01 6.256334907905660922e-03
3.706942350460822411e+01 6.099285146756607164e-03
3.732119977997001570e+01 6.001770746849167601e-03
3.757249197135423202e+01 5.924665991906725993e-03
3.782324055213251057e+01 5.795262163100415795e-03
3.807430609684078604e+01 5.681862482077495308e-03
3.832526519371521090e+01 5.597184325208968969e-03
3.857704530181875668e+01 5.474931880848347109e-03
3.882896255048217427e+01 5.414303209478851450e-03
3.907976684424035341e+01 5.344566234008574918e-03
3.933085588900704010e+01 5.236137393410679117e-03
3.958184533965361140e+01 5.091731275033304673e-03
3.983320492881626507e+01 5.049286438410442550e-03
4.008506787586624398e+01 4.954376668716237685e-03
4.033569471078550350e+01 4.911875041498765804e-03
4.058701345074587863e+01 4.808794339117812740e-03
4.083916815834436420e+01 4.727432488522567179e-03
4.108978611092747713e+01 4.649962562174579997e-03
4.134119394692694271e+01 4.573215322289268456e-03
4.159372926482761557e+01 4.513249397776720843e-03
4.184480996230068683e+01 4.380467789974643728e-03
4.209495048714620680e+01 4.326647488366896707e-03
4.234568601474854432e+01 4.217803248960413920e-03
4.259794184898333214e+01 4.221827294362682712e-03
4.284922176444433717e+01 4.127600121600009941e-03
4.309982534096671003e+01 4.100986894051870772e-03
4.335153475414617930e+01 3.990653938847029021e-03
4.360374984514007224e+01 3.961461676185688494e-03
4.385432838732079830e+01 3.896879989755730293e-03
4.410529766549178277e+01 3.816590050842088265e-03
4.435675536456894008e+01 3.784994360983701556e-03
4.460756668584335927e+01 3.709829424465467540e-03
4.485812369927145937e+01 3.654300029277598658e-03
4.510933196139897206e+01 3.606597156965548213e-03
4.536097672816924131e+01 3.490747813634824219e-03
4.561261869099184452e+01 3.480433947874127937e-03
4.586346064304911607e+01 3.403628354679275655e-03
4.611435299895526185e+01 3.441635295949035424e-03
4.636610302009028572e+01 3.338030435155999419e-03
4.661726081402038346e+01 3.282498775872486063e-03
4.686748045926628237e+01 3.192638249555405233e-03
4.712001000143001761e+01 3.224405959569458680e-03
4.737334269293729960e+01 3.159973164906418330e-03
4.762357272554871912e+01 3.095316904223876630e-03
4.787295862859781437e+01 3.046285841108095638e-03
4.812686710231834297e+01 3.022060398505811273e-03
4.837988354528783930e+01 2.956088702741012895e-03
4.862698975964909209e+01 2.979174382325806662e-03
4.887931961662670233e+01 2.898694496077637572e-03
4.913512531690142282e+01 2.822767512505753446e-03
4.938486646957150583e+01 2.746032206840365395e-03
4.963073103205424985e+01 2.769725202091427585e-03
4.988316058859187763e+01 2.737576047513175063e-03
5.013927392651110893e+01 2.719500750320730156e-03
5.038898445289544270e+01 2.661976199555765935e-03
5.063791314200675941e+01 2.605586719606139880e-03
5.089234515763529032e+01 2.579999271721674595e-03
5.114529266359630810e+01 2.528101683427757141e-03
5.138952878242714206e+01 2.478129461797982155e-03
5.163945178601188246e+01 2.510587271747267372e-03
5.190206698624180603e+01 2.527260059241129720e-03
5.215590084722179398e+01 2.475731271188034380e-03
5.238680673191466042e+01 2.327599920971381697e-03
5.263532591009818873e+01 2.381978191935068840e-03
5.290823119436031874e+01 2.271433801754095191e-03
5.316882575050344428e+01 2.352994275489375849e-03
5.338513341050097694e+01 2.240420957534273571e-03
5.363212510227822349e+01 2.258050757673705188e-03
5.391615723351310407e+01 2.117788645502796403e-03
5.419187693011466678e+01 2.209555672957452116e-03
5.439722241285236493e+01 2.043826157573634152e-03
5.462806064877949552e+01 1.959369463016493070e-03
5.491241494336609463e+01 2.214309101040810510e-03
5.519421446932921782e+01 1.978763124790044754e-03
5.543046826972861396e+01 1.323219828161723705e-03
5.561137265256709128e+01 2.976014371944770906e-03
