3.559856489878782115e-01 5.865569509945860318e+02
6.031648866026231293e-01 1.957279800548181470e+02
8.579160745827347778e-01 1.010777357733817894e+02
1.113464310595710716e+00 5.136169877534189965e+01
1.374039914321364408e+00 2.880442192476583330e+01
1.619154704570298309e+00 1.958816582025204056e+01
1.870686673430271840e+00 1.185612623045856395e+01
2.123290040706380832e+00 1.029863445905865937e+01
2.378144976376236119e+00 8.182200056769714180e+00
2.630489925835516996e+00 6.130958036549920109e+00
2.878653162679494670e+00 4.839225032703595275e+00
3.131144366275339319e+00 4.125849744119433282e+00
3.388159578333816313e+00 3.163681957027205893e+00
3.638741848210948149e+00 2.719246543550820405e+00
3.888315910732085268e+00 2.310994212272953874e+00
4.139052155837465996e+00 1.987161859177016821e+00
4.390305777018236988e+00 1.612130936352595079e+00
4.642172339120373081e+00 1.474955274053407095e+00
4.894678666149941293e+00 1.281387189228048396e+00
5.147269052361176378e+00 1.126782298633349333e+00
5.398003206656323272e+00 1.048297734648117485e+00
5.647798235368590269e+00 8.941653373240300295e-01
5.900534302989873581e+00 7.862052433181434541e-01
6.151460297009074374e+00 7.104885631237335408e-01
6.402630176204441526e+00 6.476100229563145350e-01
6.655964674748322096e+00 5.974711350384585007e-01
6.908782583105771202e+00 5.278742832138664243e-01
7.159060853508338873e+00 4.706309004771079829e-01
7.409414762591408632e+00 4.442596976036383150e-01
7.659227149364629561e+00 4.056816359307774400e-01
7.911559474606142395e+00 3.692968783341509242e-01
8.163750941790897997e+00 3.393926160326338204e-01
8.415757210439384295e+00 3.227775248292467647e-01
8.667638839289207198e+00 2.954142537153384707e-01
8.918801124864609520e+00 2.764916598323299279e-01
9.170480108345369530e+00 2.555167853582419046e-01
9.420566033467249412e+00 2.339125607271790863e-01
9.671642335271435797e+00 2.223338519766797361e-01
9.923426157758477473e+00 2.065094268836977220e-01
1.017396902749181820e+01 1.956304906952935629e-01
1.042533700753922155e+01 1.816658417158310834e-01
1.067702948358784276e+01 1.708579544989202448e-01
1.092969337256462303e+01 1.609914346630388071e-01
1.118211872033766419e+01 1.515144641886206900e-01
1.143346516925797296e+01 1.401807704658518117e-01
1.168350508557724687e+01 1.343780495831843058e-01
1.193379937775929100e+01 1.265273848810679058e-01
1.218553055762879112e+01 1.205070406447986964e-01
1.243711650801278878e+01 1.141921727863667302e-01
1.268867268647359303e+01 1.070503599443470705e-01
1.294075027177769144e+01 1.028613646664361669e-01
1.319267287020158363e+01 9.844106582076118939e-02
1.344470571782862756e+01 9.196309379434530751e-02
1.369480150283709641e+01 8.890642151070500543e-02
1.394591277066507828e+01 8.442084298437134426e-02
1.419764645764527167e+01 8.090997880723554969e-02
1.444766774168416212e+01 7.614377477874902100e-02
1.469906835825429070e+01 7.350396712417905931e-02
1.495059118111036511e+01 6.953076467239964475e-02
1.520261612590052991e+01 6.694166515659449868e-02
1.545415944503929495e+01 6.373116641550354011e-02
1.570456072545780124e+01 6.170032956739259639e-02
1.595705800128773966e+01 5.867476219001789561e-02
1.620829297830731619e+01 5.584776155317557750e-02
1.645966591028190962e+01 5.412608379845237905e-02
1.671125708846596325e+01 5.183185094094092810e-02
1.696160259490052624e+01 5.008129634993278845e-02
1.721370276108077135e+01 4.815891432138354883e-02
1.746543424102250341e+01 4.606438464850815678e-02
1.771598473288305442e+01 4.502857224695602095e-02
1.796653767411944003e+01 4.315579807083013558e-02
1.821765658501893270e+01 4.189651080902746100e-02
1.847053788120423334e+01 4.020275317160679207e-02
1.872257696809484173e+01 3.855026556845791291e-02
1.897394097105746269e+01 3.715511606401293576e-02
1.922542454726159988e+01 3.579536015688700862e-02
1.947607703355479103e+01 3.469098797941194690e-02
1.972678839839982601e+01 3.369981580111135189e-02
1.997802698857814363e+01 3.237189270815864217e-02
2.022863620534168660e+01 3.107595362715077220e-02
2.047969598507238231e+01 3.036465970971867837e-02
2.073250439107362553e+01 2.954513708118812129e-02
2.098435855211640089e+01 2.836708786841105751e-02
2.123502923393334640e+01 2.733488813738714149e-02
2.148629411178690773e+01 2.690345843244721161e-02
2.173831825513516591e+01 2.597496619618835934e-02
2.198972260956887226e+01 2.502717375487610238e-02
2.223974971000711420e+01 2.425063839207474564e-02
2.249141870643862973e+01 2.375139252419666835e-02
2.274404614890906373e+01 2.290836693284502637e-02
2.299521835768831579e+01 2.216974644777158776e-02
2.324620084136223852e+01 2.163397941764666488e-02
2.349757798664387209e+01 2.111451155881834477e-02
2.374870488118759937e+01 2.042697198498475211e-02
2.399988781917473091e+01 1.974378416769221808e-02
2.425071646049711305e+01 1.920030532937849060e-02
2.450187830577813841e+01 1.879124189212796892e-02
2.475391093216606109e+01 1.829494263095519935e-02
2.500524226975159792e+01 1.783843396561251085e-02
2.525610980153284402e+01 1.748982303615199962e-02
2.550801425092822328e+01 1.693655790570686853e-02
2.575943113325822864e+01 1.649396048097379400e-02
2.601074166866445125e+01 1.603245242440003160e-02
2.626234447079615464e+01 1.555754327143939707e-02
2.651347712943701751e+01 1.518046906776534741e-02
2.676474177984877656e+01 1.484989420228148040e-02
2.701628079430242479e+01 1.441690161127714802e-02
2.726734205837282232e+01 1.404588205414404253e-02
2.751837013544679422e+01 1.369252529562820647e-02
2.776937726815812724e+01 1.332743914103333080e-02
2.802070160973895341e+01 1.305071128812438849e-02
2.827249982643487058e+01 1.273653851278598592e-02
2.852407603869968966e+01 1.247471301024055505e-02
2.877567300468570721e+01 1.218698767963452556e-02
2.902733523039245256e+01 1.184267497128205747e-02
2.927861073083739996e+01 1.159758243904654602e-02
2.953003196193969160e+01 1.131779397158127858e-02
2.978106336846375157e+01 1.110176662491823077e-02
3.003148440777084716e+01 1.079597063779558740e-02
3.028303386126418673e+01 1.065452300640615246e-02
3.053456493440382857e+01 1.033249071623689765e-02
3.078585183944906944e+01 1.009205970816197916e-02
3.103757946070165730e+01 9.902138116270810253e-03
3.128931656795834826e+01 9.724366927722719739e-03
3.154125974608096428e+01 9.489881096074242670e-03
3.179158626791808828e+01 9.245073784123760199e-03
3.204196438636942190e+01 9.077973049806916869e-03
3.229344668057169798e+01 8.911482232570936551e-03
3.254489998018084407e+01 8.710963541059086809e-03
3.279660140319880668e+01 8.534000379490763386e-03
3.304772754686901237e+01 8.375875062565213067e-03
3.329949953441923327e+01 8.233051613157090984e-03
3.355173249539067371e+01 8.072579295566388938e-03
3.380235474142784824e+01 7.862732208663191641e-03
3.405292218889088218e+01 7.692102312200951864e-03
3.430455901572810262e+01 7.603768847380773521e-03
3.455605119154291316e+01 7.395156724005604552e-03
3.480708698418615654e+01 7.304699913055084232e-03
3.505823042281740243e+01 7.097882714069870744e-03
3.530983122122644602e+01 7.028934578044136565e-03
3.556111974160763367e+01 6.874607998109259765e-03
3.581195885960364933e+01 6.729727537051037774e-03
3.606348577968052638e+01 6.619642259166967635e-03
3.631495136683125935e+01 6.422610015537387820e-03
3.656646781331610185e+01 6.361093695582776229e-03
3.681800948534306173e+01 6.242622846268337279e-03
3.706942350460822411e+01 6.115133865790535646e-03
3.732119977997001570e+01 6.030986712632671089e-03
3.757249197135423202e+01 5.966188001740948404e-03
3.782324055213251057e+01 5.840488363324980794e-03
3.807430609684078604e+01 5.707296396037234848e-03
3.832526519371521090e+01 5.616487848118061760e-03
3.857704530181875668e+01 5.482755898993379486e-03
3.882896255048217427e+01 5.437208870475164837e-03
3.907976684424035341e+01 5.317144766341706449e-03
3.933085588900704010e+01 5.243157122060587358e-03
3.958184533965361140e+01 5.125780015584105107e-03
3.983320492881626507e+01 5.055707096210476648e-03
4.008506787586624398e+01 4.955748331921342245e-03
4.033569471078550350e+01 4.893785096472954080e-03
4.058701345074587863e+01 4.755986817349881594e-03
4.083916815834436420e+01 4.705581364888922376e-03
4.108978611092747713e+01 4.640206593296133594e-03
4.134119394692694271e+01 4.549274182315546193e-03
4.159372926482761557e+01 4.500683812225670516e-03
4.184480996230068683e+01 4.403632827962542483e-03
4.209495048714620680e+01 4.306879750275506222e-03
4.234568601474854432e+01 4.241695313338364991e-03
4.259794184898333214e+01 4.169503388444436957e-03
4.284922176444433717e+01 4.118790110305072145e-03
4.309982534096671003e+01 4.070637160024597086e-03
4.335153475414617930e+01 4.016629961974548489e-03
4.360374984514007224e+01 3.941821386202304378e-03
4.385432838732079830e+01 3.862920775118765335e-03
4.410529766549178277e+01 3.811596740008866245e-03
4.435675536456894008e+01 3.759964787910046857e-03
4.460756668584335927e+01 3.709930620253081273e-03
4.485812369927145937e+01 3.646311952159972565e-03
4.510933196139897206e+01 3.600123474656182626e-03
4.536097672816924131e+01 3.515222195977362948e-03
4.561261869099184452e+01 3.485837875596818018e-03
4.586346064304911607e+01 3.426744213773302242e-03
4.611435299895526185e+01 3.391265989642620968e-03
4.636610302009028572e+01 3.324693373870441209e-03
4.661726081402038346e+01 3.257366267263309828e-03
4.686748045926628237e+01 3.209968344783993132e-03
4.712001000143001761e+01 3.209905849231715208e-03
4.737334269293729960e+01 3.152646070265597861e-03
4.762357272554871912e+01 3.068793342114011814e-03
4.787295862859781437e+01 3.057402239770337128e-03
4.812686710231834297e+01 2.986580550701523843e-03
4.837988354528783930e+01 2.945046435473676425e-03
4.862698975964909209e+01 2.904850588830947163e-03
4.887931961662670233e+01 2.905513773260354378e-03
4.913512531690142282e+01 2.811985763662143856e-03
4.938486646957150583e+01 2.758507047276844218e-03
4.963073103205424985e+01 2.759437456990487553e-03
4.988316058859187763e+01 2.729983202091052722e-03
5.013927392651110893e+01 2.714102605648832222e-03
5.038898445289544270e+01 2.641452789161502935e-03
5.063791314200675941e+01 2.621051254700856002e-03
5.089234515763529032e+01 2.603147053076939211e-03
5.114529266359630810e+01 2.578031661578287538e-03
5.138952878242714206e+01 2.560368766940054365e-03
5.163945178601188246e+01 2.465508280521606314e-03
5.190206698624180603e+01 2.352533525080778738e-03
5.215590084722179398e+01 2.476018989499009608e-03
5.238680673191466042e+01 2.409510299536657321e-03
5.263532591009818873e+01 2.377004936860203834e-03
5.290823119436031874e+01 2.342142438173612159e-03
5.316882575050344428e+01 2.182295240574679430e-03
5.338513341050097694e+01 2.341032626481603842e-03
5.363212510227822349e+01 2.298554759833348112e-03
5.391615723351310407e+01 2.219259838170428798e-03
5.419187693011466678e+01 2.205950201644586803e-03
5.439722241285236493e+01 2.177335240883122771e-03
5.462806064877949552e+01 2.030841014385476994e-03
5.491241494336609463e+01 2.069334665652780222e-03
5.519421446932921782e+01 2.124488313665032647e-03
5.543046826972861396e+01 2.364472299821989126e-03
5.561137265256709128e+01 2.830205489838496288e-03
