3.559856489878782115e-01 5.688292468034143212e+02
6.031648866026231293e-01 1.879835172288611318e+02
8.579160745827347778e-01 8.535768824234169472e+01
1.113464310595710716e+00 3.648597092062804848e+01
1.374039914321364408e+00 2.928929102127721507e+01
1.619154704570298309e+00 1.763195171476454703e+01
1.870686673430271840e+00 1.474878749638099151e+01
2.123290040706380832e+00 1.098620351187433286e+01
2.378144976376236119e+00 7.617266621870069976e+00
2.630489925835516996e+00 6.122068375276375818e+00
2.878653162679494670e+00 4.982744805940015453e+00
3.131144366275339319e+00 4.038264625547076214e+00
3.388159578333816313e+00 3.186735607209912668e+00
3.638741848210948149e+00 2.655720654774735401e+00
3.888315910732085268e+00 2.373769976149204819e+00
4.139052155837465996e+00 2.018239538858610516e+00
4.390305777018236988e+00 1.714738350213143692e+00
4.642172339120373081e+00 1.455537679289531150e+00
4.894678666149941293e+00 1.309122387343711891e+00
5.147269052361176378e+00 1.118386604277865848e+00
5.398003206656323272e+00 9.944348912558579334e-01
5.647798235368590269e+00 9.047262329249978752e-01
5.900534302989873581e+00 7.847502287136181032e-01
6.151460297009074374e+00 7.107166328124537857e-01
6.402630176204441526e+00 6.475620470024886499e-01
6.655964674748322096e+00 5.896238716591889473e-01
6.908782583105771202e+00 5.245456403528985234e-01
7.159060853508338873e+00 4.859849937493780914e-01
7.409414762591408632e+00 4.455833913641150668e-01
7.659227149364629561e+00 4.000333440928473538e-01
7.911559474606142395e+00 3.803266228190922416e-01
8.163750941790897997e+00 3.472675140281517026e-01
8.415757210439384295e+00 3.126244345595080576e-01
8.667638839289207198e+00 2.982435208808273952e-01
8.918801124864609520e+00 2.756648131115005951e-01
9.170480108345369530e+00 2.576279419763394807e-01
9.420566033467249412e+00 2.354559460329554432e-01
9.671642335271435797e+00 2.229531012125450240e-01
9.923426157758477473e+00 2.067478323982684663e-01
1.017396902749181820e+01 1.915965258244000102e-01
1.042533700753922155e+01 1.806683616257960534e-01
1.067702948358784276e+01 1.714503307927124354e-01
1.092969337256462303e+01 1.595091039837341351e-01
1.118211872033766419e+01 1.492893825641039007e-01
1.143346516925797296e+01 1.443714072065784837e-01
1.168350508557724687e+01 1.345630550683880322e-01
1.193379937775929100e+01 1.268850793958009593e-01
1.218553055762879112e+01 1.200046883819042565e-01
1.243711650801278878e+01 1.135301451844808185e-01
1.268867268647359303e+01 1.084479713297459708e-01
1.294075027177769144e+01 1.029392263278951780e-01
1.319267287020158363e+01 9.782160777862475287e-02
1.344470571782862756e+01 9.314579540676543035e-02
1.369480150283709641e+01 8.933842536238535692e-02
1.394591277066507828e+01 8.531885004927924898e-02
1.419764645764527167e+01 8.076874847349140019e-02
1.444766774168416212e+01 7.744786372589197720e-02
1.469906835825429070e+01 7.315783016238630587e-02
1.495059118111036511e+01 6.983984853980330920e-02
1.520261612590052991e+01 6.709150556828845369e-02
1.545415944503929495e+01 6.363269626587639283e-02
1.570456072545780124e+01 6.118018747953869046e-02
1.595705800128773966e+01 5.836608396534502530e-02
1.620829297830731619e+01 5.678614914187113394e-02
1.645966591028190962e+01 5.399909083152807515e-02
1.671125708846596325e+01 5.253454224152710045e-02
1.696160259490052624e+01 4.993930973226208547e-02
1.721370276108077135e+01 4.861493183088306386e-02
1.746543424102250341e+01 4.713393556584501848e-02
1.771598473288305442e+01 4.454962673545617008e-02
1.796653767411944003e+01 4.300371110253019269e-02
1.821765658501893270e+01 4.176210778427087017e-02
1.847053788120423334e+01 3.991732441722926211e-02
1.872257696809484173e+01 3.898077530306345850e-02
1.897394097105746269e+01 3.713583882199147923e-02
1.922542454726159988e+01 3.596215050578090849e-02
1.947607703355479103e+01 3.447511815228147120e-02
1.972678839839982601e+01 3.361288388430392488e-02
1.997802698857814363e+01 3.244410977081977482e-02
2.022863620534168660e+01 3.153669792592950910e-02
2.047969598507238231e+01 3.048290901288997976e-02
2.073250439107362553e+01 2.949807438448751734e-02
2.098435855211640089e+01 2.848875000464493393e-02
2.123502923393334640e+01 2.764382678943817437e-02
2.148629411178690773e+01 2.660731294549837159e-02
2.173831825513516591e+01 2.610851839978885550e-02
2.198972260956887226e+01 2.504442665821818986e-02
2.223974971000711420e+01 2.426977686688859201e-02
2.249141870643862973e+01 2.350658636486285119e-02
2.274404614890906373e+01 2.303308028167540614e-02
2.299521835768831579e+01 2.219313736661339756e-02
2.324620084136223852e+01 2.138724764305073231e-02
2.349757798664387209e+01 2.084937128283547575e-02
2.374870488118759937e+01 2.039446119991799103e-02
2.399988781917473091e+01 1.987393814464221559e-02
2.425071646049711305e+01 1.915012364891136368e-02
2.450187830577813841e+01 1.878400379691439956e-02
2.475391093216606109e+01 1.826959071971881454e-02
2.500524226975159792e+01 1.770252013683971601e-02
2.525610980153284402e+01 1.728861128563151037e-02
2.550801425092822328e+01 1.684442224434077803e-02
2.575943113325822864e+01 1.641514946518027318e-02
2.601074166866445125e+01 1.600427530404844798e-02
2.626234447079615464e+01 1.555103348012372780e-02
2.651347712943701751e+01 1.511509333257711994e-02
2.676474177984877656e+01 1.471971386651898563e-02
2.701628079430242479e+01 1.453216612684347930e-02
2.726734205837282232e+01 1.397011835828542922e-02
2.751837013544679422e+01 1.364123922137534632e-02
2.776937726815812724e+01 1.344762165599106690e-02
2.802070160973895341e+01 1.304657514926690909e-02
2.827249982643487058e+01 1.273105450633316496e-02
2.852407603869968966e+01 1.247468908841042369e-02
2.877567300468570721e+01 1.220421864965277534e-02
2.902733523039245256e+01 1.198026926579349657e-02
2.927861073083739996e+01 1.164957819846618170e-02
2.953003196193969160e+01 1.130104176240969566e-02
2.978106336846375157e+01 1.112572076691794101e-02
3.003148440777084716e+01 1.083657282544925327e-02
3.028303386126418673e+01 1.061098161275900696e-02
3.053456493440382857e+01 1.038583423715497278e-02
3.078585183944906944e+01 1.008542717075617233e-02
3.103757946070165730e+01 9.945756774549851381e-03
3.128931656795834826e+01 9.689149569847453278e-03
3.154125974608096428e+01 9.431059824907729247e-03
3.179158626791808828e+01 9.321208455141173979e-03
3.204196438636942190e+01 9.076898749448683579e-03
3.229344668057169798e+01 8.931992621541786498e-03
3.254489998018084407e+01 8.748198564530801011e-03
3.279660140319880668e+01 8.501719395014508546e-03
3.304772754686901237e+01 8.351266345933694435e-03
3.329949953441923327e+01 8.188308089263438699e-03
3.355173249539067371e+01 8.045515582051635667e-03
3.380235474142784824e+01 7.876512222695562088e-03
3.405292218889088218e+01 7.687243144037615890e-03
3.430455901572810262e+01 7.571833632237572227e-03
3.455605119154291316e+01 7.433749449157214806e-03
3.480708698418615654e+01 7.304669405495894420e-03
3.505823042281740243e+01 7.121298883628664894e-03
3.530983122122644602e+01 7.018205648522030798e-03
3.556111974160763367e+01 6.852551021157651280e-03
3.581195885960364933e+01 6.766014610827441461e-03
3.606348577968052638e+01 6.605807462200873927e-03
3.631495136683125935e+01 6.445416133144421522e-03
3.656646781331610185e+01 6.356605075437558525e-03
3.681800948534306173e+01 6.218235089248382030e-03
3.706942350460822411e+01 6.143028701195736921e-03
3.732119977997001570e+01 6.017776075646092543e-03
3.757249197135423202e+01 5.904309791602624542e-03
3.782324055213251057e+01 5.814909021933949498e-03
3.807430609684078604e+01 5.702329508631590743e-03
3.832526519371521090e+01 5.635899014227160018e-03
3.857704530181875668e+01 5.515572077247601381e-03
3.882896255048217427e+01 5.420684946685852372e-03
3.907976684424035341e+01 5.294977869295567144e-03
3.933085588900704010e+01 5.218420393439862810e-03
3.958184533965361140e+01 5.137270611788598285e-03
3.983320492881626507e+01 5.070713464434070325e-03
4.008506787586624398e+01 4.958127244073013210e-03
4.033569471078550350e+01 4.921179733028041396e-03
4.058701345074587863e+01 4.813824021677803183e-03
4.083916815834436420e+01 4.718815897031752166e-03
4.108978611092747713e+01 4.621006813242424342e-03
4.134119394692694271e+01 4.560447021166527323e-03
4.159372926482761557e+01 4.481615870066264253e-03
4.184480996230068683e+01 4.434420324852693905e-03
4.209495048714620680e+01 4.357360440628481844e-03
4.234568601474854432e+01 4.283277441891789918e-03
4.259794184898333214e+01 4.207413523938602698e-03
4.284922176444433717e+01 4.133423761551042498e-03
4.309982534096671003e+01 4.085489259815339690e-03
4.335153475414617930e+01 4.007210700722061737e-03
4.360374984514007224e+01 3.944057810221088083e-03
4.385432838732079830e+01 3.872010460982016830e-03
4.410529766549178277e+01 3.797137951864232742e-03
4.435675536456894008e+01 3.733937536067223270e-03
4.460756668584335927e+01 3.711458364523163769e-03
4.485812369927145937e+01 3.625818398341931759e-03
4.510933196139897206e+01 3.603002519948827163e-03
4.536097672816924131e+01 3.547027338352194258e-03
4.561261869099184452e+01 3.486557232755901729e-03
4.586346064304911607e+01 3.434816070294709547e-03
4.611435299895526185e+01 3.348616041355155417e-03
4.636610302009028572e+01 3.331099239320047846e-03
4.661726081402038346e+01 3.270654569253002818e-03
4.686748045926628237e+01 3.212774500747503630e-03
4.712001000143001761e+01 3.200080293622018304e-03
4.737334269293729960e+01 3.120002687039490161e-03
4.762357272554871912e+01 3.068556030088166828e-03
4.787295862859781437e+01 3.052605728982819323e-03
4.812686710231834297e+01 3.010840683621952320e-03
4.837988354528783930e+01 2.995014870389486016e-03
4.862698975964909209e+01 2.936868093419728581e-03
4.887931961662670233e+01 2.815549586349736216e-03
4.913512531690142282e+01 2.814372706746677989e-03
4.938486646957150583e+01 2.846046472899408080e-03
4.963073103205424985e+01 2.791035592964181966e-03
4.988316058859187763e+01 2.754707403161563498e-03
5.013927392651110893e+01 2.638905038388722306e-03
5.038898445289544270e+01 2.672163686262402343e-03
5.063791314200675941e+01 2.583683490495988257e-03
5.089234515763529032e+01 2.621782966281482365e-03
5.114529266359630810e+01 2.529879424417596622e-03
5.138952878242714206e+01 2.540757260981595534e-03
5.163945178601188246e+01 2.453854110563277822e-03
5.190206698624180603e+01 2.391828278489655304e-03
5.215590084722179398e+01 2.360484064545791388e-03
5.238680673191466042e+01 2.437500290933511220e-03
5.263532591009818873e+01 2.373884398346987491e-03
5.290823119436031874e+01 2.331205336461498676e-03
5.316882575050344428e+01 2.348362105492685006e-03
5.338513341050097694e+01 2.211227520613972576e-03
5.363212510227822349e+01 2.162072800629924029e-03
5.391615723351310407e+01 2.278607139240525128e-03
5.419187693011466678e+01 2.132310561703518875e-03
5.439722241285236493e+01 2.064951960857629339e-03
5.462806064877949552e+01 2.356132899473331252e-03
5.491241494336609463e+01 2.045654772526299056e-03
5.519421446932921782e+01 2.392673437593022690e-03
5.543046826972861396e+01 3.127616254211970214e-03
5.561137265256709128e+01 3.170156824948592873e-03
