3.559856489878782115e-01 8.332642264325522774e+02
6.031648866026231293e-01 2.152015663224993887e+02
8.579160745827347778e-01 9.616210361421893538e+01
1.113464310595710716e+00 4.636835607833638306e+01
1.374039914321364408e+00 3.012937813276041865e+01
1.619154704570298309e+00 1.956955395635592510e+01
1.870686673430271840e+00 1.289147469829779702e+01
2.123290040706380832e+00 1.120187923796411233e+01
2.378144976376236119e+00 7.913581037035666732e+00
2.630489925835516996e+00 6.009842367458412049e+00
2.878653162679494670e+00 4.704200954627699716e+00
3.131144366275339319e+00 4.004692307374085658e+00
3.388159578333816313e+00 3.272239065633888444e+00
3.638741848210948149e+00 2.758787527743387979e+00
3.888315910732085268e+00 2.345582162027963324e+00
4.139052155837465996e+00 1.940228740315669498e+00
4.390305777018236988e+00 1.788814335184408577e+00
4.642172339120373081e+00 1.442900421729155003e+00
4.894678666149941293e+00 1.288097851467115529e+00
5.147269052361176378e+00 1.080327421161665802e+00
5.398003206656323272e+00 9.813814901943780367e-01
5.647798235368590269e+00 9.057185525780866442e-01
5.900534302989873581e+00 8.026985589632129603e-01
6.151460297009074374e+00 7.164327357025022103e-01
6.402630176204441526e+00 6.550930961788347107e-01
6.655964674748322096e+00 5.838200640429533905e-01
6.908782583105771202e+00 5.313238997039404499e-01
7.159060853508338873e+00 4.784821535414702787e-01
7.409414762591408632e+00 4.449702537149244908e-01
7.659227149364629561e+00 4.003237849263375225e-01
7.911559474606142395e+00 3.749875364528557076e-01
8.163750941790897997e+00 3.441081561794359645e-01
8.415757210439384295e+00 3.215794921869342127e-01
8.667638839289207198e+00 2.906949967318957495e-01
8.918801124864609520e+00 2.792967781204938049e-01
9.170480108345369530e+00 2.529944479521057943e-01
9.420566033467249412e+00 2.338702060781928105e-01
9.671642335271435797e+00 2.195800245770042902e-01
9.923426157758477473e+00 2.037372429687784037e-01
1.017396902749181820e+01 1.934719800296955672e-01
1.042533700753922155e+01 1.814166843655415085e-01
1.067702948358784276e+01 1.743186178828855237e-01
1.092969337256462303e+01 1.612222532405221398e-01
1.118211872033766419e+01 1.534845095779570345e-01
1.143346516925797296e+01 1.424106038946763853e-01
1.168350508557724687e+01 1.330016943979075439e-01
1.193379937775929100e+01 1.292423926364529851e-01
1.218553055762879112e+01 1.206791610489162531e-01
1.243711650801278878e+01 1.153010321868934568e-01
1.268867268647359303e+01 1.084090509529202356e-01
1.294075027177769144e+01 1.022622714601414823e-01
1.319267287020158363e+01 9.764661873912053314e-02
1.344470571782862756e+01 9.304962029181516880e-02
1.369480150283709641e+01 8.749460366239132647e-02
1.394591277066507828e+01 8.513594183626198297e-02
1.419764645764527167e+01 8.119212721180368852e-02
1.444766774168416212e+01 7.741787470702936325e-02
1.469906835825429070e+01 7.440287326766256704e-02
1.495059118111036511e+01 7.005076224515072170e-02
1.520261612590052991e+01 6.746560984494230639e-02
1.545415944503929495e+01 6.496686475381488468e-02
1.570456072545780124e+01 6.110101149890301286e-02
1.595705800128773966e+01 5.955722425465445613e-02
1.620829297830731619e+01 5.666201577465974915e-02
1.645966591028190962e+01 5.431796458075408701e-02
1.671125708846596325e+01 5.234802930570282842e-02
1.696160259490052624e+01 4.996262865184405294e-02
1.721370276108077135e+01 4.819610479559932603e-02
1.746543424102250341e+01 4.665796662613271722e-02
1.771598473288305442e+01 4.429758675328677314e-02
1.796653767411944003e+01 4.317618155019345427e-02
1.821765658501893270e+01 4.124234684322876376e-02
1.847053788120423334e+01 3.982524100365299885e-02
1.872257696809484173e+01 3.826703400118816600e-02
1.897394097105746269e+01 3.719094774669911424e-02
1.922542454726159988e+01 3.620828911351933049e-02
1.947607703355479103e+01 3.503918900081442328e-02
1.972678839839982601e+01 3.357958594986402978e-02
1.997802698857814363e+01 3.263070213024083649e-02
2.022863620534168660e+01 3.149321171953350929e-02
2.047969598507238231e+01 3.008534858345004309e-02
2.073250439107362553e+01 2.925505725995507927e-02
2.098435855211640089e+01 2.836352059054637192e-02
2.123502923393334640e+01 2.744278099853245112e-02
2.148629411178690773e+01 2.666790293396562039e-02
2.173831825513516591e+01 2.570307715064426915e-02
2.198972260956887226e+01 2.515583311194282204e-02
2.223974971000711420e+01 2.431589061921327413e-02
2.249141870643862973e+01 2.337506482201167149e-02
2.274404614890906373e+01 2.296384493387143566e-02
2.299521835768831579e+01 2.214814817589400714e-02
2.324620084136223852e+01 2.152069649689719935e-02
2.349757798664387209e+01 2.097022726958910205e-02
2.374870488118759937e+01 2.038130454078981163e-02
2.399988781917473091e+01 1.977298440527148343e-02
2.425071646049711305e+01 1.931949168194381505e-02
2.450187830577813841e+01 1.875598819413759263e-02
2.475391093216606109e+01 1.828697090966827435e-02
2.500524226975159792e+01 1.764249253024990916e-02
2.525610980153284402e+01 1.732197062656883058e-02
2.550801425092822328e+01 1.677453797622305287e-02
2.575943113325822864e+01 1.630592231700697670e-02
2.601074166866445125e+01 1.597570399821751988e-02
2.626234447079615464e+01 1.559760545497515700e-02
2.651347712943701751e+01 1.519451636702588010e-02
2.676474177984877656e+01 1.487682680074964639e-02
2.701628079430242479e+01 1.443223876871178521e-02
2.726734205837282232e+01 1.406961593764520166e-02
2.751837013544679422e+01 1.364520835926803094e-02
2.776937726815812724e+01 1.344840466766076235e-02
2.802070160973895341e+01 1.308725760316503846e-02
2.827249982643487058e+01 1.271164211749511302e-02
2.852407603869968966e+01 1.236664563272948242e-02
2.877567300468570721e+01 1.208460562961274909e-02
2.902733523039245256e+01 1.187224161128268285e-02
2.927861073083739996e+01 1.163739430581408642e-02
2.953003196193969160e+01 1.140473026283426831e-02
2.978106336846375157e+01 1.113593598040345765e-02
3.003148440777084716e+01 1.080326618039140901e-02
3.028303386126418673e+01 1.060541201638110984e-02
3.053456493440382857e+01 1.037416027396544961e-02
3.078585183944906944e+01 1.017506692263272020e-02
3.103757946070165730e+01 9.915987087686555304e-03
3.128931656795834826e+01 9.714580049124284938e-03
3.154125974608096428e+01 9.493308577110578725e-03
3.179158626791808828e+01 9.301156081854193222e-03
3.204196438636942190e+01 9.141681817409205019e-03
3.229344668057169798e+01 8.897315642550179121e-03
3.254489998018084407e+01 8.723123732577754696e-03
3.279660140319880668e+01 8.541615741522210620e-03
3.304772754686901237e+01 8.375185435317946889e-03
3.329949953441923327e+01 8.200897795093482767e-03
3.355173249539067371e+01 8.071958200931836011e-03
3.380235474142784824e+01 7.832433892130882813e-03
3.405292218889088218e+01 7.729697848745812998e-03
3.430455901572810262e+01 7.538693251844481857e-03
3.455605119154291316e+01 7.430226195002346580e-03
3.480708698418615654e+01 7.276680733369445681e-03
3.505823042281740243e+01 7.126883570479466273e-03
3.530983122122644602e+01 7.015454828769695193e-03
3.556111974160763367e+01 6.814246136865836738e-03
3.581195885960364933e+01 6.768123824283272735e-03
3.606348577968052638e+01 6.614695771725487630e-03
3.631495136683125935e+01 6.479147494557572183e-03
3.656646781331610185e+01 6.349118282749605796e-03
3.681800948534306173e+01 6.217135202025158257e-03
3.706942350460822411e+01 6.127604426965558432e-03
3.732119977997001570e+01 6.019792510937423818e-03
3.757249197135423202e+01 5.914166366890497364e-03
3.782324055213251057e+01 5.827033365499024835e-03
3.807430609684078604e+01 5.676961598395751686e-03
3.832526519371521090e+01 5.597406357973213654e-03
3.857704530181875668e+01 5.493682816662628747e-03
3.882896255048217427e+01 5.410967715681727457e-03
3.907976684424035341e+01 5.304389579752681258e-03
3.933085588900704010e+01 5.233514575514018261e-03
3.958184533965361140e+01 5.143426882951155320e-03
3.983320492881626507e+01 5.047182493679597953e-03
4.008506787586624398e+01 4.970748481359356548e-03
4.033569471078550350e+01 4.874013285519622658e-03
4.058701345074587863e+01 4.821580212105031245e-03
4.083916815834436420e+01 4.698285009950190806e-03
4.108978611092747713e+01 4.622115359467595871e-03
4.134119394692694271e+01 4.571038056120334432e-03
4.159372926482761557e+01 4.496177578909964744e-03
4.184480996230068683e+01 4.429144427803871631e-03
4.209495048714620680e+01 4.330836484492026593e-03
4.234568601474854432e+01 4.239434218155960568e-03
4.259794184898333214e+01 4.199077428884828538e-03
4.284922176444433717e+01 4.149033282203499172e-03
4.309982534096671003e+01 4.068554255488968791e-03
4.335153475414617930e+01 3.977002283590816943e-03
4.360374984514007224e+01 3.899396902108446823e-03
4.385432838732079830e+01 3.890052154029067458e-03
4.410529766549178277e+01 3.791362734088125734e-03
4.435675536456894008e+01 3.732855742753355115e-03
4.460756668584335927e+01 3.729706311173950923e-03
4.485812369927145937e+01 3.608742794830860703e-03
4.510933196139897206e+01 3.560359045829804281e-03
4.536097672816924131e+01 3.531246902803536827e-03
4.561261869099184452e+01 3.489839590798380492e-03
4.586346064304911607e+01 3.439252142772552742e-03
4.611435299895526185e+01 3.377178825243418083e-03
4.636610302009028572e+01 3.338039575262193893e-03
4.661726081402038346e+01 3.294217674543412772e-03
4.686748045926628237e+01 3.245064688875793409e-03
4.712001000143001761e+01 3.210544244946824614e-03
4.737334269293729960e+01 3.147223724392099464e-03
4.762357272554871912e+01 3.092580262529997463e-03
4.787295862859781437e+01 3.008297929694977307e-03
4.812686710231834297e+01 3.031767689878112852e-03
4.837988354528783930e+01 2.940751732118997500e-03
4.862698975964909209e+01 2.918272667555739386e-03
4.887931961662670233e+01 2.897868946438475826e-03
4.913512531690142282e+01 2.816200904849431967e-03
4.938486646957150583e+01 2.774930091870989220e-03
4.963073103205424985e+01 2.730611518318543443e-03
4.988316058859187763e+01 2.698311395475604200e-03
5.013927392651110893e+01 2.719365278234281164e-03
5.038898445289544270e+01 2.620508545970966913e-03
5.063791314200675941e+01 2.566902927288335339e-03
5.089234515763529032e+01 2.537423841183258054e-03
5.114529266359630810e+01 2.552759131823877266e-03
5.138952878242714206e+01 2.450366347309378134e-03
5.163945178601188246e+01 2.490154154880717691e-03
5.190206698624180603e+01 2.460112171483333585e-03
5.215590084722179398e+01 2.414449694534645443e-03
5.238680673191466042e+01 2.372629253087561122e-03
5.263532591009818873e+01 2.381077851364162869e-03
5.290823119436031874e+01 2.347432069208820089e-03
5.316882575050344428e+01 2.358670471330924154e-03
5.338513341050097694e+01 2.223971513929909414e-03
5.363212510227822349e+01 2.308182440501276717e-03
5.391615723351310407e+01 2.027652776403383438e-03
5.419187693011466678e+01 2.160536424746089222e-03
5.439722241285236493e+01 2.323617164607904607e-03
5.462806064877949552e+01 2.014846255964942209e-03
5.491241494336609463e+01 2.383739222294623851e-03
5.519421446932921782e+01 1.807437811850953714e-03
5.543046826972861396e+01 2.714232223134311825e-03
5.561137265256709128e+01 2.383909625177966715e-03
