3.559856489878782115e-01 3.378308030491819522e+02
6.031648866026231293e-01 1.735007048009884159e+02
8.579160745827347778e-01 1.011811031530469194e+02
1.113464310595710716e+00 4.806432906448685571e+01
1.374039914321364408e+00 3.204015969996922308e+01
1.619154704570298309e+00 2.054046927173577330e+01
1.870686673430271840e+00 1.273001406691672877e+01
2.123290040706380832e+00 1.026163762966404036e+01
2.378144976376236119e+00 7.795771932005826521e+00
2.630489925835516996e+00 6.115582265454101218e+00
2.878653162679494670e+00 4.618884122171199813e+00
3.131144366275339319e+00 3.921155487603187328e+00
3.388159578333816313e+00 3.333903180681719647e+00
3.638741848210948149e+00 2.683546535520712872e+00
3.888315910732085268e+00 2.363264898607607023e+00
4.139052155837465996e+00 2.028134344085923413e+00
4.390305777018236988e+00 1.644634503874984333e+00
4.642172339120373081e+00 1.482215472865648476e+00
4.894678666149941293e+00 1.308714841738122470e+00
5.147269052361176378e+00 1.138539089432084372e+00
5.398003206656323272e+00 9.879349366383640696e-01
5.647798235368590269e+00 8.681412584884465877e-01
5.900534302989873581e+00 7.829568998844808059e-01
6.151460297009074374e+00 7.413464510798390972e-01
6.402630176204441526e+00 6.361665737725329395e-01
6.655964674748322096e+00 5.682071563980471973e-01
6.908782583105771202e+00 5.340870006438082074e-01
7.159060853508338873e+00 4.897678513135989009e-01
7.409414762591408632e+00 4.512412322402676867e-01
7.659227149364629561e+00 4.040192968588807165e-01
7.911559474606142395e+00 3.766380912291004690e-01
8.163750941790897997e+00 3.487245365272776954e-01
8.415757210439384295e+00 3.154409491614552641e-01
8.667638839289207198e+00 2.959227869483037066e-01
8.918801124864609520e+00 2.754374663131697876e-01
9.170480108345369530e+00 2.590896467319093732e-01
9.420566033467249412e+00 2.329412256083745747e-01
9.671642335271435797e+00 2.214202159457127617e-01
9.923426157758477473e+00 2.053018399762284452e-01
1.017396902749181820e+01 1.935334424988933988e-01
1.042533700753922155e+01 1.839000707664509848e-01
1.067702948358784276e+01 1.717180441900262589e-01
1.092969337256462303e+01 1.604609259534660604e-01
1.118211872033766419e+01 1.505408781719338174e-01
1.143346516925797296e+01 1.425608460446153580e-01
1.168350508557724687e+01 1.339366754427503692e-01
1.193379937775929100e+01 1.267553705834401634e-01
1.218553055762879112e+01 1.200318779420500026e-01
1.243711650801278878e+01 1.143709649669312767e-01
1.268867268647359303e+01 1.075967545716721152e-01
1.294075027177769144e+01 1.033280543723335138e-01
1.319267287020158363e+01 9.685844771234611295e-02
1.344470571782862756e+01 9.331301249297846434e-02
1.369480150283709641e+01 8.768994207165752008e-02
1.394591277066507828e+01 8.439560790429337378e-02
1.419764645764527167e+01 7.997117257391932188e-02
1.444766774168416212e+01 7.616964461672720565e-02
1.469906835825429070e+01 7.295185137687314192e-02
1.495059118111036511e+01 7.043418766854361857e-02
1.520261612590052991e+01 6.696784871607197598e-02
1.545415944503929495e+01 6.379282049322992920e-02
1.570456072545780124e+01 6.261483842990486770e-02
1.595705800128773966e+01 5.912292089884791518e-02
1.620829297830731619e+01 5.645623491631478197e-02
1.645966591028190962e+01 5.434992042910468529e-02
1.671125708846596325e+01 5.257880937593038817e-02
1.696160259490052624e+01 4.980043690594913169e-02
1.721370276108077135e+01 4.862880726307926282e-02
1.746543424102250341e+01 4.645898917911200909e-02
1.771598473288305442e+01 4.501114729690761096e-02
1.796653767411944003e+01 4.316315015353382883e-02
1.821765658501893270e+01 4.147170901670642340e-02
1.847053788120423334e+01 4.010793394492916109e-02
1.872257696809484173e+01 3.851540061516976060e-02
1.897394097105746269e+01 3.710462789945138257e-02
1.922542454726159988e+01 3.592620235778321014e-02
1.947607703355479103e+01 3.476732915555581782e-02
1.972678839839982601e+01 3.363002383800501455e-02
1.997802698857814363e+01 3.258638864914350369e-02
2.022863620534168660e+01 3.153815389565915034e-02
2.047969598507238231e+01 3.036352764486118308e-02
2.073250439107362553e+01 2.940507500147023986e-02
2.098435855211640089e+01 2.857681866769145804e-02
2.123502923393334640e+01 2.760338681862737134e-02
2.148629411178690773e+01 2.670359494182950391e-02
2.173831825513516591e+01 2.590744019619687505e-02
2.198972260956887226e+01 2.503067852982985425e-02
2.223974971000711420e+01 2.446951021190888961e-02
2.249141870643862973e+01 2.361120324619042990e-02
2.274404614890906373e+01 2.295582258285953220e-02
2.299521835768831579e+01 2.215320078519630517e-02
2.324620084136223852e+01 2.157153389534892038e-02
2.349757798664387209e+01 2.112101955496781605e-02
2.374870488118759937e+01 2.036041434154685706e-02
2.399988781917473091e+01 1.968673960779372331e-02
2.425071646049711305e+01 1.920497581835714507e-02
2.450187830577813841e+01 1.877124029431174318e-02
2.475391093216606109e+01 1.833549740207304421e-02
2.500524226975159792e+01 1.774671358871297150e-02
2.525610980153284402e+01 1.725946965860592278e-02
2.550801425092822328e+01 1.681787992381181956e-02
2.575943113325822864e+01 1.631105434713156152e-02
2.601074166866445125e+01 1.597403184437716159e-02
2.626234447079615464e+01 1.557867201947765040e-02
2.651347712943701751e+01 1.524554191955764144e-02
2.676474177984877656e+01 1.473777492716642733e-02
2.701628079430242479e+01 1.446423926597386646e-02
2.726734205837282232e+01 1.400158052023030807e-02
2.751837013544679422e+01 1.367494069675296089e-02
2.776937726815812724e+01 1.344844807169125016e-02
2.802070160973895341e+01 1.309768633292773300e-02
2.827249982643487058e+01 1.281847304067624572e-02
2.852407603869968966e+01 1.245965707965905611e-02
2.877567300468570721e+01 1.211079324706142678e-02
2.902733523039245256e+01 1.190400978314994779e-02
2.927861073083739996e+01 1.161306235484422730e-02
2.953003196193969160e+01 1.140769252122115704e-02
2.978106336846375157e+01 1.113604519914310371e-02
3.003148440777084716e+01 1.088412177369608991e-02
3.028303386126418673e+01 1.065251259582041844e-02
3.053456493440382857e+01 1.047446049359334989e-02
3.078585183944906944e+01 1.011515436079490210e-02
3.103757946070165730e+01 9.899124252470355850e-03
3.128931656795834826e+01 9.704071950485795850e-03
3.154125974608096428e+01 9.516527381635770180e-03
3.179158626791808828e+01 9.253764674989560166e-03
3.204196438636942190e+01 9.043493854858572489e-03
3.229344668057169798e+01 8.900381174262533834e-03
3.254489998018084407e+01 8.715763140524275879e-03
3.279660140319880668e+01 8.601760092163630855e-03
3.304772754686901237e+01 8.343525970076414236e-03
3.329949953441923327e+01 8.179009187634329187e-03
3.355173249539067371e+01 8.049474816322482740e-03
3.380235474142784824e+01 7.886632509027081961e-03
3.405292218889088218e+01 7.752838725266701474e-03
3.430455901572810262e+01 7.609224263301735819e-03
3.455605119154291316e+01 7.415371504755285774e-03
3.480708698418615654e+01 7.298959554509455543e-03
3.505823042281740243e+01 7.107935617226068988e-03
3.530983122122644602e+01 6.986863783857800124e-03
3.556111974160763367e+01 6.885931397087154474e-03
3.581195885960364933e+01 6.738836819086924806e-03
3.606348577968052638e+01 6.561187827018849679e-03
3.631495136683125935e+01 6.482903498487516819e-03
3.656646781331610185e+01 6.377244517146053206e-03
3.681800948534306173e+01 6.244908788239489708e-03
3.706942350460822411e+01 6.135402201688059352e-03
3.732119977997001570e+01 6.020941522238081912e-03
3.757249197135423202e+01 5.908030888220817956e-03
3.782324055213251057e+01 5.824887312212099870e-03
3.807430609684078604e+01 5.686370490052376769e-03
3.832526519371521090e+01 5.596831433155537508e-03
3.857704530181875668e+01 5.478985400750733398e-03
3.882896255048217427e+01 5.439447181362072094e-03
3.907976684424035341e+01 5.312661811345316225e-03
3.933085588900704010e+01 5.211851003358783721e-03
3.958184533965361140e+01 5.116988036103734851e-03
3.983320492881626507e+01 5.019283644989273180e-03
4.008506787586624398e+01 4.946394585259447467e-03
4.033569471078550350e+01 4.874992066277446939e-03
4.058701345074587863e+01 4.789480324575958597e-03
4.083916815834436420e+01 4.685132115259858787e-03
4.108978611092747713e+01 4.610006446222273367e-03
4.134119394692694271e+01 4.578008405187019084e-03
4.159372926482761557e+01 4.500086332751420531e-03
4.184480996230068683e+01 4.403668635703205693e-03
4.209495048714620680e+01 4.356695512634574385e-03
4.234568601474854432e+01 4.259557806198226854e-03
4.259794184898333214e+01 4.214783306669249614e-03
4.284922176444433717e+01 4.100569059564539154e-03
4.309982534096671003e+01 4.054356732138651200e-03
4.335153475414617930e+01 4.011499839381166103e-03
4.360374984514007224e+01 3.960776801849668315e-03
4.385432838732079830e+01 3.843270990720009262e-03
4.410529766549178277e+01 3.791101079984946463e-03
4.435675536456894008e+01 3.800330681497926435e-03
4.460756668584335927e+01 3.699474728489237155e-03
4.485812369927145937e+01 3.654843763973005151e-03
4.510933196139897206e+01 3.610317905343532821e-03
4.536097672816924131e+01 3.522480360603878063e-03
4.561261869099184452e+01 3.494980951719428054e-03
4.586346064304911607e+01 3.428096427389072751e-03
4.611435299895526185e+01 3.351019702259905829e-03
4.636610302009028572e+01 3.296673488339004181e-03
4.661726081402038346e+01 3.265173548914094420e-03
4.686748045926628237e+01 3.273726341354617556e-03
4.712001000143001761e+01 3.200358719147594708e-03
4.737334269293729960e+01 3.125018089827521529e-03
4.762357272554871912e+01 3.076070517950105308e-03
4.787295862859781437e+01 3.021587532623656175e-03
4.812686710231834297e+01 2.993561015941957441e-03
4.837988354528783930e+01 2.978293019533822823e-03
4.862698975964909209e+01 2.889247627210041452e-03
4.887931961662670233e+01 2.813107418356025190e-03
4.913512531690142282e+01 2.857301746644902180e-03
4.938486646957150583e+01 2.772509128245479165e-03
4.963073103205424985e+01 2.769115765325016847e-03
4.988316058859187763e+01 2.750873217837677184e-03
5.013927392651110893e+01 2.690947226584109505e-03
5.038898445289544270e+01 2.620537753758973680e-03
5.063791314200675941e+01 2.714801271410566090e-03
5.089234515763529032e+01 2.573567072407039694e-03
5.114529266359630810e+01 2.557111596615241952e-03
5.138952878242714206e+01 2.528611281043213060e-03
5.163945178601188246e+01 2.462189897009271593e-03
5.190206698624180603e+01 2.478959761839081167e-03
5.215590084722179398e+01 2.392982213332217004e-03
5.238680673191466042e+01 2.390686522480851926e-03
5.263532591009818873e+01 2.264264761003339978e-03
5.290823119436031874e+01 2.279870647413623393e-03
5.316882575050344428e+01 2.393289483442950869e-03
5.338513341050097694e+01 2.222989808737293148e-03
5.363212510227822349e+01 2.217043784002474625e-03
5.391615723351310407e+01 2.207004840586526424e-03
5.419187693011466678e+01 2.166217299097189086e-03
5.439722241285236493e+01 2.170693880600884328e-03
5.462806064877949552e+01 2.012853680298247201e-03
5.491241494336609463e+01 2.017421321795200440e-03
5.519421446932921782e+01 1.830153579320247317e-03
5.543046826972861396e+01 1.667536535772917630e-03
5.561137265256709128e+01 2.058519296921961818e-03
