3.559856489878782115e-01 6.437920829485318563e+02
6.031648866026231293e-01 1.758812161132808001e+02
8.579160745827347778e-01 8.950601567828202576e+01
1.113464310595710716e+00 4.531785167097940814e+01
1.374039914321364408e+00 2.677774259028575088e+01
1.619154704570298309e+00 2.147881891112489683e+01
1.870686673430271840e+00 1.268343787612788631e+01
2.123290040706380832e+00 1.092411513876117723e+01
2.378144976376236119e+00 8.129453754853185998e+00
2.630489925835516996e+00 6.350116954189594765e+00
2.878653162679494670e+00 4.938539165928559349e+00
3.131144366275339319e+00 3.981726867600178466e+00
3.388159578333816313e+00 3.199266283841193381e+00
3.638741848210948149e+00 2.728881059559978617e+00
3.888315910732085268e+00 2.326831053147583983e+00
4.139052155837465996e+00 1.991381760922337651e+00
4.390305777018236988e+00 1.736017080734629348e+00
4.642172339120373081e+00 1.516873857846915197e+00
4.894678666149941293e+00 1.297440068926791756e+00
5.147269052361176378e+00 1.116724372819438482e+00
5.398003206656323272e+00 1.049777670566977905e+00
5.647798235368590269e+00 9.174466852359474123e-01
5.900534302989873581e+00 7.946221404796992571e-01
6.151460297009074374e+00 7.158864001601442650e-01
6.402630176204441526e+00 6.485765635915118343e-01
6.655964674748322096e+00 5.932194794138825333e-01
6.908782583105771202e+00 5.218888479934229441e-01
7.159060853508338873e+00 4.786765760731755970e-01
7.409414762591408632e+00 4.390147402422392431e-01
7.659227149364629561e+00 4.170151640451249531e-01
7.911559474606142395e+00 3.697888773502174264e-01
8.163750941790897997e+00 3.484211040361220868e-01
8.415757210439384295e+00 3.227743518554784252e-01
8.667638839289207198e+00 2.926903314358479946e-01
8.918801124864609520e+00 2.742032152410445733e-01
9.170480108345369530e+00 2.576846151543522589e-01
9.420566033467249412e+00 2.394815761140748345e-01
9.671642335271435797e+00 2.165913535563194214e-01
9.923426157758477473e+00 2.049245629395778923e-01
1.017396902749181820e+01 1.904477776646769649e-01
1.042533700753922155e+01 1.824935441526172875e-01
1.067702948358784276e+01 1.705448094740084075e-01
1.092969337256462303e+01 1.617690057598641928e-01
1.118211872033766419e+01 1.524662316940278428e-01
1.143346516925797296e+01 1.420259023990218250e-01
1.168350508557724687e+01 1.354329211820978207e-01
1.193379937775929100e+01 1.282489460940308967e-01
1.218553055762879112e+01 1.205695466724007459e-01
1.243711650801278878e+01 1.132653059820763614e-01
1.268867268647359303e+01 1.077481827823976862e-01
1.294075027177769144e+01 1.036639040690025410e-01
1.319267287020158363e+01 9.742635753669302845e-02
1.344470571782862756e+01 9.389601107066278263e-02
1.369480150283709641e+01 8.724078722468078806e-02
1.394591277066507828e+01 8.498219839891557603e-02
1.419764645764527167e+01 7.998532990539627963e-02
1.444766774168416212e+01 7.621068373427833387e-02
1.469906835825429070e+01 7.354881890918173182e-02
1.495059118111036511e+01 6.982728551753648871e-02
1.520261612590052991e+01 6.781053337605387477e-02
1.545415944503929495e+01 6.483950187543378874e-02
1.570456072545780124e+01 6.185323329870123787e-02
1.595705800128773966e+01 5.893228736401114054e-02
1.620829297830731619e+01 5.649662959137263102e-02
1.645966591028190962e+01 5.454925846949978951e-02
1.671125708846596325e+01 5.260477966250496490e-02
1.696160259490052624e+01 5.054826834805234426e-02
1.721370276108077135e+01 4.800448766900158176e-02
1.746543424102250341e+01 4.612067723604293401e-02
1.771598473288305442e+01 4.498473136450863163e-02
1.796653767411944003e+01 4.326500954467191878e-02
1.821765658501893270e+01 4.189422758721968870e-02
1.847053788120423334e+01 4.018828608442848865e-02
1.872257696809484173e+01 3.853526389928846330e-02
1.897394097105746269e+01 3.683220994437048229e-02
1.922542454726159988e+01 3.597106730216303311e-02
1.947607703355479103e+01 3.473153228458897290e-02
1.972678839839982601e+01 3.355771238996835965e-02
1.997802698857814363e+01 3.245676939017679008e-02
2.022863620534168660e+01 3.140175924237580130e-02
2.047969598507238231e+01 3.042321528955218429e-02
2.073250439107362553e+01 2.925677281450698650e-02
2.098435855211640089e+01 2.837759598644454262e-02
2.123502923393334640e+01 2.716731729577809284e-02
2.148629411178690773e+01 2.649347770018507103e-02
2.173831825513516591e+01 2.568073249824006157e-02
2.198972260956887226e+01 2.508928283553837901e-02
2.223974971000711420e+01 2.433345624459466727e-02
2.249141870643862973e+01 2.352048968351657526e-02
2.274404614890906373e+01 2.296691642681154832e-02
2.299521835768831579e+01 2.231335533111343528e-02
2.324620084136223852e+01 2.153315955052054198e-02
2.349757798664387209e+01 2.094755085554047061e-02
2.374870488118759937e+01 2.047758042266357298e-02
2.399988781917473091e+01 1.999243274902009690e-02
2.425071646049711305e+01 1.931343775666860899e-02
2.450187830577813841e+01 1.899991210908798245e-02
2.475391093216606109e+01 1.838716807989060689e-02
2.500524226975159792e+01 1.787403666796944304e-02
2.525610980153284402e+01 1.738384768783625411e-02
2.550801425092822328e+01 1.686108370677477306e-02
2.575943113325822864e+01 1.638896656756635289e-02
2.601074166866445125e+01 1.606417170559415811e-02
2.626234447079615464e+01 1.555924117099281162e-02
2.651347712943701751e+01 1.516397129571252569e-02
2.676474177984877656e+01 1.479401223603709660e-02
2.701628079430242479e+01 1.441730180181557963e-02
2.726734205837282232e+01 1.404581351502274221e-02
2.751837013544679422e+01 1.364113352135798256e-02
2.776937726815812724e+01 1.333858295822475983e-02
2.802070160973895341e+01 1.306057595444490640e-02
2.827249982643487058e+01 1.277905798797845938e-02
2.852407603869968966e+01 1.243283189056481296e-02
2.877567300468570721e+01 1.221131584873206416e-02
2.902733523039245256e+01 1.190643753948798442e-02
2.927861073083739996e+01 1.162423305128522724e-02
2.953003196193969160e+01 1.134474766463523625e-02
2.978106336846375157e+01 1.110924809433590406e-02
3.003148440777084716e+01 1.085756488826074111e-02
3.028303386126418673e+01 1.060656559517608212e-02
3.053456493440382857e+01 1.037128348989577523e-02
3.078585183944906944e+01 1.013854474714648811e-02
3.103757946070165730e+01 9.865671483961179627e-03
3.128931656795834826e+01 9.709454315737576016e-03
3.154125974608096428e+01 9.529667966171263133e-03
3.179158626791808828e+01 9.278475008011698513e-03
3.204196438636942190e+01 9.113430162991400380e-03
3.229344668057169798e+01 8.886399933267825554e-03
3.254489998018084407e+01 8.719031562399864876e-03
3.279660140319880668e+01 8.501142950251472721e-03
3.304772754686901237e+01 8.367355515479986752e-03
3.329949953441923327e+01 8.172302066029375756e-03
3.355173249539067371e+01 8.079235749963786101e-03
3.380235474142784824e+01 7.896481867104628016e-03
3.405292218889088218e+01 7.699931031396871350e-03
3.430455901572810262e+01 7.554862673487467914e-03
3.455605119154291316e+01 7.394767655420747196e-03
3.480708698418615654e+01 7.300215500259187897e-03
3.505823042281740243e+01 7.088278167968349239e-03
3.530983122122644602e+01 6.983027457264998593e-03
3.556111974160763367e+01 6.912200269181668563e-03
3.581195885960364933e+01 6.736745976713079918e-03
3.606348577968052638e+01 6.596433478115436636e-03
3.631495136683125935e+01 6.459284549399617846e-03
3.656646781331610185e+01 6.378376792637583011e-03
3.681800948534306173e+01 6.258512641719266197e-03
3.706942350460822411e+01 6.131124896908762487e-03
3.732119977997001570e+01 6.019361774504314831e-03
3.757249197135423202e+01 5.897169773029001770e-03
3.782324055213251057e+01 5.832317568106078730e-03
3.807430609684078604e+01 5.698045509354663155e-03
3.832526519371521090e+01 5.588153549952014701e-03
3.857704530181875668e+01 5.518492892756336581e-03
3.882896255048217427e+01 5.339399863869763799e-03
3.907976684424035341e+01 5.339171235700720421e-03
3.933085588900704010e+01 5.210017964112293419e-03
3.958184533965361140e+01 5.106846454305964331e-03
3.983320492881626507e+01 5.035992604756606324e-03
4.008506787586624398e+01 4.923931267963134635e-03
4.033569471078550350e+01 4.848733204679074940e-03
4.058701345074587863e+01 4.773158974781873710e-03
4.083916815834436420e+01 4.723194035369198893e-03
4.108978611092747713e+01 4.646581024725724395e-03
4.134119394692694271e+01 4.523028943378696459e-03
4.159372926482761557e+01 4.511466850348164713e-03
4.184480996230068683e+01 4.401922524054090007e-03
4.209495048714620680e+01 4.332950158406437616e-03
4.234568601474854432e+01 4.263484232014206135e-03
4.259794184898333214e+01 4.207184735141321179e-03
4.284922176444433717e+01 4.103789514480160779e-03
4.309982534096671003e+01 4.055682655054937066e-03
4.335153475414617930e+01 3.982680633541721416e-03
4.360374984514007224e+01 3.918154967761972203e-03
4.385432838732079830e+01 3.927072090734631815e-03
4.410529766549178277e+01 3.870674270826428287e-03
4.435675536456894008e+01 3.758372302138259565e-03
4.460756668584335927e+01 3.708634825656936199e-03
4.485812369927145937e+01 3.621645803070752418e-03
4.510933196139897206e+01 3.601803912693767127e-03
4.536097672816924131e+01 3.543013927749198450e-03
4.561261869099184452e+01 3.477241615182239624e-03
4.586346064304911607e+01 3.448200550608149575e-03
4.611435299895526185e+01 3.379861832655402156e-03
4.636610302009028572e+01 3.325864238232423362e-03
4.661726081402038346e+01 3.299852641890069563e-03
4.686748045926628237e+01 3.212841740693065610e-03
4.712001000143001761e+01 3.192753396246716859e-03
4.737334269293729960e+01 3.089168481691897516e-03
4.762357272554871912e+01 3.101013534899315065e-03
4.787295862859781437e+01 3.033395903795297645e-03
4.812686710231834297e+01 2.891663117660920115e-03
4.837988354528783930e+01 3.017216325200896242e-03
4.862698975964909209e+01 2.911866480198896639e-03
4.887931961662670233e+01 2.872066565595314883e-03
4.913512531690142282e+01 2.777568015249291204e-03
4.938486646957150583e+01 2.789872788286189894e-03
4.963073103205424985e+01 2.742375016923807429e-03
4.988316058859187763e+01 2.683871575701840800e-03
5.013927392651110893e+01 2.640922318816740343e-03
5.038898445289544270e+01 2.709232638522179361e-03
5.063791314200675941e+01 2.609106638638218189e-03
5.089234515763529032e+01 2.587819925566549068e-03
5.114529266359630810e+01 2.587604597140951562e-03
5.138952878242714206e+01 2.560473784530362291e-03
5.163945178601188246e+01 2.551617849971195371e-03
5.190206698624180603e+01 2.536366780180256304e-03
5.215590084722179398e+01 2.464314142741905536e-03
5.238680673191466042e+01 2.353520787932310981e-03
5.263532591009818873e+01 2.393352717390219344e-03
5.290823119436031874e+01 2.288546593803785032e-03
5.316882575050344428e+01 2.264444855840324830e-03
5.338513341050097694e+01 2.251598061111594138e-03
5.363212510227822349e+01 2.166710369146452198e-03
5.391615723351310407e+01 2.317023942782913456e-03
5.419187693011466678e+01 2.086317996279102912e-03
5.439722241285236493e+01 2.323312960737101106e-03
5.462806064877949552e+01 1.845320381646476694e-03
5.491241494336609463e+01 1.879518760715461270e-03
5.519421446932921782e+01 2.229242254880231273e-03
5.543046826972861396e+01 1.776673224261911006e-03
5.561137265256709128e+01 1.326080275771307146e-03
