3.559856489878782115e-01 5.293790448500542425e+02
6.031648866026231293e-01 3.031563183227553395e+02
8.579160745827347778e-01 7.108716961591908046e+01
1.113464310595710716e+00 5.223748582259472073e+01
1.374039914321364408e+00 3.017236692301032619e+01
1.619154704570298309e+00 1.835444892891566582e+01
1.870686673430271840e+00 1.467307219603393520e+01
2.123290040706380832e+00 9.942980068990390663e+00
2.378144976376236119e+00 8.160696673920789124e+00
2.630489925835516996e+00 6.289854809709435557e+00
2.878653162679494670e+00 5.140716275910853561e+00
3.131144366275339319e+00 3.899723859965522177e+00
3.388159578333816313e+00 3.032891041617960859e+00
3.638741848210948149e+00 2.809347412226558038e+00
3.888315910732085268e+00 2.340380545549893831e+00
4.139052155837465996e+00 1.970236930572162315e+00
4.390305777018236988e+00 1.685424933245385226e+00
4.642172339120373081e+00 1.441056812757345096e+00
4.894678666149941293e+00 1.271316210832916793e+00
5.147269052361176378e+00 1.153205100470407363e+00
5.398003206656323272e+00 1.026338333588729945e+00
5.647798235368590269e+00 9.146074235029635346e-01
5.900534302989873581e+00 7.967082654309719514e-01
6.151460297009074374e+00 7.139631818319203127e-01
6.402630176204441526e+00 6.410588637365070008e-01
6.655964674748322096e+00 5.971176279799714770e-01
6.908782583105771202e+00 5.322372445603646973e-01
7.159060853508338873e+00 4.845377793111163567e-01
7.409414762591408632e+00 4.388943229976788318e-01
7.659227149364629561e+00 4.087321129627858318e-01
7.911559474606142395e+00 3.749516631983017545e-01
8.163750941790897997e+00 3.463510461466439150e-01
8.415757210439384295e+00 3.187446545779332174e-01
8.667638839289207198e+00 2.865138615317340820e-01
8.918801124864609520e+00 2.673130775524140135e-01
9.170480108345369530e+00 2.549992296563041161e-01
9.420566033467249412e+00 2.355752998256137321e-01
9.671642335271435797e+00 2.186135207830325611e-01
9.923426157758477473e+00 2.088562024730284961e-01
1.017396902749181820e+01 1.929764782628257680e-01
1.042533700753922155e+01 1.830672321076052544e-01
1.067702948358784276e+01 1.705228492744287339e-01
1.092969337256462303e+01 1.609699943424327262e-01
1.118211872033766419e+01 1.489410105070642365e-01
1.143346516925797296e+01 1.429714672739305914e-01
1.168350508557724687e+01 1.351891252886411876e-01
1.193379937775929100e+01 1.290631687478080436e-01
1.218553055762879112e+01 1.218549000233056234e-01
1.243711650801278878e+01 1.137710239491104697e-01
1.268867268647359303e+01 1.075426911998614982e-01
1.294075027177769144e+01 1.022125010195149147e-01
1.319267287020158363e+01 9.778421203979136000e-02
1.344470571782862756e+01 9.388766442797406853e-02
1.369480150283709641e+01 8.876626256000449966e-02
1.394591277066507828e+01 8.423626817254264987e-02
1.419764645764527167e+01 8.077278631061612924e-02
1.444766774168416212e+01 7.639837751396562349e-02
1.469906835825429070e+01 7.330510804921441803e-02
1.495059118111036511e+01 7.027084624748924924e-02
1.520261612590052991e+01 6.790747041628436564e-02
1.545415944503929495e+01 6.387519633770648297e-02
1.570456072545780124e+01 6.170965813629732122e-02
1.595705800128773966e+01 5.870664759944796418e-02
1.620829297830731619e+01 5.678961695888275207e-02
1.645966591028190962e+01 5.354703766608813476e-02
1.671125708846596325e+01 5.168917317509780229e-02
1.696160259490052624e+01 4.995353797002093088e-02
1.721370276108077135e+01 4.803021308119597571e-02
1.746543424102250341e+01 4.668939019773251514e-02
1.771598473288305442e+01 4.468850597866998176e-02
1.796653767411944003e+01 4.291353000477499818e-02
1.821765658501893270e+01 4.127114080000991725e-02
1.847053788120423334e+01 3.995651545129079441e-02
1.872257696809484173e+01 3.851783212211836588e-02
1.897394097105746269e+01 3.718384617059107555e-02
1.922542454726159988e+01 3.616682314978916096e-02
1.947607703355479103e+01 3.479231856539961865e-02
1.972678839839982601e+01 3.364365017837964156e-02
1.997802698857814363e+01 3.281357933588514852e-02
2.022863620534168660e+01 3.114620260241752689e-02
2.047969598507238231e+01 3.032748460789734188e-02
2.073250439107362553e+01 2.956858737626806566e-02
2.098435855211640089e+01 2.836458137003541879e-02
2.123502923393334640e+01 2.765897240187038808e-02
2.148629411178690773e+01 2.663605299000084553e-02
2.173831825513516591e+01 2.594195470959583319e-02
2.198972260956887226e+01 2.507237618777441099e-02
2.223974971000711420e+01 2.430607351462676924e-02
2.249141870643862973e+01 2.349488659097776627e-02
2.274404614890906373e+01 2.284646201003616081e-02
2.299521835768831579e+01 2.221814443179351284e-02
2.324620084136223852e+01 2.168537624288972843e-02
2.349757798664387209e+01 2.098337469251051329e-02
2.374870488118759937e+01 2.031954157171109859e-02
2.399988781917473091e+01 1.985121310879145451e-02
2.425071646049711305e+01 1.935368409515698246e-02
2.450187830577813841e+01 1.873343255456309808e-02
2.475391093216606109e+01 1.831976484044240197e-02
2.500524226975159792e+01 1.771475558291392763e-02
2.525610980153284402e+01 1.731050782852343317e-02
2.550801425092822328e+01 1.691813196801486910e-02
2.575943113325822864e+01 1.642042104355581969e-02
2.601074166866445125e+01 1.599135976518541863e-02
2.626234447079615464e+01 1.565668848266390037e-02
2.651347712943701751e+01 1.517600761317888271e-02
2.676474177984877656e+01 1.476927862264918942e-02
2.701628079430242479e+01 1.446317084164614603e-02
2.726734205837282232e+01 1.411633561077010358e-02
2.751837013544679422e+01 1.375511762320671266e-02
2.776937726815812724e+01 1.338303885420776516e-02
2.802070160973895341e+01 1.314991081361966720e-02
2.827249982643487058e+01 1.270225289879028593e-02
2.852407603869968966e+01 1.256196758022200960e-02
2.877567300468570721e+01 1.220413970529795125e-02
2.902733523039245256e+01 1.184254158042343484e-02
2.927861073083739996e+01 1.164743333354915575e-02
2.953003196193969160e+01 1.136406657246742842e-02
2.978106336846375157e+01 1.111485996036799991e-02
3.003148440777084716e+01 1.084233729972461716e-02
3.028303386126418673e+01 1.055227758588938441e-02
3.053456493440382857e+01 1.039830567989684720e-02
3.078585183944906944e+01 1.016381577852667681e-02
3.103757946070165730e+01 9.854430319056223242e-03
3.128931656795834826e+01 9.712948640915632093e-03
3.154125974608096428e+01 9.443891556650950425e-03
3.179158626791808828e+01 9.252740008472820285e-03
3.204196438636942190e+01 9.073206278599345309e-03
3.229344668057169798e+01 8.921443672738263789e-03
3.254489998018084407e+01 8.694128419736458016e-03
3.279660140319880668e+01 8.564092756050205660e-03
3.304772754686901237e+01 8.329184610543870562e-03
3.329949953441923327e+01 8.143620741855468401e-03
3.355173249539067371e+01 7.998765849860851526e-03
3.380235474142784824e+01 7.871151069632492323e-03
3.405292218889088218e+01 7.723739610520908433e-03
3.430455901572810262e+01 7.528010414289809833e-03
3.455605119154291316e+01 7.470212978566000313e-03
3.480708698418615654e+01 7.280072317512426353e-03
3.505823042281740243e+01 7.151255054890422527e-03
3.530983122122644602e+01 6.971145718782018053e-03
3.556111974160763367e+01 6.875866430491271546e-03
3.581195885960364933e+01 6.740208873680460580e-03
3.606348577968052638e+01 6.638787452148983345e-03
3.631495136683125935e+01 6.530182206350107835e-03
3.656646781331610185e+01 6.390607511914246641e-03
3.681800948534306173e+01 6.244759144252938488e-03
3.706942350460822411e+01 6.134621470851161704e-03
3.732119977997001570e+01 6.013655227333395727e-03
3.757249197135423202e+01 5.903338870210751710e-03
3.782324055213251057e+01 5.800584268646208699e-03
3.807430609684078604e+01 5.740575533166519979e-03
3.832526519371521090e+01 5.620844195688353383e-03
3.857704530181875668e+01 5.454657243483275117e-03
3.882896255048217427e+01 5.427442555656377017e-03
3.907976684424035341e+01 5.345999517861420997e-03
3.933085588900704010e+01 5.218314755144138131e-03
3.958184533965361140e+01 5.124970157264458794e-03
3.983320492881626507e+01 5.031384391586138372e-03
4.008506787586624398e+01 4.934514313506586231e-03
4.033569471078550350e+01 4.896721737094892647e-03
4.058701345074587863e+01 4.802195966324602355e-03
4.083916815834436420e+01 4.704982371999631534e-03
4.108978611092747713e+01 4.640216930627830833e-03
4.134119394692694271e+01 4.523184827929083336e-03
4.159372926482761557e+01 4.479293643812134323e-03
4.184480996230068683e+01 4.417600601864113928e-03
4.209495048714620680e+01 4.354395570296781641e-03
4.234568601474854432e+01 4.278030338941930452e-03
4.259794184898333214e+01 4.218571005784650489e-03
4.284922176444433717e+01 4.138872024388662134e-03
4.309982534096671003e+01 4.084368370794571809e-03
4.335153475414617930e+01 3.986417661681812552e-03
4.360374984514007224e+01 3.933860284830454322e-03
4.385432838732079830e+01 3.908371019974220956e-03
4.410529766549178277e+01 3.817388715023883970e-03
4.435675536456894008e+01 3.754635181786159567e-03
4.460756668584335927e+01 3.686080641208014635e-03
4.485812369927145937e+01 3.652960960484296932e-03
4.510933196139897206e+01 3.579521283606859790e-03
4.536097672816924131e+01 3.529018570730135546e-03
4.561261869099184452e+01 3.506044260486879290e-03
4.586346064304911607e+01 3.428171282751339092e-03
4.611435299895526185e+01 3.396937097027132469e-03
4.636610302009028572e+01 3.295753223477039182e-03
4.661726081402038346e+01 3.262065171714467054e-03
4.686748045926628237e+01 3.231199455462748383e-03
4.712001000143001761e+01 3.204192380538641634e-03
4.737334269293729960e+01 3.145158699730985288e-03
4.762357272554871912e+01 3.126137501812788124e-03
4.787295862859781437e+01 3.047185621179859718e-03
4.812686710231834297e+01 3.004518412342938732e-03
4.837988354528783930e+01 2.965302802493612749e-03
4.862698975964909209e+01 2.923366469214296916e-03
4.887931961662670233e+01 2.855189303189844489e-03
4.913512531690142282e+01 2.872992062366725059e-03
4.938486646957150583e+01 2.788392782328031564e-03
4.963073103205424985e+01 2.787194528275826946e-03
4.988316058859187763e+01 2.760507908275932915e-03
5.013927392651110893e+01 2.685756609241170181e-03
5.038898445289544270e+01 2.698159653539358802e-03
5.063791314200675941e+01 2.669841061038675904e-03
5.089234515763529032e+01 2.609694660748127296e-03
5.114529266359630810e+01 2.678381216662203013e-03
5.138952878242714206e+01 2.517106546798675206e-03
5.163945178601188246e+01 2.399340275786808127e-03
5.190206698624180603e+01 2.393747345851129742e-03
5.215590084722179398e+01 2.417849247428434638e-03
5.238680673191466042e+01 2.329448600961912634e-03
5.263532591009818873e+01 2.420534882509631572e-03
5.290823119436031874e+01 2.298545485937366229e-03
5.316882575050344428e+01 2.261201367475075552e-03
5.338513341050097694e+01 2.326934237056845628e-03
5.363212510227822349e+01 2.169545598999427904e-03
5.391615723351310407e+01 2.110761066288472602e-03
5.419187693011466678e+01 2.047033979524467799e-03
5.439722241285236493e+01 2.286425451024316335e-03
5.462806064877949552e+01 2.131314089259032062e-03
5.491241494336609463e+01 1.970713995080415008e-03
5.519421446932921782e+01 2.132944007264098076e-03
5.543046826972861396e+01 1.653478038672029663e-03
5.561137265256709128e+01 1.594674244761278004e-03
