3.559856489878782115e-01 7.065294696101860836e+02
6.031648866026231293e-01 1.884626535448382469e+02
8.579160745827347778e-01 9.143092345882064365e+01
1.113464310595710716e+00 4.670858403290588967e+01
1.374039914321364408e+00 2.858765612404237189e+01
1.619154704570298309e+00 1.905378462242682502e+01
1.870686673430271840e+00 1.414360756387889140e+01
2.123290040706380832e+00 1.011418099662858694e+01
2.378144976376236119e+00 7.182894116245654104e+00
2.630489925835516996e+00 6.391299414298640791e+00
2.878653162679494670e+00 4.984030099297557470e+00
3.131144366275339319e+00 4.062173607606505144e+00
3.388159578333816313e+00 3.255374370455149879e+00
3.638741848210948149e+00 2.708101614812430391e+00
3.888315910732085268e+00 2.342965479889683067e+00
4.139052155837465996e+00 1.974797948007474879e+00
4.390305777018236988e+00 1.655306733434268818e+00
4.642172339120373081e+00 1.462395078037439733e+00
4.894678666149941293e+00 1.306042987560087854e+00
5.147269052361176378e+00 1.128787793242375992e+00
5.398003206656323272e+00 1.000160140240601958e+00
5.647798235368590269e+00 8.915457754685782721e-01
5.900534302989873581e+00 7.862118232030429477e-01
6.151460297009074374e+00 7.145855763961024287e-01
6.402630176204441526e+00 6.440795097439117045e-01
6.655964674748322096e+00 5.718005508235998180e-01
6.908782583105771202e+00 5.286634559907523734e-01
7.159060853508338873e+00 4.748104814153640829e-01
7.409414762591408632e+00 4.413444606221180733e-01
7.659227149364629561e+00 4.102948010823837532e-01
7.911559474606142395e+00 3.789973070780474074e-01
8.163750941790897997e+00 3.440849865318790224e-01
8.415757210439384295e+00 3.191681890114477782e-01
8.667638839289207198e+00 2.963909042424746620e-01
8.918801124864609520e+00 2.819738542033077833e-01
9.170480108345369530e+00 2.545320426345519249e-01
9.420566033467249412e+00 2.352209946529745244e-01
9.671642335271435797e+00 2.183312453306147649e-01
9.923426157758477473e+00 2.067423278636646711e-01
1.017396902749181820e+01 1.910006496964165024e-01
1.042533700753922155e+01 1.817375703964357048e-01
1.067702948358784276e+01 1.699319410688441556e-01
1.092969337256462303e+01 1.611054485239577783e-01
1.118211872033766419e+01 1.490816510635456227e-01
1.143346516925797296e+01 1.423404148647281209e-01
1.168350508557724687e+01 1.350432440559567737e-01
1.193379937775929100e+01 1.282722874258385437e-01
1.218553055762879112e+01 1.222938644519274420e-01
1.243711650801278878e+01 1.140593865016357733e-01
1.268867268647359303e+01 1.087852262172874090e-01
1.294075027177769144e+01 1.023084252039359876e-01
1.319267287020158363e+01 9.716259717210010138e-02
1.344470571782862756e+01 9.348087996868746641e-02
1.369480150283709641e+01 8.923096376603724400e-02
1.394591277066507828e+01 8.414350103581789975e-02
1.419764645764527167e+01 7.964292614851267715e-02
1.444766774168416212e+01 7.716633503166446528e-02
1.469906835825429070e+01 7.274346205017770406e-02
1.495059118111036511e+01 7.070335685937913228e-02
1.520261612590052991e+01 6.613509515114630866e-02
1.545415944503929495e+01 6.452351374529248507e-02
1.570456072545780124e+01 6.120153264081570205e-02
1.595705800128773966e+01 5.963054650127439654e-02
1.620829297830731619e+01 5.613040906775979000e-02
1.645966591028190962e+01 5.411505930613157156e-02
1.671125708846596325e+01 5.216543270197289417e-02
1.696160259490052624e+01 4.997539305435939883e-02
1.721370276108077135e+01 4.867398408812016047e-02
1.746543424102250341e+01 4.612592199388370479e-02
1.771598473288305442e+01 4.436611753473299058e-02
1.796653767411944003e+01 4.262712195819964162e-02
1.821765658501893270e+01 4.129257970263792293e-02
1.847053788120423334e+01 4.024832524554485674e-02
1.872257696809484173e+01 3.840679351447982837e-02
1.897394097105746269e+01 3.682965198479702662e-02
1.922542454726159988e+01 3.594437744329161827e-02
1.947607703355479103e+01 3.478040253092604811e-02
1.972678839839982601e+01 3.350603396390719468e-02
1.997802698857814363e+01 3.248485010169446796e-02
2.022863620534168660e+01 3.138807910783327632e-02
2.047969598507238231e+01 3.042619729342031787e-02
2.073250439107362553e+01 2.950242815409741259e-02
2.098435855211640089e+01 2.841722330299203958e-02
2.123502923393334640e+01 2.750664604810966474e-02
2.148629411178690773e+01 2.678432346330426178e-02
2.173831825513516591e+01 2.578943752314257973e-02
2.198972260956887226e+01 2.510893880260679431e-02
2.223974971000711420e+01 2.444741652253542424e-02
2.249141870643862973e+01 2.392545263653854740e-02
2.274404614890906373e+01 2.290907085159655382e-02
2.299521835768831579e+01 2.219309019676393019e-02
2.324620084136223852e+01 2.164531193610357007e-02
2.349757798664387209e+01 2.103399528386009493e-02
2.374870488118759937e+01 2.045172348549083308e-02
2.399988781917473091e+01 1.990888224571372989e-02
2.425071646049711305e+01 1.915699999956909858e-02
2.450187830577813841e+01 1.876883182134894690e-02
2.475391093216606109e+01 1.837382906209749853e-02
2.500524226975159792e+01 1.782517650407138346e-02
2.525610980153284402e+01 1.731975976556727678e-02
2.550801425092822328e+01 1.680183550010670712e-02
2.575943113325822864e+01 1.638925652313068249e-02
2.601074166866445125e+01 1.593792048736358130e-02
2.626234447079615464e+01 1.560038984916001063e-02
2.651347712943701751e+01 1.521858343953459876e-02
2.676474177984877656e+01 1.480664043082753102e-02
2.701628079430242479e+01 1.444355181498972913e-02
2.726734205837282232e+01 1.409592798435602666e-02
2.751837013544679422e+01 1.366668331385673639e-02
2.776937726815812724e+01 1.338862846600744061e-02
2.802070160973895341e+01 1.305131295207610613e-02
2.827249982643487058e+01 1.271835661531579321e-02
2.852407603869968966e+01 1.236121116270335468e-02
2.877567300468570721e+01 1.218660507948454187e-02
2.902733523039245256e+01 1.187209533267213034e-02
2.927861073083739996e+01 1.161413645614053566e-02
2.953003196193969160e+01 1.130664909972443899e-02
2.978106336846375157e+01 1.106053587343087952e-02
3.003148440777084716e+01 1.097922323688912093e-02
3.028303386126418673e+01 1.057250817882198629e-02
3.053456493440382857e+01 1.038806859953401648e-02
3.078585183944906944e+01 1.009707171940975312e-02
3.103757946070165730e+01 9.904909256167953105e-03
3.128931656795834826e+01 9.737375996449443294e-03
3.154125974608096428e+01 9.514523061282609620e-03
3.179158626791808828e+01 9.301451192414893557e-03
3.204196438636942190e+01 9.086904927559220219e-03
3.229344668057169798e+01 8.874190554964642499e-03
3.254489998018084407e+01 8.721274978879291206e-03
3.279660140319880668e+01 8.580962270029390479e-03
3.304772754686901237e+01 8.311377198421100732e-03
3.329949953441923327e+01 8.239097630424008917e-03
3.355173249539067371e+01 8.069625124620238149e-03
3.380235474142784824e+01 7.862920570555100366e-03
3.405292218889088218e+01 7.705603212016883322e-03
3.430455901572810262e+01 7.579116563760339084e-03
3.455605119154291316e+01 7.402734854886813473e-03
3.480708698418615654e+01 7.296917923717171316e-03
3.505823042281740243e+01 7.159099428288721693e-03
3.530983122122644602e+01 6.996009217142757849e-03
3.556111974160763367e+01 6.860578333671948567e-03
3.581195885960364933e+01 6.720015324813506143e-03
3.606348577968052638e+01 6.570972815797513321e-03
3.631495136683125935e+01 6.496048704008976042e-03
3.656646781331610185e+01 6.377030253854831798e-03
3.681800948534306173e+01 6.232652807775034345e-03
3.706942350460822411e+01 6.132323789940764130e-03
3.732119977997001570e+01 6.034036124443077805e-03
3.757249197135423202e+01 5.899584588026687490e-03
3.782324055213251057e+01 5.820213207771955319e-03
3.807430609684078604e+01 5.695644537380610203e-03
3.832526519371521090e+01 5.629886275923736728e-03
3.857704530181875668e+01 5.503072091073241308e-03
3.882896255048217427e+01 5.388149022992239252e-03
3.907976684424035341e+01 5.321216041967697687e-03
3.933085588900704010e+01 5.242641395909837174e-03
3.958184533965361140e+01 5.116962360036784313e-03
3.983320492881626507e+01 4.996348970266057885e-03
4.008506787586624398e+01 4.980881614125845167e-03
4.033569471078550350e+01 4.864020643608451405e-03
4.058701345074587863e+01 4.792509462782228689e-03
4.083916815834436420e+01 4.699314735043969710e-03
4.108978611092747713e+01 4.625554174493681260e-03
4.134119394692694271e+01 4.561266540859866027e-03
4.159372926482761557e+01 4.520640782786459165e-03
4.184480996230068683e+01 4.437844717891851684e-03
4.209495048714620680e+01 4.368623541550498320e-03
4.234568601474854432e+01 4.241920371554906352e-03
4.259794184898333214e+01 4.214100323228772010e-03
4.284922176444433717e+01 4.140143731974866778e-03
4.309982534096671003e+01 4.059613370011525002e-03
4.335153475414617930e+01 4.011145514119529749e-03
4.360374984514007224e+01 3.925171069419781424e-03
4.385432838732079830e+01 3.836150101514564526e-03
4.410529766549178277e+01 3.805749680513349428e-03
4.435675536456894008e+01 3.729980616249609863e-03
4.460756668584335927e+01 3.693592647325244938e-03
4.485812369927145937e+01 3.662764153815052486e-03
4.510933196139897206e+01 3.604124341648442826e-03
4.536097672816924131e+01 3.541348667844217580e-03
4.561261869099184452e+01 3.495584414928858564e-03
4.586346064304911607e+01 3.418197660766134072e-03
4.611435299895526185e+01 3.387130981176982025e-03
4.636610302009028572e+01 3.361224677363582655e-03
4.661726081402038346e+01 3.258886581396448680e-03
4.686748045926628237e+01 3.285109192964157706e-03
4.712001000143001761e+01 3.181417310864918628e-03
4.737334269293729960e+01 3.189316056598683839e-03
4.762357272554871912e+01 3.084073401838936367e-03
4.787295862859781437e+01 3.049015899192857731e-03
4.812686710231834297e+01 3.005575274939330330e-03
4.837988354528783930e+01 2.956296500944814894e-03
4.862698975964909209e+01 2.910909332623611099e-03
4.887931961662670233e+01 2.896798867645479676e-03
4.913512531690142282e+01 2.852410497353547337e-03
4.938486646957150583e+01 2.798357415549155430e-03
4.963073103205424985e+01 2.709792038353153916e-03
4.988316058859187763e+01 2.698335607022345206e-03
5.013927392651110893e+01 2.692586408893598085e-03
5.038898445289544270e+01 2.559442531971274203e-03
5.063791314200675941e+01 2.552939662271795293e-03
5.089234515763529032e+01 2.544887437505121124e-03
5.114529266359630810e+01 2.573135444469968908e-03
5.138952878242714206e+01 2.469484374343142510e-03
5.163945178601188246e+01 2.379432193544849319e-03
5.190206698624180603e+01 2.493851684176379233e-03
5.215590084722179398e+01 2.295915653392748695e-03
5.238680673191466042e+01 2.412118167564904214e-03
5.263532591009818873e+01 2.343516190799428689e-03
5.290823119436031874e+01 2.435470729319838372e-03
5.316882575050344428e+01 2.330496459335059181e-03
5.338513341050097694e+01 2.243516691001749830e-03
5.363212510227822349e+01 2.195434454033373846e-03
5.391615723351310407e+01 2.138866983540233316e-03
5.419187693011466678e+01 2.235588842052604452e-03
5.439722241285236493e+01 2.188246566385987617e-03
5.462806064877949552e+01 2.419698576159086661e-03
5.491241494336609463e+01 1.910302083492132919e-03
5.519421446932921782e+01 1.965650196229664238e-03
5.543046826972861396e+01 2.205500501722272230e-03
5.561137265256709128e+01 7.524109067778209222e-04
