3.559856489878782115e-01 1.016955319621919330e+03
6.031648866026231293e-01 1.951855022542360700e+02
8.579160745827347778e-01 6.953494154737475696e+01
1.113464310595710716e+00 4.614195868123039190e+01
1.374039914321364408e+00 3.152272994598217082e+01
1.619154704570298309e+00 2.106224138447247896e+01
1.870686673430271840e+00 1.443334068529343028e+01
2.123290040706380832e+00 1.070302577351927731e+01
2.378144976376236119e+00 8.141165345421521593e+00
2.630489925835516996e+00 5.862352353900662116e+00
2.878653162679494670e+00 5.097782185207200278e+00
3.131144366275339319e+00 4.044629205824343821e+00
3.388159578333816313e+00 3.311069983705019482e+00
3.638741848210948149e+00 2.704982625659005713e+00
3.888315910732085268e+00 2.258311350808804630e+00
4.139052155837465996e+00 1.972705590638613282e+00
4.390305777018236988e+00 1.718914457369470128e+00
4.642172339120373081e+00 1.469441093975748736e+00
4.894678666149941293e+00 1.274240272581459887e+00
5.147269052361176378e+00 1.104126270021182243e+00
5.398003206656323272e+00 9.702501862647004982e-01
5.647798235368590269e+00 9.329273803462753145e-01
5.900534302989873581e+00 8.111711090047248884e-01
6.151460297009074374e+00 7.179642760510978050e-01
6.402630176204441526e+00 6.505556874638366294e-01
6.655964674748322096e+00 5.853825651245231354e-01
6.908782583105771202e+00 5.356051067101738061e-01
7.159060853508338873e+00 4.809325216712742046e-01
7.409414762591408632e+00 4.567048252376750828e-01
7.659227149364629561e+00 4.062060325378233361e-01
7.911559474606142395e+00 3.747965662988902436e-01
8.163750941790897997e+00 3.449612199844968030e-01
8.415757210439384295e+00 3.260991177000610586e-01
8.667638839289207198e+00 2.971735099366191180e-01
8.918801124864609520e+00 2.737576103221490142e-01
9.170480108345369530e+00 2.532124432593017560e-01
9.420566033467249412e+00 2.370710993254422916e-01
9.671642335271435797e+00 2.225712071786399848e-01
9.923426157758477473e+00 2.058938023520663629e-01
1.017396902749181820e+01 1.932140602126886098e-01
1.042533700753922155e+01 1.841084146714399294e-01
1.067702948358784276e+01 1.710457895287561814e-01
1.092969337256462303e+01 1.627000380522408973e-01
1.118211872033766419e+01 1.539677328136086487e-01
1.143346516925797296e+01 1.405047237254160586e-01
1.168350508557724687e+01 1.334665803771393211e-01
1.193379937775929100e+01 1.292075957248080831e-01
1.218553055762879112e+01 1.202902784095256916e-01
1.243711650801278878e+01 1.138409296060110959e-01
1.268867268647359303e+01 1.085886014283142659e-01
1.294075027177769144e+01 1.024240736447386974e-01
1.319267287020158363e+01 9.901475418348593127e-02
1.344470571782862756e+01 9.316661744975178461e-02
1.369480150283709641e+01 8.879788391285287075e-02
1.394591277066507828e+01 8.479795169058881865e-02
1.419764645764527167e+01 8.056595253938889090e-02
1.444766774168416212e+01 7.670649794469620864e-02
1.469906835825429070e+01 7.367044053202827236e-02
1.495059118111036511e+01 7.059637052523325129e-02
1.520261612590052991e+01 6.732320540931348296e-02
1.545415944503929495e+01 6.380845198397491758e-02
1.570456072545780124e+01 6.166981499026886332e-02
1.595705800128773966e+01 5.933939410265496456e-02
1.620829297830731619e+01 5.659233184261685395e-02
1.645966591028190962e+01 5.486658021925279460e-02
1.671125708846596325e+01 5.247100020253476355e-02
1.696160259490052624e+01 5.045262205333073818e-02
1.721370276108077135e+01 4.814046804240652150e-02
1.746543424102250341e+01 4.657130620595233139e-02
1.771598473288305442e+01 4.449817474084166030e-02
1.796653767411944003e+01 4.329792183886387730e-02
1.821765658501893270e+01 4.171337994424619694e-02
1.847053788120423334e+01 4.030624766503566186e-02
1.872257696809484173e+01 3.860830044834374225e-02
1.897394097105746269e+01 3.717524293304915600e-02
1.922542454726159988e+01 3.577374861405011736e-02
1.947607703355479103e+01 3.494402025325422934e-02
1.972678839839982601e+01 3.341401600900233138e-02
1.997802698857814363e+01 3.247745509714787537e-02
2.022863620534168660e+01 3.144692436302339023e-02
2.047969598507238231e+01 3.020191400819481967e-02
2.073250439107362553e+01 2.922368326993292353e-02
2.098435855211640089e+01 2.836323715789825992e-02
2.123502923393334640e+01 2.753386710388325276e-02
2.148629411178690773e+01 2.661828110588878096e-02
2.173831825513516591e+01 2.565146056957912091e-02
2.198972260956887226e+01 2.487485755475600177e-02
2.223974971000711420e+01 2.431864152015825870e-02
2.249141870643862973e+01 2.381722164256831406e-02
2.274404614890906373e+01 2.281647617275410489e-02
2.299521835768831579e+01 2.231282635829789918e-02
2.324620084136223852e+01 2.151060452501821901e-02
2.349757798664387209e+01 2.097702642508553553e-02
2.374870488118759937e+01 2.039631663541910389e-02
2.399988781917473091e+01 1.968463492177943003e-02
2.425071646049711305e+01 1.938088902183997958e-02
2.450187830577813841e+01 1.890033934261853982e-02
2.475391093216606109e+01 1.819770825307740619e-02
2.500524226975159792e+01 1.778102060364253334e-02
2.525610980153284402e+01 1.719900076496452129e-02
2.550801425092822328e+01 1.689121824508019870e-02
2.575943113325822864e+01 1.631170003682439265e-02
2.601074166866445125e+01 1.590467993122787402e-02
2.626234447079615464e+01 1.550477056495839188e-02
2.651347712943701751e+01 1.519298605891194684e-02
2.676474177984877656e+01 1.472163045765708528e-02
2.701628079430242479e+01 1.445307986569696092e-02
2.726734205837282232e+01 1.419282860080600846e-02
2.751837013544679422e+01 1.376587765014490768e-02
2.776937726815812724e+01 1.333970151601359712e-02
2.802070160973895341e+01 1.307826145843940871e-02
2.827249982643487058e+01 1.277544532418636858e-02
2.852407603869968966e+01 1.248234614854599155e-02
2.877567300468570721e+01 1.218798654706488779e-02
2.902733523039245256e+01 1.200319023892540242e-02
2.927861073083739996e+01 1.164751191949904736e-02
2.953003196193969160e+01 1.131435708328228269e-02
2.978106336846375157e+01 1.112014269975963865e-02
3.003148440777084716e+01 1.077197443840789345e-02
3.028303386126418673e+01 1.053683617592403483e-02
3.053456493440382857e+01 1.039468989701265549e-02
3.078585183944906944e+01 1.017919834176825127e-02
3.103757946070165730e+01 9.952544345492329858e-03
3.128931656795834826e+01 9.751134315886100107e-03
3.154125974608096428e+01 9.474367379962251798e-03
3.179158626791808828e+01 9.262462270925829466e-03
3.204196438636942190e+01 9.094347152696576758e-03
3.229344668057169798e+01 8.914671993416467891e-03
3.254489998018084407e+01 8.768923942621270617e-03
3.279660140319880668e+01 8.524025917771805780e-03
3.304772754686901237e+01 8.368456502479517875e-03
3.329949953441923327e+01 8.161826251226800277e-03
3.355173249539067371e+01 8.030718681317151192e-03
3.380235474142784824e+01 7.908223243729115698e-03
3.405292218889088218e+01 7.684181432031364674e-03
3.430455901572810262e+01 7.568281328179878725e-03
3.455605119154291316e+01 7.435729933108827482e-03
3.480708698418615654e+01 7.269309534756284233e-03
3.505823042281740243e+01 7.119050037204713299e-03
3.530983122122644602e+01 6.971555317250661445e-03
3.556111974160763367e+01 6.877333944615224813e-03
3.581195885960364933e+01 6.729095017501940910e-03
3.606348577968052638e+01 6.606156542512430993e-03
3.631495136683125935e+01 6.480740274263180334e-03
3.656646781331610185e+01 6.347624658652879261e-03
3.681800948534306173e+01 6.274689139510032827e-03
3.706942350460822411e+01 6.147538282589823204e-03
3.732119977997001570e+01 6.047207507383051996e-03
3.757249197135423202e+01 5.947180326012995073e-03
3.782324055213251057e+01 5.838944365741861701e-03
3.807430609684078604e+01 5.715855110593908751e-03
3.832526519371521090e+01 5.565145827073913337e-03
3.857704530181875668e+01 5.477974722097176362e-03
3.882896255048217427e+01 5.387159437382997747e-03
3.907976684424035341e+01 5.314679922527055719e-03
3.933085588900704010e+01 5.226464812309500156e-03
3.958184533965361140e+01 5.168909790176910192e-03
3.983320492881626507e+01 4.998250637436169042e-03
4.008506787586624398e+01 4.952016544801850391e-03
4.033569471078550350e+01 4.854416928852888120e-03
4.058701345074587863e+01 4.781881780569653163e-03
4.083916815834436420e+01 4.715209691710633803e-03
4.108978611092747713e+01 4.628044624986224660e-03
4.134119394692694271e+01 4.546302354649499333e-03
4.159372926482761557e+01 4.491703237623850820e-03
4.184480996230068683e+01 4.420340863912299370e-03
4.209495048714620680e+01 4.334629081335961837e-03
4.234568601474854432e+01 4.263950259099935809e-03
4.259794184898333214e+01 4.208045916761795485e-03
4.284922176444433717e+01 4.124319242752129584e-03
4.309982534096671003e+01 4.066657225522523830e-03
4.335153475414617930e+01 3.983403121129749404e-03
4.360374984514007224e+01 3.943958612069513141e-03
4.385432838732079830e+01 3.866397939366367394e-03
4.410529766549178277e+01 3.789742773531043062e-03
4.435675536456894008e+01 3.738547104428951648e-03
4.460756668584335927e+01 3.705981007963398289e-03
4.485812369927145937e+01 3.683373990145145330e-03
4.510933196139897206e+01 3.581825597977019750e-03
4.536097672816924131e+01 3.559466236701752228e-03
4.561261869099184452e+01 3.463058715524248554e-03
4.586346064304911607e+01 3.405545820055993437e-03
4.611435299895526185e+01 3.421516070652452952e-03
4.636610302009028572e+01 3.353643204952041351e-03
4.661726081402038346e+01 3.270864728934304907e-03
4.686748045926628237e+01 3.257710046302694784e-03
4.712001000143001761e+01 3.169618842629150831e-03
4.737334269293729960e+01 3.129828700195414967e-03
4.762357272554871912e+01 3.073495361034161641e-03
4.787295862859781437e+01 3.039552723052354587e-03
4.812686710231834297e+01 3.000839425191443189e-03
4.837988354528783930e+01 2.934942411652096371e-03
4.862698975964909209e+01 2.899924443325364604e-03
4.887931961662670233e+01 2.917174896753804703e-03
4.913512531690142282e+01 2.840017288847773193e-03
4.938486646957150583e+01 2.816341622427386525e-03
4.963073103205424985e+01 2.770741281741255935e-03
4.988316058859187763e+01 2.715157330405815281e-03
5.013927392651110893e+01 2.697637510860015006e-03
5.038898445289544270e+01 2.683007841240783471e-03
5.063791314200675941e+01 2.609249420366097083e-03
5.089234515763529032e+01 2.607670402334169319e-03
5.114529266359630810e+01 2.552776433627947875e-03
5.138952878242714206e+01 2.562502542288396835e-03
5.163945178601188246e+01 2.547619780591291790e-03
5.190206698624180603e+01 2.454132364268286903e-03
5.215590084722179398e+01 2.411273410681366754e-03
5.238680673191466042e+01 2.436242137710576804e-03
5.263532591009818873e+01 2.367279007953153238e-03
5.290823119436031874e+01 2.246539855861849361e-03
5.316882575050344428e+01 2.203409403871421906e-03
5.338513341050097694e+01 2.120726488492187100e-03
5.363212510227822349e+01 2.228825447527749918e-03
5.391615723351310407e+01 2.320323546908121225e-03
5.419187693011466678e+01 2.117276000156836750e-03
5.439722241285236493e+01 2.372077385667142532e-03
5.462806064877949552e+01 1.803674166708831321e-03
5.491241494336609463e+01 2.065180585317327386e-03
5.519421446932921782e+01 1.949449312133229870e-03
5.543046826972861396e+01 2.099689045080848412e-03
5.561137265256709128e+01 3.224248544987214516e-03
