3.559856489878782115e-01 4.941475060594978004e+02
6.031648866026231293e-01 2.945341132979940539e+02
8.579160745827347778e-01 8.862832942377193035e+01
1.113464310595710716e+00 4.341866764634368536e+01
1.374039914321364408e+00 2.898129387739861329e+01
1.619154704570298309e+00 2.110697958427075349e+01
1.870686673430271840e+00 1.452713560462957965e+01
2.123290040706380832e+00 1.006186646119090611e+01
2.378144976376236119e+00 8.400057642545576186e+00
2.630489925835516996e+00 5.991647850520886998e+00
2.878653162679494670e+00 4.672189735338792005e+00
3.131144366275339319e+00 4.006832247396174829e+00
3.388159578333816313e+00 3.385113354434344135e+00
3.638741848210948149e+00 2.552326423272169187e+00
3.888315910732085268e+00 2.334601344374652498e+00
4.139052155837465996e+00 1.913698500519053880e+00
4.390305777018236988e+00 1.714196009600347681e+00
4.642172339120373081e+00 1.502784561946924224e+00
4.894678666149941293e+00 1.313672567071803021e+00
5.147269052361176378e+00 1.153059187405927277e+00
5.398003206656323272e+00 9.575086427474986950e-01
5.647798235368590269e+00 8.958216943219150519e-01
5.900534302989873581e+00 8.161210607389104421e-01
6.151460297009074374e+00 7.110111377028078827e-01
6.402630176204441526e+00 6.370975283154101110e-01
6.655964674748322096e+00 5.787877139729711296e-01
6.908782583105771202e+00 5.347675666806601669e-01
7.159060853508338873e+00 4.901523061008639104e-01
7.409414762591408632e+00 4.427192864007060691e-01
7.659227149364629561e+00 4.023410929823874049e-01
7.911559474606142395e+00 3.799721671463608952e-01
8.163750941790897997e+00 3.419175718622639581e-01
8.415757210439384295e+00 3.200511909378824793e-01
8.667638839289207198e+00 2.907231127041624563e-01
8.918801124864609520e+00 2.714338625681826378e-01
9.170480108345369530e+00 2.491226132463731369e-01
9.420566033467249412e+00 2.403261093772195156e-01
9.671642335271435797e+00 2.228391631476124291e-01
9.923426157758477473e+00 2.091913057893593497e-01
1.017396902749181820e+01 1.928351122308897825e-01
1.042533700753922155e+01 1.843793458902771576e-01
1.067702948358784276e+01 1.698330973441876390e-01
1.092969337256462303e+01 1.597253387662714574e-01
1.118211872033766419e+01 1.487224193113722837e-01
1.143346516925797296e+01 1.418981005775631077e-01
1.168350508557724687e+01 1.348417367691550073e-01
1.193379937775929100e+01 1.268496261970035455e-01
1.218553055762879112e+01 1.205072265667796044e-01
1.243711650801278878e+01 1.127974488170037787e-01
1.268867268647359303e+01 1.079019768901506027e-01
1.294075027177769144e+01 1.016971947587327063e-01
1.319267287020158363e+01 9.661345555136316432e-02
1.344470571782862756e+01 9.411646143622429128e-02
1.369480150283709641e+01 8.849842007835405366e-02
1.394591277066507828e+01 8.450847422257279362e-02
1.419764645764527167e+01 8.065905723317660925e-02
1.444766774168416212e+01 7.702740122217027752e-02
1.469906835825429070e+01 7.236742811144968035e-02
1.495059118111036511e+01 7.039851569661609298e-02
1.520261612590052991e+01 6.759301433571855700e-02
1.545415944503929495e+01 6.440893040583579865e-02
1.570456072545780124e+01 6.127531774514685670e-02
1.595705800128773966e+01 5.926303460447517046e-02
1.620829297830731619e+01 5.654020736789884538e-02
1.645966591028190962e+01 5.408270558893969737e-02
1.671125708846596325e+01 5.203044235639901066e-02
1.696160259490052624e+01 5.011525382697201714e-02
1.721370276108077135e+01 4.824126500606981671e-02
1.746543424102250341e+01 4.623542916444781103e-02
1.771598473288305442e+01 4.506200643472123291e-02
1.796653767411944003e+01 4.306466659459439600e-02
1.821765658501893270e+01 4.134586265731219484e-02
1.847053788120423334e+01 4.044903105083866302e-02
1.872257696809484173e+01 3.843525454276766617e-02
1.897394097105746269e+01 3.717092396342981664e-02
1.922542454726159988e+01 3.623004533998435556e-02
1.947607703355479103e+01 3.451361669106486896e-02
1.972678839839982601e+01 3.368348117495006261e-02
1.997802698857814363e+01 3.229869405836807011e-02
2.022863620534168660e+01 3.136456824617519373e-02
2.047969598507238231e+01 3.031609098638672270e-02
2.073250439107362553e+01 2.926186849559858985e-02
2.098435855211640089e+01 2.862163989414816256e-02
2.123502923393334640e+01 2.749469987672990834e-02
2.148629411178690773e+01 2.684886779096472276e-02
2.173831825513516591e+01 2.577017107814330230e-02
2.198972260956887226e+01 2.502882301001946308e-02
2.223974971000711420e+01 2.447244144907118404e-02
2.249141870643862973e+01 2.377315156224625928e-02
2.274404614890906373e+01 2.285584117476078050e-02
2.299521835768831579e+01 2.224605067624495919e-02
2.324620084136223852e+01 2.158754480381283591e-02
2.349757798664387209e+01 2.099332616198478982e-02
2.374870488118759937e+01 2.037564303627959622e-02
2.399988781917473091e+01 1.999842758491355427e-02
2.425071646049711305e+01 1.939611282695330799e-02
2.450187830577813841e+01 1.875750602112924784e-02
2.475391093216606109e+01 1.836938123816495017e-02
2.500524226975159792e+01 1.778748936362376659e-02
2.525610980153284402e+01 1.729215574089267363e-02
2.550801425092822328e+01 1.680289722481830700e-02
2.575943113325822864e+01 1.633401297413095490e-02
2.601074166866445125e+01 1.606486323580252548e-02
2.626234447079615464e+01 1.554786556969259097e-02
2.651347712943701751e+01 1.522755651393523611e-02
2.676474177984877656e+01 1.487032813537507783e-02
2.701628079430242479e+01 1.443511316590677732e-02
2.726734205837282232e+01 1.406781205952079179e-02
2.751837013544679422e+01 1.373097181818296389e-02
2.776937726815812724e+01 1.336115239370033216e-02
2.802070160973895341e+01 1.305223516608361098e-02
2.827249982643487058e+01 1.269308082225009335e-02
2.852407603869968966e+01 1.246888886997698197e-02
2.877567300468570721e+01 1.210397442396703334e-02
2.902733523039245256e+01 1.188083779854516922e-02
2.927861073083739996e+01 1.160402978932095937e-02
2.953003196193969160e+01 1.133848872123074947e-02
2.978106336846375157e+01 1.106862170129801863e-02
3.003148440777084716e+01 1.089467639637286753e-02
3.028303386126418673e+01 1.058863080220137295e-02
3.053456493440382857e+01 1.036618976538188075e-02
3.078585183944906944e+01 1.014558167626325100e-02
3.103757946070165730e+01 9.989537748865002717e-03
3.128931656795834826e+01 9.700402260756297093e-03
3.154125974608096428e+01 9.481499164207315283e-03
3.179158626791808828e+01 9.271415993932082336e-03
3.204196438636942190e+01 9.089754513527668542e-03
3.229344668057169798e+01 8.900102566812184007e-03
3.254489998018084407e+01 8.745872358032567156e-03
3.279660140319880668e+01 8.528911291935855829e-03
3.304772754686901237e+01 8.354722968035091513e-03
3.329949953441923327e+01 8.192246653779128307e-03
3.355173249539067371e+01 8.060739936069309663e-03
3.380235474142784824e+01 7.897964717003791782e-03
3.405292218889088218e+01 7.738049852335061353e-03
3.430455901572810262e+01 7.547764087879590966e-03
3.455605119154291316e+01 7.400589988998934783e-03
3.480708698418615654e+01 7.245964524845688315e-03
3.505823042281740243e+01 7.112629087753057945e-03
3.530983122122644602e+01 7.027488982291331746e-03
3.556111974160763367e+01 6.869202690267983864e-03
3.581195885960364933e+01 6.753095741023147115e-03
3.606348577968052638e+01 6.594664730802651115e-03
3.631495136683125935e+01 6.501844573969406405e-03
3.656646781331610185e+01 6.355229197396595163e-03
3.681800948534306173e+01 6.251358549834901829e-03
3.706942350460822411e+01 6.127429290286721085e-03
3.732119977997001570e+01 5.974564183311077172e-03
3.757249197135423202e+01 5.913081984448355886e-03
3.782324055213251057e+01 5.806728469833634387e-03
3.807430609684078604e+01 5.706186307583290679e-03
3.832526519371521090e+01 5.603391619988772228e-03
3.857704530181875668e+01 5.495878246506800263e-03
3.882896255048217427e+01 5.389804171948509026e-03
3.907976684424035341e+01 5.309395465402533092e-03
3.933085588900704010e+01 5.241210699301047243e-03
3.958184533965361140e+01 5.124929032267538757e-03
3.983320492881626507e+01 5.085581963062408076e-03
4.008506787586624398e+01 4.970365660140036411e-03
4.033569471078550350e+01 4.859441880741110185e-03
4.058701345074587863e+01 4.802842571500542078e-03
4.083916815834436420e+01 4.672960807131068019e-03
4.108978611092747713e+01 4.634910421094612203e-03
4.134119394692694271e+01 4.579533611146101822e-03
4.159372926482761557e+01 4.481848850173264336e-03
4.184480996230068683e+01 4.434392359169248704e-03
4.209495048714620680e+01 4.364919202280792901e-03
4.234568601474854432e+01 4.224371680083267681e-03
4.259794184898333214e+01 4.204145235270894190e-03
4.284922176444433717e+01 4.121344679121184511e-03
4.309982534096671003e+01 4.058477874196409277e-03
4.335153475414617930e+01 3.983537537420295434e-03
4.360374984514007224e+01 3.931582509952249137e-03
4.385432838732079830e+01 3.881832595032365819e-03
4.410529766549178277e+01 3.837705677279592501e-03
4.435675536456894008e+01 3.768691502896256984e-03
4.460756668584335927e+01 3.690624147745176324e-03
4.485812369927145937e+01 3.638483992727268093e-03
4.510933196139897206e+01 3.585211235632666197e-03
4.536097672816924131e+01 3.521389790633926153e-03
4.561261869099184452e+01 3.466545674749242287e-03
4.586346064304911607e+01 3.444928260664668982e-03
4.611435299895526185e+01 3.367913132356982302e-03
4.636610302009028572e+01 3.310926805688245347e-03
4.661726081402038346e+01 3.250637353787670398e-03
4.686748045926628237e+01 3.241825647009443246e-03
4.712001000143001761e+01 3.202067975419512370e-03
4.737334269293729960e+01 3.165905200727916168e-03
4.762357272554871912e+01 3.100120371982675611e-03
4.787295862859781437e+01 3.065131955241560350e-03
4.812686710231834297e+01 3.002484252049234491e-03
4.837988354528783930e+01 2.984697087464985906e-03
4.862698975964909209e+01 2.898103379808077747e-03
4.887931961662670233e+01 2.916138986057730670e-03
4.913512531690142282e+01 2.870981599786597872e-03
4.938486646957150583e+01 2.802536046430301447e-03
4.963073103205424985e+01 2.757814016388038855e-03
4.988316058859187763e+01 2.701814098382281353e-03
5.013927392651110893e+01 2.654545557821013681e-03
5.038898445289544270e+01 2.672943685761645493e-03
5.063791314200675941e+01 2.595359903821787152e-03
5.089234515763529032e+01 2.603735440486483910e-03
5.114529266359630810e+01 2.608755935145556839e-03
5.138952878242714206e+01 2.490565045291784352e-03
5.163945178601188246e+01 2.442844015455990225e-03
5.190206698624180603e+01 2.473523885888478935e-03
5.215590084722179398e+01 2.420150083331502541e-03
5.238680673191466042e+01 2.330391915965243990e-03
5.263532591009818873e+01 2.380398735610158006e-03
5.290823119436031874e+01 2.287110791994571672e-03
5.316882575050344428e+01 2.248519700852600819e-03
5.338513341050097694e+01 2.318965520963543660e-03
5.363212510227822349e+01 2.212992649893767705e-03
5.391615723351310407e+01 2.163874050642743997e-03
5.419187693011466678e+01 2.103487429693260812e-03
5.439722241285236493e+01 1.853230126909712755e-03
5.462806064877949552e+01 2.102238995507259723e-03
5.491241494336609463e+01 1.991316899701276507e-03
5.519421446932921782e+01 2.168099542480064930e-03
5.543046826972861396e+01 1.445139267228039408e-03
5.561137265256709128e+01 2.842497134343818007e-03
