3.559856489878782115e-01 4.034615301093917878e+02
6.031648866026231293e-01 2.342660191432995589e+02
8.579160745827347778e-01 1.002648631689829273e+02
1.113464310595710716e+00 5.204858502645301854e+01
1.374039914321364408e+00 3.010814855230529119e+01
1.619154704570298309e+00 2.093752186193887610e+01
1.870686673430271840e+00 1.356796941623072605e+01
2.123290040706380832e+00 1.008736889051663788e+01
2.378144976376236119e+00 7.989024832550112087e+00
2.630489925835516996e+00 6.211685267665461474e+00
2.878653162679494670e+00 4.736825367173746137e+00
3.131144366275339319e+00 3.835785135368999565e+00
3.388159578333816313e+00 3.354485177345988500e+00
3.638741848210948149e+00 2.679839088803800617e+00
3.888315910732085268e+00 2.354591262993277478e+00
4.139052155837465996e+00 2.031987816571244831e+00
4.390305777018236988e+00 1.705397225904887515e+00
4.642172339120373081e+00 1.526147341909899202e+00
4.894678666149941293e+00 1.313756628017692663e+00
5.147269052361176378e+00 1.120265273162036390e+00
5.398003206656323272e+00 1.004918209625711434e+00
5.647798235368590269e+00 8.957807467574384619e-01
5.900534302989873581e+00 7.828393186379164481e-01
6.151460297009074374e+00 7.052718000172327750e-01
6.402630176204441526e+00 6.528014479368052791e-01
6.655964674748322096e+00 5.766314457547085937e-01
6.908782583105771202e+00 5.380684816914299562e-01
7.159060853508338873e+00 4.611690563841104318e-01
7.409414762591408632e+00 4.418868873137012931e-01
7.659227149364629561e+00 4.103403440182840645e-01
7.911559474606142395e+00 3.824247447080202367e-01
8.163750941790897997e+00 3.458003287951028071e-01
8.415757210439384295e+00 3.225753632835709483e-01
8.667638839289207198e+00 2.883592405118609037e-01
8.918801124864609520e+00 2.701116728774208831e-01
9.170480108345369530e+00 2.513186972480205283e-01
9.420566033467249412e+00 2.324457569489744857e-01
9.671642335271435797e+00 2.208304662757603620e-01
9.923426157758477473e+00 2.058808638982806694e-01
1.017396902749181820e+01 1.922990692171364091e-01
1.042533700753922155e+01 1.808643716402039969e-01
1.067702948358784276e+01 1.707944612905601123e-01
1.092969337256462303e+01 1.593967631969025189e-01
1.118211872033766419e+01 1.491072267018918318e-01
1.143346516925797296e+01 1.415915393969294500e-01
1.168350508557724687e+01 1.344915478521331864e-01
1.193379937775929100e+01 1.272973484878049122e-01
1.218553055762879112e+01 1.210873374911567435e-01
1.243711650801278878e+01 1.135186458861460468e-01
1.268867268647359303e+01 1.090430753343453046e-01
1.294075027177769144e+01 1.036871130617534470e-01
1.319267287020158363e+01 9.791913268861490716e-02
1.344470571782862756e+01 9.250183604182041219e-02
1.369480150283709641e+01 8.805191030315105694e-02
1.394591277066507828e+01 8.454169659035584705e-02
1.419764645764527167e+01 8.048229817137941833e-02
1.444766774168416212e+01 7.578799149126602686e-02
1.469906835825429070e+01 7.388057070390037506e-02
1.495059118111036511e+01 7.026583330190006027e-02
1.520261612590052991e+01 6.661627662627549185e-02
1.545415944503929495e+01 6.464620011855128079e-02
1.570456072545780124e+01 6.183974217912121402e-02
1.595705800128773966e+01 5.932415198332615519e-02
1.620829297830731619e+01 5.705768587218784660e-02
1.645966591028190962e+01 5.459946277019344513e-02
1.671125708846596325e+01 5.236241510030782698e-02
1.696160259490052624e+01 4.987893552873362557e-02
1.721370276108077135e+01 4.803931916363429755e-02
1.746543424102250341e+01 4.638609761029991591e-02
1.771598473288305442e+01 4.484260392877456591e-02
1.796653767411944003e+01 4.282585408138814970e-02
1.821765658501893270e+01 4.190656869464171042e-02
1.847053788120423334e+01 3.998090984176923268e-02
1.872257696809484173e+01 3.821433874533611275e-02
1.897394097105746269e+01 3.698924353399762888e-02
1.922542454726159988e+01 3.591512518223331091e-02
1.947607703355479103e+01 3.473362200688293044e-02
1.972678839839982601e+01 3.371385201844504659e-02
1.997802698857814363e+01 3.238595200682817948e-02
2.022863620534168660e+01 3.121925681848587014e-02
2.047969598507238231e+01 3.042956287366316293e-02
2.073250439107362553e+01 2.929301485804765640e-02
2.098435855211640089e+01 2.828417786401216452e-02
2.123502923393334640e+01 2.751535827575637971e-02
2.148629411178690773e+01 2.689321402677400177e-02
2.173831825513516591e+01 2.598549417613105900e-02
2.198972260956887226e+01 2.513546480578573300e-02
2.223974971000711420e+01 2.427188864865366391e-02
2.249141870643862973e+01 2.354458621865186327e-02
2.274404614890906373e+01 2.286963534492271813e-02
2.299521835768831579e+01 2.224850510596559916e-02
2.324620084136223852e+01 2.162494709581700217e-02
2.349757798664387209e+01 2.090986079697439159e-02
2.374870488118759937e+01 2.020424309832915405e-02
2.399988781917473091e+01 1.978191932687482779e-02
2.425071646049711305e+01 1.929120080730208076e-02
2.450187830577813841e+01 1.878258547348431867e-02
2.475391093216606109e+01 1.826920462390505331e-02
2.500524226975159792e+01 1.781890154099617998e-02
2.525610980153284402e+01 1.735812908645677916e-02
2.550801425092822328e+01 1.678080238691841489e-02
2.575943113325822864e+01 1.647038726881226711e-02
2.601074166866445125e+01 1.593402231363966193e-02
2.626234447079615464e+01 1.572493723486334191e-02
2.651347712943701751e+01 1.523080132170839991e-02
2.676474177984877656e+01 1.480353162354911510e-02
2.701628079430242479e+01 1.454872459828240872e-02
2.726734205837282232e+01 1.408031278279275184e-02
2.751837013544679422e+01 1.375472076662193760e-02
2.776937726815812724e+01 1.342788483942090189e-02
2.802070160973895341e+01 1.314325033682541867e-02
2.827249982643487058e+01 1.273656231848525888e-02
2.852407603869968966e+01 1.247544129434474854e-02
2.877567300468570721e+01 1.218951271943704770e-02
2.902733523039245256e+01 1.186304110506622607e-02
2.927861073083739996e+01 1.160882367166375835e-02
2.953003196193969160e+01 1.137777911131683008e-02
2.978106336846375157e+01 1.108612551128208140e-02
3.003148440777084716e+01 1.078621767312082889e-02
3.028303386126418673e+01 1.063353545412975935e-02
3.053456493440382857e+01 1.038580378417651960e-02
3.078585183944906944e+01 1.009349122806012071e-02
3.103757946070165730e+01 9.942066389459535206e-03
3.128931656795834826e+01 9.744713428871926153e-03
3.154125974608096428e+01 9.483523578769439272e-03
3.179158626791808828e+01 9.304527930860343604e-03
3.204196438636942190e+01 9.110873816282337098e-03
3.229344668057169798e+01 8.900503572845963954e-03
3.254489998018084407e+01 8.707796220415585375e-03
3.279660140319880668e+01 8.522972809643208567e-03
3.304772754686901237e+01 8.370980849556687239e-03
3.329949953441923327e+01 8.213793528007270334e-03
3.355173249539067371e+01 8.025863763373948523e-03
3.380235474142784824e+01 7.861618614311068065e-03
3.405292218889088218e+01 7.773882636536244908e-03
3.430455901572810262e+01 7.532410788767533727e-03
3.455605119154291316e+01 7.402321557395397100e-03
3.480708698418615654e+01 7.244572254059875038e-03
3.505823042281740243e+01 7.132669376979001302e-03
3.530983122122644602e+01 6.960671739387384524e-03
3.556111974160763367e+01 6.888421295696486001e-03
3.581195885960364933e+01 6.718188814342222065e-03
3.606348577968052638e+01 6.554157948437816690e-03
3.631495136683125935e+01 6.505155183276012734e-03
3.656646781331610185e+01 6.393691247606365056e-03
3.681800948534306173e+01 6.260393374925510290e-03
3.706942350460822411e+01 6.155117853266350685e-03
3.732119977997001570e+01 6.019664332910030363e-03
3.757249197135423202e+01 5.894842552141598031e-03
3.782324055213251057e+01 5.785036629219006236e-03
3.807430609684078604e+01 5.666265543330210007e-03
3.832526519371521090e+01 5.595903419740381503e-03
3.857704530181875668e+01 5.464855970441375929e-03
3.882896255048217427e+01 5.396432434941990028e-03
3.907976684424035341e+01 5.318021031499746420e-03
3.933085588900704010e+01 5.211089256967613333e-03
3.958184533965361140e+01 5.143386048484633634e-03
3.983320492881626507e+01 5.049275275956336545e-03
4.008506787586624398e+01 4.948832974765412715e-03
4.033569471078550350e+01 4.855447857477894827e-03
4.058701345074587863e+01 4.778733889747804366e-03
4.083916815834436420e+01 4.715951543205992684e-03
4.108978611092747713e+01 4.631978292237142608e-03
4.134119394692694271e+01 4.571110400810099277e-03
4.159372926482761557e+01 4.509373906646139789e-03
4.184480996230068683e+01 4.430387192950513246e-03
4.209495048714620680e+01 4.329001116768082039e-03
4.234568601474854432e+01 4.281240045584023927e-03
4.259794184898333214e+01 4.179625395340626735e-03
4.284922176444433717e+01 4.142713475050531155e-03
4.309982534096671003e+01 4.068428646593303874e-03
4.335153475414617930e+01 3.992264107495590263e-03
4.360374984514007224e+01 3.917445379855504124e-03
4.385432838732079830e+01 3.870870236533970575e-03
4.410529766549178277e+01 3.826358252427333132e-03
4.435675536456894008e+01 3.764961046285476148e-03
4.460756668584335927e+01 3.725628171938626890e-03
4.485812369927145937e+01 3.653782819835768234e-03
4.510933196139897206e+01 3.573408016278806568e-03
4.536097672816924131e+01 3.567274116775789611e-03
4.561261869099184452e+01 3.508059549929509486e-03
4.586346064304911607e+01 3.451309018444012871e-03
4.611435299895526185e+01 3.397553647451909999e-03
4.636610302009028572e+01 3.289512187986271159e-03
4.661726081402038346e+01 3.327559250110881123e-03
4.686748045926628237e+01 3.232439758248094666e-03
4.712001000143001761e+01 3.182388434518485399e-03
4.737334269293729960e+01 3.184695402228396397e-03
4.762357272554871912e+01 3.078961107261927923e-03
4.787295862859781437e+01 3.005709212000579923e-03
4.812686710231834297e+01 3.012042911504071371e-03
4.837988354528783930e+01 2.980426508467002873e-03
4.862698975964909209e+01 2.951133961823252869e-03
4.887931961662670233e+01 2.824766301809327786e-03
4.913512531690142282e+01 2.854479018956239834e-03
4.938486646957150583e+01 2.787200070088728318e-03
4.963073103205424985e+01 2.793185178817364240e-03
4.988316058859187763e+01 2.743418159061938606e-03
5.013927392651110893e+01 2.651833670478512262e-03
5.038898445289544270e+01 2.695716442202076950e-03
5.063791314200675941e+01 2.664768085134317649e-03
5.089234515763529032e+01 2.542401975312827585e-03
5.114529266359630810e+01 2.556761225009452319e-03
5.138952878242714206e+01 2.551098906556796553e-03
5.163945178601188246e+01 2.481600836452759092e-03
5.190206698624180603e+01 2.536397013092231423e-03
5.215590084722179398e+01 2.408056095202692516e-03
5.238680673191466042e+01 2.314083846662981243e-03
5.263532591009818873e+01 2.451079802388234953e-03
5.290823119436031874e+01 2.331344574371810915e-03
5.316882575050344428e+01 2.337002310464044580e-03
5.338513341050097694e+01 2.272214689228915525e-03
5.363212510227822349e+01 2.243827415111512760e-03
5.391615723351310407e+01 2.086236681843801032e-03
5.419187693011466678e+01 2.035087568837235222e-03
5.439722241285236493e+01 2.013128627523217730e-03
5.462806064877949552e+01 2.288093033801740644e-03
5.491241494336609463e+01 1.954772414272450565e-03
5.519421446932921782e+01 2.253127168753495720e-03
5.543046826972861396e+01 2.239907996814336118e-03
5.561137265256709128e+01 1.503127082456382803e-03
