3.559856489878782115e-01 7.556202357944777077e+02
6.031648866026231293e-01 2.847440478482997719e+02
8.579160745827347778e-01 1.029099859831210324e+02
1.113464310595710716e+00 5.377641720083736487e+01
1.374039914321364408e+00 3.110018050151322200e+01
1.619154704570298309e+00 1.930472894083114355e+01
1.870686673430271840e+00 1.331000987647149181e+01
2.123290040706380832e+00 1.116077796764468033e+01
2.378144976376236119e+00 7.736539129380253677e+00
2.630489925835516996e+00 5.830004309129066087e+00
2.878653162679494670e+00 4.763955868934693250e+00
3.131144366275339319e+00 4.143695412062790240e+00
3.388159578333816313e+00 3.156330777083465211e+00
3.638741848210948149e+00 2.785044368131707859e+00
3.888315910732085268e+00 2.356942018773581893e+00
4.139052155837465996e+00 1.900058311539995159e+00
4.390305777018236988e+00 1.725013123537801896e+00
4.642172339120373081e+00 1.432846114303244489e+00
4.894678666149941293e+00 1.334406876248012574e+00
5.147269052361176378e+00 1.110274521103814527e+00
5.398003206656323272e+00 9.964249346452977996e-01
5.647798235368590269e+00 9.002114460545822539e-01
5.900534302989873581e+00 7.840489468471595336e-01
6.151460297009074374e+00 7.262794237160424826e-01
6.402630176204441526e+00 6.393423239897439991e-01
6.655964674748322096e+00 5.908099996277034194e-01
6.908782583105771202e+00 5.201793686426655627e-01
7.159060853508338873e+00 4.799565251817587974e-01
7.409414762591408632e+00 4.412157691804551307e-01
7.659227149364629561e+00 4.035412128060205661e-01
7.911559474606142395e+00 3.764490307860355878e-01
8.163750941790897997e+00 3.539502627871536355e-01
8.415757210439384295e+00 3.218763472939886183e-01
8.667638839289207198e+00 2.987400843849828957e-01
8.918801124864609520e+00 2.722063355108175764e-01
9.170480108345369530e+00 2.554295139582691831e-01
9.420566033467249412e+00 2.398762361032866219e-01
9.671642335271435797e+00 2.240364271378026684e-01
9.923426157758477473e+00 2.096035109824550824e-01
1.017396902749181820e+01 1.917820944648731263e-01
1.042533700753922155e+01 1.799698363080349806e-01
1.067702948358784276e+01 1.701099688363292561e-01
1.092969337256462303e+01 1.597233640794083198e-01
1.118211872033766419e+01 1.512190560047440013e-01
1.143346516925797296e+01 1.440165493616100967e-01
1.168350508557724687e+01 1.345996387038168318e-01
1.193379937775929100e+01 1.270827983186102184e-01
1.218553055762879112e+01 1.221344926177400786e-01
1.243711650801278878e+01 1.138592771375718515e-01
1.268867268647359303e+01 1.079461434019214627e-01
1.294075027177769144e+01 1.029085599407235652e-01
1.319267287020158363e+01 9.841127552577975945e-02
1.344470571782862756e+01 9.408090458258717981e-02
1.369480150283709641e+01 8.791986643192317707e-02
1.394591277066507828e+01 8.537853666721777202e-02
1.419764645764527167e+01 8.071351268991461270e-02
1.444766774168416212e+01 7.782575318642427631e-02
1.469906835825429070e+01 7.427557230001323452e-02
1.495059118111036511e+01 7.116411603174796485e-02
1.520261612590052991e+01 6.686141258461884840e-02
1.545415944503929495e+01 6.423491203224028501e-02
1.570456072545780124e+01 6.183811427967997321e-02
1.595705800128773966e+01 5.854705735195576272e-02
1.620829297830731619e+01 5.659916766035388153e-02
1.645966591028190962e+01 5.492582909520030143e-02
1.671125708846596325e+01 5.227588666305636039e-02
1.696160259490052624e+01 5.107282230247246063e-02
1.721370276108077135e+01 4.878877221284048937e-02
1.746543424102250341e+01 4.671622535587955510e-02
1.771598473288305442e+01 4.465485189407603084e-02
1.796653767411944003e+01 4.357292710913857753e-02
1.821765658501893270e+01 4.162367582276604860e-02
1.847053788120423334e+01 4.002432194694062473e-02
1.872257696809484173e+01 3.878258267280926264e-02
1.897394097105746269e+01 3.731247166104571800e-02
1.922542454726159988e+01 3.574655131922506446e-02
1.947607703355479103e+01 3.464122375724235786e-02
1.972678839839982601e+01 3.318961810811488916e-02
1.997802698857814363e+01 3.234113421962063473e-02
2.022863620534168660e+01 3.114445920813196586e-02
2.047969598507238231e+01 3.021805305064327943e-02
2.073250439107362553e+01 2.916734686085417638e-02
2.098435855211640089e+01 2.839687472175522406e-02
2.123502923393334640e+01 2.747834617478390681e-02
2.148629411178690773e+01 2.678505909282316924e-02
2.173831825513516591e+01 2.582387004110302947e-02
2.198972260956887226e+01 2.508729746883773051e-02
2.223974971000711420e+01 2.422886976466024148e-02
2.249141870643862973e+01 2.355018610092310741e-02
2.274404614890906373e+01 2.295361205999831705e-02
2.299521835768831579e+01 2.224044930593388480e-02
2.324620084136223852e+01 2.157111417371082238e-02
2.349757798664387209e+01 2.086467688436870194e-02
2.374870488118759937e+01 2.037581145010375350e-02
2.399988781917473091e+01 1.992225343003582380e-02
2.425071646049711305e+01 1.933185632768087345e-02
2.450187830577813841e+01 1.874739349637755473e-02
2.475391093216606109e+01 1.838214057618667296e-02
2.500524226975159792e+01 1.764433217869474171e-02
2.525610980153284402e+01 1.732622785437082716e-02
2.550801425092822328e+01 1.675031594805088606e-02
2.575943113325822864e+01 1.634231178397099402e-02
2.601074166866445125e+01 1.599097411131806742e-02
2.626234447079615464e+01 1.550029467058123243e-02
2.651347712943701751e+01 1.519435762878848170e-02
2.676474177984877656e+01 1.483429282735266794e-02
2.701628079430242479e+01 1.442487395872072212e-02
2.726734205837282232e+01 1.405094006191508205e-02
2.751837013544679422e+01 1.371499470151969942e-02
2.776937726815812724e+01 1.335443223045634960e-02
2.802070160973895341e+01 1.312188956375751926e-02
2.827249982643487058e+01 1.281434447547399186e-02
2.852407603869968966e+01 1.242868326679638993e-02
2.877567300468570721e+01 1.211004629536254103e-02
2.902733523039245256e+01 1.192288912560304261e-02
2.927861073083739996e+01 1.158423307062912862e-02
2.953003196193969160e+01 1.132935281886013335e-02
2.978106336846375157e+01 1.103484573864604162e-02
3.003148440777084716e+01 1.078380716169207929e-02
3.028303386126418673e+01 1.058369211432703266e-02
3.053456493440382857e+01 1.041169572899857017e-02
3.078585183944906944e+01 1.014968410059507824e-02
3.103757946070165730e+01 9.969805517922238070e-03
3.128931656795834826e+01 9.693737666194810268e-03
3.154125974608096428e+01 9.511017063275947064e-03
3.179158626791808828e+01 9.261235912236270504e-03
3.204196438636942190e+01 9.045340452603757228e-03
3.229344668057169798e+01 8.873144441130586396e-03
3.254489998018084407e+01 8.745602730146070231e-03
3.279660140319880668e+01 8.534273875175470495e-03
3.304772754686901237e+01 8.335610598169519367e-03
3.329949953441923327e+01 8.181294717084560547e-03
3.355173249539067371e+01 8.086068849386469221e-03
3.380235474142784824e+01 7.896947101613427389e-03
3.405292218889088218e+01 7.657900928282103566e-03
3.430455901572810262e+01 7.543900068930803858e-03
3.455605119154291316e+01 7.444722734110520608e-03
3.480708698418615654e+01 7.293886910705518235e-03
3.505823042281740243e+01 7.093045461561621468e-03
3.530983122122644602e+01 7.020915882735989308e-03
3.556111974160763367e+01 6.831743441895937741e-03
3.581195885960364933e+01 6.710857899195451365e-03
3.606348577968052638e+01 6.615754886940436626e-03
3.631495136683125935e+01 6.504900161106628997e-03
3.656646781331610185e+01 6.370548350170946242e-03
3.681800948534306173e+01 6.239323019381592429e-03
3.706942350460822411e+01 6.126804547398798616e-03
3.732119977997001570e+01 6.002175413325656038e-03
3.757249197135423202e+01 5.887342202345517347e-03
3.782324055213251057e+01 5.808560790098965358e-03
3.807430609684078604e+01 5.665252234796310828e-03
3.832526519371521090e+01 5.564903403450472200e-03
3.857704530181875668e+01 5.496369818134228848e-03
3.882896255048217427e+01 5.417956299498865626e-03
3.907976684424035341e+01 5.294523830326240688e-03
3.933085588900704010e+01 5.206240326426095355e-03
3.958184533965361140e+01 5.125634872499046542e-03
3.983320492881626507e+01 5.066929634189732377e-03
4.008506787586624398e+01 4.935342882178127104e-03
4.033569471078550350e+01 4.887498990067160737e-03
4.058701345074587863e+01 4.794698530233138661e-03
4.083916815834436420e+01 4.726249482625245399e-03
4.108978611092747713e+01 4.648186082947608315e-03
4.134119394692694271e+01 4.525952465221884206e-03
4.159372926482761557e+01 4.475656670882827322e-03
4.184480996230068683e+01 4.403632148718662591e-03
4.209495048714620680e+01 4.344583592902398136e-03
4.234568601474854432e+01 4.260493554508425033e-03
4.259794184898333214e+01 4.198919891423924869e-03
4.284922176444433717e+01 4.103599749761712226e-03
4.309982534096671003e+01 4.069727615190582050e-03
4.335153475414617930e+01 3.989967145796842127e-03
4.360374984514007224e+01 3.975750550529805021e-03
4.385432838732079830e+01 3.902136913176666722e-03
4.410529766549178277e+01 3.824346839456216514e-03
4.435675536456894008e+01 3.764691125303245775e-03
4.460756668584335927e+01 3.693384201500260564e-03
4.485812369927145937e+01 3.637466216135770095e-03
4.510933196139897206e+01 3.586261316495662887e-03
4.536097672816924131e+01 3.553236971522327845e-03
4.561261869099184452e+01 3.471529488089113939e-03
4.586346064304911607e+01 3.393571902801006870e-03
4.611435299895526185e+01 3.367230677505925196e-03
4.636610302009028572e+01 3.328838805946542339e-03
4.661726081402038346e+01 3.295262662165292841e-03
4.686748045926628237e+01 3.246113609663411892e-03
4.712001000143001761e+01 3.192382612907244174e-03
4.737334269293729960e+01 3.148655901776153954e-03
4.762357272554871912e+01 3.096293249505522541e-03
4.787295862859781437e+01 3.061588775977736564e-03
4.812686710231834297e+01 3.044089200938264982e-03
4.837988354528783930e+01 2.975840033860657763e-03
4.862698975964909209e+01 2.934263757780210431e-03
4.887931961662670233e+01 2.906826952657553045e-03
4.913512531690142282e+01 2.866087129393901211e-03
4.938486646957150583e+01 2.780036211953715482e-03
4.963073103205424985e+01 2.752414945788564556e-03
4.988316058859187763e+01 2.750646625817887349e-03
5.013927392651110893e+01 2.627695334491858895e-03
5.038898445289544270e+01 2.624159683204586695e-03
5.063791314200675941e+01 2.623638828318466086e-03
5.089234515763529032e+01 2.591687108809478425e-03
5.114529266359630810e+01 2.608762170617917944e-03
5.138952878242714206e+01 2.560001396128919714e-03
5.163945178601188246e+01 2.531393600974356489e-03
5.190206698624180603e+01 2.351202462584275725e-03
5.215590084722179398e+01 2.418606132027392285e-03
5.238680673191466042e+01 2.343732528543780638e-03
5.263532591009818873e+01 2.318141218068264960e-03
5.290823119436031874e+01 2.264030573630229030e-03
5.316882575050344428e+01 2.250575469763357005e-03
5.338513341050097694e+01 2.190380294981502350e-03
5.363212510227822349e+01 2.126966671328639046e-03
5.391615723351310407e+01 2.187727080335571082e-03
5.419187693011466678e+01 2.271364972333863707e-03
5.439722241285236493e+01 2.175351547776555733e-03
5.462806064877949552e+01 2.126643191280138540e-03
5.491241494336609463e+01 2.190598131787960083e-03
5.519421446932921782e+01 2.036255498605093247e-03
5.543046826972861396e+01 1.123301999976399805e-03
5.561137265256709128e+01 7.090788745636625139e-04
