3.559856489878782115e-01 5.503200607671777789e+02
6.031648866026231293e-01 1.975071221641746888e+02
8.579160745827347778e-01 8.532090809469502801e+01
1.113464310595710716e+00 4.688331787840287745e+01
1.374039914321364408e+00 2.825486634508794381e+01
1.619154704570298309e+00 2.136967605705848428e+01
1.870686673430271840e+00 1.496257897833398687e+01
2.123290040706380832e+00 1.053215687222073527e+01
2.378144976376236119e+00 7.556355606160668259e+00
2.630489925835516996e+00 6.633565325869651197e+00
2.878653162679494670e+00 5.095234007107430685e+00
3.131144366275339319e+00 4.165444183904674524e+00
3.388159578333816313e+00 3.200748670358984249e+00
3.638741848210948149e+00 2.699547368223646160e+00
3.888315910732085268e+00 2.321646010112959235e+00
4.139052155837465996e+00 1.981867812882466939e+00
4.390305777018236988e+00 1.700742904318434112e+00
4.642172339120373081e+00 1.463562482997951220e+00
4.894678666149941293e+00 1.265699939075680014e+00
5.147269052361176378e+00 1.110244456208026476e+00
5.398003206656323272e+00 9.975443545030828751e-01
5.647798235368590269e+00 9.341395696834154938e-01
5.900534302989873581e+00 7.841652826841709611e-01
6.151460297009074374e+00 7.376810132566302691e-01
6.402630176204441526e+00 6.463701164896067386e-01
6.655964674748322096e+00 5.731067133212186526e-01
6.908782583105771202e+00 5.278536354612931580e-01
7.159060853508338873e+00 4.892130961863415117e-01
7.409414762591408632e+00 4.550616030827846492e-01
7.659227149364629561e+00 4.001450382699131558e-01
7.911559474606142395e+00 3.708075434095207679e-01
8.163750941790897997e+00 3.504965015843465870e-01
8.415757210439384295e+00 3.149754812038426666e-01
8.667638839289207198e+00 2.938180332666570083e-01
8.918801124864609520e+00 2.694984453115489842e-01
9.170480108345369530e+00 2.583467301965516327e-01
9.420566033467249412e+00 2.347891154774889300e-01
9.671642335271435797e+00 2.211111515920504422e-01
9.923426157758477473e+00 2.073376694247468510e-01
1.017396902749181820e+01 1.943822058439488576e-01
1.042533700753922155e+01 1.809241111321036877e-01
1.067702948358784276e+01 1.685338610716402008e-01
1.092969337256462303e+01 1.588212094511176897e-01
1.118211872033766419e+01 1.516567074116127734e-01
1.143346516925797296e+01 1.419580956951985162e-01
1.168350508557724687e+01 1.352918337493386747e-01
1.193379937775929100e+01 1.258186760901241485e-01
1.218553055762879112e+01 1.197128397706835184e-01
1.243711650801278878e+01 1.161473633900615837e-01
1.268867268647359303e+01 1.067979146332863755e-01
1.294075027177769144e+01 1.032461112402555392e-01
1.319267287020158363e+01 9.760302374427415328e-02
1.344470571782862756e+01 9.365089917265168040e-02
1.369480150283709641e+01 8.883445717760413141e-02
1.394591277066507828e+01 8.558654780361271697e-02
1.419764645764527167e+01 8.046475152746310200e-02
1.444766774168416212e+01 7.715823169647828550e-02
1.469906835825429070e+01 7.363713822396079911e-02
1.495059118111036511e+01 6.978433330576908067e-02
1.520261612590052991e+01 6.715378617824839524e-02
1.545415944503929495e+01 6.489892476565201074e-02
1.570456072545780124e+01 6.093914037457853067e-02
1.595705800128773966e+01 5.938216973474658156e-02
1.620829297830731619e+01 5.680339844152677842e-02
1.645966591028190962e+01 5.453220926342014496e-02
1.671125708846596325e+01 5.282389666807515982e-02
1.696160259490052624e+01 5.011919648720918746e-02
1.721370276108077135e+01 4.828668876817279743e-02
1.746543424102250341e+01 4.653020736001525770e-02
1.771598473288305442e+01 4.508204264651350518e-02
1.796653767411944003e+01 4.348768933715952550e-02
1.821765658501893270e+01 4.085875537082193920e-02
1.847053788120423334e+01 3.979657132496131761e-02
1.872257696809484173e+01 3.870884753167964931e-02
1.897394097105746269e+01 3.736202274292762388e-02
1.922542454726159988e+01 3.626089839702870132e-02
1.947607703355479103e+01 3.480123745677055069e-02
1.972678839839982601e+01 3.347605469885508306e-02
1.997802698857814363e+01 3.235232501442730779e-02
2.022863620534168660e+01 3.107898190142033626e-02
2.047969598507238231e+01 3.026052420288723524e-02
2.073250439107362553e+01 2.935088887468888241e-02
2.098435855211640089e+01 2.833459963039632393e-02
2.123502923393334640e+01 2.767313100523216551e-02
2.148629411178690773e+01 2.660864599198718705e-02
2.173831825513516591e+01 2.595295555494227940e-02
2.198972260956887226e+01 2.519664063607825188e-02
2.223974971000711420e+01 2.407608015533088328e-02
2.249141870643862973e+01 2.356679131606125369e-02
2.274404614890906373e+01 2.300548217740170862e-02
2.299521835768831579e+01 2.220079603920220926e-02
2.324620084136223852e+01 2.168073890907456364e-02
2.349757798664387209e+01 2.091009554802680456e-02
2.374870488118759937e+01 2.053277423100673474e-02
2.399988781917473091e+01 1.983874358491940354e-02
2.425071646049711305e+01 1.930414603015542102e-02
2.450187830577813841e+01 1.865908306955124316e-02
2.475391093216606109e+01 1.824741923280669142e-02
2.500524226975159792e+01 1.773741114982575057e-02
2.525610980153284402e+01 1.723281150520603391e-02
2.550801425092822328e+01 1.683062675819830753e-02
2.575943113325822864e+01 1.629183026230529574e-02
2.601074166866445125e+01 1.596832828540183102e-02
2.626234447079615464e+01 1.564652717397744391e-02
2.651347712943701751e+01 1.517603689575119930e-02
2.676474177984877656e+01 1.472017084199640606e-02
2.701628079430242479e+01 1.445510717598716237e-02
2.726734205837282232e+01 1.415069086559539446e-02
2.751837013544679422e+01 1.363286398301627976e-02
2.776937726815812724e+01 1.341062638266521390e-02
2.802070160973895341e+01 1.313860994654239209e-02
2.827249982643487058e+01 1.266553350374596126e-02
2.852407603869968966e+01 1.240416813236094179e-02
2.877567300468570721e+01 1.217849579090402035e-02
2.902733523039245256e+01 1.194994105845295120e-02
2.927861073083739996e+01 1.163525195098265644e-02
2.953003196193969160e+01 1.131884190175425943e-02
2.978106336846375157e+01 1.111879196992516736e-02
3.003148440777084716e+01 1.087472293413276059e-02
3.028303386126418673e+01 1.065638277504005541e-02
3.053456493440382857e+01 1.045346710696359177e-02
3.078585183944906944e+01 1.013610445378189569e-02
3.103757946070165730e+01 9.880257299859751541e-03
3.128931656795834826e+01 9.769909007406783752e-03
3.154125974608096428e+01 9.484904479258853688e-03
3.179158626791808828e+01 9.304503987708942839e-03
3.204196438636942190e+01 9.108578245106432533e-03
3.229344668057169798e+01 8.882697722698047402e-03
3.254489998018084407e+01 8.742307376276002920e-03
3.279660140319880668e+01 8.578150114862719694e-03
3.304772754686901237e+01 8.342115287943919349e-03
3.329949953441923327e+01 8.202048874113397961e-03
3.355173249539067371e+01 8.041865559664782004e-03
3.380235474142784824e+01 7.894954797055901349e-03
3.405292218889088218e+01 7.722920486953634839e-03
3.430455901572810262e+01 7.572184890547449185e-03
3.455605119154291316e+01 7.395751759041595957e-03
3.480708698418615654e+01 7.295758086343105686e-03
3.505823042281740243e+01 7.125680666253727223e-03
3.530983122122644602e+01 6.971341746227369650e-03
3.556111974160763367e+01 6.882024296048592366e-03
3.581195885960364933e+01 6.724531035455373618e-03
3.606348577968052638e+01 6.616529058926792599e-03
3.631495136683125935e+01 6.472911163534184921e-03
3.656646781331610185e+01 6.353417859103531462e-03
3.681800948534306173e+01 6.253708488370634914e-03
3.706942350460822411e+01 6.137935890466672366e-03
3.732119977997001570e+01 6.030270153557402805e-03
3.757249197135423202e+01 5.911588689555552154e-03
3.782324055213251057e+01 5.814204921872180055e-03
3.807430609684078604e+01 5.700433307181848944e-03
3.832526519371521090e+01 5.580519360258389891e-03
3.857704530181875668e+01 5.489886540399215205e-03
3.882896255048217427e+01 5.388903396682005395e-03
3.907976684424035341e+01 5.296456616929984262e-03
3.933085588900704010e+01 5.234392789311366305e-03
3.958184533965361140e+01 5.119538956108344273e-03
3.983320492881626507e+01 5.041810503602926589e-03
4.008506787586624398e+01 4.967522869780507423e-03
4.033569471078550350e+01 4.899050611264622532e-03
4.058701345074587863e+01 4.807697122030742815e-03
4.083916815834436420e+01 4.681982472429368526e-03
4.108978611092747713e+01 4.665076323580293408e-03
4.134119394692694271e+01 4.534364255723927206e-03
4.159372926482761557e+01 4.496785267800821988e-03
4.184480996230068683e+01 4.417270055021461396e-03
4.209495048714620680e+01 4.343776554466495000e-03
4.234568601474854432e+01 4.287344695044600223e-03
4.259794184898333214e+01 4.175767201646875780e-03
4.284922176444433717e+01 4.156595664151191416e-03
4.309982534096671003e+01 4.080963205179450638e-03
4.335153475414617930e+01 4.013886355324078684e-03
4.360374984514007224e+01 3.918532592192971488e-03
4.385432838732079830e+01 3.881749011902693117e-03
4.410529766549178277e+01 3.850130872799004296e-03
4.435675536456894008e+01 3.755596486700298487e-03
4.460756668584335927e+01 3.705674957144908417e-03
4.485812369927145937e+01 3.649100406126729642e-03
4.510933196139897206e+01 3.572974579087239561e-03
4.536097672816924131e+01 3.538829622519060886e-03
4.561261869099184452e+01 3.507572949723221974e-03
4.586346064304911607e+01 3.407145914465328426e-03
4.611435299895526185e+01 3.378255651153165388e-03
4.636610302009028572e+01 3.316083063525977932e-03
4.661726081402038346e+01 3.274836936501927375e-03
4.686748045926628237e+01 3.253155283071668298e-03
4.712001000143001761e+01 3.158298967042776940e-03
4.737334269293729960e+01 3.186232572339224405e-03
4.762357272554871912e+01 3.054561596563701124e-03
4.787295862859781437e+01 3.061649773837185791e-03
4.812686710231834297e+01 2.987420742657461315e-03
4.837988354528783930e+01 3.001476150957609144e-03
4.862698975964909209e+01 2.908980910319352263e-03
4.887931961662670233e+01 2.925261439157562492e-03
4.913512531690142282e+01 2.882250378116769929e-03
4.938486646957150583e+01 2.781252330310342129e-03
4.963073103205424985e+01 2.730021003711965207e-03
4.988316058859187763e+01 2.730048744464584707e-03
5.013927392651110893e+01 2.712196506349580372e-03
5.038898445289544270e+01 2.652071407609676249e-03
5.063791314200675941e+01 2.614739515488814000e-03
5.089234515763529032e+01 2.611834208461374842e-03
5.114529266359630810e+01 2.541738085293167044e-03
5.138952878242714206e+01 2.541889565570613647e-03
5.163945178601188246e+01 2.482961971714346249e-03
5.190206698624180603e+01 2.569555819029193701e-03
5.215590084722179398e+01 2.429131522114655068e-03
5.238680673191466042e+01 2.437788237683820736e-03
5.263532591009818873e+01 2.380321868035017042e-03
5.290823119436031874e+01 2.402154967452880922e-03
5.316882575050344428e+01 2.371321057849016395e-03
5.338513341050097694e+01 2.183122575581374243e-03
5.363212510227822349e+01 2.344091250478213661e-03
5.391615723351310407e+01 2.091298795605906792e-03
5.419187693011466678e+01 2.319284698152754808e-03
5.439722241285236493e+01 2.396687044811439491e-03
5.462806064877949552e+01 2.188287597325584092e-03
5.491241494336609463e+01 2.195276033533621971e-03
5.519421446932921782e+01 2.207095504870253740e-03
5.543046826972861396e+01 3.346529541007904271e-03
5.561137265256709128e+01 2.495647904176171144e-03
