3.559856489878782115e-01 2.596326142083291870e+02
6.031648866026231293e-01 1.869706530030512965e+02
8.579160745827347778e-01 7.051492085013209987e+01
1.113464310595710716e+00 4.493359259828809371e+01
1.374039914321364408e+00 2.928014899065701826e+01
1.619154704570298309e+00 2.087742203093822013e+01
1.870686673430271840e+00 1.367295908734532439e+01
2.123290040706380832e+00 1.056190156375299694e+01
2.378144976376236119e+00 7.390056746082425576e+00
2.630489925835516996e+00 5.786622429459499450e+00
2.878653162679494670e+00 4.880111989429366304e+00
3.131144366275339319e+00 4.121351126595696357e+00
3.388159578333816313e+00 3.298888146779459962e+00
3.638741848210948149e+00 2.638064009802603138e+00
3.888315910732085268e+00 2.305068841024683124e+00
4.139052155837465996e+00 1.971957018398784900e+00
4.390305777018236988e+00 1.729522146504555602e+00
4.642172339120373081e+00 1.485774445088021700e+00
4.894678666149941293e+00 1.298614119576986470e+00
5.147269052361176378e+00 1.125540403942672185e+00
5.398003206656323272e+00 9.837659305008714661e-01
5.647798235368590269e+00 9.021865937022559567e-01
5.900534302989873581e+00 8.159675728606313738e-01
6.151460297009074374e+00 7.349404295458855652e-01
6.402630176204441526e+00 6.311361371344574867e-01
6.655964674748322096e+00 6.044251697941911416e-01
6.908782583105771202e+00 5.216422566896509183e-01
7.159060853508338873e+00 4.845722629728944630e-01
7.409414762591408632e+00 4.483085613387554624e-01
7.659227149364629561e+00 4.057572330294025309e-01
7.911559474606142395e+00 3.735207992906535157e-01
8.163750941790897997e+00 3.552727360318218564e-01
8.415757210439384295e+00 3.126319330889160142e-01
8.667638839289207198e+00 2.980236100694110823e-01
8.918801124864609520e+00 2.722743488306746396e-01
9.170480108345369530e+00 2.515244095413528003e-01
9.420566033467249412e+00 2.387662033317897448e-01
9.671642335271435797e+00 2.195560925065593583e-01
9.923426157758477473e+00 2.091966032948804066e-01
1.017396902749181820e+01 1.941441577042701261e-01
1.042533700753922155e+01 1.837010487916749257e-01
1.067702948358784276e+01 1.696397598216055347e-01
1.092969337256462303e+01 1.610658809562562910e-01
1.118211872033766419e+01 1.522478630386476794e-01
1.143346516925797296e+01 1.431268029151701870e-01
1.168350508557724687e+01 1.343280730406759549e-01
1.193379937775929100e+01 1.272211533095403413e-01
1.218553055762879112e+01 1.212104201345112348e-01
1.243711650801278878e+01 1.150199834674288657e-01
1.268867268647359303e+01 1.094031169584867569e-01
1.294075027177769144e+01 1.038955051216388370e-01
1.319267287020158363e+01 9.907422787576830592e-02
1.344470571782862756e+01 9.317990779651508237e-02
1.369480150283709641e+01 8.841362730272307735e-02
1.394591277066507828e+01 8.563220824502215667e-02
1.419764645764527167e+01 8.025514397122608667e-02
1.444766774168416212e+01 7.603588957107362822e-02
1.469906835825429070e+01 7.391626856659898326e-02
1.495059118111036511e+01 7.048025277606366490e-02
1.520261612590052991e+01 6.704863072349635800e-02
1.545415944503929495e+01 6.478857404599924763e-02
1.570456072545780124e+01 6.201021292502022220e-02
1.595705800128773966e+01 5.906312744387792052e-02
1.620829297830731619e+01 5.629598800549027310e-02
1.645966591028190962e+01 5.449271258482276531e-02
1.671125708846596325e+01 5.208682562899161206e-02
1.696160259490052624e+01 5.069469508968596494e-02
1.721370276108077135e+01 4.823044396366545777e-02
1.746543424102250341e+01 4.636325588065837860e-02
1.771598473288305442e+01 4.459435369738162791e-02
1.796653767411944003e+01 4.322960690333883804e-02
1.821765658501893270e+01 4.153171767396237474e-02
1.847053788120423334e+01 4.022990130435659395e-02
1.872257696809484173e+01 3.883996927855899034e-02
1.897394097105746269e+01 3.763107729464009593e-02
1.922542454726159988e+01 3.581531944907669768e-02
1.947607703355479103e+01 3.473847275687487468e-02
1.972678839839982601e+01 3.351096681826000456e-02
1.997802698857814363e+01 3.242386633908374977e-02
2.022863620534168660e+01 3.153062379335436899e-02
2.047969598507238231e+01 3.036684671049686216e-02
2.073250439107362553e+01 2.953943580978657391e-02
2.098435855211640089e+01 2.842501063983211146e-02
2.123502923393334640e+01 2.765463285871760241e-02
2.148629411178690773e+01 2.677562106595533439e-02
2.173831825513516591e+01 2.598704853981912213e-02
2.198972260956887226e+01 2.509560106076056535e-02
2.223974971000711420e+01 2.447389362410825123e-02
2.249141870643862973e+01 2.357259885583119080e-02
2.274404614890906373e+01 2.300878716197312865e-02
2.299521835768831579e+01 2.227050804947310753e-02
2.324620084136223852e+01 2.143886423473183658e-02
2.349757798664387209e+01 2.101625082843683670e-02
2.374870488118759937e+01 2.039892814335520291e-02
2.399988781917473091e+01 1.984411946942184202e-02
2.425071646049711305e+01 1.939253438640191687e-02
2.450187830577813841e+01 1.864412307679436109e-02
2.475391093216606109e+01 1.834856122590827754e-02
2.500524226975159792e+01 1.781069284509610023e-02
2.525610980153284402e+01 1.727682204218446496e-02
2.550801425092822328e+01 1.690302908510709842e-02
2.575943113325822864e+01 1.633938035927670618e-02
2.601074166866445125e+01 1.597463583281441904e-02
2.626234447079615464e+01 1.565392596623358182e-02
2.651347712943701751e+01 1.514797045985889420e-02
2.676474177984877656e+01 1.480606210426104428e-02
2.701628079430242479e+01 1.448104037954220033e-02
2.726734205837282232e+01 1.401900367056914051e-02
2.751837013544679422e+01 1.375134986017832218e-02
2.776937726815812724e+01 1.342582219198685048e-02
2.802070160973895341e+01 1.310465534935875698e-02
2.827249982643487058e+01 1.276603442279604199e-02
2.852407603869968966e+01 1.242387067627228822e-02
2.877567300468570721e+01 1.220151013303378933e-02
2.902733523039245256e+01 1.193985542069447153e-02
2.927861073083739996e+01 1.162524306518732120e-02
2.953003196193969160e+01 1.137616735119291282e-02
2.978106336846375157e+01 1.105726417821668167e-02
3.003148440777084716e+01 1.082954489786881920e-02
3.028303386126418673e+01 1.061988775590226412e-02
3.053456493440382857e+01 1.040761856651210848e-02
3.078585183944906944e+01 1.014110454169961893e-02
3.103757946070165730e+01 9.953563304785853147e-03
3.128931656795834826e+01 9.724697935894687298e-03
3.154125974608096428e+01 9.490795159852506019e-03
3.179158626791808828e+01 9.286187530339766460e-03
3.204196438636942190e+01 9.037416546335523201e-03
3.229344668057169798e+01 8.920447952905762729e-03
3.254489998018084407e+01 8.712509538120857128e-03
3.279660140319880668e+01 8.557921909644057579e-03
3.304772754686901237e+01 8.358008332700910328e-03
3.329949953441923327e+01 8.204119810127743703e-03
3.355173249539067371e+01 8.046151992093408811e-03
3.380235474142784824e+01 7.894279245984941323e-03
3.405292218889088218e+01 7.674769514025666338e-03
3.430455901572810262e+01 7.574960834786063565e-03
3.455605119154291316e+01 7.377245556778094272e-03
3.480708698418615654e+01 7.248006984848827904e-03
3.505823042281740243e+01 7.112752280620687241e-03
3.530983122122644602e+01 6.984180534503424582e-03
3.556111974160763367e+01 6.878428455784573077e-03
3.581195885960364933e+01 6.742533902855492832e-03
3.606348577968052638e+01 6.637281333569357115e-03
3.631495136683125935e+01 6.498340324646645523e-03
3.656646781331610185e+01 6.392630926414951537e-03
3.681800948534306173e+01 6.221417076352126797e-03
3.706942350460822411e+01 6.124635395477836045e-03
3.732119977997001570e+01 6.001459465045984147e-03
3.757249197135423202e+01 5.922261541971207341e-03
3.782324055213251057e+01 5.821781666527082490e-03
3.807430609684078604e+01 5.661521923024716643e-03
3.832526519371521090e+01 5.570328850064749752e-03
3.857704530181875668e+01 5.522805033258706975e-03
3.882896255048217427e+01 5.436503772361240584e-03
3.907976684424035341e+01 5.305410347870504091e-03
3.933085588900704010e+01 5.194383557126209215e-03
3.958184533965361140e+01 5.151889695527022903e-03
3.983320492881626507e+01 5.071350585213263776e-03
4.008506787586624398e+01 4.954107494539430369e-03
4.033569471078550350e+01 4.875013660435398299e-03
4.058701345074587863e+01 4.761324508218802917e-03
4.083916815834436420e+01 4.701572067491691272e-03
4.108978611092747713e+01 4.649476475198408010e-03
4.134119394692694271e+01 4.536891934588937851e-03
4.159372926482761557e+01 4.483825317623698486e-03
4.184480996230068683e+01 4.394796192635408785e-03
4.209495048714620680e+01 4.332808472531935948e-03
4.234568601474854432e+01 4.275652065051914821e-03
4.259794184898333214e+01 4.179211706619640788e-03
4.284922176444433717e+01 4.120808938729534320e-03
4.309982534096671003e+01 4.025713501637314361e-03
4.335153475414617930e+01 4.024762120629776438e-03
4.360374984514007224e+01 3.945935896118996089e-03
4.385432838732079830e+01 3.877211231612828074e-03
4.410529766549178277e+01 3.791213286458591097e-03
4.435675536456894008e+01 3.741623266318456348e-03
4.460756668584335927e+01 3.710834679429124601e-03
4.485812369927145937e+01 3.663328345972458999e-03
4.510933196139897206e+01 3.601917457896757890e-03
4.536097672816924131e+01 3.551220974995174338e-03
4.561261869099184452e+01 3.473559294911603146e-03
4.586346064304911607e+01 3.439778358894017042e-03
4.611435299895526185e+01 3.384603605604474472e-03
4.636610302009028572e+01 3.290443497347737747e-03
4.661726081402038346e+01 3.277676489178501726e-03
4.686748045926628237e+01 3.243915291205296415e-03
4.712001000143001761e+01 3.210587618872823637e-03
4.737334269293729960e+01 3.118175977210296129e-03
4.762357272554871912e+01 3.096269670305428802e-03
4.787295862859781437e+01 3.082857765070764165e-03
4.812686710231834297e+01 3.004820446774802978e-03
4.837988354528783930e+01 2.967099389672257954e-03
4.862698975964909209e+01 2.981257190132177541e-03
4.887931961662670233e+01 2.810489940059175684e-03
4.913512531690142282e+01 2.820794775475643501e-03
4.938486646957150583e+01 2.760172791259749969e-03
4.963073103205424985e+01 2.740065933804763845e-03
4.988316058859187763e+01 2.738579932910497651e-03
5.013927392651110893e+01 2.664116378692402750e-03
5.038898445289544270e+01 2.652746761808100640e-03
5.063791314200675941e+01 2.673302496767543564e-03
5.089234515763529032e+01 2.600956310120589553e-03
5.114529266359630810e+01 2.585388581792014400e-03
5.138952878242714206e+01 2.510000732727038844e-03
5.163945178601188246e+01 2.483684334518012141e-03
5.190206698624180603e+01 2.407338699271160693e-03
5.215590084722179398e+01 2.412033880406833433e-03
5.238680673191466042e+01 2.319873427100307452e-03
5.263532591009818873e+01 2.303462737941409846e-03
5.290823119436031874e+01 2.358786149472519300e-03
5.316882575050344428e+01 2.327150641287324944e-03
5.338513341050097694e+01 2.263332060714085513e-03
5.363212510227822349e+01 2.285356574532458607e-03
5.391615723351310407e+01 2.246170346313003038e-03
5.419187693011466678e+01 2.094273594060744401e-03
5.439722241285236493e+01 2.162284346385605523e-03
5.462806064877949552e+01 2.395269779413446761e-03
5.491241494336609463e+01 2.142931852283523099e-03
5.519421446932921782e+01 2.456837280858104045e-03
5.543046826972861396e+01 9.529069303607909033e-04
5.561137265256709128e+01 9.772336789058060167e-04
