3.559856489878782115e-01 5.930689368895167490e+02
6.031648866026231293e-01 1.799927569965350358e+02
8.579160745827347778e-01 1.003736653810044572e+02
1.113464310595710716e+00 5.199953278607488016e+01
1.374039914321364408e+00 2.887589724503048672e+01
1.619154704570298309e+00 1.943639119232359747e+01
1.870686673430271840e+00 1.261001214782148594e+01
2.123290040706380832e+00 9.649313441285190862e+00
2.378144976376236119e+00 7.924228668262173869e+00
2.630489925835516996e+00 6.171309971479059797e+00
2.878653162679494670e+00 5.205659984875629753e+00
3.131144366275339319e+00 4.047245712675542784e+00
3.388159578333816313e+00 3.177470575736927483e+00
3.638741848210948149e+00 2.693121334720108173e+00
3.888315910732085268e+00 2.306184867308523234e+00
4.139052155837465996e+00 1.976948762527472869e+00
4.390305777018236988e+00 1.681580282578404084e+00
4.642172339120373081e+00 1.471287949762002389e+00
4.894678666149941293e+00 1.282503811917106606e+00
5.147269052361176378e+00 1.143550376629605791e+00
5.398003206656323272e+00 1.007679405849469134e+00
5.647798235368590269e+00 8.797905557049789937e-01
5.900534302989873581e+00 8.121689316928619728e-01
6.151460297009074374e+00 7.186988174186260681e-01
6.402630176204441526e+00 6.355121911288998948e-01
6.655964674748322096e+00 6.011119303023951810e-01
6.908782583105771202e+00 5.250534363479667510e-01
7.159060853508338873e+00 4.848408762102801028e-01
7.409414762591408632e+00 4.426785244211275949e-01
7.659227149364629561e+00 4.088769930888372373e-01
7.911559474606142395e+00 3.667269375985112156e-01
8.163750941790897997e+00 3.431860128349109029e-01
8.415757210439384295e+00 3.183726463760062075e-01
8.667638839289207198e+00 2.980257475895480290e-01
8.918801124864609520e+00 2.760848379066053737e-01
9.170480108345369530e+00 2.538237826076405468e-01
9.420566033467249412e+00 2.398131327117078437e-01
9.671642335271435797e+00 2.211342357108506129e-01
9.923426157758477473e+00 2.077503436056207242e-01
1.017396902749181820e+01 1.892111027545240465e-01
1.042533700753922155e+01 1.784465594027434820e-01
1.067702948358784276e+01 1.725986771874077619e-01
1.092969337256462303e+01 1.600781118838848771e-01
1.118211872033766419e+01 1.507929862400150534e-01
1.143346516925797296e+01 1.436322506916797581e-01
1.168350508557724687e+01 1.338095344757046778e-01
1.193379937775929100e+01 1.278098564868296871e-01
1.218553055762879112e+01 1.185522149484525833e-01
1.243711650801278878e+01 1.160268078539428288e-01
1.268867268647359303e+01 1.111506289306041090e-01
1.294075027177769144e+01 1.033479511169083653e-01
1.319267287020158363e+01 9.690438304376637613e-02
1.344470571782862756e+01 9.358956795472260504e-02
1.369480150283709641e+01 8.898161249390892924e-02
1.394591277066507828e+01 8.486292052861073298e-02
1.419764645764527167e+01 8.002912192846477202e-02
1.444766774168416212e+01 7.672758692882891696e-02
1.469906835825429070e+01 7.379308564166120465e-02
1.495059118111036511e+01 7.003446619306923082e-02
1.520261612590052991e+01 6.755529420535513752e-02
1.545415944503929495e+01 6.440304363359791728e-02
1.570456072545780124e+01 6.121880264724198495e-02
1.595705800128773966e+01 5.868775682158690332e-02
1.620829297830731619e+01 5.671314414377925245e-02
1.645966591028190962e+01 5.466706019652647908e-02
1.671125708846596325e+01 5.238922761979639825e-02
1.696160259490052624e+01 5.022116159854907863e-02
1.721370276108077135e+01 4.790599186983521968e-02
1.746543424102250341e+01 4.570360346163029192e-02
1.771598473288305442e+01 4.456826972956879490e-02
1.796653767411944003e+01 4.275439312467854691e-02
1.821765658501893270e+01 4.154030364491951427e-02
1.847053788120423334e+01 4.034928252810821708e-02
1.872257696809484173e+01 3.848741118083776058e-02
1.897394097105746269e+01 3.733394254669269302e-02
1.922542454726159988e+01 3.577064725448561577e-02
1.947607703355479103e+01 3.488708886882407878e-02
1.972678839839982601e+01 3.367468901870754316e-02
1.997802698857814363e+01 3.253479067761672061e-02
2.022863620534168660e+01 3.143746462544197429e-02
2.047969598507238231e+01 3.044840863862283836e-02
2.073250439107362553e+01 2.918875144476686459e-02
2.098435855211640089e+01 2.832720339948211277e-02
2.123502923393334640e+01 2.762081444735891081e-02
2.148629411178690773e+01 2.665996952871740183e-02
2.173831825513516591e+01 2.580920394894683709e-02
2.198972260956887226e+01 2.510401525306150960e-02
2.223974971000711420e+01 2.433144448255837589e-02
2.249141870643862973e+01 2.371999336829350158e-02
2.274404614890906373e+01 2.295849003698405277e-02
2.299521835768831579e+01 2.223872853526116800e-02
2.324620084136223852e+01 2.154425315528338269e-02
2.349757798664387209e+01 2.096495248775282275e-02
2.374870488118759937e+01 2.043150810289209862e-02
2.399988781917473091e+01 1.976995528829211465e-02
2.425071646049711305e+01 1.915664585395864677e-02
2.450187830577813841e+01 1.878980693969528257e-02
2.475391093216606109e+01 1.827051097720385278e-02
2.500524226975159792e+01 1.789043534013089534e-02
2.525610980153284402e+01 1.728064360725646911e-02
2.550801425092822328e+01 1.683203706987977666e-02
2.575943113325822864e+01 1.648763605023493423e-02
2.601074166866445125e+01 1.602855049145016433e-02
2.626234447079615464e+01 1.555223377800082560e-02
2.651347712943701751e+01 1.518389921978224519e-02
2.676474177984877656e+01 1.482919360849320120e-02
2.701628079430242479e+01 1.446545511828201298e-02
2.726734205837282232e+01 1.394366149292952835e-02
2.751837013544679422e+01 1.368147880279035541e-02
2.776937726815812724e+01 1.334972466394672604e-02
2.802070160973895341e+01 1.306334834118628822e-02
2.827249982643487058e+01 1.268524000837262765e-02
2.852407603869968966e+01 1.250394385872991704e-02
2.877567300468570721e+01 1.216838017314504118e-02
2.902733523039245256e+01 1.182167568097594601e-02
2.927861073083739996e+01 1.152913449633810074e-02
2.953003196193969160e+01 1.134186155801440200e-02
2.978106336846375157e+01 1.102925621643654867e-02
3.003148440777084716e+01 1.081986036533733736e-02
3.028303386126418673e+01 1.054100817453883579e-02
3.053456493440382857e+01 1.037458260992331523e-02
3.078585183944906944e+01 1.013520987284606371e-02
3.103757946070165730e+01 9.914258982098874892e-03
3.128931656795834826e+01 9.722832387148537883e-03
3.154125974608096428e+01 9.501150998375052642e-03
3.179158626791808828e+01 9.299670677675824643e-03
3.204196438636942190e+01 9.107846993601523278e-03
3.229344668057169798e+01 8.879830979221021992e-03
3.254489998018084407e+01 8.771281261381977390e-03
3.279660140319880668e+01 8.571554603416778675e-03
3.304772754686901237e+01 8.333519402222881040e-03
3.329949953441923327e+01 8.216319848173931836e-03
3.355173249539067371e+01 8.045456570350726158e-03
3.380235474142784824e+01 7.850211484719824342e-03
3.405292218889088218e+01 7.720485575329773427e-03
3.430455901572810262e+01 7.579190868528096203e-03
3.455605119154291316e+01 7.455611455259942601e-03
3.480708698418615654e+01 7.270060305365979095e-03
3.505823042281740243e+01 7.113377735573512411e-03
3.530983122122644602e+01 6.995490737901212397e-03
3.556111974160763367e+01 6.875884248029614718e-03
3.581195885960364933e+01 6.720014339983227183e-03
3.606348577968052638e+01 6.587518990490181733e-03
3.631495136683125935e+01 6.476121561172258449e-03
3.656646781331610185e+01 6.364822417244682395e-03
3.681800948534306173e+01 6.229663109912983963e-03
3.706942350460822411e+01 6.129990195089947760e-03
3.732119977997001570e+01 6.036685549079205682e-03
3.757249197135423202e+01 5.878375339247151991e-03
3.782324055213251057e+01 5.786355469050236122e-03
3.807430609684078604e+01 5.734157679055358961e-03
3.832526519371521090e+01 5.595297041060749363e-03
3.857704530181875668e+01 5.511167371395545370e-03
3.882896255048217427e+01 5.406460447691406601e-03
3.907976684424035341e+01 5.331786060178997019e-03
3.933085588900704010e+01 5.244002888688525758e-03
3.958184533965361140e+01 5.154153073681587600e-03
3.983320492881626507e+01 5.061901916694369445e-03
4.008506787586624398e+01 4.940215414865159124e-03
4.033569471078550350e+01 4.855498160251066515e-03
4.058701345074587863e+01 4.815026899368476422e-03
4.083916815834436420e+01 4.699210956584224698e-03
4.108978611092747713e+01 4.597173634672743585e-03
4.134119394692694271e+01 4.541202689832274896e-03
4.159372926482761557e+01 4.519730683720746267e-03
4.184480996230068683e+01 4.423229877820203555e-03
4.209495048714620680e+01 4.327566519297054715e-03
4.234568601474854432e+01 4.274659554224772076e-03
4.259794184898333214e+01 4.188228297715549699e-03
4.284922176444433717e+01 4.155740109494789752e-03
4.309982534096671003e+01 4.076769702395885431e-03
4.335153475414617930e+01 3.966240746175715183e-03
4.360374984514007224e+01 3.908860004307633355e-03
4.385432838732079830e+01 3.867408775273593283e-03
4.410529766549178277e+01 3.821719370339173721e-03
4.435675536456894008e+01 3.745979994556849178e-03
4.460756668584335927e+01 3.717389858063706223e-03
4.485812369927145937e+01 3.657202210664785118e-03
4.510933196139897206e+01 3.597937904672799184e-03
4.536097672816924131e+01 3.571740144973097660e-03
4.561261869099184452e+01 3.502185944301960518e-03
4.586346064304911607e+01 3.448569295422892166e-03
4.611435299895526185e+01 3.395441770719687200e-03
4.636610302009028572e+01 3.387513613674312737e-03
4.661726081402038346e+01 3.304190726391193107e-03
4.686748045926628237e+01 3.224604958095015055e-03
4.712001000143001761e+01 3.152607259579280358e-03
4.737334269293729960e+01 3.171896995087818572e-03
4.762357272554871912e+01 3.119772329459784364e-03
4.787295862859781437e+01 3.012644096370463345e-03
4.812686710231834297e+01 2.973133562545876834e-03
4.837988354528783930e+01 2.974885375715374206e-03
4.862698975964909209e+01 2.941646854076086347e-03
4.887931961662670233e+01 2.866571061234545262e-03
4.913512531690142282e+01 2.909860274700142631e-03
4.938486646957150583e+01 2.733155691574056401e-03
4.963073103205424985e+01 2.810850187199746310e-03
4.988316058859187763e+01 2.722188672436368258e-03
5.013927392651110893e+01 2.653002515529228039e-03
5.038898445289544270e+01 2.632301437675662291e-03
5.063791314200675941e+01 2.499257994594330460e-03
5.089234515763529032e+01 2.560764498270104959e-03
5.114529266359630810e+01 2.553951754492560060e-03
5.138952878242714206e+01 2.458011993535246225e-03
5.163945178601188246e+01 2.404278039596426542e-03
5.190206698624180603e+01 2.446882850520467473e-03
5.215590084722179398e+01 2.362166549580603861e-03
5.238680673191466042e+01 2.436107299962939326e-03
5.263532591009818873e+01 2.418403838129842397e-03
5.290823119436031874e+01 2.266920951515485720e-03
5.316882575050344428e+01 2.279973658045005014e-03
5.338513341050097694e+01 2.131162845615520562e-03
5.363212510227822349e+01 2.151260879267873245e-03
5.391615723351310407e+01 2.309112999739684150e-03
5.419187693011466678e+01 2.180488259196206990e-03
5.439722241285236493e+01 2.375344227622611451e-03
5.462806064877949552e+01 2.129387519141603784e-03
5.491241494336609463e+01 2.181974347381639232e-03
5.519421446932921782e+01 2.232380989664591118e-03
5.543046826972861396e+01 1.812012263218152784e-03
5.561137265256709128e+01 1.657636565309610196e-03
