3.559856489878782115e-01 4.442910430435722446e+02
6.031648866026231293e-01 2.096180487996525699e+02
8.579160745827347778e-01 9.742956433697356999e+01
1.113464310595710716e+00 4.652879522239818755e+01
1.374039914321364408e+00 2.814701106355514781e+01
1.619154704570298309e+00 2.035754143604571809e+01
1.870686673430271840e+00 1.298313943017081762e+01
2.123290040706380832e+00 1.049651319234963154e+01
2.378144976376236119e+00 7.706443663811198164e+00
2.630489925835516996e+00 5.999932797917568728e+00
2.878653162679494670e+00 4.836195797055140133e+00
3.131144366275339319e+00 3.738085291360981888e+00
3.388159578333816313e+00 3.350394656026653539e+00
3.638741848210948149e+00 2.633231215442146222e+00
3.888315910732085268e+00 2.342380433516663363e+00
4.139052155837465996e+00 1.923580256788899323e+00
4.390305777018236988e+00 1.706076350233344696e+00
4.642172339120373081e+00 1.470586373880619968e+00
4.894678666149941293e+00 1.303174823410431005e+00
5.147269052361176378e+00 1.143828946007665603e+00
5.398003206656323272e+00 9.965973859183224759e-01
5.647798235368590269e+00 8.957435514833832491e-01
5.900534302989873581e+00 8.142910787107127124e-01
6.151460297009074374e+00 7.008166493592370427e-01
6.402630176204441526e+00 6.408461663607085690e-01
6.655964674748322096e+00 5.857481972592090136e-01
6.908782583105771202e+00 5.334073661990789139e-01
7.159060853508338873e+00 4.867857175380227441e-01
7.409414762591408632e+00 4.451983287069841699e-01
7.659227149364629561e+00 4.104658084742920932e-01
7.911559474606142395e+00 3.847329809207597484e-01
8.163750941790897997e+00 3.550748453185162967e-01
8.415757210439384295e+00 3.193448845012708537e-01
8.667638839289207198e+00 2.983260514649295203e-01
8.918801124864609520e+00 2.743448765112176946e-01
9.170480108345369530e+00 2.524541481798597831e-01
9.420566033467249412e+00 2.428475688395442811e-01
9.671642335271435797e+00 2.224418204004819932e-01
9.923426157758477473e+00 2.060347100206163518e-01
1.017396902749181820e+01 1.960380291874160297e-01
1.042533700753922155e+01 1.844257673310785439e-01
1.067702948358784276e+01 1.705828287598035731e-01
1.092969337256462303e+01 1.601708522109298594e-01
1.118211872033766419e+01 1.490420875255645539e-01
1.143346516925797296e+01 1.440511934261671234e-01
1.168350508557724687e+01 1.352843195344613503e-01
1.193379937775929100e+01 1.273091993167230762e-01
1.218553055762879112e+01 1.201677411153363878e-01
1.243711650801278878e+01 1.135743247607062661e-01
1.268867268647359303e+01 1.083393904320887197e-01
1.294075027177769144e+01 1.033567075918370715e-01
1.319267287020158363e+01 9.773666156689972406e-02
1.344470571782862756e+01 9.361899884674039496e-02
1.369480150283709641e+01 8.940620823203793144e-02
1.394591277066507828e+01 8.567139070224685793e-02
1.419764645764527167e+01 7.944479373108720432e-02
1.444766774168416212e+01 7.589699365586241586e-02
1.469906835825429070e+01 7.298425218858785313e-02
1.495059118111036511e+01 6.945819974569684974e-02
1.520261612590052991e+01 6.704748033441459976e-02
1.545415944503929495e+01 6.386556341611840382e-02
1.570456072545780124e+01 6.186944486679609584e-02
1.595705800128773966e+01 5.960035841763824255e-02
1.620829297830731619e+01 5.646785482759331815e-02
1.645966591028190962e+01 5.442412131020425703e-02
1.671125708846596325e+01 5.226726550324038711e-02
1.696160259490052624e+01 5.059559728323471256e-02
1.721370276108077135e+01 4.857740228354918283e-02
1.746543424102250341e+01 4.608492014348701538e-02
1.771598473288305442e+01 4.479931756611423010e-02
1.796653767411944003e+01 4.276888082214905934e-02
1.821765658501893270e+01 4.142027401569774864e-02
1.847053788120423334e+01 3.994090318115493116e-02
1.872257696809484173e+01 3.896606797881624340e-02
1.897394097105746269e+01 3.732502293640044960e-02
1.922542454726159988e+01 3.617538975826412040e-02
1.947607703355479103e+01 3.443384912151326721e-02
1.972678839839982601e+01 3.359252554370712601e-02
1.997802698857814363e+01 3.239959215022257533e-02
2.022863620534168660e+01 3.128975477344940470e-02
2.047969598507238231e+01 3.031138370660561160e-02
2.073250439107362553e+01 2.932342995763839028e-02
2.098435855211640089e+01 2.831393428573832777e-02
2.123502923393334640e+01 2.740043743205695936e-02
2.148629411178690773e+01 2.676170487598610037e-02
2.173831825513516591e+01 2.591366042424146643e-02
2.198972260956887226e+01 2.524824626270048833e-02
2.223974971000711420e+01 2.428715726791938825e-02
2.249141870643862973e+01 2.363077115079412205e-02
2.274404614890906373e+01 2.276025905254697862e-02
2.299521835768831579e+01 2.231563246736358377e-02
2.324620084136223852e+01 2.157654245649198027e-02
2.349757798664387209e+01 2.111459900839128198e-02
2.374870488118759937e+01 2.035115843535172456e-02
2.399988781917473091e+01 1.983336748780446801e-02
2.425071646049711305e+01 1.929279502011034195e-02
2.450187830577813841e+01 1.886503671744877222e-02
2.475391093216606109e+01 1.828881410242449990e-02
2.500524226975159792e+01 1.781920378759622656e-02
2.525610980153284402e+01 1.726920070575624355e-02
2.550801425092822328e+01 1.677471356813825185e-02
2.575943113325822864e+01 1.634780902874623937e-02
2.601074166866445125e+01 1.595991427742769059e-02
2.626234447079615464e+01 1.562198345616836251e-02
2.651347712943701751e+01 1.513511579907914593e-02
2.676474177984877656e+01 1.473595622172154188e-02
2.701628079430242479e+01 1.437916601070361039e-02
2.726734205837282232e+01 1.402730623657345507e-02
2.751837013544679422e+01 1.370801505129136920e-02
2.776937726815812724e+01 1.343777351810745112e-02
2.802070160973895341e+01 1.315566367791383591e-02
2.827249982643487058e+01 1.269601352624054325e-02
2.852407603869968966e+01 1.240693279911698858e-02
2.877567300468570721e+01 1.213087523936383187e-02
2.902733523039245256e+01 1.189502845195559294e-02
2.927861073083739996e+01 1.160206303691982757e-02
2.953003196193969160e+01 1.137036777112581699e-02
2.978106336846375157e+01 1.114966772769298599e-02
3.003148440777084716e+01 1.090008768546989540e-02
3.028303386126418673e+01 1.061935972578157729e-02
3.053456493440382857e+01 1.039798977683483762e-02
3.078585183944906944e+01 1.013098952933329071e-02
3.103757946070165730e+01 9.885282589473990897e-03
3.128931656795834826e+01 9.662446480077382244e-03
3.154125974608096428e+01 9.513443497188297376e-03
3.179158626791808828e+01 9.305863057286799592e-03
3.204196438636942190e+01 9.043707371362320890e-03
3.229344668057169798e+01 8.920478791666923771e-03
3.254489998018084407e+01 8.747301953999838189e-03
3.279660140319880668e+01 8.511941235948099899e-03
3.304772754686901237e+01 8.330107979355169667e-03
3.329949953441923327e+01 8.190909107192542726e-03
3.355173249539067371e+01 8.023134725831873246e-03
3.380235474142784824e+01 7.861113856192033372e-03
3.405292218889088218e+01 7.690888344161071928e-03
3.430455901572810262e+01 7.548885577511292230e-03
3.455605119154291316e+01 7.434807631095203748e-03
3.480708698418615654e+01 7.286705219460835881e-03
3.505823042281740243e+01 7.130420039468076537e-03
3.530983122122644602e+01 6.992087447448679799e-03
3.556111974160763367e+01 6.872375693718339729e-03
3.581195885960364933e+01 6.744897917716942068e-03
3.606348577968052638e+01 6.618003659552824589e-03
3.631495136683125935e+01 6.445429327809408873e-03
3.656646781331610185e+01 6.352221408042833806e-03
3.681800948534306173e+01 6.230451804080851079e-03
3.706942350460822411e+01 6.122514059592176587e-03
3.732119977997001570e+01 6.009713014733087007e-03
3.757249197135423202e+01 5.883339729348283607e-03
3.782324055213251057e+01 5.808678762536587104e-03
3.807430609684078604e+01 5.715188973696855301e-03
3.832526519371521090e+01 5.605618668423316409e-03
3.857704530181875668e+01 5.469127213217079252e-03
3.882896255048217427e+01 5.424932724495476130e-03
3.907976684424035341e+01 5.322375271974793230e-03
3.933085588900704010e+01 5.243465357661116974e-03
3.958184533965361140e+01 5.153233744803227892e-03
3.983320492881626507e+01 5.066605272863388201e-03
4.008506787586624398e+01 4.955899841563983152e-03
4.033569471078550350e+01 4.913679098902635003e-03
4.058701345074587863e+01 4.763944725549714918e-03
4.083916815834436420e+01 4.698367386515186345e-03
4.108978611092747713e+01 4.634719201603285099e-03
4.134119394692694271e+01 4.557550103032903012e-03
4.159372926482761557e+01 4.491865745768108993e-03
4.184480996230068683e+01 4.384248415589079087e-03
4.209495048714620680e+01 4.316111452908418314e-03
4.234568601474854432e+01 4.280804117425754049e-03
4.259794184898333214e+01 4.219286847606681067e-03
4.284922176444433717e+01 4.170423542246095606e-03
4.309982534096671003e+01 4.037811770342432729e-03
4.335153475414617930e+01 4.012802017787754985e-03
4.360374984514007224e+01 3.961205488899128407e-03
4.385432838732079830e+01 3.879315934144957935e-03
4.410529766549178277e+01 3.811222621575858019e-03
4.435675536456894008e+01 3.759141055751669905e-03
4.460756668584335927e+01 3.682726267278035957e-03
4.485812369927145937e+01 3.635494892298343685e-03
4.510933196139897206e+01 3.543980277843298676e-03
4.536097672816924131e+01 3.516085612885901275e-03
4.561261869099184452e+01 3.489062349375174864e-03
4.586346064304911607e+01 3.423257538788255193e-03
4.611435299895526185e+01 3.400143004682713421e-03
4.636610302009028572e+01 3.292735041415163159e-03
4.661726081402038346e+01 3.285149594981314879e-03
4.686748045926628237e+01 3.206201469586571120e-03
4.712001000143001761e+01 3.217355337962119529e-03
4.737334269293729960e+01 3.142899146969928628e-03
4.762357272554871912e+01 3.111128216564398256e-03
4.787295862859781437e+01 3.033051751992806716e-03
4.812686710231834297e+01 3.017004890413208656e-03
4.837988354528783930e+01 2.945102272273639622e-03
4.862698975964909209e+01 3.003756957714905865e-03
4.887931961662670233e+01 2.848370453266922068e-03
4.913512531690142282e+01 2.864884323669021973e-03
4.938486646957150583e+01 2.782843671900083870e-03
4.963073103205424985e+01 2.753889187491998305e-03
4.988316058859187763e+01 2.717290921026049941e-03
5.013927392651110893e+01 2.717933443249753375e-03
5.038898445289544270e+01 2.705397062118319179e-03
5.063791314200675941e+01 2.563728903810102641e-03
5.089234515763529032e+01 2.577436439363516713e-03
5.114529266359630810e+01 2.554335988600064684e-03
5.138952878242714206e+01 2.584894437188977202e-03
5.163945178601188246e+01 2.457907611549296940e-03
5.190206698624180603e+01 2.538392811733415286e-03
5.215590084722179398e+01 2.353724504501330649e-03
5.238680673191466042e+01 2.389208985089895810e-03
5.263532591009818873e+01 2.395075030235896234e-03
5.290823119436031874e+01 2.210086840787859035e-03
5.316882575050344428e+01 2.352211051885765968e-03
5.338513341050097694e+01 2.295948675136676078e-03
5.363212510227822349e+01 2.274637625124356285e-03
5.391615723351310407e+01 2.088034706580996300e-03
5.419187693011466678e+01 2.253612699642939827e-03
5.439722241285236493e+01 2.117289789417831948e-03
5.462806064877949552e+01 1.967018490340401160e-03
5.491241494336609463e+01 1.756014240033988748e-03
5.519421446932921782e+01 2.142951283542256658e-03
5.543046826972861396e+01 1.732742353080690559e-03
5.561137265256709128e+01 1.629884572744835563e-03
