3.559856489878782115e-01 4.689260823041986441e+02
6.031648866026231293e-01 2.268410270425274291e+02
8.579160745827347778e-01 8.670644109398959642e+01
1.113464310595710716e+00 5.019225884708666285e+01
1.374039914321364408e+00 3.018757937299509564e+01
1.619154704570298309e+00 2.042943962126586754e+01
1.870686673430271840e+00 1.547425440047366330e+01
2.123290040706380832e+00 9.940831346563797410e+00
2.378144976376236119e+00 7.736208607291178652e+00
2.630489925835516996e+00 6.171762006611498208e+00
2.878653162679494670e+00 4.851412416221442925e+00
3.131144366275339319e+00 4.154283330260965634e+00
3.388159578333816313e+00 3.356482976323257983e+00
3.638741848210948149e+00 2.817656407384773409e+00
3.888315910732085268e+00 2.277678206490650670e+00
4.139052155837465996e+00 1.991408694189315876e+00
4.390305777018236988e+00 1.655448720453597256e+00
4.642172339120373081e+00 1.449471480548294444e+00
4.894678666149941293e+00 1.314638373607947441e+00
5.147269052361176378e+00 1.139178420998933516e+00
5.398003206656323272e+00 1.025611016313120238e+00
5.647798235368590269e+00 8.680037302354185469e-01
5.900534302989873581e+00 7.899246947979748912e-01
6.151460297009074374e+00 7.137641588624701328e-01
6.402630176204441526e+00 6.633474920163006106e-01
6.655964674748322096e+00 5.837864182710246208e-01
6.908782583105771202e+00 5.291566441654717012e-01
7.159060853508338873e+00 4.901327976153430077e-01
7.409414762591408632e+00 4.426033918128452482e-01
7.659227149364629561e+00 4.190749154873953386e-01
7.911559474606142395e+00 3.752798864349874974e-01
8.163750941790897997e+00 3.408387699547411609e-01
8.415757210439384295e+00 3.150105888446787517e-01
8.667638839289207198e+00 2.934532070965327755e-01
8.918801124864609520e+00 2.717614805430707547e-01
9.170480108345369530e+00 2.546021273420851494e-01
9.420566033467249412e+00 2.374110800178892700e-01
9.671642335271435797e+00 2.202954371040694026e-01
9.923426157758477473e+00 2.063164014181629591e-01
1.017396902749181820e+01 1.926501876949845704e-01
1.042533700753922155e+01 1.832016000142715206e-01
1.067702948358784276e+01 1.715175758666935557e-01
1.092969337256462303e+01 1.586643299794880668e-01
1.118211872033766419e+01 1.506716941684318745e-01
1.143346516925797296e+01 1.414971943870358406e-01
1.168350508557724687e+01 1.345985145800463745e-01
1.193379937775929100e+01 1.276522809680556148e-01
1.218553055762879112e+01 1.230773882851782519e-01
1.243711650801278878e+01 1.144616532389958474e-01
1.268867268647359303e+01 1.088593260577086913e-01
1.294075027177769144e+01 1.029517892903341614e-01
1.319267287020158363e+01 9.830318184935959991e-02
1.344470571782862756e+01 9.347703832110185185e-02
1.369480150283709641e+01 8.829743342709181486e-02
1.394591277066507828e+01 8.524113635871344297e-02
1.419764645764527167e+01 8.085449907380592993e-02
1.444766774168416212e+01 7.623997814081706625e-02
1.469906835825429070e+01 7.307537433016880746e-02
1.495059118111036511e+01 6.991892433412222330e-02
1.520261612590052991e+01 6.742545293103902049e-02
1.545415944503929495e+01 6.449666008622144397e-02
1.570456072545780124e+01 6.134540277832090799e-02
1.595705800128773966e+01 5.900344610199335232e-02
1.620829297830731619e+01 5.652529807520723093e-02
1.645966591028190962e+01 5.436486584239653280e-02
1.671125708846596325e+01 5.180259568580658502e-02
1.696160259490052624e+01 4.974401439462209501e-02
1.721370276108077135e+01 4.844627135434712017e-02
1.746543424102250341e+01 4.645303478821386639e-02
1.771598473288305442e+01 4.476652004621547304e-02
1.796653767411944003e+01 4.351130838688017921e-02
1.821765658501893270e+01 4.151680690673392737e-02
1.847053788120423334e+01 3.954513918192972127e-02
1.872257696809484173e+01 3.867384432593534704e-02
1.897394097105746269e+01 3.743192400786470725e-02
1.922542454726159988e+01 3.601680287523705698e-02
1.947607703355479103e+01 3.490365946754687282e-02
1.972678839839982601e+01 3.363939805720382592e-02
1.997802698857814363e+01 3.247858742691899642e-02
2.022863620534168660e+01 3.129892930684941704e-02
2.047969598507238231e+01 3.019930064452131316e-02
2.073250439107362553e+01 2.940116586664092216e-02
2.098435855211640089e+01 2.828396564162162508e-02
2.123502923393334640e+01 2.773449702970403122e-02
2.148629411178690773e+01 2.649777641497701522e-02
2.173831825513516591e+01 2.599609831423206271e-02
2.198972260956887226e+01 2.509080971885214312e-02
2.223974971000711420e+01 2.443536857256647238e-02
2.249141870643862973e+01 2.370589402255828676e-02
2.274404614890906373e+01 2.303406731271256946e-02
2.299521835768831579e+01 2.217964918439132085e-02
2.324620084136223852e+01 2.146950815919625166e-02
2.349757798664387209e+01 2.098088402324580978e-02
2.374870488118759937e+01 2.046581827350328273e-02
2.399988781917473091e+01 2.005897516041243653e-02
2.425071646049711305e+01 1.927432270935806533e-02
2.450187830577813841e+01 1.882695174240198860e-02
2.475391093216606109e+01 1.825047373081857896e-02
2.500524226975159792e+01 1.770099492297148511e-02
2.525610980153284402e+01 1.727658736001005946e-02
2.550801425092822328e+01 1.676188209428822878e-02
2.575943113325822864e+01 1.647674011290839804e-02
2.601074166866445125e+01 1.589088688668991584e-02
2.626234447079615464e+01 1.555541859011164499e-02
2.651347712943701751e+01 1.519036281318430527e-02
2.676474177984877656e+01 1.467671070068276781e-02
2.701628079430242479e+01 1.443985495536048193e-02
2.726734205837282232e+01 1.407820309917112538e-02
2.751837013544679422e+01 1.370798447536223687e-02
2.776937726815812724e+01 1.335680771124343226e-02
2.802070160973895341e+01 1.312025071546231957e-02
2.827249982643487058e+01 1.265106004360548944e-02
2.852407603869968966e+01 1.251930388152298033e-02
2.877567300468570721e+01 1.214826700842075273e-02
2.902733523039245256e+01 1.190517324075735656e-02
2.927861073083739996e+01 1.163692007525761116e-02
2.953003196193969160e+01 1.131989011083027463e-02
2.978106336846375157e+01 1.108754258415441118e-02
3.003148440777084716e+01 1.083444711682350105e-02
3.028303386126418673e+01 1.061429230660359754e-02
3.053456493440382857e+01 1.033274438934399762e-02
3.078585183944906944e+01 1.014973656106726678e-02
3.103757946070165730e+01 9.883106460527179768e-03
3.128931656795834826e+01 9.709496162122284099e-03
3.154125974608096428e+01 9.544768107295705656e-03
3.179158626791808828e+01 9.335984235536316442e-03
3.204196438636942190e+01 9.140047042778379899e-03
3.229344668057169798e+01 8.944809652196022629e-03
3.254489998018084407e+01 8.788909976452635026e-03
3.279660140319880668e+01 8.550035854955550033e-03
3.304772754686901237e+01 8.340249255045201204e-03
3.329949953441923327e+01 8.227999704493994121e-03
3.355173249539067371e+01 8.054847830029677330e-03
3.380235474142784824e+01 7.859054221810957488e-03
3.405292218889088218e+01 7.708807478546983102e-03
3.430455901572810262e+01 7.588656860331746863e-03
3.455605119154291316e+01 7.355932914421684128e-03
3.480708698418615654e+01 7.265170239775609572e-03
3.505823042281740243e+01 7.153672987582999562e-03
3.530983122122644602e+01 6.959931484914804421e-03
3.556111974160763367e+01 6.892059049618982393e-03
3.581195885960364933e+01 6.757480978707442951e-03
3.606348577968052638e+01 6.606112584606443905e-03
3.631495136683125935e+01 6.516812040734496804e-03
3.656646781331610185e+01 6.384675691033801607e-03
3.681800948534306173e+01 6.243045008895543174e-03
3.706942350460822411e+01 6.141617857821841595e-03
3.732119977997001570e+01 6.028757787128637483e-03
3.757249197135423202e+01 5.926028070928671641e-03
3.782324055213251057e+01 5.823684171800591093e-03
3.807430609684078604e+01 5.703948839903107484e-03
3.832526519371521090e+01 5.555935521186700261e-03
3.857704530181875668e+01 5.515534032773624848e-03
3.882896255048217427e+01 5.405772535849112138e-03
3.907976684424035341e+01 5.319325204557153082e-03
3.933085588900704010e+01 5.218864827849917232e-03
3.958184533965361140e+01 5.120801000837314071e-03
3.983320492881626507e+01 5.035089470155631845e-03
4.008506787586624398e+01 4.966092290560037044e-03
4.033569471078550350e+01 4.883104928617753096e-03
4.058701345074587863e+01 4.777987634527598899e-03
4.083916815834436420e+01 4.686470723187598220e-03
4.108978611092747713e+01 4.616579452498641850e-03
4.134119394692694271e+01 4.553786731162483628e-03
4.159372926482761557e+01 4.493307543748071078e-03
4.184480996230068683e+01 4.445783293867036634e-03
4.209495048714620680e+01 4.328831364872081332e-03
4.234568601474854432e+01 4.247304220140473048e-03
4.259794184898333214e+01 4.171587802060399038e-03
4.284922176444433717e+01 4.128600250081019760e-03
4.309982534096671003e+01 4.058179012127276913e-03
4.335153475414617930e+01 3.974486620036980257e-03
4.360374984514007224e+01 3.951601016565632445e-03
4.385432838732079830e+01 3.848084188024116555e-03
4.410529766549178277e+01 3.802100242849582989e-03
4.435675536456894008e+01 3.777306939727859136e-03
4.460756668584335927e+01 3.721517509538984064e-03
4.485812369927145937e+01 3.696978719548262189e-03
4.510933196139897206e+01 3.576518209775676749e-03
4.536097672816924131e+01 3.548804476762657586e-03
4.561261869099184452e+01 3.450701245145940468e-03
4.586346064304911607e+01 3.410182562696660851e-03
4.611435299895526185e+01 3.358850753599467581e-03
4.636610302009028572e+01 3.360725839028015204e-03
4.661726081402038346e+01 3.316686095929920371e-03
4.686748045926628237e+01 3.260589038974880550e-03
4.712001000143001761e+01 3.200448235135507254e-03
4.737334269293729960e+01 3.172313301209743301e-03
4.762357272554871912e+01 3.080572789311542079e-03
4.787295862859781437e+01 3.023365233774123403e-03
4.812686710231834297e+01 2.992851172100902037e-03
4.837988354528783930e+01 2.998030181297883009e-03
4.862698975964909209e+01 2.879225929153193635e-03
4.887931961662670233e+01 2.888431918768572405e-03
4.913512531690142282e+01 2.840743892952999911e-03
4.938486646957150583e+01 2.860463595049528036e-03
4.963073103205424985e+01 2.730028410905837363e-03
4.988316058859187763e+01 2.762023081132948619e-03
5.013927392651110893e+01 2.664095424868873161e-03
5.038898445289544270e+01 2.694342968831030336e-03
5.063791314200675941e+01 2.556434748034189068e-03
5.089234515763529032e+01 2.576836241572412565e-03
5.114529266359630810e+01 2.515861975569947621e-03
5.138952878242714206e+01 2.544295264624538665e-03
5.163945178601188246e+01 2.450940502051449869e-03
5.190206698624180603e+01 2.452516646921568035e-03
5.215590084722179398e+01 2.468973742013935713e-03
5.238680673191466042e+01 2.371455672631664520e-03
5.263532591009818873e+01 2.438833761757710356e-03
5.290823119436031874e+01 2.320305500516954642e-03
5.316882575050344428e+01 2.246857313901777942e-03
5.338513341050097694e+01 2.302325529916853051e-03
5.363212510227822349e+01 2.209404963575165720e-03
5.391615723351310407e+01 2.204191745606798401e-03
5.419187693011466678e+01 2.448699419258797312e-03
5.439722241285236493e+01 2.128755192289891011e-03
5.462806064877949552e+01 2.082110525473219488e-03
5.491241494336609463e+01 2.001721856606738376e-03
5.519421446932921782e+01 1.802202957831058536e-03
5.543046826972861396e+01 2.205564587006564152e-03
5.561137265256709128e+01 2.456741587124427768e-03
