3.559856489878782115e-01 6.982032097980155640e+02
6.031648866026231293e-01 1.609264779891382489e+02
8.579160745827347778e-01 8.831290841272480918e+01
1.113464310595710716e+00 4.809516966085768530e+01
1.374039914321364408e+00 3.069878186233076889e+01
1.619154704570298309e+00 2.017904378108373109e+01
1.870686673430271840e+00 1.493411781910148761e+01
2.123290040706380832e+00 1.077847932159051858e+01
2.378144976376236119e+00 7.511147343015943889e+00
2.630489925835516996e+00 6.309131114203711199e+00
2.878653162679494670e+00 4.845707803986780249e+00
3.131144366275339319e+00 4.152296095950311461e+00
3.388159578333816313e+00 3.247865767690708783e+00
3.638741848210948149e+00 2.701263951835287891e+00
3.888315910732085268e+00 2.290425748980211118e+00
4.139052155837465996e+00 1.946713972648302704e+00
4.390305777018236988e+00 1.723408207668728043e+00
4.642172339120373081e+00 1.487713357320687324e+00
4.894678666149941293e+00 1.312578639649841339e+00
5.147269052361176378e+00 1.163507794307014009e+00
5.398003206656323272e+00 1.014978863814949062e+00
5.647798235368590269e+00 8.964350585583835684e-01
5.900534302989873581e+00 7.929719254323419619e-01
6.151460297009074374e+00 7.445692785333496433e-01
6.402630176204441526e+00 6.652222957719823304e-01
6.655964674748322096e+00 5.673918767159954468e-01
6.908782583105771202e+00 5.305958418084675277e-01
7.159060853508338873e+00 4.961697461230041850e-01
7.409414762591408632e+00 4.342765914810446937e-01
7.659227149364629561e+00 4.098019036204614829e-01
7.911559474606142395e+00 3.775055734603688928e-01
8.163750941790897997e+00 3.563862441403808923e-01
8.415757210439384295e+00 3.132759259862562540e-01
8.667638839289207198e+00 2.914738383565460000e-01
8.918801124864609520e+00 2.735366776577192738e-01
9.170480108345369530e+00 2.528068249886770702e-01
9.420566033467249412e+00 2.377060390622327823e-01
9.671642335271435797e+00 2.210680795343620275e-01
9.923426157758477473e+00 2.070479194741789708e-01
1.017396902749181820e+01 1.933965052398482487e-01
1.042533700753922155e+01 1.801491030166285090e-01
1.067702948358784276e+01 1.716106859468695955e-01
1.092969337256462303e+01 1.589288229587428602e-01
1.118211872033766419e+01 1.484007691677405594e-01
1.143346516925797296e+01 1.428141850737917606e-01
1.168350508557724687e+01 1.335780232847193494e-01
1.193379937775929100e+01 1.286633286561189027e-01
1.218553055762879112e+01 1.194668283380535545e-01
1.243711650801278878e+01 1.138758952037386279e-01
1.268867268647359303e+01 1.074039384734774144e-01
1.294075027177769144e+01 1.033657870065532725e-01
1.319267287020158363e+01 9.781337931781793060e-02
1.344470571782862756e+01 9.261437571397784785e-02
1.369480150283709641e+01 8.863566975970520179e-02
1.394591277066507828e+01 8.478165793092796998e-02
1.419764645764527167e+01 8.026128603953765206e-02
1.444766774168416212e+01 7.669753319002922676e-02
1.469906835825429070e+01 7.294888382603532950e-02
1.495059118111036511e+01 7.097972685483390498e-02
1.520261612590052991e+01 6.743303330338733248e-02
1.545415944503929495e+01 6.467855537868090476e-02
1.570456072545780124e+01 6.244255913136463609e-02
1.595705800128773966e+01 5.876252652233205503e-02
1.620829297830731619e+01 5.676017827016283795e-02
1.645966591028190962e+01 5.511313908120048233e-02
1.671125708846596325e+01 5.178799741159110376e-02
1.696160259490052624e+01 5.039292195628655019e-02
1.721370276108077135e+01 4.830657082437512378e-02
1.746543424102250341e+01 4.615526130077778066e-02
1.771598473288305442e+01 4.448563780295405196e-02
1.796653767411944003e+01 4.288053158838295992e-02
1.821765658501893270e+01 4.110513190709690068e-02
1.847053788120423334e+01 4.005384276950788025e-02
1.872257696809484173e+01 3.897735431240484383e-02
1.897394097105746269e+01 3.733224710205663294e-02
1.922542454726159988e+01 3.568990359447368060e-02
1.947607703355479103e+01 3.456513006198232152e-02
1.972678839839982601e+01 3.364050961661434191e-02
1.997802698857814363e+01 3.244365474122622856e-02
2.022863620534168660e+01 3.141751074215667211e-02
2.047969598507238231e+01 3.033841921127098870e-02
2.073250439107362553e+01 2.950103153302128731e-02
2.098435855211640089e+01 2.871005326737334495e-02
2.123502923393334640e+01 2.773335267810685470e-02
2.148629411178690773e+01 2.661554064539232295e-02
2.173831825513516591e+01 2.610815532873207029e-02
2.198972260956887226e+01 2.516012617922736352e-02
2.223974971000711420e+01 2.437011871322350420e-02
2.249141870643862973e+01 2.362332295545269481e-02
2.274404614890906373e+01 2.279240458067888220e-02
2.299521835768831579e+01 2.220086904603558314e-02
2.324620084136223852e+01 2.159677461897913792e-02
2.349757798664387209e+01 2.090941372655029731e-02
2.374870488118759937e+01 2.033505092185282706e-02
2.399988781917473091e+01 1.991525420367150009e-02
2.425071646049711305e+01 1.918094676222933601e-02
2.450187830577813841e+01 1.882255532700121900e-02
2.475391093216606109e+01 1.824524559194228013e-02
2.500524226975159792e+01 1.783338861476297180e-02
2.525610980153284402e+01 1.730781858682767932e-02
2.550801425092822328e+01 1.685756514512827542e-02
2.575943113325822864e+01 1.634156587645970576e-02
2.601074166866445125e+01 1.602019695173530558e-02
2.626234447079615464e+01 1.553597886224067706e-02
2.651347712943701751e+01 1.523373654560085909e-02
2.676474177984877656e+01 1.468640898989947985e-02
2.701628079430242479e+01 1.439468258276462714e-02
2.726734205837282232e+01 1.400175693989800726e-02
2.751837013544679422e+01 1.365062990223890951e-02
2.776937726815812724e+01 1.340443459745832913e-02
2.802070160973895341e+01 1.306737076696559176e-02
2.827249982643487058e+01 1.273470334364351815e-02
2.852407603869968966e+01 1.247493094049415864e-02
2.877567300468570721e+01 1.225276908043408663e-02
2.902733523039245256e+01 1.189076200273518104e-02
2.927861073083739996e+01 1.160712053672559654e-02
2.953003196193969160e+01 1.129858394406832618e-02
2.978106336846375157e+01 1.103821112904927390e-02
3.003148440777084716e+01 1.082587748664814997e-02
3.028303386126418673e+01 1.065532582385397484e-02
3.053456493440382857e+01 1.036242492184316806e-02
3.078585183944906944e+01 1.021561195613754532e-02
3.103757946070165730e+01 9.909054064556018990e-03
3.128931656795834826e+01 9.697934132624720302e-03
3.154125974608096428e+01 9.496416557113501744e-03
3.179158626791808828e+01 9.345970846429497991e-03
3.204196438636942190e+01 9.067986562668706868e-03
3.229344668057169798e+01 8.873243656841221447e-03
3.254489998018084407e+01 8.743993465186460784e-03
3.279660140319880668e+01 8.534233135310279050e-03
3.304772754686901237e+01 8.366368941133834822e-03
3.329949953441923327e+01 8.169800650461220975e-03
3.355173249539067371e+01 8.042352663799441637e-03
3.380235474142784824e+01 7.892576165751079634e-03
3.405292218889088218e+01 7.692349984329172226e-03
3.430455901572810262e+01 7.571569812162288159e-03
3.455605119154291316e+01 7.430117238975368979e-03
3.480708698418615654e+01 7.272703475837132003e-03
3.505823042281740243e+01 7.111534366362878487e-03
3.530983122122644602e+01 6.941777911844567404e-03
3.556111974160763367e+01 6.880797361081808679e-03
3.581195885960364933e+01 6.757614376774925824e-03
3.606348577968052638e+01 6.605543661359350276e-03
3.631495136683125935e+01 6.497668506025238051e-03
3.656646781331610185e+01 6.359840801793909329e-03
3.681800948534306173e+01 6.253493677496807512e-03
3.706942350460822411e+01 6.099990949300803343e-03
3.732119977997001570e+01 6.063946709981734608e-03
3.757249197135423202e+01 5.884973921584387736e-03
3.782324055213251057e+01 5.803186753153844087e-03
3.807430609684078604e+01 5.725406154988000457e-03
3.832526519371521090e+01 5.608696191681955719e-03
3.857704530181875668e+01 5.484832736691421656e-03
3.882896255048217427e+01 5.388131969469881107e-03
3.907976684424035341e+01 5.288562830587027232e-03
3.933085588900704010e+01 5.229091199136596049e-03
3.958184533965361140e+01 5.134845454676477752e-03
3.983320492881626507e+01 5.043017459663701532e-03
4.008506787586624398e+01 4.974441894740078488e-03
4.033569471078550350e+01 4.904446793441915274e-03
4.058701345074587863e+01 4.795056887686890805e-03
4.083916815834436420e+01 4.736827019521694902e-03
4.108978611092747713e+01 4.646765763664221886e-03
4.134119394692694271e+01 4.567946194486398152e-03
4.159372926482761557e+01 4.484150548551223657e-03
4.184480996230068683e+01 4.405769817631129820e-03
4.209495048714620680e+01 4.324251242414319830e-03
4.234568601474854432e+01 4.289742320016767460e-03
4.259794184898333214e+01 4.218639548800282718e-03
4.284922176444433717e+01 4.157211439069050281e-03
4.309982534096671003e+01 4.059134282554467503e-03
4.335153475414617930e+01 3.990676541540079565e-03
4.360374984514007224e+01 3.940411979031361624e-03
4.385432838732079830e+01 3.890181010502753115e-03
4.410529766549178277e+01 3.823298972190263770e-03
4.435675536456894008e+01 3.785195383712506093e-03
4.460756668584335927e+01 3.685868155646668861e-03
4.485812369927145937e+01 3.685160155379561039e-03
4.510933196139897206e+01 3.607770540578387336e-03
4.536097672816924131e+01 3.542307772483919894e-03
4.561261869099184452e+01 3.521374992640172175e-03
4.586346064304911607e+01 3.435564218359135353e-03
4.611435299895526185e+01 3.383014002941343509e-03
4.636610302009028572e+01 3.329812443955961106e-03
4.661726081402038346e+01 3.259319972387683933e-03
4.686748045926628237e+01 3.179566924982231424e-03
4.712001000143001761e+01 3.156919316077793497e-03
4.737334269293729960e+01 3.177535742018614950e-03
4.762357272554871912e+01 3.070553461407358239e-03
4.787295862859781437e+01 3.032546261223339947e-03
4.812686710231834297e+01 3.018107259647510431e-03
4.837988354528783930e+01 2.922545015515676334e-03
4.862698975964909209e+01 2.911931946935611935e-03
4.887931961662670233e+01 2.873611654005632076e-03
4.913512531690142282e+01 2.852774103796074795e-03
4.938486646957150583e+01 2.815050596012283728e-03
4.963073103205424985e+01 2.699069461718594035e-03
4.988316058859187763e+01 2.792146976072326821e-03
5.013927392651110893e+01 2.682625649924442503e-03
5.038898445289544270e+01 2.627557960503227718e-03
5.063791314200675941e+01 2.607799264590727421e-03
5.089234515763529032e+01 2.614570288051903165e-03
5.114529266359630810e+01 2.656311575683033537e-03
5.138952878242714206e+01 2.556151007683464971e-03
5.163945178601188246e+01 2.507722046153647300e-03
5.190206698624180603e+01 2.476716865341804189e-03
5.215590084722179398e+01 2.480608506310293202e-03
5.238680673191466042e+01 2.370071977442579636e-03
5.263532591009818873e+01 2.354409100507954839e-03
5.290823119436031874e+01 2.412036258641354642e-03
5.316882575050344428e+01 2.361966086861569218e-03
5.338513341050097694e+01 2.090775071265575484e-03
5.363212510227822349e+01 2.202194769382365743e-03
5.391615723351310407e+01 2.360061616981289512e-03
5.419187693011466678e+01 2.225181519385812257e-03
5.439722241285236493e+01 1.975391355379157044e-03
5.462806064877949552e+01 2.068405981802509674e-03
5.491241494336609463e+01 2.042288265198026476e-03
5.519421446932921782e+01 1.797751869792501905e-03
5.543046826972861396e+01 2.946555111990951242e-03
5.561137265256709128e+01 3.043149800329865515e-03
