3.559856489878782115e-01 8.974972848873627527e+02
6.031648866026231293e-01 2.443129613144280086e+02
8.579160745827347778e-01 8.438327974156254641e+01
1.113464310595710716e+00 5.290262750014387905e+01
1.374039914321364408e+00 2.554267599598263061e+01
1.619154704570298309e+00 2.175672069730179459e+01
1.870686673430271840e+00 1.492256426748367382e+01
2.123290040706380832e+00 1.065558196858653695e+01
2.378144976376236119e+00 7.508300511177191439e+00
2.630489925835516996e+00 6.153733639519432863e+00
2.878653162679494670e+00 4.977822485277942910e+00
3.131144366275339319e+00 3.867972478538109549e+00
3.388159578333816313e+00 3.131279442307894456e+00
3.638741848210948149e+00 2.660346095065573291e+00
3.888315910732085268e+00 2.283176974519696589e+00
4.139052155837465996e+00 2.023666282071348022e+00
4.390305777018236988e+00 1.651463433245738965e+00
4.642172339120373081e+00 1.526765618959841531e+00
4.894678666149941293e+00 1.321342073286478014e+00
5.147269052361176378e+00 1.150576897278720478e+00
5.398003206656323272e+00 1.001536775405239998e+00
5.647798235368590269e+00 8.981944734761656557e-01
5.900534302989873581e+00 8.013092244903956551e-01
6.151460297009074374e+00 7.101958354094802806e-01
6.402630176204441526e+00 6.641436625963419438e-01
6.655964674748322096e+00 5.972287494718635514e-01
6.908782583105771202e+00 5.169856073826574194e-01
7.159060853508338873e+00 4.862352271695006833e-01
7.409414762591408632e+00 4.442883091921250305e-01
7.659227149364629561e+00 4.098108568328778789e-01
7.911559474606142395e+00 3.757101110368024632e-01
8.163750941790897997e+00 3.465327914058569658e-01
8.415757210439384295e+00 3.181922002656248916e-01
8.667638839289207198e+00 2.940530237983082218e-01
8.918801124864609520e+00 2.759579003220146709e-01
9.170480108345369530e+00 2.515537410118377504e-01
9.420566033467249412e+00 2.376533765860606717e-01
9.671642335271435797e+00 2.196509350084997758e-01
9.923426157758477473e+00 2.086174520435293278e-01
1.017396902749181820e+01 1.937322874407302886e-01
1.042533700753922155e+01 1.790961687850571304e-01
1.067702948358784276e+01 1.717246153553752264e-01
1.092969337256462303e+01 1.624149861998269162e-01
1.118211872033766419e+01 1.520312277152466307e-01
1.143346516925797296e+01 1.426885447184535194e-01
1.168350508557724687e+01 1.332534400658479112e-01
1.193379937775929100e+01 1.276157792451181328e-01
1.218553055762879112e+01 1.204292584999367421e-01
1.243711650801278878e+01 1.142108105873849005e-01
1.268867268647359303e+01 1.075480177048807329e-01
1.294075027177769144e+01 1.035983734727011357e-01
1.319267287020158363e+01 9.924833645118123771e-02
1.344470571782862756e+01 9.248446659813196191e-02
1.369480150283709641e+01 8.875609824280690507e-02
1.394591277066507828e+01 8.444185234603068801e-02
1.419764645764527167e+01 8.058350604219949309e-02
1.444766774168416212e+01 7.654888288809061359e-02
1.469906835825429070e+01 7.408258909924923807e-02
1.495059118111036511e+01 7.046311474899330518e-02
1.520261612590052991e+01 6.697895660812999696e-02
1.545415944503929495e+01 6.468964132012430812e-02
1.570456072545780124e+01 6.102391329251537211e-02
1.595705800128773966e+01 5.863799693103975003e-02
1.620829297830731619e+01 5.614226160050481834e-02
1.645966591028190962e+01 5.455544462010124274e-02
1.671125708846596325e+01 5.261287670303878283e-02
1.696160259490052624e+01 5.053293215627579354e-02
1.721370276108077135e+01 4.820148056083837368e-02
1.746543424102250341e+01 4.632068936244973512e-02
1.771598473288305442e+01 4.442589072414747375e-02
1.796653767411944003e+01 4.254459845678041502e-02
1.821765658501893270e+01 4.184300590552238880e-02
1.847053788120423334e+01 3.977549708395054784e-02
1.872257696809484173e+01 3.860238404496508374e-02
1.897394097105746269e+01 3.716110743225941454e-02
1.922542454726159988e+01 3.581793602969839813e-02
1.947607703355479103e+01 3.497810952650425020e-02
1.972678839839982601e+01 3.360174185385096657e-02
1.997802698857814363e+01 3.236208420335840580e-02
2.022863620534168660e+01 3.127074111630373521e-02
2.047969598507238231e+01 3.050484341914105890e-02
2.073250439107362553e+01 2.922136465954594184e-02
2.098435855211640089e+01 2.851275058642930085e-02
2.123502923393334640e+01 2.749510393222905080e-02
2.148629411178690773e+01 2.683212172035879736e-02
2.173831825513516591e+01 2.596596531112176087e-02
2.198972260956887226e+01 2.509305609925313943e-02
2.223974971000711420e+01 2.433675586153975778e-02
2.249141870643862973e+01 2.361500878144490861e-02
2.274404614890906373e+01 2.271207298596853233e-02
2.299521835768831579e+01 2.208338894637342648e-02
2.324620084136223852e+01 2.158984190818745430e-02
2.349757798664387209e+01 2.108856899977608682e-02
2.374870488118759937e+01 2.056950884826924328e-02
2.399988781917473091e+01 1.978019879011543372e-02
2.425071646049711305e+01 1.919435607142359890e-02
2.450187830577813841e+01 1.874624712743374472e-02
2.475391093216606109e+01 1.826508775287189953e-02
2.500524226975159792e+01 1.774250371685077987e-02
2.525610980153284402e+01 1.728479779092047253e-02
2.550801425092822328e+01 1.690877987203200095e-02
2.575943113325822864e+01 1.636605269249021694e-02
2.601074166866445125e+01 1.608484121618238699e-02
2.626234447079615464e+01 1.560044146559650020e-02
2.651347712943701751e+01 1.509026274271900621e-02
2.676474177984877656e+01 1.465006315064574030e-02
2.701628079430242479e+01 1.436356354818139024e-02
2.726734205837282232e+01 1.405765065890655745e-02
2.751837013544679422e+01 1.357453830553083732e-02
2.776937726815812724e+01 1.336928379320209345e-02
2.802070160973895341e+01 1.306821207311897361e-02
2.827249982643487058e+01 1.279009212422317805e-02
2.852407603869968966e+01 1.246971517350364128e-02
2.877567300468570721e+01 1.217314200420842492e-02
2.902733523039245256e+01 1.186476796275550381e-02
2.927861073083739996e+01 1.164510373642388928e-02
2.953003196193969160e+01 1.131370304738670875e-02
2.978106336846375157e+01 1.108959866011425752e-02
3.003148440777084716e+01 1.084801478770937126e-02
3.028303386126418673e+01 1.056402487811826732e-02
3.053456493440382857e+01 1.034490048636856931e-02
3.078585183944906944e+01 1.014963275945685896e-02
3.103757946070165730e+01 9.946755710199909131e-03
3.128931656795834826e+01 9.711633858921675869e-03
3.154125974608096428e+01 9.454185067439654921e-03
3.179158626791808828e+01 9.284468585150001951e-03
3.204196438636942190e+01 9.126891442826249451e-03
3.229344668057169798e+01 8.931857230818204471e-03
3.254489998018084407e+01 8.739461508879602103e-03
3.279660140319880668e+01 8.508937796615991325e-03
3.304772754686901237e+01 8.388559698757040370e-03
3.329949953441923327e+01 8.176714719220930933e-03
3.355173249539067371e+01 8.021826275534299500e-03
3.380235474142784824e+01 7.899149411909603055e-03
3.405292218889088218e+01 7.717937303455353094e-03
3.430455901572810262e+01 7.588478117889878478e-03
3.455605119154291316e+01 7.355398518037160882e-03
3.480708698418615654e+01 7.271637164018583503e-03
3.505823042281740243e+01 7.113233436491897370e-03
3.530983122122644602e+01 6.979674496005271525e-03
3.556111974160763367e+01 6.881122017664471381e-03
3.581195885960364933e+01 6.763459163748474293e-03
3.606348577968052638e+01 6.575914304732856548e-03
3.631495136683125935e+01 6.457339546899071477e-03
3.656646781331610185e+01 6.354528969865934004e-03
3.681800948534306173e+01 6.248001512246463551e-03
3.706942350460822411e+01 6.140908509760510323e-03
3.732119977997001570e+01 6.004784039386350074e-03
3.757249197135423202e+01 5.926273038799600816e-03
3.782324055213251057e+01 5.786917849946556641e-03
3.807430609684078604e+01 5.749338122922762785e-03
3.832526519371521090e+01 5.602402433515106875e-03
3.857704530181875668e+01 5.482247883615106419e-03
3.882896255048217427e+01 5.406067529866592954e-03
3.907976684424035341e+01 5.349411073263369426e-03
3.933085588900704010e+01 5.216006644989132877e-03
3.958184533965361140e+01 5.165470290434855984e-03
3.983320492881626507e+01 5.035079060946382086e-03
4.008506787586624398e+01 4.979246492330497223e-03
4.033569471078550350e+01 4.881948467546872415e-03
4.058701345074587863e+01 4.822643083205381542e-03
4.083916815834436420e+01 4.703718113114121330e-03
4.108978611092747713e+01 4.620220604783424265e-03
4.134119394692694271e+01 4.538153205445695677e-03
4.159372926482761557e+01 4.453135300914206306e-03
4.184480996230068683e+01 4.388417036598510172e-03
4.209495048714620680e+01 4.343841606925035598e-03
4.234568601474854432e+01 4.272561888077802510e-03
4.259794184898333214e+01 4.208756620311313729e-03
4.284922176444433717e+01 4.134668501701960555e-03
4.309982534096671003e+01 4.066811113291471727e-03
4.335153475414617930e+01 4.001602993177440400e-03
4.360374984514007224e+01 3.916276214139158447e-03
4.385432838732079830e+01 3.894083129000666926e-03
4.410529766549178277e+01 3.822539215901006506e-03
4.435675536456894008e+01 3.776552139662365734e-03
4.460756668584335927e+01 3.677185260502769445e-03
4.485812369927145937e+01 3.682940844138906777e-03
4.510933196139897206e+01 3.593681174207908127e-03
4.536097672816924131e+01 3.550120525070225939e-03
4.561261869099184452e+01 3.503516981092027853e-03
4.586346064304911607e+01 3.428153353297958787e-03
4.611435299895526185e+01 3.396056706552269978e-03
4.636610302009028572e+01 3.331911762997351832e-03
4.661726081402038346e+01 3.270986325001340542e-03
4.686748045926628237e+01 3.244412217660436019e-03
4.712001000143001761e+01 3.142724216384236869e-03
4.737334269293729960e+01 3.129763482379831641e-03
4.762357272554871912e+01 3.089806014294094183e-03
4.787295862859781437e+01 3.015020454137836911e-03
4.812686710231834297e+01 3.001110103801866383e-03
4.837988354528783930e+01 3.028121932861024910e-03
4.862698975964909209e+01 2.975429282883691653e-03
4.887931961662670233e+01 2.873028159137968121e-03
4.913512531690142282e+01 2.850355826827512869e-03
4.938486646957150583e+01 2.752379200600185444e-03
4.963073103205424985e+01 2.806129093485372310e-03
4.988316058859187763e+01 2.716376197564028885e-03
5.013927392651110893e+01 2.708280630669612863e-03
5.038898445289544270e+01 2.610258523923898906e-03
5.063791314200675941e+01 2.633674641224107143e-03
5.089234515763529032e+01 2.662107702377552749e-03
5.114529266359630810e+01 2.547005740031587848e-03
5.138952878242714206e+01 2.541870736897035472e-03
5.163945178601188246e+01 2.619811372937393742e-03
5.190206698624180603e+01 2.458977461368203402e-03
5.215590084722179398e+01 2.426958019482735630e-03
5.238680673191466042e+01 2.510865857797572702e-03
5.263532591009818873e+01 2.339375510157162916e-03
5.290823119436031874e+01 2.304251645923163262e-03
5.316882575050344428e+01 2.422326756197448663e-03
5.338513341050097694e+01 2.183618268549428372e-03
5.363212510227822349e+01 2.189741941343935350e-03
5.391615723351310407e+01 2.112272954114641135e-03
5.419187693011466678e+01 2.190506991136292880e-03
5.439722241285236493e+01 2.173009486268695067e-03
5.462806064877949552e+01 2.190002860912150517e-03
5.491241494336609463e+01 2.101948741708978274e-03
5.519421446932921782e+01 2.187174242670206041e-03
5.543046826972861396e+01 2.239295712852517120e-03
5.561137265256709128e+01 1.311400507782147819e-03
