3.559856489878782115e-01 7.175476849883694968e+02
6.031648866026231293e-01 1.797370000844991011e+02
8.579160745827347778e-01 9.844993021184171766e+01
1.113464310595710716e+00 5.349730423457442896e+01
1.374039914321364408e+00 2.904444902431566788e+01
1.619154704570298309e+00 1.848911500617320058e+01
1.870686673430271840e+00 1.317873355186369366e+01
2.123290040706380832e+00 1.080266118472037107e+01
2.378144976376236119e+00 7.881933592458728377e+00
2.630489925835516996e+00 6.013190542917246084e+00
2.878653162679494670e+00 4.490282236421074380e+00
3.131144366275339319e+00 4.005699231644626934e+00
3.388159578333816313e+00 3.186016169073415671e+00
3.638741848210948149e+00 2.675161931155112693e+00
3.888315910732085268e+00 2.135874887732441607e+00
4.139052155837465996e+00 1.951950756067009074e+00
4.390305777018236988e+00 1.694996003014507258e+00
4.642172339120373081e+00 1.507476307598073051e+00
4.894678666149941293e+00 1.294808153797445849e+00
5.147269052361176378e+00 1.145467451277841997e+00
5.398003206656323272e+00 9.841050871973374692e-01
5.647798235368590269e+00 8.893473194374589275e-01
5.900534302989873581e+00 7.942257545294458820e-01
6.151460297009074374e+00 7.147114679714058338e-01
6.402630176204441526e+00 6.482853793701310874e-01
6.655964674748322096e+00 5.927921318446642829e-01
6.908782583105771202e+00 5.395199322352094429e-01
7.159060853508338873e+00 4.916566218506168151e-01
7.409414762591408632e+00 4.400141857461667416e-01
7.659227149364629561e+00 4.051621157248780913e-01
7.911559474606142395e+00 3.776001981368360405e-01
8.163750941790897997e+00 3.506561958872572715e-01
8.415757210439384295e+00 3.163924461657897647e-01
8.667638839289207198e+00 2.927763264361362694e-01
8.918801124864609520e+00 2.696062966768638658e-01
9.170480108345369530e+00 2.531432117928755776e-01
9.420566033467249412e+00 2.354880142054355252e-01
9.671642335271435797e+00 2.253833790561097783e-01
9.923426157758477473e+00 2.075108533434860403e-01
1.017396902749181820e+01 1.915948363711610647e-01
1.042533700753922155e+01 1.839523477666901718e-01
1.067702948358784276e+01 1.715068451555729068e-01
1.092969337256462303e+01 1.630268067425615364e-01
1.118211872033766419e+01 1.531928213510615200e-01
1.143346516925797296e+01 1.404605082706709140e-01
1.168350508557724687e+01 1.351967286521014999e-01
1.193379937775929100e+01 1.289943679913954089e-01
1.218553055762879112e+01 1.213056863377815625e-01
1.243711650801278878e+01 1.144876372735529751e-01
1.268867268647359303e+01 1.083046243277980131e-01
1.294075027177769144e+01 1.022991301255926910e-01
1.319267287020158363e+01 9.840923518739592979e-02
1.344470571782862756e+01 9.315744660444409686e-02
1.369480150283709641e+01 8.775724701929228655e-02
1.394591277066507828e+01 8.377300745158762496e-02
1.419764645764527167e+01 8.020768982721705742e-02
1.444766774168416212e+01 7.669142404972262295e-02
1.469906835825429070e+01 7.368733920013714744e-02
1.495059118111036511e+01 6.965435242228833201e-02
1.520261612590052991e+01 6.716773278004921355e-02
1.545415944503929495e+01 6.453450420848055868e-02
1.570456072545780124e+01 6.194017680838335288e-02
1.595705800128773966e+01 5.888136722033383841e-02
1.620829297830731619e+01 5.641714003986445652e-02
1.645966591028190962e+01 5.379739245798422637e-02
1.671125708846596325e+01 5.237705103618438968e-02
1.696160259490052624e+01 5.018898754635030962e-02
1.721370276108077135e+01 4.823647948346659192e-02
1.746543424102250341e+01 4.610650602125449665e-02
1.771598473288305442e+01 4.492029292246171174e-02
1.796653767411944003e+01 4.334126046580441538e-02
1.821765658501893270e+01 4.120313719282907294e-02
1.847053788120423334e+01 3.967769167203252789e-02
1.872257696809484173e+01 3.868297167531895009e-02
1.897394097105746269e+01 3.694325071960763429e-02
1.922542454726159988e+01 3.573075648925389675e-02
1.947607703355479103e+01 3.475033367008704271e-02
1.972678839839982601e+01 3.332932695366076087e-02
1.997802698857814363e+01 3.235093493334319920e-02
2.022863620534168660e+01 3.105664670652848180e-02
2.047969598507238231e+01 3.056985254333370594e-02
2.073250439107362553e+01 2.961416930971844802e-02
2.098435855211640089e+01 2.810173512912447422e-02
2.123502923393334640e+01 2.759949926309172505e-02
2.148629411178690773e+01 2.664941876236853052e-02
2.173831825513516591e+01 2.603904297828148195e-02
2.198972260956887226e+01 2.497730340652265513e-02
2.223974971000711420e+01 2.460672180663123210e-02
2.249141870643862973e+01 2.353054412725912037e-02
2.274404614890906373e+01 2.294485730944460095e-02
2.299521835768831579e+01 2.221058599156761765e-02
2.324620084136223852e+01 2.157155210554763045e-02
2.349757798664387209e+01 2.105345779733132361e-02
2.374870488118759937e+01 2.029596415665578177e-02
2.399988781917473091e+01 1.989243611059018577e-02
2.425071646049711305e+01 1.936152174301389306e-02
2.450187830577813841e+01 1.867683463780737269e-02
2.475391093216606109e+01 1.819948651482184918e-02
2.500524226975159792e+01 1.773584514137724333e-02
2.525610980153284402e+01 1.727620251592840162e-02
2.550801425092822328e+01 1.693854311691032552e-02
2.575943113325822864e+01 1.643452163436213975e-02
2.601074166866445125e+01 1.582608756254002408e-02
2.626234447079615464e+01 1.564047165318155005e-02
2.651347712943701751e+01 1.504212320699976381e-02
2.676474177984877656e+01 1.482234023162544087e-02
2.701628079430242479e+01 1.450242728833361916e-02
2.726734205837282232e+01 1.406177929891297765e-02
2.751837013544679422e+01 1.365841930991354945e-02
2.776937726815812724e+01 1.340841309952383112e-02
2.802070160973895341e+01 1.309260197784939926e-02
2.827249982643487058e+01 1.277664078103124719e-02
2.852407603869968966e+01 1.242699993947147218e-02
2.877567300468570721e+01 1.223250746537956311e-02
2.902733523039245256e+01 1.199012193012894550e-02
2.927861073083739996e+01 1.166572752952370860e-02
2.953003196193969160e+01 1.133443746334652363e-02
2.978106336846375157e+01 1.103234780978728027e-02
3.003148440777084716e+01 1.086086688335626341e-02
3.028303386126418673e+01 1.064341580892013903e-02
3.053456493440382857e+01 1.032965084606254740e-02
3.078585183944906944e+01 1.016640242328923673e-02
3.103757946070165730e+01 9.909313456729766309e-03
3.128931656795834826e+01 9.710188976816325548e-03
3.154125974608096428e+01 9.487924351315167940e-03
3.179158626791808828e+01 9.343514708344840061e-03
3.204196438636942190e+01 9.052530958528381272e-03
3.229344668057169798e+01 8.900170592788499493e-03
3.254489998018084407e+01 8.716867286234620746e-03
3.279660140319880668e+01 8.553628734273316381e-03
3.304772754686901237e+01 8.330247940988837890e-03
3.329949953441923327e+01 8.236008505704597513e-03
3.355173249539067371e+01 8.064786432442164546e-03
3.380235474142784824e+01 7.867353571134142257e-03
3.405292218889088218e+01 7.713075558286579085e-03
3.430455901572810262e+01 7.567645120343843845e-03
3.455605119154291316e+01 7.408334132206744610e-03
3.480708698418615654e+01 7.268980313369500026e-03
3.505823042281740243e+01 7.123929196585813799e-03
3.530983122122644602e+01 6.955399167584469002e-03
3.556111974160763367e+01 6.815238341133689377e-03
3.581195885960364933e+01 6.704592836606074018e-03
3.606348577968052638e+01 6.584520726114271097e-03
3.631495136683125935e+01 6.479508535414443826e-03
3.656646781331610185e+01 6.353631712111980703e-03
3.681800948534306173e+01 6.217404360807253158e-03
3.706942350460822411e+01 6.117498104845296367e-03
3.732119977997001570e+01 6.031665377183300508e-03
3.757249197135423202e+01 5.876178874138357315e-03
3.782324055213251057e+01 5.842093810144039119e-03
3.807430609684078604e+01 5.691032656636453926e-03
3.832526519371521090e+01 5.625325429980828316e-03
3.857704530181875668e+01 5.501986246790858091e-03
3.882896255048217427e+01 5.431019497478850253e-03
3.907976684424035341e+01 5.353043860608393614e-03
3.933085588900704010e+01 5.241174534224901649e-03
3.958184533965361140e+01 5.096688868267168493e-03
3.983320492881626507e+01 5.002978664128982650e-03
4.008506787586624398e+01 4.942531594105949340e-03
4.033569471078550350e+01 4.850940035279969684e-03
4.058701345074587863e+01 4.785454191043023164e-03
4.083916815834436420e+01 4.662840932373766428e-03
4.108978611092747713e+01 4.677477069232033498e-03
4.134119394692694271e+01 4.583672763110419913e-03
4.159372926482761557e+01 4.512315327986212224e-03
4.184480996230068683e+01 4.423275070437176874e-03
4.209495048714620680e+01 4.338115011305654356e-03
4.234568601474854432e+01 4.275866781357618926e-03
4.259794184898333214e+01 4.205796681207288855e-03
4.284922176444433717e+01 4.112150047856272944e-03
4.309982534096671003e+01 4.073072812867155161e-03
4.335153475414617930e+01 4.020966879874192552e-03
4.360374984514007224e+01 3.928636903925313180e-03
4.385432838732079830e+01 3.877103620305503810e-03
4.410529766549178277e+01 3.845890444227036045e-03
4.435675536456894008e+01 3.736647986421734284e-03
4.460756668584335927e+01 3.694227529473707080e-03
4.485812369927145937e+01 3.669271855001712650e-03
4.510933196139897206e+01 3.583095946748726408e-03
4.536097672816924131e+01 3.539367856700642145e-03
4.561261869099184452e+01 3.478240516689695000e-03
4.586346064304911607e+01 3.430512113557285681e-03
4.611435299895526185e+01 3.392747466838889371e-03
4.636610302009028572e+01 3.313149533400029916e-03
4.661726081402038346e+01 3.250486186197690426e-03
4.686748045926628237e+01 3.240469661879399541e-03
4.712001000143001761e+01 3.188281262431446640e-03
4.737334269293729960e+01 3.164704583731384798e-03
4.762357272554871912e+01 3.058748134036372735e-03
4.787295862859781437e+01 3.023971149332943011e-03
4.812686710231834297e+01 2.965535925894532965e-03
4.837988354528783930e+01 2.980088283170785959e-03
4.862698975964909209e+01 2.930970944634423390e-03
4.887931961662670233e+01 2.950457611815074377e-03
4.913512531690142282e+01 2.835374704628328656e-03
4.938486646957150583e+01 2.794296662178004202e-03
4.963073103205424985e+01 2.750236309758523172e-03
4.988316058859187763e+01 2.743598344769036107e-03
5.013927392651110893e+01 2.720223399630480529e-03
5.038898445289544270e+01 2.621447052526410144e-03
5.063791314200675941e+01 2.600596115396366665e-03
5.089234515763529032e+01 2.573731408459845483e-03
5.114529266359630810e+01 2.563467596877594488e-03
5.138952878242714206e+01 2.473200546689182690e-03
5.163945178601188246e+01 2.439569667598720168e-03
5.190206698624180603e+01 2.477857230313844795e-03
5.215590084722179398e+01 2.460808063300502953e-03
5.238680673191466042e+01 2.380601743760161516e-03
5.263532591009818873e+01 2.326523225138863327e-03
5.290823119436031874e+01 2.383502341341074346e-03
5.316882575050344428e+01 2.300735960856699260e-03
5.338513341050097694e+01 2.247761391339182444e-03
5.363212510227822349e+01 2.224722523959557757e-03
5.391615723351310407e+01 2.279042540285963758e-03
5.419187693011466678e+01 2.079849366641676155e-03
5.439722241285236493e+01 1.999395748077463422e-03
5.462806064877949552e+01 2.264366553484580945e-03
5.491241494336609463e+01 1.987905477148795182e-03
5.519421446932921782e+01 2.048435394544639073e-03
5.543046826972861396e+01 3.129283017429549622e-03
5.561137265256709128e+01 2.911203078503058882e-03
