3.559856489878782115e-01 5.549358095776558457e+02
6.031648866026231293e-01 1.741592271933567133e+02
8.579160745827347778e-01 7.932037061464581029e+01
1.113464310595710716e+00 4.807322985160182327e+01
1.374039914321364408e+00 2.868906059143876064e+01
1.619154704570298309e+00 1.937383716794428068e+01
1.870686673430271840e+00 1.389847837368689909e+01
2.123290040706380832e+00 1.045705053484190117e+01
2.378144976376236119e+00 8.387693674574762781e+00
2.630489925835516996e+00 6.034540130787079626e+00
2.878653162679494670e+00 5.218973124941911124e+00
3.131144366275339319e+00 3.905919947810481574e+00
3.388159578333816313e+00 3.402960197808850396e+00
3.638741848210948149e+00 2.836479891353884231e+00
3.888315910732085268e+00 2.352577570051297862e+00
4.139052155837465996e+00 2.016981985723785176e+00
4.390305777018236988e+00 1.700178622990165644e+00
4.642172339120373081e+00 1.533544939477133662e+00
4.894678666149941293e+00 1.280376631388155273e+00
5.147269052361176378e+00 1.115303321800167335e+00
5.398003206656323272e+00 1.016500766957759705e+00
5.647798235368590269e+00 8.858184322277086187e-01
5.900534302989873581e+00 8.113587465194033177e-01
6.151460297009074374e+00 7.373586979017100473e-01
6.402630176204441526e+00 6.447220469660509545e-01
6.655964674748322096e+00 5.712165937572879493e-01
6.908782583105771202e+00 5.272377577225610956e-01
7.159060853508338873e+00 4.858771409659666807e-01
7.409414762591408632e+00 4.429363416258507713e-01
7.659227149364629561e+00 4.084588416432458624e-01
7.911559474606142395e+00 3.770758089739945640e-01
8.163750941790897997e+00 3.384040549803888354e-01
8.415757210439384295e+00 3.209530843054483884e-01
8.667638839289207198e+00 2.945651019635148748e-01
8.918801124864609520e+00 2.764326755690491022e-01
9.170480108345369530e+00 2.500638682769315557e-01
9.420566033467249412e+00 2.386539703802268153e-01
9.671642335271435797e+00 2.160700134682250195e-01
9.923426157758477473e+00 2.053467805306779803e-01
1.017396902749181820e+01 1.937021684335082095e-01
1.042533700753922155e+01 1.809192992417418544e-01
1.067702948358784276e+01 1.706775849829889613e-01
1.092969337256462303e+01 1.577490960918445095e-01
1.118211872033766419e+01 1.531410665172706353e-01
1.143346516925797296e+01 1.444517859263286241e-01
1.168350508557724687e+01 1.355597454427188986e-01
1.193379937775929100e+01 1.272819989135403063e-01
1.218553055762879112e+01 1.218334116315925308e-01
1.243711650801278878e+01 1.151316080505412481e-01
1.268867268647359303e+01 1.087766149875366989e-01
1.294075027177769144e+01 1.030079328031425906e-01
1.319267287020158363e+01 9.808470317322491583e-02
1.344470571782862756e+01 9.259360426523578769e-02
1.369480150283709641e+01 8.874722894334140244e-02
1.394591277066507828e+01 8.359297239616340913e-02
1.419764645764527167e+01 7.948061795836593169e-02
1.444766774168416212e+01 7.800768094253968110e-02
1.469906835825429070e+01 7.451240532140079864e-02
1.495059118111036511e+01 7.017921975957937264e-02
1.520261612590052991e+01 6.741558944452308300e-02
1.545415944503929495e+01 6.492296140187849007e-02
1.570456072545780124e+01 6.133246552948557612e-02
1.595705800128773966e+01 5.873868588547672548e-02
1.620829297830731619e+01 5.712806893848856871e-02
1.645966591028190962e+01 5.443472833628056062e-02
1.671125708846596325e+01 5.192082278816086138e-02
1.696160259490052624e+01 5.023913077986755238e-02
1.721370276108077135e+01 4.869558615535932861e-02
1.746543424102250341e+01 4.669867210269126184e-02
1.771598473288305442e+01 4.467780535210792020e-02
1.796653767411944003e+01 4.305342008589824881e-02
1.821765658501893270e+01 4.157093981745946243e-02
1.847053788120423334e+01 4.020465776132100405e-02
1.872257696809484173e+01 3.870367757072560450e-02
1.897394097105746269e+01 3.761176731122069933e-02
1.922542454726159988e+01 3.584203972225569190e-02
1.947607703355479103e+01 3.482180360406691988e-02
1.972678839839982601e+01 3.350688664487661006e-02
1.997802698857814363e+01 3.249960941065950515e-02
2.022863620534168660e+01 3.125321364441259464e-02
2.047969598507238231e+01 3.048935063723694910e-02
2.073250439107362553e+01 2.973504165295533588e-02
2.098435855211640089e+01 2.868023036120004657e-02
2.123502923393334640e+01 2.767346444932281338e-02
2.148629411178690773e+01 2.652145594321245886e-02
2.173831825513516591e+01 2.595317684010770357e-02
2.198972260956887226e+01 2.495523111256953488e-02
2.223974971000711420e+01 2.442446084466190145e-02
2.249141870643862973e+01 2.364618491322757407e-02
2.274404614890906373e+01 2.296830154967428872e-02
2.299521835768831579e+01 2.230032316272654788e-02
2.324620084136223852e+01 2.164184113179189531e-02
2.349757798664387209e+01 2.104293082858992026e-02
2.374870488118759937e+01 2.024378435951581373e-02
2.399988781917473091e+01 1.989046032258070737e-02
2.425071646049711305e+01 1.929578564206249278e-02
2.450187830577813841e+01 1.877946341643183317e-02
2.475391093216606109e+01 1.831406730572495214e-02
2.500524226975159792e+01 1.772754082343218698e-02
2.525610980153284402e+01 1.720563398405413821e-02
2.550801425092822328e+01 1.682651670301520824e-02
2.575943113325822864e+01 1.648413109855077427e-02
2.601074166866445125e+01 1.579080664080292559e-02
2.626234447079615464e+01 1.562347655864163194e-02
2.651347712943701751e+01 1.521818727258442833e-02
2.676474177984877656e+01 1.482335565449935562e-02
2.701628079430242479e+01 1.443788263109296345e-02
2.726734205837282232e+01 1.404905822424786302e-02
2.751837013544679422e+01 1.372094318667823123e-02
2.776937726815812724e+01 1.340285502236303328e-02
2.802070160973895341e+01 1.307579481979205885e-02
2.827249982643487058e+01 1.279289853741591605e-02
2.852407603869968966e+01 1.247895023752949688e-02
2.877567300468570721e+01 1.215184963527715482e-02
2.902733523039245256e+01 1.187395384307846601e-02
2.927861073083739996e+01 1.161660502756786326e-02
2.953003196193969160e+01 1.133972128982916119e-02
2.978106336846375157e+01 1.115630168500444247e-02
3.003148440777084716e+01 1.078474944127003586e-02
3.028303386126418673e+01 1.062393072772319091e-02
3.053456493440382857e+01 1.033539092026130798e-02
3.078585183944906944e+01 1.012466039450112855e-02
3.103757946070165730e+01 9.930085645710604730e-03
3.128931656795834826e+01 9.743769208953962854e-03
3.154125974608096428e+01 9.537208853408515874e-03
3.179158626791808828e+01 9.291515365402456747e-03
3.204196438636942190e+01 9.075970491572455529e-03
3.229344668057169798e+01 8.930001058205469869e-03
3.254489998018084407e+01 8.736480326919000144e-03
3.279660140319880668e+01 8.545865061784728087e-03
3.304772754686901237e+01 8.375846878545218505e-03
3.329949953441923327e+01 8.224979674910521885e-03
3.355173249539067371e+01 8.035287952354629518e-03
3.380235474142784824e+01 7.894241795321386632e-03
3.405292218889088218e+01 7.660045077535371227e-03
3.430455901572810262e+01 7.563326233994058928e-03
3.455605119154291316e+01 7.397445341506736841e-03
3.480708698418615654e+01 7.281875452725471848e-03
3.505823042281740243e+01 7.081729348168163719e-03
3.530983122122644602e+01 7.034589756248923673e-03
3.556111974160763367e+01 6.847297479459483853e-03
3.581195885960364933e+01 6.718120442351658943e-03
3.606348577968052638e+01 6.595911340407626874e-03
3.631495136683125935e+01 6.523975547000983137e-03
3.656646781331610185e+01 6.371805871801346742e-03
3.681800948534306173e+01 6.264709630704291994e-03
3.706942350460822411e+01 6.137918389841033606e-03
3.732119977997001570e+01 6.015926364323403476e-03
3.757249197135423202e+01 5.886841997158258170e-03
3.782324055213251057e+01 5.775037225435781379e-03
3.807430609684078604e+01 5.695763519476436214e-03
3.832526519371521090e+01 5.570410023146733260e-03
3.857704530181875668e+01 5.512270901927986827e-03
3.882896255048217427e+01 5.450914541978492747e-03
3.907976684424035341e+01 5.311756688489063447e-03
3.933085588900704010e+01 5.218209725916508022e-03
3.958184533965361140e+01 5.111880951969942181e-03
3.983320492881626507e+01 5.051670200202117329e-03
4.008506787586624398e+01 4.938716258351900749e-03
4.033569471078550350e+01 4.882390561528440406e-03
4.058701345074587863e+01 4.774610502577738419e-03
4.083916815834436420e+01 4.714970606013502152e-03
4.108978611092747713e+01 4.633388097389067734e-03
4.134119394692694271e+01 4.573266633521391906e-03
4.159372926482761557e+01 4.466741040514350322e-03
4.184480996230068683e+01 4.376078928651836245e-03
4.209495048714620680e+01 4.344798174191541809e-03
4.234568601474854432e+01 4.224661705419499071e-03
4.259794184898333214e+01 4.217321701431286755e-03
4.284922176444433717e+01 4.139820601740451522e-03
4.309982534096671003e+01 4.005955447010520025e-03
4.335153475414617930e+01 3.992004051651115194e-03
4.360374984514007224e+01 3.943460142398690256e-03
4.385432838732079830e+01 3.880803948859275383e-03
4.410529766549178277e+01 3.843800013243211730e-03
4.435675536456894008e+01 3.758977970013753500e-03
4.460756668584335927e+01 3.682455234430578091e-03
4.485812369927145937e+01 3.632633001604087218e-03
4.510933196139897206e+01 3.590533520863830718e-03
4.536097672816924131e+01 3.533727024318267414e-03
4.561261869099184452e+01 3.480080072369217802e-03
4.586346064304911607e+01 3.430504171094830163e-03
4.611435299895526185e+01 3.380584305355315532e-03
4.636610302009028572e+01 3.341693039711189812e-03
4.661726081402038346e+01 3.244827726920740223e-03
4.686748045926628237e+01 3.224399737245441967e-03
4.712001000143001761e+01 3.228820349749018243e-03
4.737334269293729960e+01 3.118047023986018126e-03
4.762357272554871912e+01 3.075851433875377572e-03
4.787295862859781437e+01 3.083414066692363471e-03
4.812686710231834297e+01 3.031459959495167149e-03
4.837988354528783930e+01 2.911599074824245282e-03
4.862698975964909209e+01 2.921952828530557759e-03
4.887931961662670233e+01 2.888750785299160160e-03
4.913512531690142282e+01 2.868334847714530678e-03
4.938486646957150583e+01 2.807509128759315842e-03
4.963073103205424985e+01 2.696456699553783677e-03
4.988316058859187763e+01 2.689182107620665015e-03
5.013927392651110893e+01 2.628110021876595061e-03
5.038898445289544270e+01 2.584656221928358782e-03
5.063791314200675941e+01 2.584089080094240185e-03
5.089234515763529032e+01 2.561799955231912687e-03
5.114529266359630810e+01 2.543453789131342076e-03
5.138952878242714206e+01 2.513002470347493883e-03
5.163945178601188246e+01 2.462654255946040722e-03
5.190206698624180603e+01 2.537536622450160383e-03
5.215590084722179398e+01 2.480494579615499448e-03
5.238680673191466042e+01 2.390672558037266939e-03
5.263532591009818873e+01 2.276023165962726916e-03
5.290823119436031874e+01 2.253939480764592142e-03
5.316882575050344428e+01 2.332708329380562932e-03
5.338513341050097694e+01 2.249900547763020696e-03
5.363212510227822349e+01 2.136810133266505742e-03
5.391615723351310407e+01 2.252230525584379868e-03
5.419187693011466678e+01 2.109776308742276809e-03
5.439722241285236493e+01 2.320177341011919747e-03
5.462806064877949552e+01 1.862481769292696635e-03
5.491241494336609463e+01 1.960258582225146880e-03
5.519421446932921782e+01 2.156325426862357696e-03
5.543046826972861396e+01 1.728470675714292209e-03
5.561137265256709128e+01 1.272647705565864646e-03
