3.559856489878782115e-01 6.109917684154088420e+02
6.031648866026231293e-01 3.031794222918048831e+02
8.579160745827347778e-01 1.079908951503043397e+02
1.113464310595710716e+00 5.279462494451652788e+01
1.374039914321364408e+00 3.212816870674073755e+01
1.619154704570298309e+00 2.014951692994386079e+01
1.870686673430271840e+00 1.585717322763296622e+01
2.123290040706380832e+00 1.057384746505952045e+01
2.378144976376236119e+00 8.058427027522743202e+00
2.630489925835516996e+00 6.077642725508401789e+00
2.878653162679494670e+00 5.018382994357878601e+00
3.131144366275339319e+00 3.842766758278003625e+00
3.388159578333816313e+00 3.329927398053720733e+00
3.638741848210948149e+00 2.801032068024941424e+00
3.888315910732085268e+00 2.361221695176140667e+00
4.139052155837465996e+00 1.935643728915437567e+00
4.390305777018236988e+00 1.691618643013828027e+00
4.642172339120373081e+00 1.528666740090881992e+00
4.894678666149941293e+00 1.289794989651485091e+00
5.147269052361176378e+00 1.130386586887403233e+00
5.398003206656323272e+00 1.008640703422613916e+00
5.647798235368590269e+00 8.824438156457999893e-01
5.900534302989873581e+00 7.957997823053493125e-01
6.151460297009074374e+00 7.224022606584743489e-01
6.402630176204441526e+00 6.428162784312566602e-01
6.655964674748322096e+00 5.910651492673635321e-01
6.908782583105771202e+00 5.320670383796664016e-01
7.159060853508338873e+00 4.888059560369475420e-01
7.409414762591408632e+00 4.323875162638636804e-01
7.659227149364629561e+00 4.096360120173421770e-01
7.911559474606142395e+00 3.789789095437430810e-01
8.163750941790897997e+00 3.458698947359858944e-01
8.415757210439384295e+00 3.179944589623635021e-01
8.667638839289207198e+00 2.987417828739273307e-01
8.918801124864609520e+00 2.771223884948487148e-01
9.170480108345369530e+00 2.540142090530075891e-01
9.420566033467249412e+00 2.368275875374377393e-01
9.671642335271435797e+00 2.209206078559826369e-01
9.923426157758477473e+00 2.100835859159227159e-01
1.017396902749181820e+01 1.943054589961275835e-01
1.042533700753922155e+01 1.835433638928055389e-01
1.067702948358784276e+01 1.706004790999462173e-01
1.092969337256462303e+01 1.601811458516271824e-01
1.118211872033766419e+01 1.489786731052578916e-01
1.143346516925797296e+01 1.436247317443583027e-01
1.168350508557724687e+01 1.337834421136372964e-01
1.193379937775929100e+01 1.273840932828780026e-01
1.218553055762879112e+01 1.198419357252293732e-01
1.243711650801278878e+01 1.135105859998621902e-01
1.268867268647359303e+01 1.092392827796993260e-01
1.294075027177769144e+01 1.033541013782149492e-01
1.319267287020158363e+01 9.846814614746400574e-02
1.344470571782862756e+01 9.428880164711114786e-02
1.369480150283709641e+01 9.019446540954284552e-02
1.394591277066507828e+01 8.503712797940368717e-02
1.419764645764527167e+01 8.040897885490694286e-02
1.444766774168416212e+01 7.722110189815624415e-02
1.469906835825429070e+01 7.371243831028449767e-02
1.495059118111036511e+01 7.006090301259253195e-02
1.520261612590052991e+01 6.722272175533035299e-02
1.545415944503929495e+01 6.447173510680180575e-02
1.570456072545780124e+01 6.129619058224967942e-02
1.595705800128773966e+01 5.922123261437402947e-02
1.620829297830731619e+01 5.686409861645089214e-02
1.645966591028190962e+01 5.409735415118691743e-02
1.671125708846596325e+01 5.251828881064955074e-02
1.696160259490052624e+01 4.989743245944397443e-02
1.721370276108077135e+01 4.827356094048988744e-02
1.746543424102250341e+01 4.622087524737813341e-02
1.771598473288305442e+01 4.518027118371628625e-02
1.796653767411944003e+01 4.328543562940296435e-02
1.821765658501893270e+01 4.171055367004307401e-02
1.847053788120423334e+01 3.983901848488870245e-02
1.872257696809484173e+01 3.823404092540181459e-02
1.897394097105746269e+01 3.766523818524968037e-02
1.922542454726159988e+01 3.585321289282148577e-02
1.947607703355479103e+01 3.493836365125962268e-02
1.972678839839982601e+01 3.362958011391031093e-02
1.997802698857814363e+01 3.239482972144755446e-02
2.022863620534168660e+01 3.149214151674063072e-02
2.047969598507238231e+01 3.031363659508709910e-02
2.073250439107362553e+01 2.942299711677718449e-02
2.098435855211640089e+01 2.851220184012328435e-02
2.123502923393334640e+01 2.745196356232026264e-02
2.148629411178690773e+01 2.648050822386571398e-02
2.173831825513516591e+01 2.572240923697555540e-02
2.198972260956887226e+01 2.523146804448717431e-02
2.223974971000711420e+01 2.442223083651604704e-02
2.249141870643862973e+01 2.374975248790318211e-02
2.274404614890906373e+01 2.273019740938769795e-02
2.299521835768831579e+01 2.208204106643800804e-02
2.324620084136223852e+01 2.152534412109690168e-02
2.349757798664387209e+01 2.100102604326062675e-02
2.374870488118759937e+01 2.042064782937088804e-02
2.399988781917473091e+01 1.979770705994181312e-02
2.425071646049711305e+01 1.925795160506477144e-02
2.450187830577813841e+01 1.874963547440085254e-02
2.475391093216606109e+01 1.820628446598955910e-02
2.500524226975159792e+01 1.775604831209189743e-02
2.525610980153284402e+01 1.727207988844511530e-02
2.550801425092822328e+01 1.673157607665216179e-02
2.575943113325822864e+01 1.639968774089323525e-02
2.601074166866445125e+01 1.591560581391477172e-02
2.626234447079615464e+01 1.559620691762409264e-02
2.651347712943701751e+01 1.519871467181608572e-02
2.676474177984877656e+01 1.485391836928842864e-02
2.701628079430242479e+01 1.445122676948909154e-02
2.726734205837282232e+01 1.408167535293004639e-02
2.751837013544679422e+01 1.378305505898729660e-02
2.776937726815812724e+01 1.334484272846248390e-02
2.802070160973895341e+01 1.309871242364076156e-02
2.827249982643487058e+01 1.280776392022824235e-02
2.852407603869968966e+01 1.240621225924356912e-02
2.877567300468570721e+01 1.221655658130629298e-02
2.902733523039245256e+01 1.192582781122307825e-02
2.927861073083739996e+01 1.162474152999035809e-02
2.953003196193969160e+01 1.133681251345246450e-02
2.978106336846375157e+01 1.122079008819986193e-02
3.003148440777084716e+01 1.089635728885614621e-02
3.028303386126418673e+01 1.056979842298988448e-02
3.053456493440382857e+01 1.033446874850587997e-02
3.078585183944906944e+01 1.019714508494541476e-02
3.103757946070165730e+01 9.928170279550049826e-03
3.128931656795834826e+01 9.716135102665786338e-03
3.154125974608096428e+01 9.475651765136051605e-03
3.179158626791808828e+01 9.334938216874128988e-03
3.204196438636942190e+01 9.136765000375687146e-03
3.229344668057169798e+01 8.919646905105351603e-03
3.254489998018084407e+01 8.746602038170873603e-03
3.279660140319880668e+01 8.562982340315486093e-03
3.304772754686901237e+01 8.369916975687365784e-03
3.329949953441923327e+01 8.191171286646590707e-03
3.355173249539067371e+01 8.022431437196438780e-03
3.380235474142784824e+01 7.867439676836578480e-03
3.405292218889088218e+01 7.718825434049353222e-03
3.430455901572810262e+01 7.564536781583336422e-03
3.455605119154291316e+01 7.361489738697459678e-03
3.480708698418615654e+01 7.282106756306643176e-03
3.505823042281740243e+01 7.127159321910410752e-03
3.530983122122644602e+01 7.012776310859588150e-03
3.556111974160763367e+01 6.860952914524122252e-03
3.581195885960364933e+01 6.753888396426985415e-03
3.606348577968052638e+01 6.601966567662192337e-03
3.631495136683125935e+01 6.474095871768522845e-03
3.656646781331610185e+01 6.339137954249124927e-03
3.681800948534306173e+01 6.248379061216459938e-03
3.706942350460822411e+01 6.132777717481456906e-03
3.732119977997001570e+01 6.030915374779818698e-03
3.757249197135423202e+01 5.903942354884693378e-03
3.782324055213251057e+01 5.800818252640792955e-03
3.807430609684078604e+01 5.719172691549781647e-03
3.832526519371521090e+01 5.607769036294734007e-03
3.857704530181875668e+01 5.518701035395022839e-03
3.882896255048217427e+01 5.414050947202642822e-03
3.907976684424035341e+01 5.320514641875133920e-03
3.933085588900704010e+01 5.209435390753840850e-03
3.958184533965361140e+01 5.135297885220788637e-03
3.983320492881626507e+01 5.052664502572619919e-03
4.008506787586624398e+01 4.969525385627920032e-03
4.033569471078550350e+01 4.861072703171315582e-03
4.058701345074587863e+01 4.755919256883768542e-03
4.083916815834436420e+01 4.697135741011258282e-03
4.108978611092747713e+01 4.642823338462002264e-03
4.134119394692694271e+01 4.562641216572748543e-03
4.159372926482761557e+01 4.473511012006630393e-03
4.184480996230068683e+01 4.409975692445984238e-03
4.209495048714620680e+01 4.308507527546025576e-03
4.234568601474854432e+01 4.266616156985939858e-03
4.259794184898333214e+01 4.215553069205867955e-03
4.284922176444433717e+01 4.175718795552938768e-03
4.309982534096671003e+01 4.039678605551905166e-03
4.335153475414617930e+01 3.999015070201470366e-03
4.360374984514007224e+01 3.954495749122832055e-03
4.385432838732079830e+01 3.853822902211031382e-03
4.410529766549178277e+01 3.826107219224266377e-03
4.435675536456894008e+01 3.756433987801408806e-03
4.460756668584335927e+01 3.676030372733357036e-03
4.485812369927145937e+01 3.628062333842207825e-03
4.510933196139897206e+01 3.578646296151340861e-03
4.536097672816924131e+01 3.546340791770187864e-03
4.561261869099184452e+01 3.512948481497823929e-03
4.586346064304911607e+01 3.453146824321809850e-03
4.611435299895526185e+01 3.344179523206466075e-03
4.636610302009028572e+01 3.289995900882981480e-03
4.661726081402038346e+01 3.283166270785396398e-03
4.686748045926628237e+01 3.219396724389472688e-03
4.712001000143001761e+01 3.203352264268464773e-03
4.737334269293729960e+01 3.144689065875205022e-03
4.762357272554871912e+01 3.078413541993941811e-03
4.787295862859781437e+01 3.022013580273402288e-03
4.812686710231834297e+01 3.044419757555779423e-03
4.837988354528783930e+01 2.919926146394270609e-03
4.862698975964909209e+01 2.928000035623870654e-03
4.887931961662670233e+01 2.914089082357618470e-03
4.913512531690142282e+01 2.830819550160008306e-03
4.938486646957150583e+01 2.768703470323245590e-03
4.963073103205424985e+01 2.814809374416720866e-03
4.988316058859187763e+01 2.670968464794153813e-03
5.013927392651110893e+01 2.781738062946590394e-03
5.038898445289544270e+01 2.657859267668155265e-03
5.063791314200675941e+01 2.653146805935785880e-03
5.089234515763529032e+01 2.524245128177414910e-03
5.114529266359630810e+01 2.557172086600702221e-03
5.138952878242714206e+01 2.572853832694229487e-03
5.163945178601188246e+01 2.467319509001599485e-03
5.190206698624180603e+01 2.420537880396232862e-03
5.215590084722179398e+01 2.421809248640900865e-03
5.238680673191466042e+01 2.392120364836459404e-03
5.263532591009818873e+01 2.384250001665992082e-03
5.290823119436031874e+01 2.262156506288495045e-03
5.316882575050344428e+01 2.266515444236053955e-03
5.338513341050097694e+01 2.314190091447335638e-03
5.363212510227822349e+01 2.208968630847828792e-03
5.391615723351310407e+01 2.251824892134718023e-03
5.419187693011466678e+01 2.316372458953559321e-03
5.439722241285236493e+01 1.857072116437516506e-03
5.462806064877949552e+01 1.931292079748757546e-03
5.491241494336609463e+01 2.146044773687876515e-03
5.519421446932921782e+01 2.220626578314449564e-03
5.543046826972861396e+01 2.421843031435455713e-03
5.561137265256709128e+01 2.741971001974635464e-03
