3.559856489878782115e-01 8.964247873268041076e+02
6.031648866026231293e-01 1.832843498146408194e+02
8.579160745827347778e-01 9.579872988216733631e+01
1.113464310595710716e+00 4.315074148893098993e+01
1.374039914321364408e+00 3.465543292617119420e+01
1.619154704570298309e+00 1.870848775991101931e+01
1.870686673430271840e+00 1.496864672384580963e+01
2.123290040706380832e+00 1.052335267928384255e+01
2.378144976376236119e+00 8.025502179215040499e+00
2.630489925835516996e+00 6.039677153824038136e+00
2.878653162679494670e+00 4.823427611014887262e+00
3.131144366275339319e+00 3.882040927138207032e+00
3.388159578333816313e+00 3.470187398143638191e+00
3.638741848210948149e+00 2.703284736963013746e+00
3.888315910732085268e+00 2.287573577678929215e+00
4.139052155837465996e+00 1.995844566431739686e+00
4.390305777018236988e+00 1.691081520529983839e+00
4.642172339120373081e+00 1.505779812458318823e+00
4.894678666149941293e+00 1.346720576416317261e+00
5.147269052361176378e+00 1.136071845008326919e+00
5.398003206656323272e+00 9.802368820346243350e-01
5.647798235368590269e+00 8.866955816608953489e-01
5.900534302989873581e+00 8.074755294577437015e-01
6.151460297009074374e+00 7.220012958951271820e-01
6.402630176204441526e+00 6.508616242905008731e-01
6.655964674748322096e+00 5.816077691375709513e-01
6.908782583105771202e+00 5.390024325597458921e-01
7.159060853508338873e+00 4.817802154084278587e-01
7.409414762591408632e+00 4.349099591429604339e-01
7.659227149364629561e+00 4.072314119295740720e-01
7.911559474606142395e+00 3.732279371222980147e-01
8.163750941790897997e+00 3.418576668813741448e-01
8.415757210439384295e+00 3.186357145576935168e-01
8.667638839289207198e+00 2.979092882950606369e-01
8.918801124864609520e+00 2.737850436350354744e-01
9.170480108345369530e+00 2.536679444120216731e-01
9.420566033467249412e+00 2.337538809662642880e-01
9.671642335271435797e+00 2.228506494755852496e-01
9.923426157758477473e+00 2.083019403693362748e-01
1.017396902749181820e+01 1.942466878230775795e-01
1.042533700753922155e+01 1.806746154872272137e-01
1.067702948358784276e+01 1.702572337313823236e-01
1.092969337256462303e+01 1.620170772013037330e-01
1.118211872033766419e+01 1.520145241627681720e-01
1.143346516925797296e+01 1.413282035747421284e-01
1.168350508557724687e+01 1.335945279283304588e-01
1.193379937775929100e+01 1.269504354080130126e-01
1.218553055762879112e+01 1.208939575754554713e-01
1.243711650801278878e+01 1.140344269423782947e-01
1.268867268647359303e+01 1.075028598451956557e-01
1.294075027177769144e+01 1.034653415461909975e-01
1.319267287020158363e+01 9.696078088298566711e-02
1.344470571782862756e+01 9.222782695845273271e-02
1.369480150283709641e+01 8.850091485068821429e-02
1.394591277066507828e+01 8.466626406641046543e-02
1.419764645764527167e+01 8.005798724792335952e-02
1.444766774168416212e+01 7.663295132615262351e-02
1.469906835825429070e+01 7.344698194927462565e-02
1.495059118111036511e+01 6.989536954908193156e-02
1.520261612590052991e+01 6.730306573198363562e-02
1.545415944503929495e+01 6.453926813318738853e-02
1.570456072545780124e+01 6.157433397717330947e-02
1.595705800128773966e+01 5.871267720390564715e-02
1.620829297830731619e+01 5.666774679332638870e-02
1.645966591028190962e+01 5.449043211507421242e-02
1.671125708846596325e+01 5.216177655217626996e-02
1.696160259490052624e+01 5.037790231909849287e-02
1.721370276108077135e+01 4.807277803022006607e-02
1.746543424102250341e+01 4.599349817275331931e-02
1.771598473288305442e+01 4.489024628284156437e-02
1.796653767411944003e+01 4.320760542275763755e-02
1.821765658501893270e+01 4.109381417967018085e-02
1.847053788120423334e+01 4.035888452706102442e-02
1.872257696809484173e+01 3.860441452829965758e-02
1.897394097105746269e+01 3.739997467960796268e-02
1.922542454726159988e+01 3.593846391743796276e-02
1.947607703355479103e+01 3.448222765356966091e-02
1.972678839839982601e+01 3.355073338096311447e-02
1.997802698857814363e+01 3.250597488381545136e-02
2.022863620534168660e+01 3.129912813036271613e-02
2.047969598507238231e+01 3.035347204514085226e-02
2.073250439107362553e+01 2.943483207941998206e-02
2.098435855211640089e+01 2.834111614705024998e-02
2.123502923393334640e+01 2.752878530087119260e-02
2.148629411178690773e+01 2.672780109892371192e-02
2.173831825513516591e+01 2.572814390479787744e-02
2.198972260956887226e+01 2.523119612402219269e-02
2.223974971000711420e+01 2.421975453969797687e-02
2.249141870643862973e+01 2.345642265123620493e-02
2.274404614890906373e+01 2.307770019815308382e-02
2.299521835768831579e+01 2.223007369333938194e-02
2.324620084136223852e+01 2.148003034383262275e-02
2.349757798664387209e+01 2.091034278224288695e-02
2.374870488118759937e+01 2.038226219022273855e-02
2.399988781917473091e+01 1.980540591626100966e-02
2.425071646049711305e+01 1.913666900295024620e-02
2.450187830577813841e+01 1.876691720953758621e-02
2.475391093216606109e+01 1.824635060598681427e-02
2.500524226975159792e+01 1.773339724407457449e-02
2.525610980153284402e+01 1.732833929177682308e-02
2.550801425092822328e+01 1.672826140755751326e-02
2.575943113325822864e+01 1.647592417576341714e-02
2.601074166866445125e+01 1.599877937310352147e-02
2.626234447079615464e+01 1.566647032667730158e-02
2.651347712943701751e+01 1.509322147936134097e-02
2.676474177984877656e+01 1.485808651173848964e-02
2.701628079430242479e+01 1.449031255532081709e-02
2.726734205837282232e+01 1.403807787285674125e-02
2.751837013544679422e+01 1.375540000392407210e-02
2.776937726815812724e+01 1.334388423292007068e-02
2.802070160973895341e+01 1.301884992012387714e-02
2.827249982643487058e+01 1.288784263638969620e-02
2.852407603869968966e+01 1.246430832497971708e-02
2.877567300468570721e+01 1.222700783945883211e-02
2.902733523039245256e+01 1.183669671577362859e-02
2.927861073083739996e+01 1.157799036104617887e-02
2.953003196193969160e+01 1.136505929342264062e-02
2.978106336846375157e+01 1.116194280456544834e-02
3.003148440777084716e+01 1.083675902404311435e-02
3.028303386126418673e+01 1.068160890428226581e-02
3.053456493440382857e+01 1.034770857922091662e-02
3.078585183944906944e+01 1.019235299689853595e-02
3.103757946070165730e+01 9.899424773144361450e-03
3.128931656795834826e+01 9.772842729338229034e-03
3.154125974608096428e+01 9.473849943817792482e-03
3.179158626791808828e+01 9.272446867351796448e-03
3.204196438636942190e+01 9.081330125974161963e-03
3.229344668057169798e+01 8.892681419226278194e-03
3.254489998018084407e+01 8.691465681945013261e-03
3.279660140319880668e+01 8.570201333533896196e-03
3.304772754686901237e+01 8.295596949701286929e-03
3.329949953441923327e+01 8.212575379633327982e-03
3.355173249539067371e+01 8.044792824864277839e-03
3.380235474142784824e+01 7.871140669144009727e-03
3.405292218889088218e+01 7.703627189594513917e-03
3.430455901572810262e+01 7.578563178746058719e-03
3.455605119154291316e+01 7.460330478254754635e-03
3.480708698418615654e+01 7.257681084707102645e-03
3.505823042281740243e+01 7.121304060068917897e-03
3.530983122122644602e+01 6.995450215706164147e-03
3.556111974160763367e+01 6.922256305364426349e-03
3.581195885960364933e+01 6.700198119203937611e-03
3.606348577968052638e+01 6.606748854005918027e-03
3.631495136683125935e+01 6.515417798019619046e-03
3.656646781331610185e+01 6.347806748641480513e-03
3.681800948534306173e+01 6.221361594175046743e-03
3.706942350460822411e+01 6.146645453538013629e-03
3.732119977997001570e+01 5.982729801348503178e-03
3.757249197135423202e+01 5.923210073590355965e-03
3.782324055213251057e+01 5.765761416217593700e-03
3.807430609684078604e+01 5.693040965037386714e-03
3.832526519371521090e+01 5.622491526032718547e-03
3.857704530181875668e+01 5.490332674442162386e-03
3.882896255048217427e+01 5.386714702274170152e-03
3.907976684424035341e+01 5.310877747603957345e-03
3.933085588900704010e+01 5.214263570168585320e-03
3.958184533965361140e+01 5.139343508545187941e-03
3.983320492881626507e+01 5.032314649026512626e-03
4.008506787586624398e+01 4.948639671264297088e-03
4.033569471078550350e+01 4.869771253244272076e-03
4.058701345074587863e+01 4.762704184626129038e-03
4.083916815834436420e+01 4.745885043135213317e-03
4.108978611092747713e+01 4.607307707198304847e-03
4.134119394692694271e+01 4.550617527413764428e-03
4.159372926482761557e+01 4.491412675691013739e-03
4.184480996230068683e+01 4.434985450512419700e-03
4.209495048714620680e+01 4.298067365681837275e-03
4.234568601474854432e+01 4.258263668306876831e-03
4.259794184898333214e+01 4.205624170423891833e-03
4.284922176444433717e+01 4.095658255629266303e-03
4.309982534096671003e+01 4.059410546280146394e-03
4.335153475414617930e+01 4.007249387479976110e-03
4.360374984514007224e+01 3.957298311404487852e-03
4.385432838732079830e+01 3.862348420684301887e-03
4.410529766549178277e+01 3.853633572366835323e-03
4.435675536456894008e+01 3.734162465287863865e-03
4.460756668584335927e+01 3.700154892727717908e-03
4.485812369927145937e+01 3.646400665390038369e-03
4.510933196139897206e+01 3.585834882112704913e-03
4.536097672816924131e+01 3.552025891309771536e-03
4.561261869099184452e+01 3.485629855778692773e-03
4.586346064304911607e+01 3.420159610793174158e-03
4.611435299895526185e+01 3.367429437362995555e-03
4.636610302009028572e+01 3.318927971673031260e-03
4.661726081402038346e+01 3.278337669905349600e-03
4.686748045926628237e+01 3.235003149541166960e-03
4.712001000143001761e+01 3.181355114564499240e-03
4.737334269293729960e+01 3.194568511114173615e-03
4.762357272554871912e+01 3.107474935108867770e-03
4.787295862859781437e+01 3.053562365179804915e-03
4.812686710231834297e+01 3.018817664749947390e-03
4.837988354528783930e+01 2.965717602036619868e-03
4.862698975964909209e+01 2.944931420162861125e-03
4.887931961662670233e+01 2.862491533251348887e-03
4.913512531690142282e+01 2.885271597119886972e-03
4.938486646957150583e+01 2.826291235300574037e-03
4.963073103205424985e+01 2.728995957146555709e-03
4.988316058859187763e+01 2.671586698747879535e-03
5.013927392651110893e+01 2.675553310323066074e-03
5.038898445289544270e+01 2.628206901752874313e-03
5.063791314200675941e+01 2.608321150503817559e-03
5.089234515763529032e+01 2.645921165254661814e-03
5.114529266359630810e+01 2.493867559855152127e-03
5.138952878242714206e+01 2.557159379051148797e-03
5.163945178601188246e+01 2.435047793446989614e-03
5.190206698624180603e+01 2.414360507128450288e-03
5.215590084722179398e+01 2.414834094383279655e-03
5.238680673191466042e+01 2.437683172487374594e-03
5.263532591009818873e+01 2.404943288133834164e-03
5.290823119436031874e+01 2.398355855546881622e-03
5.316882575050344428e+01 2.196832332994745184e-03
5.338513341050097694e+01 2.344120116230751904e-03
5.363212510227822349e+01 2.243558428185463312e-03
5.391615723351310407e+01 2.195577478671925219e-03
5.419187693011466678e+01 2.003724144425968710e-03
5.439722241285236493e+01 2.269317576198172804e-03
5.462806064877949552e+01 2.127194657691927181e-03
5.491241494336609463e+01 2.100945304067956907e-03
5.519421446932921782e+01 1.844220571458358429e-03
5.543046826972861396e+01 1.642398658769415312e-03
5.561137265256709128e+01 4.806937238011300614e-03
