3.559856489878782115e-01 7.412863026118943708e+02
6.031648866026231293e-01 2.827576668220439160e+02
8.579160745827347778e-01 8.787333902782582129e+01
1.113464310595710716e+00 4.750680546272560889e+01
1.374039914321364408e+00 3.295585120017974390e+01
1.619154704570298309e+00 1.835499976015893253e+01
1.870686673430271840e+00 1.564500345198052322e+01
2.123290040706380832e+00 1.062008040481523885e+01
2.378144976376236119e+00 7.755848136165825579e+00
2.630489925835516996e+00 6.098890298127663812e+00
2.878653162679494670e+00 4.939671544160135319e+00
3.131144366275339319e+00 3.970447906840735453e+00
3.388159578333816313e+00 3.247769796725450409e+00
3.638741848210948149e+00 2.741569212215171358e+00
3.888315910732085268e+00 2.334849947649519475e+00
4.139052155837465996e+00 1.970519681761971897e+00
4.390305777018236988e+00 1.639995441094462825e+00
4.642172339120373081e+00 1.497488576768127411e+00
4.894678666149941293e+00 1.289264153052060768e+00
5.147269052361176378e+00 1.136491596412621874e+00
5.398003206656323272e+00 1.001175082954170348e+00
5.647798235368590269e+00 9.061656969627545077e-01
5.900534302989873581e+00 8.164209649083581377e-01
6.151460297009074374e+00 7.095171357497601639e-01
6.402630176204441526e+00 6.380318277250417447e-01
6.655964674748322096e+00 5.856802782041330424e-01
6.908782583105771202e+00 5.431911936360322990e-01
7.159060853508338873e+00 4.854527195801197070e-01
7.409414762591408632e+00 4.394411627536504161e-01
7.659227149364629561e+00 4.032392246588171747e-01
7.911559474606142395e+00 3.832196297120253892e-01
8.163750941790897997e+00 3.450111818425740662e-01
8.415757210439384295e+00 3.160847159484028723e-01
8.667638839289207198e+00 2.957586308618350146e-01
8.918801124864609520e+00 2.744804330918394486e-01
9.170480108345369530e+00 2.589203356451129645e-01
9.420566033467249412e+00 2.414728196943775607e-01
9.671642335271435797e+00 2.193877629942073415e-01
9.923426157758477473e+00 2.049955623468225074e-01
1.017396902749181820e+01 1.904079844713700564e-01
1.042533700753922155e+01 1.823409610342819620e-01
1.067702948358784276e+01 1.703948413339779200e-01
1.092969337256462303e+01 1.586515164597681604e-01
1.118211872033766419e+01 1.525187155671662576e-01
1.143346516925797296e+01 1.437265678911558431e-01
1.168350508557724687e+01 1.354612066003765547e-01
1.193379937775929100e+01 1.281015557003003513e-01
1.218553055762879112e+01 1.205266861999331612e-01
1.243711650801278878e+01 1.144457483743950010e-01
1.268867268647359303e+01 1.088435467661940936e-01
1.294075027177769144e+01 1.018493791290721040e-01
1.319267287020158363e+01 9.750238625882573507e-02
1.344470571782862756e+01 9.238038597113733263e-02
1.369480150283709641e+01 8.828071994139441436e-02
1.394591277066507828e+01 8.551497219998482890e-02
1.419764645764527167e+01 8.043127953426384980e-02
1.444766774168416212e+01 7.667639019723247740e-02
1.469906835825429070e+01 7.374647205291352814e-02
1.495059118111036511e+01 7.054840055896224871e-02
1.520261612590052991e+01 6.743320100304624198e-02
1.545415944503929495e+01 6.409211535730799381e-02
1.570456072545780124e+01 6.205473556934371776e-02
1.595705800128773966e+01 5.896350808927188630e-02
1.620829297830731619e+01 5.617872930348968841e-02
1.645966591028190962e+01 5.397463776485911247e-02
1.671125708846596325e+01 5.260699201158882538e-02
1.696160259490052624e+01 4.996642580359730856e-02
1.721370276108077135e+01 4.846524280221869291e-02
1.746543424102250341e+01 4.652332990833746990e-02
1.771598473288305442e+01 4.480084056185972691e-02
1.796653767411944003e+01 4.298141438795473335e-02
1.821765658501893270e+01 4.142302952514886200e-02
1.847053788120423334e+01 4.021357818016165625e-02
1.872257696809484173e+01 3.875265153356977771e-02
1.897394097105746269e+01 3.737668607972565588e-02
1.922542454726159988e+01 3.576197299521050726e-02
1.947607703355479103e+01 3.459344159307764510e-02
1.972678839839982601e+01 3.388390735463084336e-02
1.997802698857814363e+01 3.234730713789992634e-02
2.022863620534168660e+01 3.145114258661849821e-02
2.047969598507238231e+01 3.025113761276720242e-02
2.073250439107362553e+01 2.923309704819460064e-02
2.098435855211640089e+01 2.853642295233077206e-02
2.123502923393334640e+01 2.742653265114055813e-02
2.148629411178690773e+01 2.644693071935529799e-02
2.173831825513516591e+01 2.572100220030786033e-02
2.198972260956887226e+01 2.511885420664726129e-02
2.223974971000711420e+01 2.440391797080531874e-02
2.249141870643862973e+01 2.382277568145955288e-02
2.274404614890906373e+01 2.293433641763144293e-02
2.299521835768831579e+01 2.209385845318685704e-02
2.324620084136223852e+01 2.173658326179846514e-02
2.349757798664387209e+01 2.099417788277902278e-02
2.374870488118759937e+01 2.041791279309733073e-02
2.399988781917473091e+01 1.991392157048415060e-02
2.425071646049711305e+01 1.921665768666298499e-02
2.450187830577813841e+01 1.881740170062431994e-02
2.475391093216606109e+01 1.817721490497034229e-02
2.500524226975159792e+01 1.771369513635561235e-02
2.525610980153284402e+01 1.724875647533538614e-02
2.550801425092822328e+01 1.691664308503874545e-02
2.575943113325822864e+01 1.640074659787502109e-02
2.601074166866445125e+01 1.598034684885093690e-02
2.626234447079615464e+01 1.557063724708169193e-02
2.651347712943701751e+01 1.509304501726799023e-02
2.676474177984877656e+01 1.481850958963931361e-02
2.701628079430242479e+01 1.433751242376982496e-02
2.726734205837282232e+01 1.403362450401873796e-02
2.751837013544679422e+01 1.365856183709450097e-02
2.776937726815812724e+01 1.347416378863207018e-02
2.802070160973895341e+01 1.310989363285279194e-02
2.827249982643487058e+01 1.277432650828455064e-02
2.852407603869968966e+01 1.242608073829989425e-02
2.877567300468570721e+01 1.215639017181792056e-02
2.902733523039245256e+01 1.184846972126405405e-02
2.927861073083739996e+01 1.158389748643076471e-02
2.953003196193969160e+01 1.139726449896041882e-02
2.978106336846375157e+01 1.104584805321144267e-02
3.003148440777084716e+01 1.088010878973083746e-02
3.028303386126418673e+01 1.062113366426828756e-02
3.053456493440382857e+01 1.035104910310408015e-02
3.078585183944906944e+01 1.009327632225404114e-02
3.103757946070165730e+01 9.963772093970179808e-03
3.128931656795834826e+01 9.706515140629546831e-03
3.154125974608096428e+01 9.507172922743235485e-03
3.179158626791808828e+01 9.293382839847350724e-03
3.204196438636942190e+01 9.116285864335620451e-03
3.229344668057169798e+01 8.913671038571055819e-03
3.254489998018084407e+01 8.730147616257073750e-03
3.279660140319880668e+01 8.576004439250523026e-03
3.304772754686901237e+01 8.334152026442121983e-03
3.329949953441923327e+01 8.189027443749418919e-03
3.355173249539067371e+01 7.989450893388205799e-03
3.380235474142784824e+01 7.914260988971017277e-03
3.405292218889088218e+01 7.736828762137252027e-03
3.430455901572810262e+01 7.535024101279584087e-03
3.455605119154291316e+01 7.404140824503992017e-03
3.480708698418615654e+01 7.261329990442408171e-03
3.505823042281740243e+01 7.097456374460154975e-03
3.530983122122644602e+01 7.001773998687392531e-03
3.556111974160763367e+01 6.869276941307247974e-03
3.581195885960364933e+01 6.722328094590115759e-03
3.606348577968052638e+01 6.582328921427746740e-03
3.631495136683125935e+01 6.488649977938520073e-03
3.656646781331610185e+01 6.408869302394955628e-03
3.681800948534306173e+01 6.269070937882847624e-03
3.706942350460822411e+01 6.139736342467339014e-03
3.732119977997001570e+01 6.055144524457599896e-03
3.757249197135423202e+01 5.893507905981934525e-03
3.782324055213251057e+01 5.784384577356493397e-03
3.807430609684078604e+01 5.687994569203371105e-03
3.832526519371521090e+01 5.614534839160425193e-03
3.857704530181875668e+01 5.496262739274888724e-03
3.882896255048217427e+01 5.436618188455503639e-03
3.907976684424035341e+01 5.289915372264879581e-03
3.933085588900704010e+01 5.212896843509393259e-03
3.958184533965361140e+01 5.124466738484220220e-03
3.983320492881626507e+01 5.032780631173741463e-03
4.008506787586624398e+01 4.956095541076477665e-03
4.033569471078550350e+01 4.846224090845867825e-03
4.058701345074587863e+01 4.829782539145048396e-03
4.083916815834436420e+01 4.696809275026655670e-03
4.108978611092747713e+01 4.632033669809197500e-03
4.134119394692694271e+01 4.569498795840392681e-03
4.159372926482761557e+01 4.483851621382446868e-03
4.184480996230068683e+01 4.432243995731131869e-03
4.209495048714620680e+01 4.318235926985453804e-03
4.234568601474854432e+01 4.251760122055823175e-03
4.259794184898333214e+01 4.203673331670760085e-03
4.284922176444433717e+01 4.108432335546417444e-03
4.309982534096671003e+01 4.078426941522264246e-03
4.335153475414617930e+01 3.986952992939839929e-03
4.360374984514007224e+01 3.961910576406860521e-03
4.385432838732079830e+01 3.892508717096622353e-03
4.410529766549178277e+01 3.801196863830413625e-03
4.435675536456894008e+01 3.763773744600991747e-03
4.460756668584335927e+01 3.680500950071078844e-03
4.485812369927145937e+01 3.639650416247535488e-03
4.510933196139897206e+01 3.576329727945096182e-03
4.536097672816924131e+01 3.513681918493350223e-03
4.561261869099184452e+01 3.447580503353355960e-03
4.586346064304911607e+01 3.440263946744588370e-03
4.611435299895526185e+01 3.349044717713733302e-03
4.636610302009028572e+01 3.340500019740609908e-03
4.661726081402038346e+01 3.286167277025528379e-03
4.686748045926628237e+01 3.233943537663401188e-03
4.712001000143001761e+01 3.184187381553617909e-03
4.737334269293729960e+01 3.151834676594747735e-03
4.762357272554871912e+01 3.062414253695646370e-03
4.787295862859781437e+01 3.019042954612278975e-03
4.812686710231834297e+01 3.022336992417643756e-03
4.837988354528783930e+01 2.993170692426772028e-03
4.862698975964909209e+01 2.919393083226823598e-03
4.887931961662670233e+01 2.885178268929042625e-03
4.913512531690142282e+01 2.807340327311372633e-03
4.938486646957150583e+01 2.822654478310674449e-03
4.963073103205424985e+01 2.784542715072178213e-03
4.988316058859187763e+01 2.744333455526012586e-03
5.013927392651110893e+01 2.663068659091137342e-03
5.038898445289544270e+01 2.615464608157658417e-03
5.063791314200675941e+01 2.669378699402836889e-03
5.089234515763529032e+01 2.542633675932471325e-03
5.114529266359630810e+01 2.515690231526751443e-03
5.138952878242714206e+01 2.462312344827974255e-03
5.163945178601188246e+01 2.486716723971216236e-03
5.190206698624180603e+01 2.464988934097522844e-03
5.215590084722179398e+01 2.422422565072739065e-03
5.238680673191466042e+01 2.324251863795756112e-03
5.263532591009818873e+01 2.398846441548854822e-03
5.290823119436031874e+01 2.200753639133720945e-03
5.316882575050344428e+01 2.409414263228538706e-03
5.338513341050097694e+01 2.312114483897737081e-03
5.363212510227822349e+01 2.136430063642879521e-03
5.391615723351310407e+01 2.058684076247031119e-03
5.419187693011466678e+01 2.175973642246477671e-03
5.439722241285236493e+01 2.412768197677299040e-03
5.462806064877949552e+01 2.048831359595805913e-03
5.491241494336609463e+01 1.931569783666198942e-03
5.519421446932921782e+01 2.421135983332573828e-03
5.543046826972861396e+01 1.519271519537615609e-03
5.561137265256709128e+01 1.962448035794979711e-03
