3.559856489878782115e-01 4.540829326106263011e+02
6.031648866026231293e-01 1.880960826918265809e+02
8.579160745827347778e-01 7.989461237735147847e+01
1.113464310595710716e+00 4.628595295946180954e+01
1.374039914321364408e+00 2.945713295984803892e+01
1.619154704570298309e+00 2.212820069428959613e+01
1.870686673430271840e+00 1.513686446583604273e+01
2.123290040706380832e+00 1.156500699753770611e+01
2.378144976376236119e+00 8.149144731154867927e+00
2.630489925835516996e+00 6.094185169501764143e+00
2.878653162679494670e+00 4.839727601129625967e+00
3.131144366275339319e+00 3.793280492219509359e+00
3.388159578333816313e+00 3.241312331956784920e+00
3.638741848210948149e+00 2.768933037877745029e+00
3.888315910732085268e+00 2.336762997400676056e+00
4.139052155837465996e+00 1.900964551413336867e+00
4.390305777018236988e+00 1.635099341028327435e+00
4.642172339120373081e+00 1.494672041387601569e+00
4.894678666149941293e+00 1.301734605387612209e+00
5.147269052361176378e+00 1.171422936625612143e+00
5.398003206656323272e+00 9.861747312526026876e-01
5.647798235368590269e+00 9.080912920824701917e-01
5.900534302989873581e+00 8.091249248834924135e-01
6.151460297009074374e+00 7.393226920322282236e-01
6.402630176204441526e+00 6.340206923572816455e-01
6.655964674748322096e+00 5.935610264556504534e-01
6.908782583105771202e+00 5.320099899002219690e-01
7.159060853508338873e+00 4.719830688871555768e-01
7.409414762591408632e+00 4.402811070503648838e-01
7.659227149364629561e+00 4.107972067609704792e-01
7.911559474606142395e+00 3.739846131993805889e-01
8.163750941790897997e+00 3.409225950494889634e-01
8.415757210439384295e+00 3.169470599515739062e-01
8.667638839289207198e+00 2.973846383015131267e-01
8.918801124864609520e+00 2.751758182636787620e-01
9.170480108345369530e+00 2.570591980955259093e-01
9.420566033467249412e+00 2.367010158204317372e-01
9.671642335271435797e+00 2.209984856711781076e-01
9.923426157758477473e+00 2.033748605370328533e-01
1.017396902749181820e+01 1.911775331165743719e-01
1.042533700753922155e+01 1.784267405269485407e-01
1.067702948358784276e+01 1.711213283043961086e-01
1.092969337256462303e+01 1.618555023447361962e-01
1.118211872033766419e+01 1.519311174589563218e-01
1.143346516925797296e+01 1.429518813983661762e-01
1.168350508557724687e+01 1.377132139951249001e-01
1.193379937775929100e+01 1.267718576339587622e-01
1.218553055762879112e+01 1.209663480202888136e-01
1.243711650801278878e+01 1.140591389154475416e-01
1.268867268647359303e+01 1.069417174563556117e-01
1.294075027177769144e+01 1.025691936134859594e-01
1.319267287020158363e+01 9.732319069716111049e-02
1.344470571782862756e+01 9.331161172742720444e-02
1.369480150283709641e+01 8.766312786304862603e-02
1.394591277066507828e+01 8.343689800168870019e-02
1.419764645764527167e+01 8.132956230628542171e-02
1.444766774168416212e+01 7.646542509187390091e-02
1.469906835825429070e+01 7.348408091641792095e-02
1.495059118111036511e+01 7.007621760786113263e-02
1.520261612590052991e+01 6.671979687880573440e-02
1.545415944503929495e+01 6.281773518298480741e-02
1.570456072545780124e+01 6.142874205327919501e-02
1.595705800128773966e+01 5.881018855506463944e-02
1.620829297830731619e+01 5.697678865151941524e-02
1.645966591028190962e+01 5.388716918620164303e-02
1.671125708846596325e+01 5.169503488420957443e-02
1.696160259490052624e+01 5.015028914512377478e-02
1.721370276108077135e+01 4.822089174856353938e-02
1.746543424102250341e+01 4.644861260181190610e-02
1.771598473288305442e+01 4.429504160513191013e-02
1.796653767411944003e+01 4.334765427036021967e-02
1.821765658501893270e+01 4.137340389852812994e-02
1.847053788120423334e+01 4.002681087553314199e-02
1.872257696809484173e+01 3.866344008571282603e-02
1.897394097105746269e+01 3.718695482330585528e-02
1.922542454726159988e+01 3.590732604213336954e-02
1.947607703355479103e+01 3.452942282275152375e-02
1.972678839839982601e+01 3.330416140670183767e-02
1.997802698857814363e+01 3.210001128163776640e-02
2.022863620534168660e+01 3.164986942359208216e-02
2.047969598507238231e+01 3.017987059169079112e-02
2.073250439107362553e+01 2.932611809211545933e-02
2.098435855211640089e+01 2.847589980032511070e-02
2.123502923393334640e+01 2.740736083190416575e-02
2.148629411178690773e+01 2.652710023191385061e-02
2.173831825513516591e+01 2.589635453815740049e-02
2.198972260956887226e+01 2.504916399174863736e-02
2.223974971000711420e+01 2.412164964578152049e-02
2.249141870643862973e+01 2.357148883775305598e-02
2.274404614890906373e+01 2.294290084052255999e-02
2.299521835768831579e+01 2.230093502645171671e-02
2.324620084136223852e+01 2.148233934192756572e-02
2.349757798664387209e+01 2.102095458826868518e-02
2.374870488118759937e+01 2.046655116090987520e-02
2.399988781917473091e+01 1.975335378815207613e-02
2.425071646049711305e+01 1.931227004171334055e-02
2.450187830577813841e+01 1.869820982397819159e-02
2.475391093216606109e+01 1.824605668335315539e-02
2.500524226975159792e+01 1.783863605729784849e-02
2.525610980153284402e+01 1.723857616529838460e-02
2.550801425092822328e+01 1.684657949962154594e-02
2.575943113325822864e+01 1.651462837422199709e-02
2.601074166866445125e+01 1.595322536141346656e-02
2.626234447079615464e+01 1.547381196007723177e-02
2.651347712943701751e+01 1.521763595354760565e-02
2.676474177984877656e+01 1.485953546609399857e-02
2.701628079430242479e+01 1.448427079817487563e-02
2.726734205837282232e+01 1.412726403582769373e-02
2.751837013544679422e+01 1.368397376271859693e-02
2.776937726815812724e+01 1.335400769859233783e-02
2.802070160973895341e+01 1.307227079408354586e-02
2.827249982643487058e+01 1.280105556270151254e-02
2.852407603869968966e+01 1.242833050954432993e-02
2.877567300468570721e+01 1.220068490975351368e-02
2.902733523039245256e+01 1.190600797030556823e-02
2.927861073083739996e+01 1.162144353712814791e-02
2.953003196193969160e+01 1.139159231396163867e-02
2.978106336846375157e+01 1.114638455622192666e-02
3.003148440777084716e+01 1.085270886856099133e-02
3.028303386126418673e+01 1.053265772000950944e-02
3.053456493440382857e+01 1.029461802529480288e-02
3.078585183944906944e+01 1.011409692460883865e-02
3.103757946070165730e+01 9.957302319959077802e-03
3.128931656795834826e+01 9.679920746844589488e-03
3.154125974608096428e+01 9.500098318096511160e-03
3.179158626791808828e+01 9.298823986672026531e-03
3.204196438636942190e+01 9.100507133014721500e-03
3.229344668057169798e+01 8.933038324985181911e-03
3.254489998018084407e+01 8.735225313684332957e-03
3.279660140319880668e+01 8.535713707581505869e-03
3.304772754686901237e+01 8.366826770550362183e-03
3.329949953441923327e+01 8.180747580678717282e-03
3.355173249539067371e+01 8.033405592972893416e-03
3.380235474142784824e+01 7.851075821639515867e-03
3.405292218889088218e+01 7.708802253250127308e-03
3.430455901572810262e+01 7.559827733415401194e-03
3.455605119154291316e+01 7.425737677366438944e-03
3.480708698418615654e+01 7.337585183007941901e-03
3.505823042281740243e+01 7.109901179617556140e-03
3.530983122122644602e+01 7.000040498810412154e-03
3.556111974160763367e+01 6.867786793524360660e-03
3.581195885960364933e+01 6.746797075941633748e-03
3.606348577968052638e+01 6.619801838875646709e-03
3.631495136683125935e+01 6.489013754416577025e-03
3.656646781331610185e+01 6.333243125301743492e-03
3.681800948534306173e+01 6.246923403987711919e-03
3.706942350460822411e+01 6.150189908322493959e-03
3.732119977997001570e+01 5.995055199557117361e-03
3.757249197135423202e+01 5.916264819480423695e-03
3.782324055213251057e+01 5.804955254417103368e-03
3.807430609684078604e+01 5.710825136646243902e-03
3.832526519371521090e+01 5.573475297038131548e-03
3.857704530181875668e+01 5.499549651912852104e-03
3.882896255048217427e+01 5.364148659705645153e-03
3.907976684424035341e+01 5.332589445127877692e-03
3.933085588900704010e+01 5.213491117813746391e-03
3.958184533965361140e+01 5.141194986378522236e-03
3.983320492881626507e+01 5.045294970762681692e-03
4.008506787586624398e+01 4.971128785546038813e-03
4.033569471078550350e+01 4.877461012807427464e-03
4.058701345074587863e+01 4.798109720311334071e-03
4.083916815834436420e+01 4.731991864457519952e-03
4.108978611092747713e+01 4.634901039419592889e-03
4.134119394692694271e+01 4.538925632464391700e-03
4.159372926482761557e+01 4.469243712035397137e-03
4.184480996230068683e+01 4.398582237331603861e-03
4.209495048714620680e+01 4.356551295328065995e-03
4.234568601474854432e+01 4.298684490491176853e-03
4.259794184898333214e+01 4.230816875547753313e-03
4.284922176444433717e+01 4.120999123269395749e-03
4.309982534096671003e+01 4.064374771491334297e-03
4.335153475414617930e+01 4.022234770353294575e-03
4.360374984514007224e+01 3.961687020034598307e-03
4.385432838732079830e+01 3.855908911893114310e-03
4.410529766549178277e+01 3.828173827778024764e-03
4.435675536456894008e+01 3.781482643398123480e-03
4.460756668584335927e+01 3.677078935305752409e-03
4.485812369927145937e+01 3.646263528210840800e-03
4.510933196139897206e+01 3.603444804628914630e-03
4.536097672816924131e+01 3.500976539604458166e-03
4.561261869099184452e+01 3.463898340946175349e-03
4.586346064304911607e+01 3.439148514706871686e-03
4.611435299895526185e+01 3.366569706883630001e-03
4.636610302009028572e+01 3.313596323723256350e-03
4.661726081402038346e+01 3.268010356588829223e-03
4.686748045926628237e+01 3.217130971372005304e-03
4.712001000143001761e+01 3.181884910284387639e-03
4.737334269293729960e+01 3.181687866806945982e-03
4.762357272554871912e+01 3.098040494764783652e-03
4.787295862859781437e+01 3.079309142832492487e-03
4.812686710231834297e+01 2.987678433157078470e-03
4.837988354528783930e+01 2.940916713440901425e-03
4.862698975964909209e+01 2.958807715330771543e-03
4.887931961662670233e+01 2.903006306978150441e-03
4.913512531690142282e+01 2.840689188068561133e-03
4.938486646957150583e+01 2.801120751875941974e-03
4.963073103205424985e+01 2.761787393297301767e-03
4.988316058859187763e+01 2.711938940001164255e-03
5.013927392651110893e+01 2.660002018868559779e-03
5.038898445289544270e+01 2.646190804242193762e-03
5.063791314200675941e+01 2.609362030400289544e-03
5.089234515763529032e+01 2.546044756585180268e-03
5.114529266359630810e+01 2.566644402832032792e-03
5.138952878242714206e+01 2.440161929215345447e-03
5.163945178601188246e+01 2.423146493591475572e-03
5.190206698624180603e+01 2.483077140543242609e-03
5.215590084722179398e+01 2.407392773957297942e-03
5.238680673191466042e+01 2.411182543957253802e-03
5.263532591009818873e+01 2.397225189997875296e-03
5.290823119436031874e+01 2.400420241435605780e-03
5.316882575050344428e+01 2.377412169578082234e-03
5.338513341050097694e+01 2.422916356971280879e-03
5.363212510227822349e+01 2.250988456073763598e-03
5.391615723351310407e+01 2.157703595994522362e-03
5.419187693011466678e+01 2.145822654431380101e-03
5.439722241285236493e+01 2.051084376114771166e-03
5.462806064877949552e+01 2.118855125814546065e-03
5.491241494336609463e+01 2.549330401105515814e-03
5.519421446932921782e+01 2.083831983375376319e-03
5.543046826972861396e+01 3.978328895309252676e-03
5.561137265256709128e+01 9.141751570716785073e-04
