3.559856489878782115e-01 4.586053958086239390e+02
6.031648866026231293e-01 1.792839375289708812e+02
8.579160745827347778e-01 8.744898168664153104e+01
1.113464310595710716e+00 5.058773438325805216e+01
1.374039914321364408e+00 3.118993961766022949e+01
1.619154704570298309e+00 2.217211119329222058e+01
1.870686673430271840e+00 1.396423934928323796e+01
2.123290040706380832e+00 1.022898651399405878e+01
2.378144976376236119e+00 8.347609764299889434e+00
2.630489925835516996e+00 6.648107497596411619e+00
2.878653162679494670e+00 4.787065411573004248e+00
3.131144366275339319e+00 3.943669274706396166e+00
3.388159578333816313e+00 3.276701457463200295e+00
3.638741848210948149e+00 2.720906999278918992e+00
3.888315910732085268e+00 2.403113685839160407e+00
4.139052155837465996e+00 2.017773229078480668e+00
4.390305777018236988e+00 1.676633577241912754e+00
4.642172339120373081e+00 1.471221586965262507e+00
4.894678666149941293e+00 1.261393138324815588e+00
5.147269052361176378e+00 1.097686764037841378e+00
5.398003206656323272e+00 9.632696119109531718e-01
5.647798235368590269e+00 9.094725350337600212e-01
5.900534302989873581e+00 7.930737564058414346e-01
6.151460297009074374e+00 7.364565740564090746e-01
6.402630176204441526e+00 6.723168409123914113e-01
6.655964674748322096e+00 5.802136180862181858e-01
6.908782583105771202e+00 5.339696809524826504e-01
7.159060853508338873e+00 4.904947582090342095e-01
7.409414762591408632e+00 4.435807356905396848e-01
7.659227149364629561e+00 4.031223857732709748e-01
7.911559474606142395e+00 3.769329608463569681e-01
8.163750941790897997e+00 3.437131935411060768e-01
8.415757210439384295e+00 3.235039951660074187e-01
8.667638839289207198e+00 2.952601626822458636e-01
8.918801124864609520e+00 2.694677759406432505e-01
9.170480108345369530e+00 2.530385627183331931e-01
9.420566033467249412e+00 2.369570219671392752e-01
9.671642335271435797e+00 2.273939758986556203e-01
9.923426157758477473e+00 2.086766633442146968e-01
1.017396902749181820e+01 1.923732117407361553e-01
1.042533700753922155e+01 1.816047599438136428e-01
1.067702948358784276e+01 1.703768693870517104e-01
1.092969337256462303e+01 1.597447133855923185e-01
1.118211872033766419e+01 1.490704378178166201e-01
1.143346516925797296e+01 1.426756180980650046e-01
1.168350508557724687e+01 1.354408388145182940e-01
1.193379937775929100e+01 1.253935716418616009e-01
1.218553055762879112e+01 1.184374327539362837e-01
1.243711650801278878e+01 1.143302844148697678e-01
1.268867268647359303e+01 1.090242839749148152e-01
1.294075027177769144e+01 1.024252435542779283e-01
1.319267287020158363e+01 9.645594251863376378e-02
1.344470571782862756e+01 9.353493683487269783e-02
1.369480150283709641e+01 8.896115543507700230e-02
1.394591277066507828e+01 8.476497114989305082e-02
1.419764645764527167e+01 8.043399788801744443e-02
1.444766774168416212e+01 7.674393744606039514e-02
1.469906835825429070e+01 7.258183425164689562e-02
1.495059118111036511e+01 7.013923792898967002e-02
1.520261612590052991e+01 6.732957655266352814e-02
1.545415944503929495e+01 6.428095959152606287e-02
1.570456072545780124e+01 6.124609314739124649e-02
1.595705800128773966e+01 5.877200346863913072e-02
1.620829297830731619e+01 5.673058699825145323e-02
1.645966591028190962e+01 5.399077815665587199e-02
1.671125708846596325e+01 5.263332415671563569e-02
1.696160259490052624e+01 4.926189346396648433e-02
1.721370276108077135e+01 4.875545995028490731e-02
1.746543424102250341e+01 4.684371361791502680e-02
1.771598473288305442e+01 4.493429749147632296e-02
1.796653767411944003e+01 4.246793021242820793e-02
1.821765658501893270e+01 4.159178567100073332e-02
1.847053788120423334e+01 4.001729468842129406e-02
1.872257696809484173e+01 3.857129285599842500e-02
1.897394097105746269e+01 3.687803630472487326e-02
1.922542454726159988e+01 3.596779608826538438e-02
1.947607703355479103e+01 3.484280987311642874e-02
1.972678839839982601e+01 3.353385532206895614e-02
1.997802698857814363e+01 3.241586994859554233e-02
2.022863620534168660e+01 3.158259152300216949e-02
2.047969598507238231e+01 3.038654055214464605e-02
2.073250439107362553e+01 2.945018008610063298e-02
2.098435855211640089e+01 2.835479996713154496e-02
2.123502923393334640e+01 2.755910953932787927e-02
2.148629411178690773e+01 2.660903917312481756e-02
2.173831825513516591e+01 2.584042022424225954e-02
2.198972260956887226e+01 2.474575195390744595e-02
2.223974971000711420e+01 2.422642577397707622e-02
2.249141870643862973e+01 2.377369733464933590e-02
2.274404614890906373e+01 2.314389063486996592e-02
2.299521835768831579e+01 2.225875046535939067e-02
2.324620084136223852e+01 2.158802836065143796e-02
2.349757798664387209e+01 2.112995637168300564e-02
2.374870488118759937e+01 2.046213016353324796e-02
2.399988781917473091e+01 1.982459765275677160e-02
2.425071646049711305e+01 1.924928212778676678e-02
2.450187830577813841e+01 1.886364152648757966e-02
2.475391093216606109e+01 1.833130691835367296e-02
2.500524226975159792e+01 1.760241251129136472e-02
2.525610980153284402e+01 1.741754451080749014e-02
2.550801425092822328e+01 1.687124000150523259e-02
2.575943113325822864e+01 1.640519442722171775e-02
2.601074166866445125e+01 1.595076341482163859e-02
2.626234447079615464e+01 1.551579023317384114e-02
2.651347712943701751e+01 1.516647796603441331e-02
2.676474177984877656e+01 1.475861776043334989e-02
2.701628079430242479e+01 1.441498449713976039e-02
2.726734205837282232e+01 1.409543760865203214e-02
2.751837013544679422e+01 1.372371501952699378e-02
2.776937726815812724e+01 1.328366683374247390e-02
2.802070160973895341e+01 1.319200608289839392e-02
2.827249982643487058e+01 1.274491355350445589e-02
2.852407603869968966e+01 1.248050203237419456e-02
2.877567300468570721e+01 1.223114225421911838e-02
2.902733523039245256e+01 1.196112633664746412e-02
2.927861073083739996e+01 1.157530184230794700e-02
2.953003196193969160e+01 1.133341583435084655e-02
2.978106336846375157e+01 1.112767785854275673e-02
3.003148440777084716e+01 1.084888490528798134e-02
3.028303386126418673e+01 1.061186027293552388e-02
3.053456493440382857e+01 1.031802971571559382e-02
3.078585183944906944e+01 1.012010753496155047e-02
3.103757946070165730e+01 9.931933919843113565e-03
3.128931656795834826e+01 9.692026938976876574e-03
3.154125974608096428e+01 9.497308157258854688e-03
3.179158626791808828e+01 9.285382810600950956e-03
3.204196438636942190e+01 9.106405292057855039e-03
3.229344668057169798e+01 8.977137347917493043e-03
3.254489998018084407e+01 8.725046050103747730e-03
3.279660140319880668e+01 8.567200230091914781e-03
3.304772754686901237e+01 8.359605885228767880e-03
3.329949953441923327e+01 8.188761196603883477e-03
3.355173249539067371e+01 8.023660959121488995e-03
3.380235474142784824e+01 7.913506168096627602e-03
3.405292218889088218e+01 7.716396392492105155e-03
3.430455901572810262e+01 7.562241292800669056e-03
3.455605119154291316e+01 7.471100440343347339e-03
3.480708698418615654e+01 7.297444980746400911e-03
3.505823042281740243e+01 7.083237120854527814e-03
3.530983122122644602e+01 6.944756998262989478e-03
3.556111974160763367e+01 6.861680338959581099e-03
3.581195885960364933e+01 6.715336156730449500e-03
3.606348577968052638e+01 6.635128681661434449e-03
3.631495136683125935e+01 6.506939835740528644e-03
3.656646781331610185e+01 6.361207860954208766e-03
3.681800948534306173e+01 6.245226192225007168e-03
3.706942350460822411e+01 6.136755314908291098e-03
3.732119977997001570e+01 6.002735180230599037e-03
3.757249197135423202e+01 5.911591135879044022e-03
3.782324055213251057e+01 5.788803163700040853e-03
3.807430609684078604e+01 5.688532836438097220e-03
3.832526519371521090e+01 5.612860322390713849e-03
3.857704530181875668e+01 5.506079128803706077e-03
3.882896255048217427e+01 5.395926875653268319e-03
3.907976684424035341e+01 5.240326519987384760e-03
3.933085588900704010e+01 5.221369521706670062e-03
3.958184533965361140e+01 5.129057653098585863e-03
3.983320492881626507e+01 5.040486894529389202e-03
4.008506787586624398e+01 4.928857945312704880e-03
4.033569471078550350e+01 4.850545216031230608e-03
4.058701345074587863e+01 4.796308674614954172e-03
4.083916815834436420e+01 4.712710239913928296e-03
4.108978611092747713e+01 4.625438457087589945e-03
4.134119394692694271e+01 4.539319547983362672e-03
4.159372926482761557e+01 4.495979575662080278e-03
4.184480996230068683e+01 4.406350737118661098e-03
4.209495048714620680e+01 4.328156946856817448e-03
4.234568601474854432e+01 4.252912619237553780e-03
4.259794184898333214e+01 4.213450366747681364e-03
4.284922176444433717e+01 4.128412787294020482e-03
4.309982534096671003e+01 4.061504224158806603e-03
4.335153475414617930e+01 3.974691707388362111e-03
4.360374984514007224e+01 3.923979119140531824e-03
4.385432838732079830e+01 3.891159474927631447e-03
4.410529766549178277e+01 3.817575530805543751e-03
4.435675536456894008e+01 3.743993040321950353e-03
4.460756668584335927e+01 3.678087188922990122e-03
4.485812369927145937e+01 3.654786168315301079e-03
4.510933196139897206e+01 3.547541210690570435e-03
4.536097672816924131e+01 3.538605668894794377e-03
4.561261869099184452e+01 3.475765068165213943e-03
4.586346064304911607e+01 3.456045447917937587e-03
4.611435299895526185e+01 3.362331632311663619e-03
4.636610302009028572e+01 3.335199709464441251e-03
4.661726081402038346e+01 3.269054846874628120e-03
4.686748045926628237e+01 3.200632852187225864e-03
4.712001000143001761e+01 3.151167321610076101e-03
4.737334269293729960e+01 3.166405264691822020e-03
4.762357272554871912e+01 3.103958428522684762e-03
4.787295862859781437e+01 3.038145449881727699e-03
4.812686710231834297e+01 3.038991880657610639e-03
4.837988354528783930e+01 2.950103840883397995e-03
4.862698975964909209e+01 2.937841030487828471e-03
4.887931961662670233e+01 2.840525484546622438e-03
4.913512531690142282e+01 2.818452895100696624e-03
4.938486646957150583e+01 2.788666463452013720e-03
4.963073103205424985e+01 2.751586921718351692e-03
4.988316058859187763e+01 2.736256314091019531e-03
5.013927392651110893e+01 2.658452738744131356e-03
5.038898445289544270e+01 2.704638536414740412e-03
5.063791314200675941e+01 2.688709467844488474e-03
5.089234515763529032e+01 2.543192130230309718e-03
5.114529266359630810e+01 2.526494949066050797e-03
5.138952878242714206e+01 2.435438362310928060e-03
5.163945178601188246e+01 2.474145795425707148e-03
5.190206698624180603e+01 2.500978522491003209e-03
5.215590084722179398e+01 2.418573230865629382e-03
5.238680673191466042e+01 2.379699967877296415e-03
5.263532591009818873e+01 2.407535395460123559e-03
5.290823119436031874e+01 2.329574683574810959e-03
5.316882575050344428e+01 2.319351768611058792e-03
5.338513341050097694e+01 2.378557906811456547e-03
5.363212510227822349e+01 2.169499145468257745e-03
5.391615723351310407e+01 2.244697284361807463e-03
5.419187693011466678e+01 2.441424232336753767e-03
5.439722241285236493e+01 2.132181407745344353e-03
5.462806064877949552e+01 2.142297607225296125e-03
5.491241494336609463e+01 2.103238253562950046e-03
5.519421446932921782e+01 1.940784953200727636e-03
5.543046826972861396e+01 1.340476577155222653e-03
5.561137265256709128e+01 1.984388205093681745e-03
