3.559856489878782115e-01 6.153289632702477547e+02
6.031648866026231293e-01 2.099208157113076822e+02
8.579160745827347778e-01 8.207844498144072531e+01
1.113464310595710716e+00 4.807036171366516442e+01
1.374039914321364408e+00 3.213185759382202633e+01
1.619154704570298309e+00 1.982361694364085380e+01
1.870686673430271840e+00 1.502428161786394334e+01
2.123290040706380832e+00 1.041766313414815492e+01
2.378144976376236119e+00 8.024214406427608637e+00
2.630489925835516996e+00 6.441395864564981366e+00
2.878653162679494670e+00 4.773094608901192970e+00
3.131144366275339319e+00 4.048078819424244301e+00
3.388159578333816313e+00 3.284201794048223544e+00
3.638741848210948149e+00 2.895855796975340901e+00
3.888315910732085268e+00 2.390008856979624063e+00
4.139052155837465996e+00 1.994780745317654924e+00
4.390305777018236988e+00 1.731904370552500794e+00
4.642172339120373081e+00 1.457692960082484390e+00
4.894678666149941293e+00 1.298900766661400086e+00
5.147269052361176378e+00 1.112674334899782957e+00
5.398003206656323272e+00 1.036468470195489378e+00
5.647798235368590269e+00 8.939321139796440052e-01
5.900534302989873581e+00 7.973237043359732157e-01
6.151460297009074374e+00 7.248134229683104168e-01
6.402630176204441526e+00 6.705054425102331406e-01
6.655964674748322096e+00 5.704484966162745030e-01
6.908782583105771202e+00 5.396778200790647295e-01
7.159060853508338873e+00 4.906048310354856890e-01
7.409414762591408632e+00 4.512935460252388009e-01
7.659227149364629561e+00 4.016999060252017251e-01
7.911559474606142395e+00 3.760195289242381778e-01
8.163750941790897997e+00 3.435880114711478139e-01
8.415757210439384295e+00 3.178584138217114829e-01
8.667638839289207198e+00 2.925313515909851447e-01
8.918801124864609520e+00 2.744201675240650617e-01
9.170480108345369530e+00 2.543035865983978017e-01
9.420566033467249412e+00 2.313743925891920405e-01
9.671642335271435797e+00 2.192427378059890186e-01
9.923426157758477473e+00 2.076809555005071084e-01
1.017396902749181820e+01 1.934862817743365770e-01
1.042533700753922155e+01 1.799849929091343892e-01
1.067702948358784276e+01 1.695454871466304247e-01
1.092969337256462303e+01 1.604904549414836179e-01
1.118211872033766419e+01 1.496792602184839338e-01
1.143346516925797296e+01 1.457430408650432774e-01
1.168350508557724687e+01 1.364516798563670252e-01
1.193379937775929100e+01 1.257246536054666408e-01
1.218553055762879112e+01 1.213096909954048258e-01
1.243711650801278878e+01 1.136903940444397437e-01
1.268867268647359303e+01 1.082115248896422660e-01
1.294075027177769144e+01 1.030588097484114868e-01
1.319267287020158363e+01 9.781343454355220790e-02
1.344470571782862756e+01 9.284739912572430309e-02
1.369480150283709641e+01 8.827043041285596858e-02
1.394591277066507828e+01 8.402357881214332636e-02
1.419764645764527167e+01 8.051971313036219990e-02
1.444766774168416212e+01 7.664675836588748237e-02
1.469906835825429070e+01 7.325136301695321650e-02
1.495059118111036511e+01 6.982881452352854290e-02
1.520261612590052991e+01 6.741745556666990657e-02
1.545415944503929495e+01 6.432858161564573851e-02
1.570456072545780124e+01 6.067678263128226113e-02
1.595705800128773966e+01 5.909627439482997152e-02
1.620829297830731619e+01 5.685306931168663397e-02
1.645966591028190962e+01 5.458059049265562984e-02
1.671125708846596325e+01 5.224852304661946334e-02
1.696160259490052624e+01 5.083548862967712800e-02
1.721370276108077135e+01 4.829074412634722785e-02
1.746543424102250341e+01 4.616047099553542005e-02
1.771598473288305442e+01 4.450936215971419002e-02
1.796653767411944003e+01 4.313001513838702478e-02
1.821765658501893270e+01 4.175279926265373226e-02
1.847053788120423334e+01 3.992139904103501891e-02
1.872257696809484173e+01 3.885720061468613679e-02
1.897394097105746269e+01 3.747775525066016772e-02
1.922542454726159988e+01 3.603745620041125253e-02
1.947607703355479103e+01 3.458314089606530362e-02
1.972678839839982601e+01 3.371415925378445227e-02
1.997802698857814363e+01 3.212465888934212810e-02
2.022863620534168660e+01 3.142373054919512382e-02
2.047969598507238231e+01 3.044421752608668028e-02
2.073250439107362553e+01 2.935738162056880304e-02
2.098435855211640089e+01 2.834275767841964305e-02
2.123502923393334640e+01 2.768943208567558462e-02
2.148629411178690773e+01 2.697063565670460017e-02
2.173831825513516591e+01 2.597441636138243456e-02
2.198972260956887226e+01 2.507501247008844455e-02
2.223974971000711420e+01 2.421005170502409445e-02
2.249141870643862973e+01 2.364690551573817370e-02
2.274404614890906373e+01 2.272290623520870773e-02
2.299521835768831579e+01 2.224157083388083461e-02
2.324620084136223852e+01 2.168522371057583081e-02
2.349757798664387209e+01 2.075034720659498996e-02
2.374870488118759937e+01 2.032633906689903375e-02
2.399988781917473091e+01 1.976919976777453958e-02
2.425071646049711305e+01 1.926361965163817316e-02
2.450187830577813841e+01 1.877238204060632451e-02
2.475391093216606109e+01 1.832017748070504520e-02
2.500524226975159792e+01 1.788562521909443925e-02
2.525610980153284402e+01 1.730238728192972850e-02
2.550801425092822328e+01 1.681106545495914331e-02
2.575943113325822864e+01 1.640851365268322995e-02
2.601074166866445125e+01 1.598427568160269707e-02
2.626234447079615464e+01 1.541784304880695032e-02
2.651347712943701751e+01 1.511985992643631073e-02
2.676474177984877656e+01 1.477746040873498257e-02
2.701628079430242479e+01 1.434913801546278816e-02
2.726734205837282232e+01 1.407479506357612112e-02
2.751837013544679422e+01 1.370004441021826537e-02
2.776937726815812724e+01 1.341939115763727750e-02
2.802070160973895341e+01 1.313090649329125628e-02
2.827249982643487058e+01 1.272933290247699363e-02
2.852407603869968966e+01 1.246715207213448112e-02
2.877567300468570721e+01 1.220793821012703013e-02
2.902733523039245256e+01 1.183484494306952586e-02
2.927861073083739996e+01 1.163212414304658736e-02
2.953003196193969160e+01 1.126585537517021778e-02
2.978106336846375157e+01 1.107597554260545021e-02
3.003148440777084716e+01 1.073361769477923326e-02
3.028303386126418673e+01 1.058103745332259274e-02
3.053456493440382857e+01 1.034211308839946483e-02
3.078585183944906944e+01 1.008585964414649740e-02
3.103757946070165730e+01 9.880223583756689298e-03
3.128931656795834826e+01 9.691648498836608061e-03
3.154125974608096428e+01 9.514911166950676402e-03
3.179158626791808828e+01 9.244107713163259021e-03
3.204196438636942190e+01 9.093575826945728482e-03
3.229344668057169798e+01 8.960031225852723921e-03
3.254489998018084407e+01 8.716971222734324481e-03
3.279660140319880668e+01 8.567151936069468746e-03
3.304772754686901237e+01 8.394259127164542186e-03
3.329949953441923327e+01 8.236673739143239581e-03
3.355173249539067371e+01 8.011279699536339935e-03
3.380235474142784824e+01 7.823611327443233399e-03
3.405292218889088218e+01 7.770777710274614711e-03
3.430455901572810262e+01 7.578238760053016346e-03
3.455605119154291316e+01 7.417790105533223280e-03
3.480708698418615654e+01 7.288967078864740622e-03
3.505823042281740243e+01 7.053088673995278751e-03
3.530983122122644602e+01 7.002336951513629670e-03
3.556111974160763367e+01 6.867227748462029387e-03
3.581195885960364933e+01 6.708498264219043584e-03
3.606348577968052638e+01 6.586575269726927320e-03
3.631495136683125935e+01 6.478542005533047439e-03
3.656646781331610185e+01 6.381262495865816682e-03
3.681800948534306173e+01 6.260380476594928738e-03
3.706942350460822411e+01 6.127785363150806477e-03
3.732119977997001570e+01 6.035793154226441748e-03
3.757249197135423202e+01 5.914984974991261205e-03
3.782324055213251057e+01 5.774351757233405803e-03
3.807430609684078604e+01 5.710820362226249128e-03
3.832526519371521090e+01 5.594055968091148599e-03
3.857704530181875668e+01 5.505024184701671347e-03
3.882896255048217427e+01 5.380393217898953896e-03
3.907976684424035341e+01 5.296362392836866106e-03
3.933085588900704010e+01 5.200757386005219404e-03
3.958184533965361140e+01 5.093233468814029226e-03
3.983320492881626507e+01 5.077985880516979779e-03
4.008506787586624398e+01 4.976006882249502453e-03
4.033569471078550350e+01 4.889620416904117035e-03
4.058701345074587863e+01 4.767244447376861594e-03
4.083916815834436420e+01 4.721151037568195770e-03
4.108978611092747713e+01 4.633406828885186686e-03
4.134119394692694271e+01 4.576519333375116821e-03
4.159372926482761557e+01 4.492183996405088933e-03
4.184480996230068683e+01 4.439794543869828893e-03
4.209495048714620680e+01 4.318124651754701865e-03
4.234568601474854432e+01 4.290406568094480393e-03
4.259794184898333214e+01 4.195551478400645108e-03
4.284922176444433717e+01 4.097652198736511861e-03
4.309982534096671003e+01 4.022294388438856644e-03
4.335153475414617930e+01 3.999406470142216445e-03
4.360374984514007224e+01 3.953464934577473854e-03
4.385432838732079830e+01 3.872550324280010607e-03
4.410529766549178277e+01 3.823318267046693815e-03
4.435675536456894008e+01 3.749469310109107296e-03
4.460756668584335927e+01 3.699428674494723793e-03
4.485812369927145937e+01 3.640352611505886637e-03
4.510933196139897206e+01 3.612260302606992365e-03
4.536097672816924131e+01 3.552916199621906825e-03
4.561261869099184452e+01 3.498792868228100660e-03
4.586346064304911607e+01 3.435425932959640730e-03
4.611435299895526185e+01 3.382793883921421559e-03
4.636610302009028572e+01 3.318787209699010452e-03
4.661726081402038346e+01 3.327753867229744315e-03
4.686748045926628237e+01 3.241213879765292467e-03
4.712001000143001761e+01 3.174902850263333111e-03
4.737334269293729960e+01 3.161879112492973955e-03
4.762357272554871912e+01 3.068004869321749612e-03
4.787295862859781437e+01 3.053617150226662063e-03
4.812686710231834297e+01 2.998873923035215525e-03
4.837988354528783930e+01 2.985426748246250775e-03
4.862698975964909209e+01 2.959442289598816778e-03
4.887931961662670233e+01 2.869665195110150235e-03
4.913512531690142282e+01 2.911147051999326933e-03
4.938486646957150583e+01 2.810235367479352840e-03
4.963073103205424985e+01 2.791602302443650218e-03
4.988316058859187763e+01 2.724594530988184733e-03
5.013927392651110893e+01 2.675647683359095187e-03
5.038898445289544270e+01 2.705410236961008647e-03
5.063791314200675941e+01 2.553572790751114808e-03
5.089234515763529032e+01 2.545441097136579879e-03
5.114529266359630810e+01 2.557266831106603123e-03
5.138952878242714206e+01 2.540730501967076137e-03
5.163945178601188246e+01 2.508371699577641601e-03
5.190206698624180603e+01 2.380694974320807233e-03
5.215590084722179398e+01 2.524968902134902635e-03
5.238680673191466042e+01 2.348226820209017157e-03
5.263532591009818873e+01 2.357251483938174134e-03
5.290823119436031874e+01 2.355439839755679460e-03
5.316882575050344428e+01 2.365344116489796669e-03
5.338513341050097694e+01 2.286315747717950625e-03
5.363212510227822349e+01 2.227750797197333016e-03
5.391615723351310407e+01 2.177564598981458505e-03
5.419187693011466678e+01 2.142584813666901979e-03
5.439722241285236493e+01 2.067957595094342335e-03
5.462806064877949552e+01 2.042398110446591499e-03
5.491241494336609463e+01 2.075930682900217414e-03
5.519421446932921782e+01 1.984967652340823962e-03
5.543046826972861396e+01 9.371852445940048737e-04
5.561137265256709128e+01 1.658928845488350824e-03
