3.559856489878782115e-01 1.078802461980339103e+03
6.031648866026231293e-01 2.368225252656488919e+02
8.579160745827347778e-01 9.336419556107054518e+01
1.113464310595710716e+00 4.787671160136094528e+01
1.374039914321364408e+00 3.029150222013199922e+01
1.619154704570298309e+00 2.029827054406199238e+01
1.870686673430271840e+00 1.381172730977000640e+01
2.123290040706380832e+00 1.028248358178555932e+01
2.378144976376236119e+00 7.848327691857469368e+00
2.630489925835516996e+00 6.435237217639702578e+00
2.878653162679494670e+00 4.887819017388394194e+00
3.131144366275339319e+00 4.168998485627001038e+00
3.388159578333816313e+00 3.279083752514198480e+00
3.638741848210948149e+00 2.834190749977756774e+00
3.888315910732085268e+00 2.273075427563672868e+00
4.139052155837465996e+00 1.984160633065033208e+00
4.390305777018236988e+00 1.664649073772738186e+00
4.642172339120373081e+00 1.501459184552255799e+00
4.894678666149941293e+00 1.294309234717686108e+00
5.147269052361176378e+00 1.102988816744376654e+00
5.398003206656323272e+00 9.944560436708193008e-01
5.647798235368590269e+00 9.173225322513036684e-01
5.900534302989873581e+00 8.006553086086191096e-01
6.151460297009074374e+00 7.146245334674039551e-01
6.402630176204441526e+00 6.481136950115546913e-01
6.655964674748322096e+00 5.799088576932331929e-01
6.908782583105771202e+00 5.323587988750840827e-01
7.159060853508338873e+00 4.835110413814286967e-01
7.409414762591408632e+00 4.534601793888512478e-01
7.659227149364629561e+00 4.098485188565513249e-01
7.911559474606142395e+00 3.689349706459843503e-01
8.163750941790897997e+00 3.445781792252947673e-01
8.415757210439384295e+00 3.157830226098179982e-01
8.667638839289207198e+00 2.940325314412782221e-01
8.918801124864609520e+00 2.744519431273724219e-01
9.170480108345369530e+00 2.548276774799270172e-01
9.420566033467249412e+00 2.379564815162436842e-01
9.671642335271435797e+00 2.250391764333461719e-01
9.923426157758477473e+00 2.058809475386385313e-01
1.017396902749181820e+01 1.928744923732077787e-01
1.042533700753922155e+01 1.797443072950207499e-01
1.067702948358784276e+01 1.745639439491837308e-01
1.092969337256462303e+01 1.640157668217304410e-01
1.118211872033766419e+01 1.525643654612220124e-01
1.143346516925797296e+01 1.427655093340648718e-01
1.168350508557724687e+01 1.341649168314185403e-01
1.193379937775929100e+01 1.281554050187586058e-01
1.218553055762879112e+01 1.218877094409816508e-01
1.243711650801278878e+01 1.139940824741838832e-01
1.268867268647359303e+01 1.086452947904824329e-01
1.294075027177769144e+01 1.037645599861559131e-01
1.319267287020158363e+01 9.798475339436250875e-02
1.344470571782862756e+01 9.329737188998134256e-02
1.369480150283709641e+01 8.982806757463457359e-02
1.394591277066507828e+01 8.442559494515242124e-02
1.419764645764527167e+01 8.104013375212852643e-02
1.444766774168416212e+01 7.670168257900958353e-02
1.469906835825429070e+01 7.366214296034942488e-02
1.495059118111036511e+01 6.943673725694995968e-02
1.520261612590052991e+01 6.819723260931510878e-02
1.545415944503929495e+01 6.429952587105132455e-02
1.570456072545780124e+01 6.176110726134868140e-02
1.595705800128773966e+01 5.858695449199680799e-02
1.620829297830731619e+01 5.631530762201511497e-02
1.645966591028190962e+01 5.503406689767943727e-02
1.671125708846596325e+01 5.245770955263426988e-02
1.696160259490052624e+01 5.021809593865429050e-02
1.721370276108077135e+01 4.821475661826205017e-02
1.746543424102250341e+01 4.652654357873146213e-02
1.771598473288305442e+01 4.449810695475289735e-02
1.796653767411944003e+01 4.328433676381437251e-02
1.821765658501893270e+01 4.193899526150698248e-02
1.847053788120423334e+01 3.993838264795777221e-02
1.872257696809484173e+01 3.863954443457772586e-02
1.897394097105746269e+01 3.720568571958931398e-02
1.922542454726159988e+01 3.585434508916714863e-02
1.947607703355479103e+01 3.448739608319349725e-02
1.972678839839982601e+01 3.328451772590530766e-02
1.997802698857814363e+01 3.273875746877945303e-02
2.022863620534168660e+01 3.128870240401959019e-02
2.047969598507238231e+01 3.046218592616131704e-02
2.073250439107362553e+01 2.966368070790444122e-02
2.098435855211640089e+01 2.846078020413816967e-02
2.123502923393334640e+01 2.752146347747893781e-02
2.148629411178690773e+01 2.642218991979828138e-02
2.173831825513516591e+01 2.589733722687837317e-02
2.198972260956887226e+01 2.517208825339447079e-02
2.223974971000711420e+01 2.413083591865424621e-02
2.249141870643862973e+01 2.372297801313823229e-02
2.274404614890906373e+01 2.295639672385613519e-02
2.299521835768831579e+01 2.214547570954522593e-02
2.324620084136223852e+01 2.141666757759198500e-02
2.349757798664387209e+01 2.089475377509520532e-02
2.374870488118759937e+01 2.046568713164284570e-02
2.399988781917473091e+01 1.983538698086579483e-02
2.425071646049711305e+01 1.934442153995484526e-02
2.450187830577813841e+01 1.898860423469589734e-02
2.475391093216606109e+01 1.823721216905585182e-02
2.500524226975159792e+01 1.771224189489432888e-02
2.525610980153284402e+01 1.725776394052051452e-02
2.550801425092822328e+01 1.701966493664621924e-02
2.575943113325822864e+01 1.640062390537904910e-02
2.601074166866445125e+01 1.592233522930010248e-02
2.626234447079615464e+01 1.559004891084099682e-02
2.651347712943701751e+01 1.522948523733087291e-02
2.676474177984877656e+01 1.483453549174813639e-02
2.701628079430242479e+01 1.443879862517099578e-02
2.726734205837282232e+01 1.409796764384848959e-02
2.751837013544679422e+01 1.372786601554618242e-02
2.776937726815812724e+01 1.334470303081350395e-02
2.802070160973895341e+01 1.304172300879101118e-02
2.827249982643487058e+01 1.281738335370232774e-02
2.852407603869968966e+01 1.251398347074326491e-02
2.877567300468570721e+01 1.214033201202354556e-02
2.902733523039245256e+01 1.191496465395462841e-02
2.927861073083739996e+01 1.161648047827146084e-02
2.953003196193969160e+01 1.132658301051955689e-02
2.978106336846375157e+01 1.108798693077681433e-02
3.003148440777084716e+01 1.086292434532938958e-02
3.028303386126418673e+01 1.060600531481277302e-02
3.053456493440382857e+01 1.036605329907944184e-02
3.078585183944906944e+01 1.018125073365317053e-02
3.103757946070165730e+01 9.880237730524991241e-03
3.128931656795834826e+01 9.659608284026647770e-03
3.154125974608096428e+01 9.448337626491628768e-03
3.179158626791808828e+01 9.300187608756803337e-03
3.204196438636942190e+01 9.084388645179197058e-03
3.229344668057169798e+01 8.947979029730438599e-03
3.254489998018084407e+01 8.769712246687173113e-03
3.279660140319880668e+01 8.512922007777938907e-03
3.304772754686901237e+01 8.359205271600125831e-03
3.329949953441923327e+01 8.223843423730392566e-03
3.355173249539067371e+01 8.021885057070844011e-03
3.380235474142784824e+01 7.904682381347125433e-03
3.405292218889088218e+01 7.695356530658675406e-03
3.430455901572810262e+01 7.557235550573008880e-03
3.455605119154291316e+01 7.399518117609684038e-03
3.480708698418615654e+01 7.249520559555305485e-03
3.505823042281740243e+01 7.107063307657844782e-03
3.530983122122644602e+01 7.029494938405106939e-03
3.556111974160763367e+01 6.879670603611854132e-03
3.581195885960364933e+01 6.782270190956841451e-03
3.606348577968052638e+01 6.592950721978331485e-03
3.631495136683125935e+01 6.490970499181231493e-03
3.656646781331610185e+01 6.362020990797317803e-03
3.681800948534306173e+01 6.218014613443600611e-03
3.706942350460822411e+01 6.097652499937553441e-03
3.732119977997001570e+01 6.050972603149686393e-03
3.757249197135423202e+01 5.946099628750352827e-03
3.782324055213251057e+01 5.796645899596840172e-03
3.807430609684078604e+01 5.692393767573110559e-03
3.832526519371521090e+01 5.555919116520827150e-03
3.857704530181875668e+01 5.456211568519529938e-03
3.882896255048217427e+01 5.419702936407914950e-03
3.907976684424035341e+01 5.325384966549559854e-03
3.933085588900704010e+01 5.217015388585786138e-03
3.958184533965361140e+01 5.118847294254751795e-03
3.983320492881626507e+01 5.038689419159166419e-03
4.008506787586624398e+01 4.975126630775271279e-03
4.033569471078550350e+01 4.901701740419379949e-03
4.058701345074587863e+01 4.799737011705685133e-03
4.083916815834436420e+01 4.713350269392145575e-03
4.108978611092747713e+01 4.611811450885960895e-03
4.134119394692694271e+01 4.581540573734377980e-03
4.159372926482761557e+01 4.492789454180648456e-03
4.184480996230068683e+01 4.413565777709545571e-03
4.209495048714620680e+01 4.367614355626809816e-03
4.234568601474854432e+01 4.310852264026505953e-03
4.259794184898333214e+01 4.189908697919103586e-03
4.284922176444433717e+01 4.115764107273362123e-03
4.309982534096671003e+01 4.075682561516412103e-03
4.335153475414617930e+01 4.015314659472125208e-03
4.360374984514007224e+01 3.915639332284811917e-03
4.385432838732079830e+01 3.852810662185946183e-03
4.410529766549178277e+01 3.772674590438285670e-03
4.435675536456894008e+01 3.766847303003534840e-03
4.460756668584335927e+01 3.724020707912036911e-03
4.485812369927145937e+01 3.628772554526540298e-03
4.510933196139897206e+01 3.631012912323283194e-03
4.536097672816924131e+01 3.547770466871504134e-03
4.561261869099184452e+01 3.492158852323841260e-03
4.586346064304911607e+01 3.381556303717603122e-03
4.611435299895526185e+01 3.409289629899298762e-03
4.636610302009028572e+01 3.333097472520006339e-03
4.661726081402038346e+01 3.343975541431291627e-03
4.686748045926628237e+01 3.251327550920112084e-03
4.712001000143001761e+01 3.244858980549348085e-03
4.737334269293729960e+01 3.152959574156896389e-03
4.762357272554871912e+01 3.069261067874992730e-03
4.787295862859781437e+01 3.086552611479722978e-03
4.812686710231834297e+01 2.984478576679717478e-03
4.837988354528783930e+01 2.900067438136201461e-03
4.862698975964909209e+01 2.939896249198825640e-03
4.887931961662670233e+01 2.883408887813251800e-03
4.913512531690142282e+01 2.824605983993032886e-03
4.938486646957150583e+01 2.804155565455751248e-03
4.963073103205424985e+01 2.826593605974248719e-03
4.988316058859187763e+01 2.714206748699085625e-03
5.013927392651110893e+01 2.651343550043669482e-03
5.038898445289544270e+01 2.659915391098173054e-03
5.063791314200675941e+01 2.592173017612762510e-03
5.089234515763529032e+01 2.585061556580026468e-03
5.114529266359630810e+01 2.543301272151613293e-03
5.138952878242714206e+01 2.569851688804744745e-03
5.163945178601188246e+01 2.458285068281620533e-03
5.190206698624180603e+01 2.502016237565653917e-03
5.215590084722179398e+01 2.353350767905390030e-03
5.238680673191466042e+01 2.423104948741758042e-03
5.263532591009818873e+01 2.442129387913739673e-03
5.290823119436031874e+01 2.317689916139631986e-03
5.316882575050344428e+01 2.279448088506502799e-03
5.338513341050097694e+01 2.349437052207390981e-03
5.363212510227822349e+01 2.289249723600699903e-03
5.391615723351310407e+01 2.322984102969392721e-03
5.419187693011466678e+01 2.112337750711573356e-03
5.439722241285236493e+01 2.034279657678459818e-03
5.462806064877949552e+01 2.442569474472930900e-03
5.491241494336609463e+01 2.199474217805469714e-03
5.519421446932921782e+01 2.429221089710976566e-03
5.543046826972861396e+01 1.335448668345789233e-03
5.561137265256709128e+01 1.296026405945364815e-03
