3.559856489878782115e-01 1.130660730019632865e+03
6.031648866026231293e-01 1.765159558282239800e+02
8.579160745827347778e-01 1.043273970562035657e+02
1.113464310595710716e+00 6.012831563464396112e+01
1.374039914321364408e+00 2.965176347643463828e+01
1.619154704570298309e+00 1.965567474583270524e+01
1.870686673430271840e+00 1.506647416618849356e+01
2.123290040706380832e+00 1.085448167248405582e+01
2.378144976376236119e+00 7.927728660406842209e+00
2.630489925835516996e+00 6.191668768065266448e+00
2.878653162679494670e+00 4.572477447945811235e+00
3.131144366275339319e+00 4.348853807776414726e+00
3.388159578333816313e+00 3.373992925858479541e+00
3.638741848210948149e+00 2.659546070978828336e+00
3.888315910732085268e+00 2.272017074926719893e+00
4.139052155837465996e+00 2.040660540802362366e+00
4.390305777018236988e+00 1.727692948067705458e+00
4.642172339120373081e+00 1.486856797687272858e+00
4.894678666149941293e+00 1.328117538338931869e+00
5.147269052361176378e+00 1.130227401096365103e+00
5.398003206656323272e+00 1.018506392638700797e+00
5.647798235368590269e+00 9.013341748408998377e-01
5.900534302989873581e+00 8.040122073906373901e-01
6.151460297009074374e+00 7.278413963400750530e-01
6.402630176204441526e+00 6.595897954024670939e-01
6.655964674748322096e+00 5.774690168641600785e-01
6.908782583105771202e+00 5.319583133254858209e-01
7.159060853508338873e+00 4.803373975303961707e-01
7.409414762591408632e+00 4.364688865342788437e-01
7.659227149364629561e+00 4.004134409060945976e-01
7.911559474606142395e+00 3.682796723633391944e-01
8.163750941790897997e+00 3.415591305645411246e-01
8.415757210439384295e+00 3.189030664911879920e-01
8.667638839289207198e+00 2.962711448473677733e-01
8.918801124864609520e+00 2.657560450711791700e-01
9.170480108345369530e+00 2.536606604738323445e-01
9.420566033467249412e+00 2.391077173978783388e-01
9.671642335271435797e+00 2.239945304641128843e-01
9.923426157758477473e+00 2.102386139552261113e-01
1.017396902749181820e+01 1.918690950968208464e-01
1.042533700753922155e+01 1.793949119946113002e-01
1.067702948358784276e+01 1.685498779776894995e-01
1.092969337256462303e+01 1.626340558815814463e-01
1.118211872033766419e+01 1.518107826285880757e-01
1.143346516925797296e+01 1.426796646764198484e-01
1.168350508557724687e+01 1.350082390338064320e-01
1.193379937775929100e+01 1.281085729973900078e-01
1.218553055762879112e+01 1.212081145149677824e-01
1.243711650801278878e+01 1.164077470616563248e-01
1.268867268647359303e+01 1.079824354640811501e-01
1.294075027177769144e+01 1.036293297248070261e-01
1.319267287020158363e+01 9.799430502406426824e-02
1.344470571782862756e+01 9.171819928803126576e-02
1.369480150283709641e+01 8.906750266895814561e-02
1.394591277066507828e+01 8.405992978411426508e-02
1.419764645764527167e+01 8.280313441964755328e-02
1.444766774168416212e+01 7.614319832214298811e-02
1.469906835825429070e+01 7.343245656099632590e-02
1.495059118111036511e+01 7.012539035944272137e-02
1.520261612590052991e+01 6.796461219065896842e-02
1.545415944503929495e+01 6.405453571465945239e-02
1.570456072545780124e+01 6.106143831035740210e-02
1.595705800128773966e+01 5.950992477247240425e-02
1.620829297830731619e+01 5.673851619574951655e-02
1.645966591028190962e+01 5.371708211674067895e-02
1.671125708846596325e+01 5.230745159968083063e-02
1.696160259490052624e+01 5.018464383010647067e-02
1.721370276108077135e+01 4.821620586172002676e-02
1.746543424102250341e+01 4.662317393031498863e-02
1.771598473288305442e+01 4.496180374987398393e-02
1.796653767411944003e+01 4.259520007185170487e-02
1.821765658501893270e+01 4.145321816001260040e-02
1.847053788120423334e+01 4.038347892984553433e-02
1.872257696809484173e+01 3.861452788607910164e-02
1.897394097105746269e+01 3.700076125270083255e-02
1.922542454726159988e+01 3.567561548838023289e-02
1.947607703355479103e+01 3.485462816967693084e-02
1.972678839839982601e+01 3.369388334633421911e-02
1.997802698857814363e+01 3.217125119976380065e-02
2.022863620534168660e+01 3.124046245256978382e-02
2.047969598507238231e+01 3.054217503088295718e-02
2.073250439107362553e+01 2.948808609029264852e-02
2.098435855211640089e+01 2.845543346278951377e-02
2.123502923393334640e+01 2.754779242006707984e-02
2.148629411178690773e+01 2.645796666757324958e-02
2.173831825513516591e+01 2.571349828083411768e-02
2.198972260956887226e+01 2.519452660074437619e-02
2.223974971000711420e+01 2.454983809245971788e-02
2.249141870643862973e+01 2.378274979747823856e-02
2.274404614890906373e+01 2.280688726777599026e-02
2.299521835768831579e+01 2.231139270480413106e-02
2.324620084136223852e+01 2.164201991353252585e-02
2.349757798664387209e+01 2.102413111944011204e-02
2.374870488118759937e+01 2.046738083845499670e-02
2.399988781917473091e+01 1.999397607041318234e-02
2.425071646049711305e+01 1.947714302457536836e-02
2.450187830577813841e+01 1.881146506698211721e-02
2.475391093216606109e+01 1.822240201630597953e-02
2.500524226975159792e+01 1.777027901944862667e-02
2.525610980153284402e+01 1.739712410756645566e-02
2.550801425092822328e+01 1.669914753820698691e-02
2.575943113325822864e+01 1.649819769130020028e-02
2.601074166866445125e+01 1.591352935523453541e-02
2.626234447079615464e+01 1.549288531107974667e-02
2.651347712943701751e+01 1.515459917089993780e-02
2.676474177984877656e+01 1.474922712025047815e-02
2.701628079430242479e+01 1.439475850044102077e-02
2.726734205837282232e+01 1.400547110455963376e-02
2.751837013544679422e+01 1.373652133657600471e-02
2.776937726815812724e+01 1.342997864955873186e-02
2.802070160973895341e+01 1.303272378901415389e-02
2.827249982643487058e+01 1.277710400741153586e-02
2.852407603869968966e+01 1.249800693906778608e-02
2.877567300468570721e+01 1.222074885140254745e-02
2.902733523039245256e+01 1.185210722652566863e-02
2.927861073083739996e+01 1.159418955630110194e-02
2.953003196193969160e+01 1.141739106687411458e-02
2.978106336846375157e+01 1.100954026972541036e-02
3.003148440777084716e+01 1.082968640573202940e-02
3.028303386126418673e+01 1.062739546105625002e-02
3.053456493440382857e+01 1.035991142225558756e-02
3.078585183944906944e+01 1.011051935990745290e-02
3.103757946070165730e+01 9.953671666442552926e-03
3.128931656795834826e+01 9.692968764432255066e-03
3.154125974608096428e+01 9.469061870088201979e-03
3.179158626791808828e+01 9.266961467606379607e-03
3.204196438636942190e+01 9.089608653475638941e-03
3.229344668057169798e+01 8.906673977198905495e-03
3.254489998018084407e+01 8.687445915840107113e-03
3.279660140319880668e+01 8.533771619575422976e-03
3.304772754686901237e+01 8.360274711876836129e-03
3.329949953441923327e+01 8.175965937384413462e-03
3.355173249539067371e+01 8.051257158884515819e-03
3.380235474142784824e+01 7.895683779855101198e-03
3.405292218889088218e+01 7.689402672513639958e-03
3.430455901572810262e+01 7.550875458284177395e-03
3.455605119154291316e+01 7.429378439961342902e-03
3.480708698418615654e+01 7.265129443437871870e-03
3.505823042281740243e+01 7.127486570376040387e-03
3.530983122122644602e+01 7.005103974741880464e-03
3.556111974160763367e+01 6.899531426074544116e-03
3.581195885960364933e+01 6.726026617744434132e-03
3.606348577968052638e+01 6.604317244425767994e-03
3.631495136683125935e+01 6.484897567602772826e-03
3.656646781331610185e+01 6.375161991161361168e-03
3.681800948534306173e+01 6.263734809333885468e-03
3.706942350460822411e+01 6.167551819961982276e-03
3.732119977997001570e+01 6.022717677142762349e-03
3.757249197135423202e+01 5.918050955192710738e-03
3.782324055213251057e+01 5.782990257976188160e-03
3.807430609684078604e+01 5.707333234113567272e-03
3.832526519371521090e+01 5.571473409549026166e-03
3.857704530181875668e+01 5.469911780284823777e-03
3.882896255048217427e+01 5.405175372925882793e-03
3.907976684424035341e+01 5.332465347388741679e-03
3.933085588900704010e+01 5.220976054805730703e-03
3.958184533965361140e+01 5.173295641212094335e-03
3.983320492881626507e+01 5.058178789169498826e-03
4.008506787586624398e+01 4.933091908189095667e-03
4.033569471078550350e+01 4.884495564223295672e-03
4.058701345074587863e+01 4.795493725479072281e-03
4.083916815834436420e+01 4.694500730083361710e-03
4.108978611092747713e+01 4.640014928471504138e-03
4.134119394692694271e+01 4.556033573311437518e-03
4.159372926482761557e+01 4.489803243166133606e-03
4.184480996230068683e+01 4.390904914954826474e-03
4.209495048714620680e+01 4.332265178651859006e-03
4.234568601474854432e+01 4.279051834392871498e-03
4.259794184898333214e+01 4.159571458506417657e-03
4.284922176444433717e+01 4.103364957481266985e-03
4.309982534096671003e+01 4.044599107416405916e-03
4.335153475414617930e+01 3.997674467605683013e-03
4.360374984514007224e+01 3.945850618681781899e-03
4.385432838732079830e+01 3.883042453579103274e-03
4.410529766549178277e+01 3.808862001519934884e-03
4.435675536456894008e+01 3.782601289345335037e-03
4.460756668584335927e+01 3.723683372535418080e-03
4.485812369927145937e+01 3.651786814353641560e-03
4.510933196139897206e+01 3.619224518226143734e-03
4.536097672816924131e+01 3.518034679992814839e-03
4.561261869099184452e+01 3.476691457825959505e-03
4.586346064304911607e+01 3.455153474963575718e-03
4.611435299895526185e+01 3.367397060585558110e-03
4.636610302009028572e+01 3.301676473616541301e-03
4.661726081402038346e+01 3.265419260597679160e-03
4.686748045926628237e+01 3.261115841073787634e-03
4.712001000143001761e+01 3.222480085324674632e-03
4.737334269293729960e+01 3.138186518069924474e-03
4.762357272554871912e+01 3.085575048807122963e-03
4.787295862859781437e+01 3.058415644167085216e-03
4.812686710231834297e+01 3.072396942232723509e-03
4.837988354528783930e+01 2.990813303518522100e-03
4.862698975964909209e+01 2.967104682682328125e-03
4.887931961662670233e+01 2.895735253033644794e-03
4.913512531690142282e+01 2.817423408150566185e-03
4.938486646957150583e+01 2.761412303855473750e-03
4.963073103205424985e+01 2.781017799586991447e-03
4.988316058859187763e+01 2.769529042091400418e-03
5.013927392651110893e+01 2.684149007885593043e-03
5.038898445289544270e+01 2.633848504389125350e-03
5.063791314200675941e+01 2.586587842542536174e-03
5.089234515763529032e+01 2.570296334760053571e-03
5.114529266359630810e+01 2.541313083421343523e-03
5.138952878242714206e+01 2.559487322309002451e-03
5.163945178601188246e+01 2.491952413290785245e-03
5.190206698624180603e+01 2.401562117709957114e-03
5.215590084722179398e+01 2.417829430682818213e-03
5.238680673191466042e+01 2.268059626013601855e-03
5.263532591009818873e+01 2.356086929019467549e-03
5.290823119436031874e+01 2.263394004898781203e-03
5.316882575050344428e+01 2.246682375828445034e-03
5.338513341050097694e+01 2.376967417020221102e-03
5.363212510227822349e+01 2.392694624925102882e-03
5.391615723351310407e+01 2.306658754574862722e-03
5.419187693011466678e+01 2.071326259130697872e-03
5.439722241285236493e+01 2.277427475739021365e-03
5.462806064877949552e+01 1.844154372162154151e-03
5.491241494336609463e+01 1.694235594728802545e-03
5.519421446932921782e+01 1.920639396388153447e-03
5.543046826972861396e+01 1.053207645552994322e-03
5.561137265256709128e+01 2.173483559354996708e-03
