3.559856489878782115e-01 7.988085442625479118e+02
6.031648866026231293e-01 1.562301486419466698e+02
8.579160745827347778e-01 1.018872216524136292e+02
1.113464310595710716e+00 4.842049189529106457e+01
1.374039914321364408e+00 3.243125500095418090e+01
1.619154704570298309e+00 2.065306986245411736e+01
1.870686673430271840e+00 1.406075917216650595e+01
2.123290040706380832e+00 1.039112173357048263e+01
2.378144976376236119e+00 7.934491773050179830e+00
2.630489925835516996e+00 6.282677888851379677e+00
2.878653162679494670e+00 5.073252300145107085e+00
3.131144366275339319e+00 3.973429938828663133e+00
3.388159578333816313e+00 3.483290063701887096e+00
3.638741848210948149e+00 2.850644523950413234e+00
3.888315910732085268e+00 2.321611878746949742e+00
4.139052155837465996e+00 2.039668939044914531e+00
4.390305777018236988e+00 1.676441759274829746e+00
4.642172339120373081e+00 1.513797915897585389e+00
4.894678666149941293e+00 1.286518197803971253e+00
5.147269052361176378e+00 1.182288982358927099e+00
5.398003206656323272e+00 1.002785403777253892e+00
5.647798235368590269e+00 8.823631011707564475e-01
5.900534302989873581e+00 7.963210748774829373e-01
6.151460297009074374e+00 6.990194016448219028e-01
6.402630176204441526e+00 6.523037772248510002e-01
6.655964674748322096e+00 5.828501794373605049e-01
6.908782583105771202e+00 5.239295186702822571e-01
7.159060853508338873e+00 4.859622133784496922e-01
7.409414762591408632e+00 4.524568310939557358e-01
7.659227149364629561e+00 4.005387086446836054e-01
7.911559474606142395e+00 3.794358852778562108e-01
8.163750941790897997e+00 3.494248026630468740e-01
8.415757210439384295e+00 3.192716991517667857e-01
8.667638839289207198e+00 2.927796072862208221e-01
8.918801124864609520e+00 2.739835380727811964e-01
9.170480108345369530e+00 2.564524757829222401e-01
9.420566033467249412e+00 2.392584247961886124e-01
9.671642335271435797e+00 2.212975183023472847e-01
9.923426157758477473e+00 2.047662091471434687e-01
1.017396902749181820e+01 1.930261812885133987e-01
1.042533700753922155e+01 1.807032628274702346e-01
1.067702948358784276e+01 1.702032077333577587e-01
1.092969337256462303e+01 1.619777702570071309e-01
1.118211872033766419e+01 1.514309771968156415e-01
1.143346516925797296e+01 1.419908912578029814e-01
1.168350508557724687e+01 1.342230796348908017e-01
1.193379937775929100e+01 1.276546237252284277e-01
1.218553055762879112e+01 1.200072288135908966e-01
1.243711650801278878e+01 1.147199030383402596e-01
1.268867268647359303e+01 1.078015336691379306e-01
1.294075027177769144e+01 1.029732420756221400e-01
1.319267287020158363e+01 9.628691019018374708e-02
1.344470571782862756e+01 9.230912107536630440e-02
1.369480150283709641e+01 8.815317405784121874e-02
1.394591277066507828e+01 8.385883295191753906e-02
1.419764645764527167e+01 8.058139326550205206e-02
1.444766774168416212e+01 7.649718722069111243e-02
1.469906835825429070e+01 7.315355322481709166e-02
1.495059118111036511e+01 7.035843320315875171e-02
1.520261612590052991e+01 6.724141556553653309e-02
1.545415944503929495e+01 6.416310339244087058e-02
1.570456072545780124e+01 6.237330081993586184e-02
1.595705800128773966e+01 5.945833033972815901e-02
1.620829297830731619e+01 5.653653337289245295e-02
1.645966591028190962e+01 5.405325978137152237e-02
1.671125708846596325e+01 5.249961724308292721e-02
1.696160259490052624e+01 5.003458424707919738e-02
1.721370276108077135e+01 4.805687382634520055e-02
1.746543424102250341e+01 4.633631248515291540e-02
1.771598473288305442e+01 4.472555945732607091e-02
1.796653767411944003e+01 4.312221307344724086e-02
1.821765658501893270e+01 4.117962491840844452e-02
1.847053788120423334e+01 3.985693119396795103e-02
1.872257696809484173e+01 3.853733551106344746e-02
1.897394097105746269e+01 3.703240016625486408e-02
1.922542454726159988e+01 3.581668241828860066e-02
1.947607703355479103e+01 3.436912090423011046e-02
1.972678839839982601e+01 3.353164416330529224e-02
1.997802698857814363e+01 3.224795405411975957e-02
2.022863620534168660e+01 3.139784535241512547e-02
2.047969598507238231e+01 3.049750008867752049e-02
2.073250439107362553e+01 2.939412731167353326e-02
2.098435855211640089e+01 2.854648504076502669e-02
2.123502923393334640e+01 2.754421406035502395e-02
2.148629411178690773e+01 2.699896003705992004e-02
2.173831825513516591e+01 2.587387939248060251e-02
2.198972260956887226e+01 2.505942942230506357e-02
2.223974971000711420e+01 2.436110323782888706e-02
2.249141870643862973e+01 2.358244758787320441e-02
2.274404614890906373e+01 2.305189340168453671e-02
2.299521835768831579e+01 2.231045585706701792e-02
2.324620084136223852e+01 2.169066437077363588e-02
2.349757798664387209e+01 2.096666297998495826e-02
2.374870488118759937e+01 2.036239170464909307e-02
2.399988781917473091e+01 1.980301748454250249e-02
2.425071646049711305e+01 1.933976622191351663e-02
2.450187830577813841e+01 1.871627646808022780e-02
2.475391093216606109e+01 1.831807788792464559e-02
2.500524226975159792e+01 1.770970513723483727e-02
2.525610980153284402e+01 1.729501758934330960e-02
2.550801425092822328e+01 1.692866249760108244e-02
2.575943113325822864e+01 1.634256134198106350e-02
2.601074166866445125e+01 1.596094186392163494e-02
2.626234447079615464e+01 1.558629534755985591e-02
2.651347712943701751e+01 1.524622242532890602e-02
2.676474177984877656e+01 1.477420524562166049e-02
2.701628079430242479e+01 1.440345357886392390e-02
2.726734205837282232e+01 1.405309676255597426e-02
2.751837013544679422e+01 1.374618572104266065e-02
2.776937726815812724e+01 1.334705321840903326e-02
2.802070160973895341e+01 1.315382455017313247e-02
2.827249982643487058e+01 1.272564352594135993e-02
2.852407603869968966e+01 1.244670578257230618e-02
2.877567300468570721e+01 1.223780841650099274e-02
2.902733523039245256e+01 1.185157088101730129e-02
2.927861073083739996e+01 1.163193537098297647e-02
2.953003196193969160e+01 1.133882402285589855e-02
2.978106336846375157e+01 1.114792200346245536e-02
3.003148440777084716e+01 1.087054742851852225e-02
3.028303386126418673e+01 1.062548661765955020e-02
3.053456493440382857e+01 1.041633712981597862e-02
3.078585183944906944e+01 1.018275765417741077e-02
3.103757946070165730e+01 9.907711867276411746e-03
3.128931656795834826e+01 9.644984395181164377e-03
3.154125974608096428e+01 9.490535805055808072e-03
3.179158626791808828e+01 9.266591299117917305e-03
3.204196438636942190e+01 9.134743391058493603e-03
3.229344668057169798e+01 8.957725914712022855e-03
3.254489998018084407e+01 8.707231328759487687e-03
3.279660140319880668e+01 8.485025414014694262e-03
3.304772754686901237e+01 8.369095087692433182e-03
3.329949953441923327e+01 8.198881213274914967e-03
3.355173249539067371e+01 8.037707179746162237e-03
3.380235474142784824e+01 7.850159606371294105e-03
3.405292218889088218e+01 7.726031669821272624e-03
3.430455901572810262e+01 7.573248890964968776e-03
3.455605119154291316e+01 7.437903509814992355e-03
3.480708698418615654e+01 7.259973489665780440e-03
3.505823042281740243e+01 7.111922505764042314e-03
3.530983122122644602e+01 6.993202159902936824e-03
3.556111974160763367e+01 6.835629198627845259e-03
3.581195885960364933e+01 6.702519220153095071e-03
3.606348577968052638e+01 6.623526504916260951e-03
3.631495136683125935e+01 6.474563453099630751e-03
3.656646781331610185e+01 6.335435717475431001e-03
3.681800948534306173e+01 6.235846198192641736e-03
3.706942350460822411e+01 6.108224744965558631e-03
3.732119977997001570e+01 6.014985776035880125e-03
3.757249197135423202e+01 5.905985404458655684e-03
3.782324055213251057e+01 5.806993515209270956e-03
3.807430609684078604e+01 5.718108351275880304e-03
3.832526519371521090e+01 5.606008775004178019e-03
3.857704530181875668e+01 5.485585545232213832e-03
3.882896255048217427e+01 5.392940749797763521e-03
3.907976684424035341e+01 5.329462688141338271e-03
3.933085588900704010e+01 5.198237469289793307e-03
3.958184533965361140e+01 5.140614342298092596e-03
3.983320492881626507e+01 5.057906467711814624e-03
4.008506787586624398e+01 4.971620704297797545e-03
4.033569471078550350e+01 4.889793322005178515e-03
4.058701345074587863e+01 4.801854689008532018e-03
4.083916815834436420e+01 4.709365174730411642e-03
4.108978611092747713e+01 4.651141903578257485e-03
4.134119394692694271e+01 4.590349147299242760e-03
4.159372926482761557e+01 4.492509280593483777e-03
4.184480996230068683e+01 4.406563131126703739e-03
4.209495048714620680e+01 4.311594597071204300e-03
4.234568601474854432e+01 4.255153943125831138e-03
4.259794184898333214e+01 4.189096951568494799e-03
4.284922176444433717e+01 4.140349923278228809e-03
4.309982534096671003e+01 4.076535329451759330e-03
4.335153475414617930e+01 4.017338952295572765e-03
4.360374984514007224e+01 3.954709178619754233e-03
4.385432838732079830e+01 3.899788592922200006e-03
4.410529766549178277e+01 3.807057270144116688e-03
4.435675536456894008e+01 3.728540110661289833e-03
4.460756668584335927e+01 3.680123943972051989e-03
4.485812369927145937e+01 3.658528406881275501e-03
4.510933196139897206e+01 3.601431938151741612e-03
4.536097672816924131e+01 3.514405805004490110e-03
4.561261869099184452e+01 3.507559044847993312e-03
4.586346064304911607e+01 3.406548139390770755e-03
4.611435299895526185e+01 3.383823869161422301e-03
4.636610302009028572e+01 3.344381970419803979e-03
4.661726081402038346e+01 3.315111599130224958e-03
4.686748045926628237e+01 3.241188429956506911e-03
4.712001000143001761e+01 3.158327864397568116e-03
4.737334269293729960e+01 3.141439861588999141e-03
4.762357272554871912e+01 3.136463370191374007e-03
4.787295862859781437e+01 3.068791667976195590e-03
4.812686710231834297e+01 2.987657969220191851e-03
4.837988354528783930e+01 2.955055182195686758e-03
4.862698975964909209e+01 2.935110989002439295e-03
4.887931961662670233e+01 2.872195999015571787e-03
4.913512531690142282e+01 2.848322286930266359e-03
4.938486646957150583e+01 2.718720889378820147e-03
4.963073103205424985e+01 2.756925535632749440e-03
4.988316058859187763e+01 2.740099922429066037e-03
5.013927392651110893e+01 2.639971319288193178e-03
5.038898445289544270e+01 2.699509161496957410e-03
5.063791314200675941e+01 2.604479595929302688e-03
5.089234515763529032e+01 2.672516453320878446e-03
5.114529266359630810e+01 2.478967500840148323e-03
5.138952878242714206e+01 2.509044519012639494e-03
5.163945178601188246e+01 2.477266426795317507e-03
5.190206698624180603e+01 2.514432422922330008e-03
5.215590084722179398e+01 2.484085294769708668e-03
5.238680673191466042e+01 2.215414832093714429e-03
5.263532591009818873e+01 2.370147138234881407e-03
5.290823119436031874e+01 2.336707450788501512e-03
5.316882575050344428e+01 2.313959026212623633e-03
5.338513341050097694e+01 2.195879174316007782e-03
5.363212510227822349e+01 2.360216030844867943e-03
5.391615723351310407e+01 2.237520438133793355e-03
5.419187693011466678e+01 2.231008500678293132e-03
5.439722241285236493e+01 1.804337577693891463e-03
5.462806064877949552e+01 1.991137266902113286e-03
5.491241494336609463e+01 1.738601587769586032e-03
5.519421446932921782e+01 2.108254656245896978e-03
5.543046826972861396e+01 2.392554139740223594e-03
5.561137265256709128e+01 1.993783430868952770e-03
