3.559856489878782115e-01 8.245056396106723469e+02
6.031648866026231293e-01 2.195083421139780739e+02
8.579160745827347778e-01 8.499273645155123802e+01
1.113464310595710716e+00 5.873434688223512978e+01
1.374039914321364408e+00 2.981188951624805128e+01
1.619154704570298309e+00 1.868737591728898906e+01
1.870686673430271840e+00 1.382999138039258114e+01
2.123290040706380832e+00 1.065939052337125403e+01
2.378144976376236119e+00 7.849180164286825523e+00
2.630489925835516996e+00 5.765618398619151819e+00
2.878653162679494670e+00 4.785020490119116232e+00
3.131144366275339319e+00 4.002986649048380308e+00
3.388159578333816313e+00 3.336511054323710201e+00
3.638741848210948149e+00 2.648670588025628714e+00
3.888315910732085268e+00 2.234410495877297009e+00
4.139052155837465996e+00 2.044546380617911829e+00
4.390305777018236988e+00 1.731394264006357542e+00
4.642172339120373081e+00 1.473018393615829869e+00
4.894678666149941293e+00 1.268148350584323403e+00
5.147269052361176378e+00 1.126274239896503326e+00
5.398003206656323272e+00 9.870189233327263389e-01
5.647798235368590269e+00 9.105002214742289324e-01
5.900534302989873581e+00 7.917903351613918561e-01
6.151460297009074374e+00 7.079388982542845765e-01
6.402630176204441526e+00 6.486060398513179281e-01
6.655964674748322096e+00 5.744833752211216948e-01
6.908782583105771202e+00 5.165879406374290772e-01
7.159060853508338873e+00 4.725108176365391821e-01
7.409414762591408632e+00 4.400280217804495297e-01
7.659227149364629561e+00 4.119967589158654575e-01
7.911559474606142395e+00 3.789339696118019241e-01
8.163750941790897997e+00 3.392866142356914527e-01
8.415757210439384295e+00 3.146826248345123700e-01
8.667638839289207198e+00 2.898997098720572096e-01
8.918801124864609520e+00 2.718745602178784249e-01
9.170480108345369530e+00 2.488757343091973218e-01
9.420566033467249412e+00 2.346301730765358307e-01
9.671642335271435797e+00 2.206708127474240055e-01
9.923426157758477473e+00 2.098967158942789957e-01
1.017396902749181820e+01 1.968770792430920014e-01
1.042533700753922155e+01 1.794700756331556180e-01
1.067702948358784276e+01 1.693026931225449783e-01
1.092969337256462303e+01 1.606007345967285505e-01
1.118211872033766419e+01 1.515229491094843006e-01
1.143346516925797296e+01 1.433124658549560781e-01
1.168350508557724687e+01 1.334280467207240584e-01
1.193379937775929100e+01 1.273980305715441408e-01
1.218553055762879112e+01 1.192538280667819889e-01
1.243711650801278878e+01 1.136498817885917834e-01
1.268867268647359303e+01 1.086380926134326574e-01
1.294075027177769144e+01 1.042245020346509454e-01
1.319267287020158363e+01 9.897180831015103819e-02
1.344470571782862756e+01 9.331115593167982336e-02
1.369480150283709641e+01 8.790084118121210821e-02
1.394591277066507828e+01 8.396538314367681111e-02
1.419764645764527167e+01 8.078149601369560839e-02
1.444766774168416212e+01 7.699337158780929224e-02
1.469906835825429070e+01 7.302648807740118320e-02
1.495059118111036511e+01 7.035030237524757257e-02
1.520261612590052991e+01 6.742531994174781607e-02
1.545415944503929495e+01 6.411015483292996364e-02
1.570456072545780124e+01 6.160235021904234692e-02
1.595705800128773966e+01 5.958124538521697433e-02
1.620829297830731619e+01 5.595621300365674622e-02
1.645966591028190962e+01 5.364168785697799591e-02
1.671125708846596325e+01 5.165628225759551911e-02
1.696160259490052624e+01 5.053429944357757525e-02
1.721370276108077135e+01 4.873487516377725953e-02
1.746543424102250341e+01 4.587736076588529166e-02
1.771598473288305442e+01 4.459258188618307750e-02
1.796653767411944003e+01 4.272436644902824487e-02
1.821765658501893270e+01 4.140561967678234312e-02
1.847053788120423334e+01 3.989704482672435520e-02
1.872257696809484173e+01 3.897295202391726221e-02
1.897394097105746269e+01 3.707506305277220165e-02
1.922542454726159988e+01 3.572639572045525902e-02
1.947607703355479103e+01 3.518362038833464794e-02
1.972678839839982601e+01 3.367523592299505319e-02
1.997802698857814363e+01 3.231064059155008134e-02
2.022863620534168660e+01 3.120268344653532797e-02
2.047969598507238231e+01 3.039708422171709043e-02
2.073250439107362553e+01 2.945047247371308449e-02
2.098435855211640089e+01 2.853609731247011561e-02
2.123502923393334640e+01 2.759037623109110438e-02
2.148629411178690773e+01 2.660004183200891797e-02
2.173831825513516591e+01 2.565066332282063891e-02
2.198972260956887226e+01 2.521262068119339492e-02
2.223974971000711420e+01 2.432946644929267002e-02
2.249141870643862973e+01 2.365766895002548512e-02
2.274404614890906373e+01 2.293697900328910827e-02
2.299521835768831579e+01 2.225877699830170267e-02
2.324620084136223852e+01 2.161653423800928217e-02
2.349757798664387209e+01 2.102804975852987784e-02
2.374870488118759937e+01 2.038243111238031632e-02
2.399988781917473091e+01 1.982346191118632833e-02
2.425071646049711305e+01 1.945246337362393704e-02
2.450187830577813841e+01 1.874710009737535696e-02
2.475391093216606109e+01 1.821270119017528999e-02
2.500524226975159792e+01 1.761692476988753128e-02
2.525610980153284402e+01 1.721985848209233241e-02
2.550801425092822328e+01 1.695044773807315858e-02
2.575943113325822864e+01 1.642852141074716693e-02
2.601074166866445125e+01 1.602304745569159763e-02
2.626234447079615464e+01 1.564813123441295348e-02
2.651347712943701751e+01 1.510088038327794119e-02
2.676474177984877656e+01 1.481513539803815116e-02
2.701628079430242479e+01 1.436349806187129687e-02
2.726734205837282232e+01 1.408206554333416190e-02
2.751837013544679422e+01 1.381429039852430374e-02
2.776937726815812724e+01 1.342698208252997120e-02
2.802070160973895341e+01 1.303035242241285668e-02
2.827249982643487058e+01 1.274593963729385437e-02
2.852407603869968966e+01 1.249944706462825100e-02
2.877567300468570721e+01 1.216744866009738212e-02
2.902733523039245256e+01 1.186909575996915843e-02
2.927861073083739996e+01 1.153277546465691049e-02
2.953003196193969160e+01 1.130181325151352785e-02
2.978106336846375157e+01 1.108603852905476993e-02
3.003148440777084716e+01 1.081060671138463734e-02
3.028303386126418673e+01 1.059596031473598703e-02
3.053456493440382857e+01 1.035410697091705169e-02
3.078585183944906944e+01 1.011014288478860775e-02
3.103757946070165730e+01 9.950185039605196138e-03
3.128931656795834826e+01 9.683625304267305320e-03
3.154125974608096428e+01 9.509964377884927433e-03
3.179158626791808828e+01 9.298677139124886942e-03
3.204196438636942190e+01 9.103384732738511315e-03
3.229344668057169798e+01 8.876341046159176573e-03
3.254489998018084407e+01 8.695852273680269862e-03
3.279660140319880668e+01 8.545872445612365947e-03
3.304772754686901237e+01 8.385423080394032933e-03
3.329949953441923327e+01 8.254898275259535748e-03
3.355173249539067371e+01 8.066241104415108540e-03
3.380235474142784824e+01 7.890966942055354857e-03
3.405292218889088218e+01 7.688131445827802585e-03
3.430455901572810262e+01 7.550120847759701423e-03
3.455605119154291316e+01 7.443939305051500664e-03
3.480708698418615654e+01 7.258513122662908768e-03
3.505823042281740243e+01 7.117010313534277537e-03
3.530983122122644602e+01 6.996455914411572885e-03
3.556111974160763367e+01 6.853997457796027343e-03
3.581195885960364933e+01 6.726244237030419744e-03
3.606348577968052638e+01 6.598358167612432094e-03
3.631495136683125935e+01 6.511054595487958049e-03
3.656646781331610185e+01 6.361797196624348512e-03
3.681800948534306173e+01 6.295636707429225730e-03
3.706942350460822411e+01 6.159551950436107509e-03
3.732119977997001570e+01 6.022795476835561546e-03
3.757249197135423202e+01 5.924237385055571362e-03
3.782324055213251057e+01 5.772812505644020140e-03
3.807430609684078604e+01 5.670263895695799687e-03
3.832526519371521090e+01 5.617297889539662678e-03
3.857704530181875668e+01 5.489977020520254818e-03
3.882896255048217427e+01 5.378170040439043433e-03
3.907976684424035341e+01 5.278436916982791847e-03
3.933085588900704010e+01 5.200651695884705474e-03
3.958184533965361140e+01 5.151088373954643140e-03
3.983320492881626507e+01 5.019555425606306472e-03
4.008506787586624398e+01 4.934579842219031197e-03
4.033569471078550350e+01 4.874622342621500945e-03
4.058701345074587863e+01 4.790379875668983496e-03
4.083916815834436420e+01 4.704796231529067424e-03
4.108978611092747713e+01 4.640146587628595463e-03
4.134119394692694271e+01 4.532152502062317297e-03
4.159372926482761557e+01 4.527819944462887006e-03
4.184480996230068683e+01 4.402803015656283833e-03
4.209495048714620680e+01 4.345682433794152526e-03
4.234568601474854432e+01 4.256786504496792682e-03
4.259794184898333214e+01 4.192224235952975511e-03
4.284922176444433717e+01 4.175204722249518073e-03
4.309982534096671003e+01 4.060135590047849428e-03
4.335153475414617930e+01 4.023608430298630627e-03
4.360374984514007224e+01 3.937520614282637686e-03
4.385432838732079830e+01 3.847184927195105002e-03
4.410529766549178277e+01 3.784375457553065293e-03
4.435675536456894008e+01 3.759367690711006189e-03
4.460756668584335927e+01 3.714592527283505554e-03
4.485812369927145937e+01 3.624795256615934332e-03
4.510933196139897206e+01 3.582399443915682425e-03
4.536097672816924131e+01 3.521286717068290370e-03
4.561261869099184452e+01 3.505155707920555325e-03
4.586346064304911607e+01 3.438254820596601483e-03
4.611435299895526185e+01 3.392799348702287693e-03
4.636610302009028572e+01 3.336232857382187122e-03
4.661726081402038346e+01 3.271531931350056804e-03
4.686748045926628237e+01 3.261591466561197979e-03
4.712001000143001761e+01 3.149415127995412473e-03
4.737334269293729960e+01 3.117806471909138812e-03
4.762357272554871912e+01 3.152006340822911725e-03
4.787295862859781437e+01 3.050587577573080512e-03
4.812686710231834297e+01 2.999239965402998326e-03
4.837988354528783930e+01 2.969629979471319695e-03
4.862698975964909209e+01 2.922676015256596253e-03
4.887931961662670233e+01 2.886020795673650222e-03
4.913512531690142282e+01 2.822482864896313278e-03
4.938486646957150583e+01 2.755861884901665473e-03
4.963073103205424985e+01 2.765548035742661486e-03
4.988316058859187763e+01 2.772222802774886464e-03
5.013927392651110893e+01 2.756726764973144433e-03
5.038898445289544270e+01 2.676732496579117479e-03
5.063791314200675941e+01 2.576630332394851553e-03
5.089234515763529032e+01 2.594841122685500722e-03
5.114529266359630810e+01 2.524331517376732486e-03
5.138952878242714206e+01 2.600198919258508469e-03
5.163945178601188246e+01 2.485833833888131950e-03
5.190206698624180603e+01 2.436316068563587969e-03
5.215590084722179398e+01 2.455050406499365272e-03
5.238680673191466042e+01 2.397650722298368120e-03
5.263532591009818873e+01 2.366144644562416174e-03
5.290823119436031874e+01 2.300126497031085120e-03
5.316882575050344428e+01 2.259555665753414100e-03
5.338513341050097694e+01 2.184394222636280164e-03
5.363212510227822349e+01 2.247000283608285159e-03
5.391615723351310407e+01 2.386977794400128340e-03
5.419187693011466678e+01 2.100284683130741216e-03
5.439722241285236493e+01 2.291014866822457634e-03
5.462806064877949552e+01 1.966800183202163828e-03
5.491241494336609463e+01 2.398385060332056031e-03
5.519421446932921782e+01 1.973066720359166297e-03
5.543046826972861396e+01 2.668885329239209861e-03
5.561137265256709128e+01 1.233783877401494573e-03
