3.559856489878782115e-01 5.011378483559937536e+02
6.031648866026231293e-01 1.844991029010994623e+02
8.579160745827347778e-01 9.272045500024307785e+01
1.113464310595710716e+00 4.982099521153547528e+01
1.374039914321364408e+00 3.083941730333957665e+01
1.619154704570298309e+00 1.974456616061107539e+01
1.870686673430271840e+00 1.262254211908936696e+01
2.123290040706380832e+00 1.084090806616930713e+01
2.378144976376236119e+00 8.038599856616180261e+00
2.630489925835516996e+00 6.210007275993056908e+00
2.878653162679494670e+00 5.099362219737743729e+00
3.131144366275339319e+00 3.895950306278439523e+00
3.388159578333816313e+00 3.253474471466564211e+00
3.638741848210948149e+00 2.693468479009468286e+00
3.888315910732085268e+00 2.372683178496189260e+00
4.139052155837465996e+00 1.975935409038220181e+00
4.390305777018236988e+00 1.731034584082628891e+00
4.642172339120373081e+00 1.438458853989059705e+00
4.894678666149941293e+00 1.262046002913515874e+00
5.147269052361176378e+00 1.166804299346398954e+00
5.398003206656323272e+00 1.015533738014841703e+00
5.647798235368590269e+00 9.135492373744286132e-01
5.900534302989873581e+00 8.010724386608381042e-01
6.151460297009074374e+00 7.149661649106597849e-01
6.402630176204441526e+00 6.428415707141181823e-01
6.655964674748322096e+00 5.948145127632137319e-01
6.908782583105771202e+00 5.367100202250494334e-01
7.159060853508338873e+00 4.912933583825980222e-01
7.409414762591408632e+00 4.287831745129426220e-01
7.659227149364629561e+00 4.108374901783030109e-01
7.911559474606142395e+00 3.790239120511921245e-01
8.163750941790897997e+00 3.421703584981002355e-01
8.415757210439384295e+00 3.228002767004524709e-01
8.667638839289207198e+00 2.923702693811188746e-01
8.918801124864609520e+00 2.699602370608153445e-01
9.170480108345369530e+00 2.524689841642509536e-01
9.420566033467249412e+00 2.352233249708377827e-01
9.671642335271435797e+00 2.190490140383920814e-01
9.923426157758477473e+00 2.039149412028567476e-01
1.017396902749181820e+01 1.921685517133371324e-01
1.042533700753922155e+01 1.789350592363854464e-01
1.067702948358784276e+01 1.711078573587676843e-01
1.092969337256462303e+01 1.617185024715430686e-01
1.118211872033766419e+01 1.480787639935425282e-01
1.143346516925797296e+01 1.429616081168843533e-01
1.168350508557724687e+01 1.354065163136193573e-01
1.193379937775929100e+01 1.285764986280797939e-01
1.218553055762879112e+01 1.211494009054335519e-01
1.243711650801278878e+01 1.158233411687260156e-01
1.268867268647359303e+01 1.064211229913436668e-01
1.294075027177769144e+01 1.026523796575621733e-01
1.319267287020158363e+01 9.628613735744598334e-02
1.344470571782862756e+01 9.284383095157362764e-02
1.369480150283709641e+01 8.794257953043585485e-02
1.394591277066507828e+01 8.496498088758153155e-02
1.419764645764527167e+01 8.022486712462767455e-02
1.444766774168416212e+01 7.772939044317678237e-02
1.469906835825429070e+01 7.269742882420346386e-02
1.495059118111036511e+01 7.016707077484779509e-02
1.520261612590052991e+01 6.711731070648521702e-02
1.545415944503929495e+01 6.475322923135168329e-02
1.570456072545780124e+01 6.129230834203575062e-02
1.595705800128773966e+01 5.970058992895686811e-02
1.620829297830731619e+01 5.697886474519864297e-02
1.645966591028190962e+01 5.436471925115669845e-02
1.671125708846596325e+01 5.233307188194769033e-02
1.696160259490052624e+01 4.990369591659091220e-02
1.721370276108077135e+01 4.780597226234957475e-02
1.746543424102250341e+01 4.647887952721360683e-02
1.771598473288305442e+01 4.493425940883013364e-02
1.796653767411944003e+01 4.302353443501624047e-02
1.821765658501893270e+01 4.117494134345837942e-02
1.847053788120423334e+01 3.994735246399908069e-02
1.872257696809484173e+01 3.833836876284135720e-02
1.897394097105746269e+01 3.732095802956297143e-02
1.922542454726159988e+01 3.618549430578928139e-02
1.947607703355479103e+01 3.473832952263824353e-02
1.972678839839982601e+01 3.358827122651963926e-02
1.997802698857814363e+01 3.258032709112018699e-02
2.022863620534168660e+01 3.138600063506872401e-02
2.047969598507238231e+01 3.024059820266282797e-02
2.073250439107362553e+01 2.929860988682793724e-02
2.098435855211640089e+01 2.830242870408157876e-02
2.123502923393334640e+01 2.747979623620453588e-02
2.148629411178690773e+01 2.666215796047841785e-02
2.173831825513516591e+01 2.584456543566950731e-02
2.198972260956887226e+01 2.517028001885562166e-02
2.223974971000711420e+01 2.419366088359639969e-02
2.249141870643862973e+01 2.362910858895527280e-02
2.274404614890906373e+01 2.292075417354178662e-02
2.299521835768831579e+01 2.225956544987979860e-02
2.324620084136223852e+01 2.154295759992828907e-02
2.349757798664387209e+01 2.107303015503849200e-02
2.374870488118759937e+01 2.055321013368277550e-02
2.399988781917473091e+01 1.981108088997160510e-02
2.425071646049711305e+01 1.934322223334433363e-02
2.450187830577813841e+01 1.878395422145899205e-02
2.475391093216606109e+01 1.817703310529576385e-02
2.500524226975159792e+01 1.766315516284400200e-02
2.525610980153284402e+01 1.736735872541494627e-02
2.550801425092822328e+01 1.684825581223826571e-02
2.575943113325822864e+01 1.629542812560259846e-02
2.601074166866445125e+01 1.585919636274071842e-02
2.626234447079615464e+01 1.547844341248009493e-02
2.651347712943701751e+01 1.515000586441725763e-02
2.676474177984877656e+01 1.478869718059192852e-02
2.701628079430242479e+01 1.445356250370123316e-02
2.726734205837282232e+01 1.408632601226824342e-02
2.751837013544679422e+01 1.380821507235351769e-02
2.776937726815812724e+01 1.339341705568818791e-02
2.802070160973895341e+01 1.302339046730889051e-02
2.827249982643487058e+01 1.278834433036524915e-02
2.852407603869968966e+01 1.249476785000016785e-02
2.877567300468570721e+01 1.221818332004796608e-02
2.902733523039245256e+01 1.190441788609659761e-02
2.927861073083739996e+01 1.156680559188687403e-02
2.953003196193969160e+01 1.139385879911364481e-02
2.978106336846375157e+01 1.112236091936416420e-02
3.003148440777084716e+01 1.079569566985951780e-02
3.028303386126418673e+01 1.063806565760304877e-02
3.053456493440382857e+01 1.039789019381832935e-02
3.078585183944906944e+01 1.012390161088366075e-02
3.103757946070165730e+01 9.890761050383023792e-03
3.128931656795834826e+01 9.670653318105893598e-03
3.154125974608096428e+01 9.458871869458252563e-03
3.179158626791808828e+01 9.246890325048414197e-03
3.204196438636942190e+01 9.145505605225505083e-03
3.229344668057169798e+01 8.893871074850956404e-03
3.254489998018084407e+01 8.707963117189729263e-03
3.279660140319880668e+01 8.595172347771979499e-03
3.304772754686901237e+01 8.321388738815852990e-03
3.329949953441923327e+01 8.183418692248390150e-03
3.355173249539067371e+01 8.024932304992401372e-03
3.380235474142784824e+01 7.869570535117234589e-03
3.405292218889088218e+01 7.723484730943057895e-03
3.430455901572810262e+01 7.602053856932674235e-03
3.455605119154291316e+01 7.456397962781832582e-03
3.480708698418615654e+01 7.305419402327604020e-03
3.505823042281740243e+01 7.139578714862401636e-03
3.530983122122644602e+01 6.992585424889306844e-03
3.556111974160763367e+01 6.849691226853941647e-03
3.581195885960364933e+01 6.711888422592088115e-03
3.606348577968052638e+01 6.641114322768588811e-03
3.631495136683125935e+01 6.482401654718129153e-03
3.656646781331610185e+01 6.380448766149906040e-03
3.681800948534306173e+01 6.240990796668613970e-03
3.706942350460822411e+01 6.142613053755846021e-03
3.732119977997001570e+01 6.014448350747529475e-03
3.757249197135423202e+01 5.925169982105901040e-03
3.782324055213251057e+01 5.784832082609196562e-03
3.807430609684078604e+01 5.699737520469236145e-03
3.832526519371521090e+01 5.582652261011088191e-03
3.857704530181875668e+01 5.501202055649640453e-03
3.882896255048217427e+01 5.363858652957562145e-03
3.907976684424035341e+01 5.346418884522468641e-03
3.933085588900704010e+01 5.226764754474417032e-03
3.958184533965361140e+01 5.122060469301758373e-03
3.983320492881626507e+01 5.060906692828178073e-03
4.008506787586624398e+01 4.939657140835007794e-03
4.033569471078550350e+01 4.881459609653915344e-03
4.058701345074587863e+01 4.790805554634501931e-03
4.083916815834436420e+01 4.712134706341455578e-03
4.108978611092747713e+01 4.656650276600298247e-03
4.134119394692694271e+01 4.579339178688626374e-03
4.159372926482761557e+01 4.480316610124493275e-03
4.184480996230068683e+01 4.391409508533861486e-03
4.209495048714620680e+01 4.337693592196072666e-03
4.234568601474854432e+01 4.275758075338712862e-03
4.259794184898333214e+01 4.192417361759137769e-03
4.284922176444433717e+01 4.145202178691095515e-03
4.309982534096671003e+01 4.061545464009536262e-03
4.335153475414617930e+01 4.011062098740634727e-03
4.360374984514007224e+01 3.919323589190657799e-03
4.385432838732079830e+01 3.900304056032933772e-03
4.410529766549178277e+01 3.842533664786043895e-03
4.435675536456894008e+01 3.783295454869073718e-03
4.460756668584335927e+01 3.734681680048380567e-03
4.485812369927145937e+01 3.640174470650895354e-03
4.510933196139897206e+01 3.571769173639079489e-03
4.536097672816924131e+01 3.531011209297059417e-03
4.561261869099184452e+01 3.460157750803541463e-03
4.586346064304911607e+01 3.448249453528582763e-03
4.611435299895526185e+01 3.371557174227962639e-03
4.636610302009028572e+01 3.302421744112280736e-03
4.661726081402038346e+01 3.300899993608334866e-03
4.686748045926628237e+01 3.242984313401260643e-03
4.712001000143001761e+01 3.203615685814434257e-03
4.737334269293729960e+01 3.130515418327575218e-03
4.762357272554871912e+01 3.087828458659144879e-03
4.787295862859781437e+01 3.021379057913985925e-03
4.812686710231834297e+01 2.995524222617214002e-03
4.837988354528783930e+01 2.991662219684189210e-03
4.862698975964909209e+01 2.878063116260784569e-03
4.887931961662670233e+01 2.883826512652480720e-03
4.913512531690142282e+01 2.889379515800330044e-03
4.938486646957150583e+01 2.747390810912290170e-03
4.963073103205424985e+01 2.722164818637285138e-03
4.988316058859187763e+01 2.735410575727818903e-03
5.013927392651110893e+01 2.667035753553503776e-03
5.038898445289544270e+01 2.665545151700999052e-03
5.063791314200675941e+01 2.598563349243338590e-03
5.089234515763529032e+01 2.515439089225868837e-03
5.114529266359630810e+01 2.586795190876819365e-03
5.138952878242714206e+01 2.514869320439477342e-03
5.163945178601188246e+01 2.466627564133938664e-03
5.190206698624180603e+01 2.391498312654595070e-03
5.215590084722179398e+01 2.402060002202975348e-03
5.238680673191466042e+01 2.225830614172228956e-03
5.263532591009818873e+01 2.366297576918843272e-03
5.290823119436031874e+01 2.207860019649741760e-03
5.316882575050344428e+01 2.333828726397202402e-03
5.338513341050097694e+01 2.390264808189906508e-03
5.363212510227822349e+01 2.191842721860397681e-03
5.391615723351310407e+01 2.375282772074795417e-03
5.419187693011466678e+01 2.351300210333809575e-03
5.439722241285236493e+01 2.101234284860691460e-03
5.462806064877949552e+01 1.965103297978643224e-03
5.491241494336609463e+01 2.368497022531285221e-03
5.519421446932921782e+01 2.185508953717303984e-03
5.543046826972861396e+01 1.515074149018311948e-03
5.561137265256709128e+01 2.330644845454791884e-03
