3.559856489878782115e-01 7.467248291183075253e+02
6.031648866026231293e-01 2.406708186610433700e+02
8.579160745827347778e-01 9.390488684628999749e+01
1.113464310595710716e+00 5.525307852617292070e+01
1.374039914321364408e+00 3.227022868171798109e+01
1.619154704570298309e+00 2.023017385269872292e+01
1.870686673430271840e+00 1.538010766940972296e+01
2.123290040706380832e+00 1.126737554773848160e+01
2.378144976376236119e+00 7.744498269321383965e+00
2.630489925835516996e+00 5.797563503563909926e+00
2.878653162679494670e+00 4.699518343982369117e+00
3.131144366275339319e+00 3.964486773087293692e+00
3.388159578333816313e+00 3.285626628418680806e+00
3.638741848210948149e+00 2.773303636926132132e+00
3.888315910732085268e+00 2.389941719048174207e+00
4.139052155837465996e+00 1.970535290252041882e+00
4.390305777018236988e+00 1.718742806989077998e+00
4.642172339120373081e+00 1.425749854704328579e+00
4.894678666149941293e+00 1.262925559635521111e+00
5.147269052361176378e+00 1.128320113991959417e+00
5.398003206656323272e+00 9.496535974733393282e-01
5.647798235368590269e+00 8.593701820197675589e-01
5.900534302989873581e+00 7.882671387736956969e-01
6.151460297009074374e+00 7.389831590861337673e-01
6.402630176204441526e+00 6.454211763265168544e-01
6.655964674748322096e+00 5.735208806878048238e-01
6.908782583105771202e+00 5.126905466224472852e-01
7.159060853508338873e+00 4.760225726875921826e-01
7.409414762591408632e+00 4.345711071424188665e-01
7.659227149364629561e+00 4.029825955918255875e-01
7.911559474606142395e+00 3.744310351130477055e-01
8.163750941790897997e+00 3.516935953910910184e-01
8.415757210439384295e+00 3.185578560580393792e-01
8.667638839289207198e+00 2.974356486780260211e-01
8.918801124864609520e+00 2.734019450452067623e-01
9.170480108345369530e+00 2.528242165581653378e-01
9.420566033467249412e+00 2.331930702743167938e-01
9.671642335271435797e+00 2.165514272836648324e-01
9.923426157758477473e+00 2.044678492302239581e-01
1.017396902749181820e+01 1.945645208377628221e-01
1.042533700753922155e+01 1.814642601373846476e-01
1.067702948358784276e+01 1.743582208886650942e-01
1.092969337256462303e+01 1.598660373064534068e-01
1.118211872033766419e+01 1.532168890865551747e-01
1.143346516925797296e+01 1.431686356800281890e-01
1.168350508557724687e+01 1.341762568950179424e-01
1.193379937775929100e+01 1.282994757627440308e-01
1.218553055762879112e+01 1.210215829482128025e-01
1.243711650801278878e+01 1.142579740151215967e-01
1.268867268647359303e+01 1.074568969063788293e-01
1.294075027177769144e+01 1.037146900233214125e-01
1.319267287020158363e+01 9.841588730040165545e-02
1.344470571782862756e+01 9.255796113245685908e-02
1.369480150283709641e+01 8.786087397838587831e-02
1.394591277066507828e+01 8.437110552233362259e-02
1.419764645764527167e+01 8.143050507008268990e-02
1.444766774168416212e+01 7.687796176545622084e-02
1.469906835825429070e+01 7.251224964581323706e-02
1.495059118111036511e+01 6.991422915118752912e-02
1.520261612590052991e+01 6.728039595991852639e-02
1.545415944503929495e+01 6.470903505672027933e-02
1.570456072545780124e+01 6.184050010070617220e-02
1.595705800128773966e+01 5.937633380454813981e-02
1.620829297830731619e+01 5.671483590327543872e-02
1.645966591028190962e+01 5.426914831554463525e-02
1.671125708846596325e+01 5.231685149253597483e-02
1.696160259490052624e+01 4.985996728763081309e-02
1.721370276108077135e+01 4.835165049289063405e-02
1.746543424102250341e+01 4.643874530183678823e-02
1.771598473288305442e+01 4.456186670327803162e-02
1.796653767411944003e+01 4.324359620924205644e-02
1.821765658501893270e+01 4.169416295509364989e-02
1.847053788120423334e+01 4.012073200536857287e-02
1.872257696809484173e+01 3.878285346174225462e-02
1.897394097105746269e+01 3.743399686945370758e-02
1.922542454726159988e+01 3.594302680052993693e-02
1.947607703355479103e+01 3.485229098663662761e-02
1.972678839839982601e+01 3.367934726028848358e-02
1.997802698857814363e+01 3.239011162263524812e-02
2.022863620534168660e+01 3.141197400203755291e-02
2.047969598507238231e+01 3.059643859315111167e-02
2.073250439107362553e+01 2.904035784848296026e-02
2.098435855211640089e+01 2.853170132732442410e-02
2.123502923393334640e+01 2.759431580584432650e-02
2.148629411178690773e+01 2.687508378896513381e-02
2.173831825513516591e+01 2.579627712632485970e-02
2.198972260956887226e+01 2.528485748001797762e-02
2.223974971000711420e+01 2.429592757381785276e-02
2.249141870643862973e+01 2.366193427119588077e-02
2.274404614890906373e+01 2.292910006142280521e-02
2.299521835768831579e+01 2.218123344482728770e-02
2.324620084136223852e+01 2.150296863869544106e-02
2.349757798664387209e+01 2.122906399840554861e-02
2.374870488118759937e+01 2.033306412402458366e-02
2.399988781917473091e+01 1.978505388999242040e-02
2.425071646049711305e+01 1.937527204023992144e-02
2.450187830577813841e+01 1.870057510138990742e-02
2.475391093216606109e+01 1.831288283111477677e-02
2.500524226975159792e+01 1.771516062548453285e-02
2.525610980153284402e+01 1.735165110129761531e-02
2.550801425092822328e+01 1.690602677829189035e-02
2.575943113325822864e+01 1.653444249399065383e-02
2.601074166866445125e+01 1.601519683557031670e-02
2.626234447079615464e+01 1.562936578662461190e-02
2.651347712943701751e+01 1.518689464546202003e-02
2.676474177984877656e+01 1.487171504160001573e-02
2.701628079430242479e+01 1.452375392732010648e-02
2.726734205837282232e+01 1.418207588617683736e-02
2.751837013544679422e+01 1.375228604928566654e-02
2.776937726815812724e+01 1.339944555955191463e-02
2.802070160973895341e+01 1.312369031445588183e-02
2.827249982643487058e+01 1.272611628892178492e-02
2.852407603869968966e+01 1.248360785745392457e-02
2.877567300468570721e+01 1.220630584067684647e-02
2.902733523039245256e+01 1.196300642156630789e-02
2.927861073083739996e+01 1.164511745415431135e-02
2.953003196193969160e+01 1.143383913395333400e-02
2.978106336846375157e+01 1.112843976315453995e-02
3.003148440777084716e+01 1.084679545745601513e-02
3.028303386126418673e+01 1.057701058562670812e-02
3.053456493440382857e+01 1.036383123869190521e-02
3.078585183944906944e+01 1.018774133760140012e-02
3.103757946070165730e+01 9.868526504542396438e-03
3.128931656795834826e+01 9.756711107854736803e-03
3.154125974608096428e+01 9.490736119971761309e-03
3.179158626791808828e+01 9.261588379457058942e-03
3.204196438636942190e+01 9.122650902829923178e-03
3.229344668057169798e+01 8.922908821437716687e-03
3.254489998018084407e+01 8.697904048325145326e-03
3.279660140319880668e+01 8.499027251980014255e-03
3.304772754686901237e+01 8.312603048179059706e-03
3.329949953441923327e+01 8.179173201480151659e-03
3.355173249539067371e+01 8.004751127954741474e-03
3.380235474142784824e+01 7.884518423610351739e-03
3.405292218889088218e+01 7.696631547212283951e-03
3.430455901572810262e+01 7.536731467310168499e-03
3.455605119154291316e+01 7.388719892820473124e-03
3.480708698418615654e+01 7.298045436837817188e-03
3.505823042281740243e+01 7.135179390991599514e-03
3.530983122122644602e+01 7.016691964959084239e-03
3.556111974160763367e+01 6.824454734560310779e-03
3.581195885960364933e+01 6.764666283724752802e-03
3.606348577968052638e+01 6.576708691507577448e-03
3.631495136683125935e+01 6.497510744831810556e-03
3.656646781331610185e+01 6.359763414089391297e-03
3.681800948534306173e+01 6.234392170477926105e-03
3.706942350460822411e+01 6.154550321428293655e-03
3.732119977997001570e+01 6.000801810397686509e-03
3.757249197135423202e+01 5.933692427560762796e-03
3.782324055213251057e+01 5.776007420268873191e-03
3.807430609684078604e+01 5.692073514256018596e-03
3.832526519371521090e+01 5.568546705207062623e-03
3.857704530181875668e+01 5.492017135268893388e-03
3.882896255048217427e+01 5.405687007778971209e-03
3.907976684424035341e+01 5.303889405009211931e-03
3.933085588900704010e+01 5.223212456220864552e-03
3.958184533965361140e+01 5.163733927306468803e-03
3.983320492881626507e+01 5.039775246980413362e-03
4.008506787586624398e+01 4.973762022141734254e-03
4.033569471078550350e+01 4.867019634345408872e-03
4.058701345074587863e+01 4.762421833029219578e-03
4.083916815834436420e+01 4.713963156917833595e-03
4.108978611092747713e+01 4.597345225417858068e-03
4.134119394692694271e+01 4.541934357089492599e-03
4.159372926482761557e+01 4.468428873870458617e-03
4.184480996230068683e+01 4.409011877308494955e-03
4.209495048714620680e+01 4.349775366093796940e-03
4.234568601474854432e+01 4.285070700655280521e-03
4.259794184898333214e+01 4.187820648919343691e-03
4.284922176444433717e+01 4.155036635653567081e-03
4.309982534096671003e+01 4.098070283733212804e-03
4.335153475414617930e+01 4.000668879081755933e-03
4.360374984514007224e+01 3.920909615379529652e-03
4.385432838732079830e+01 3.864434117597102120e-03
4.410529766549178277e+01 3.778391634015809773e-03
4.435675536456894008e+01 3.708133191426053570e-03
4.460756668584335927e+01 3.680616235832916399e-03
4.485812369927145937e+01 3.653797184088112236e-03
4.510933196139897206e+01 3.583941256344654481e-03
4.536097672816924131e+01 3.541583361727270157e-03
4.561261869099184452e+01 3.456007041384844426e-03
4.586346064304911607e+01 3.448987295367146252e-03
4.611435299895526185e+01 3.395164999338149987e-03
4.636610302009028572e+01 3.339900689608060573e-03
4.661726081402038346e+01 3.280009127870889621e-03
4.686748045926628237e+01 3.244107598810019345e-03
4.712001000143001761e+01 3.152833423722953710e-03
4.737334269293729960e+01 3.121935556470086318e-03
4.762357272554871912e+01 3.128888236382689706e-03
4.787295862859781437e+01 3.038338823694809645e-03
4.812686710231834297e+01 3.009895155805313374e-03
4.837988354528783930e+01 2.968830907009056830e-03
4.862698975964909209e+01 2.948226457283554744e-03
4.887931961662670233e+01 2.864646652434617389e-03
4.913512531690142282e+01 2.831399468682143077e-03
4.938486646957150583e+01 2.766529828015618087e-03
4.963073103205424985e+01 2.715400591801429668e-03
4.988316058859187763e+01 2.765036080209778285e-03
5.013927392651110893e+01 2.688766424659076986e-03
5.038898445289544270e+01 2.617504200830599644e-03
5.063791314200675941e+01 2.552183587967832377e-03
5.089234515763529032e+01 2.582192290473997801e-03
5.114529266359630810e+01 2.557858935706612113e-03
5.138952878242714206e+01 2.484793664401891040e-03
5.163945178601188246e+01 2.484160415261953310e-03
5.190206698624180603e+01 2.476669156741211075e-03
5.215590084722179398e+01 2.433185992655038064e-03
5.238680673191466042e+01 2.416235741109548380e-03
5.263532591009818873e+01 2.290997818491278138e-03
5.290823119436031874e+01 2.380248405650551950e-03
5.316882575050344428e+01 2.278326255690641192e-03
5.338513341050097694e+01 2.167579224318999780e-03
5.363212510227822349e+01 2.279019488328390495e-03
5.391615723351310407e+01 2.235160866258104669e-03
5.419187693011466678e+01 2.246424547757804729e-03
5.439722241285236493e+01 2.133452428794497396e-03
5.462806064877949552e+01 2.060319831631700262e-03
5.491241494336609463e+01 1.854806028224257426e-03
5.519421446932921782e+01 2.013639357716855930e-03
5.543046826972861396e+01 2.179725943160277287e-03
5.561137265256709128e+01 2.137449958082154010e-03
