3.559856489878782115e-01 5.571996067710455236e+02
6.031648866026231293e-01 2.100695040008129126e+02
8.579160745827347778e-01 8.787683209756043823e+01
1.113464310595710716e+00 4.589836118545368038e+01
1.374039914321364408e+00 2.952524589952492207e+01
1.619154704570298309e+00 1.884109482871945573e+01
1.870686673430271840e+00 1.406484085916810400e+01
2.123290040706380832e+00 1.031603037695986202e+01
2.378144976376236119e+00 8.188727646570582053e+00
2.630489925835516996e+00 6.114227356558918025e+00
2.878653162679494670e+00 5.013292745061669109e+00
3.131144366275339319e+00 4.175736457087339204e+00
3.388159578333816313e+00 3.167090803168215007e+00
3.638741848210948149e+00 2.801204674066900768e+00
3.888315910732085268e+00 2.278944615853214284e+00
4.139052155837465996e+00 1.946085543988254507e+00
4.390305777018236988e+00 1.677407805090558535e+00
4.642172339120373081e+00 1.489151194055129857e+00
4.894678666149941293e+00 1.321893699222862484e+00
5.147269052361176378e+00 1.121794327911458389e+00
5.398003206656323272e+00 1.012172127015562584e+00
5.647798235368590269e+00 9.012862875700669019e-01
5.900534302989873581e+00 7.973345103542968104e-01
6.151460297009074374e+00 7.000592590515057889e-01
6.402630176204441526e+00 6.456550623100196784e-01
6.655964674748322096e+00 5.940278316940887926e-01
6.908782583105771202e+00 5.237838254806411742e-01
7.159060853508338873e+00 4.766048520431346858e-01
7.409414762591408632e+00 4.480287407917424303e-01
7.659227149364629561e+00 4.048902019162252675e-01
7.911559474606142395e+00 3.736871906595306547e-01
8.163750941790897997e+00 3.504656169572109015e-01
8.415757210439384295e+00 3.186699108565050897e-01
8.667638839289207198e+00 2.965519087999783365e-01
8.918801124864609520e+00 2.696786311760163701e-01
9.170480108345369530e+00 2.595746871751964946e-01
9.420566033467249412e+00 2.368721573670773406e-01
9.671642335271435797e+00 2.217663574000620919e-01
9.923426157758477473e+00 2.031589040732644791e-01
1.017396902749181820e+01 1.917257323958042881e-01
1.042533700753922155e+01 1.798125753307994179e-01
1.067702948358784276e+01 1.694925806637204435e-01
1.092969337256462303e+01 1.632074753914779797e-01
1.118211872033766419e+01 1.520694444358339226e-01
1.143346516925797296e+01 1.441055290840595193e-01
1.168350508557724687e+01 1.367722233959018097e-01
1.193379937775929100e+01 1.288744643737834150e-01
1.218553055762879112e+01 1.184283228300816726e-01
1.243711650801278878e+01 1.147594853753967498e-01
1.268867268647359303e+01 1.086009210475809422e-01
1.294075027177769144e+01 1.023243217295909391e-01
1.319267287020158363e+01 9.796848607477294524e-02
1.344470571782862756e+01 9.265477226347496043e-02
1.369480150283709641e+01 8.877332383642312641e-02
1.394591277066507828e+01 8.389145273017344084e-02
1.419764645764527167e+01 8.094223385172828744e-02
1.444766774168416212e+01 7.527153596030898564e-02
1.469906835825429070e+01 7.408342698577646823e-02
1.495059118111036511e+01 6.988389750606491257e-02
1.520261612590052991e+01 6.697084952059900731e-02
1.545415944503929495e+01 6.398316613796121988e-02
1.570456072545780124e+01 6.238758731978531064e-02
1.595705800128773966e+01 5.905067762492743899e-02
1.620829297830731619e+01 5.691699565811954992e-02
1.645966591028190962e+01 5.488942560058307496e-02
1.671125708846596325e+01 5.239737385334915232e-02
1.696160259490052624e+01 5.048139770705107471e-02
1.721370276108077135e+01 4.862838291889627629e-02
1.746543424102250341e+01 4.655322056047044021e-02
1.771598473288305442e+01 4.448127269245490123e-02
1.796653767411944003e+01 4.294702270710845649e-02
1.821765658501893270e+01 4.102325956514529109e-02
1.847053788120423334e+01 3.988313829025363216e-02
1.872257696809484173e+01 3.858255997082359057e-02
1.897394097105746269e+01 3.732021615366586109e-02
1.922542454726159988e+01 3.559251236517431416e-02
1.947607703355479103e+01 3.457214474176865948e-02
1.972678839839982601e+01 3.326511692298414480e-02
1.997802698857814363e+01 3.236110988606425570e-02
2.022863620534168660e+01 3.114548797866290367e-02
2.047969598507238231e+01 3.030125636412377144e-02
2.073250439107362553e+01 2.939920087205834601e-02
2.098435855211640089e+01 2.861675716778967413e-02
2.123502923393334640e+01 2.764965986885030771e-02
2.148629411178690773e+01 2.633301770258478225e-02
2.173831825513516591e+01 2.586218652757547518e-02
2.198972260956887226e+01 2.521375813676902250e-02
2.223974971000711420e+01 2.407298887627395620e-02
2.249141870643862973e+01 2.372095118393262661e-02
2.274404614890906373e+01 2.292023797906932864e-02
2.299521835768831579e+01 2.229251521375214679e-02
2.324620084136223852e+01 2.142906633970631872e-02
2.349757798664387209e+01 2.089637762229164947e-02
2.374870488118759937e+01 2.046858511725694815e-02
2.399988781917473091e+01 1.990877106153971995e-02
2.425071646049711305e+01 1.938483943883453561e-02
2.450187830577813841e+01 1.879220675332898133e-02
2.475391093216606109e+01 1.838031805289416093e-02
2.500524226975159792e+01 1.771947386142245714e-02
2.525610980153284402e+01 1.730672042625126111e-02
2.550801425092822328e+01 1.688645168382932674e-02
2.575943113325822864e+01 1.642977592876214421e-02
2.601074166866445125e+01 1.600026513463886912e-02
2.626234447079615464e+01 1.551692928269398676e-02
2.651347712943701751e+01 1.513375775375487391e-02
2.676474177984877656e+01 1.481240985486609492e-02
2.701628079430242479e+01 1.444117424208702163e-02
2.726734205837282232e+01 1.415027269153330824e-02
2.751837013544679422e+01 1.374292231737807984e-02
2.776937726815812724e+01 1.333826360602444021e-02
2.802070160973895341e+01 1.308234946713104051e-02
2.827249982643487058e+01 1.276798455795224649e-02
2.852407603869968966e+01 1.244060610225342436e-02
2.877567300468570721e+01 1.220200786468176625e-02
2.902733523039245256e+01 1.189924409752349255e-02
2.927861073083739996e+01 1.161476532916610495e-02
2.953003196193969160e+01 1.132005058131319714e-02
2.978106336846375157e+01 1.105652628045590558e-02
3.003148440777084716e+01 1.083188955680105051e-02
3.028303386126418673e+01 1.065612885483831380e-02
3.053456493440382857e+01 1.030490563481578289e-02
3.078585183944906944e+01 1.007436636739266790e-02
3.103757946070165730e+01 9.992873680878163953e-03
3.128931656795834826e+01 9.679454388752624372e-03
3.154125974608096428e+01 9.498278269958278577e-03
3.179158626791808828e+01 9.338703293522094065e-03
3.204196438636942190e+01 9.112405318786469949e-03
3.229344668057169798e+01 8.861306874794890390e-03
3.254489998018084407e+01 8.703580561973541310e-03
3.279660140319880668e+01 8.524677095254406395e-03
3.304772754686901237e+01 8.380420596431285840e-03
3.329949953441923327e+01 8.210781078801458743e-03
3.355173249539067371e+01 8.051037027414737618e-03
3.380235474142784824e+01 7.888099556536638801e-03
3.405292218889088218e+01 7.698220989865073999e-03
3.430455901572810262e+01 7.568813280381513769e-03
3.455605119154291316e+01 7.376320629188087494e-03
3.480708698418615654e+01 7.279023016534521932e-03
3.505823042281740243e+01 7.144681859647647286e-03
3.530983122122644602e+01 7.017290536766268398e-03
3.556111974160763367e+01 6.877851345871385282e-03
3.581195885960364933e+01 6.728795705779735091e-03
3.606348577968052638e+01 6.606095095569080623e-03
3.631495136683125935e+01 6.493522003546107688e-03
3.656646781331610185e+01 6.386695869947951743e-03
3.681800948534306173e+01 6.254088583698606471e-03
3.706942350460822411e+01 6.120910812394734189e-03
3.732119977997001570e+01 6.029260598068473045e-03
3.757249197135423202e+01 5.913738874421002600e-03
3.782324055213251057e+01 5.808690378802962989e-03
3.807430609684078604e+01 5.692248213274722982e-03
3.832526519371521090e+01 5.589906565648023601e-03
3.857704530181875668e+01 5.513548671953939599e-03
3.882896255048217427e+01 5.389290420730086760e-03
3.907976684424035341e+01 5.305339906346859605e-03
3.933085588900704010e+01 5.203603814487367529e-03
3.958184533965361140e+01 5.123707108673680212e-03
3.983320492881626507e+01 5.048347471530653836e-03
4.008506787586624398e+01 4.940839698830553142e-03
4.033569471078550350e+01 4.900117640274828656e-03
4.058701345074587863e+01 4.821475457479145257e-03
4.083916815834436420e+01 4.678324625814108198e-03
4.108978611092747713e+01 4.641908662983514587e-03
4.134119394692694271e+01 4.552848634440612857e-03
4.159372926482761557e+01 4.456716727070323542e-03
4.184480996230068683e+01 4.411753741720451580e-03
4.209495048714620680e+01 4.328435920283468623e-03
4.234568601474854432e+01 4.257096293656221879e-03
4.259794184898333214e+01 4.190696630364259753e-03
4.284922176444433717e+01 4.138568704265400792e-03
4.309982534096671003e+01 4.082500052737686805e-03
4.335153475414617930e+01 3.985634454077197769e-03
4.360374984514007224e+01 3.916920274720888349e-03
4.385432838732079830e+01 3.885108905130995292e-03
4.410529766549178277e+01 3.820493723222388987e-03
4.435675536456894008e+01 3.764723229145402507e-03
4.460756668584335927e+01 3.674259862037357327e-03
4.485812369927145937e+01 3.616087375703390741e-03
4.510933196139897206e+01 3.609518804918659864e-03
4.536097672816924131e+01 3.563201889770595526e-03
4.561261869099184452e+01 3.464626329343214756e-03
4.586346064304911607e+01 3.455519369823864453e-03
4.611435299895526185e+01 3.391266142762175331e-03
4.636610302009028572e+01 3.317490609186903375e-03
4.661726081402038346e+01 3.298545623829099872e-03
4.686748045926628237e+01 3.220126364466082986e-03
4.712001000143001761e+01 3.199289462251652880e-03
4.737334269293729960e+01 3.157337505707458192e-03
4.762357272554871912e+01 3.137406403325258310e-03
4.787295862859781437e+01 3.067305702982808021e-03
4.812686710231834297e+01 2.973362287313565961e-03
4.837988354528783930e+01 2.928828022063975287e-03
4.862698975964909209e+01 2.933424914707023247e-03
4.887931961662670233e+01 2.857836479878850516e-03
4.913512531690142282e+01 2.906418364931462241e-03
4.938486646957150583e+01 2.798784429322029657e-03
4.963073103205424985e+01 2.730804090346693538e-03
4.988316058859187763e+01 2.681119295183861332e-03
5.013927392651110893e+01 2.683392960697185588e-03
5.038898445289544270e+01 2.719018848244143891e-03
5.063791314200675941e+01 2.652059498667453698e-03
5.089234515763529032e+01 2.628747239882702966e-03
5.114529266359630810e+01 2.575129628307258872e-03
5.138952878242714206e+01 2.551799829067762787e-03
5.163945178601188246e+01 2.486138750514133196e-03
5.190206698624180603e+01 2.525500417914189333e-03
5.215590084722179398e+01 2.421308106251731859e-03
5.238680673191466042e+01 2.395041096600285593e-03
5.263532591009818873e+01 2.298581692861038136e-03
5.290823119436031874e+01 2.408448048560802180e-03
5.316882575050344428e+01 2.266413375802630876e-03
5.338513341050097694e+01 2.323049932642765308e-03
5.363212510227822349e+01 2.273331244441362947e-03
5.391615723351310407e+01 2.290055291931823375e-03
5.419187693011466678e+01 2.205170680438153525e-03
5.439722241285236493e+01 1.761909697766565752e-03
5.462806064877949552e+01 2.017548903170699771e-03
5.491241494336609463e+01 2.067583842703062721e-03
5.519421446932921782e+01 1.988656006460750442e-03
5.543046826972861396e+01 2.561598010739737658e-03
5.561137265256709128e+01 2.746133054191203168e-03
