3.559856489878782115e-01 8.052805527142168103e+02
6.031648866026231293e-01 2.149914419374951819e+02
8.579160745827347778e-01 9.289894923649919178e+01
1.113464310595710716e+00 5.476698996620962845e+01
1.374039914321364408e+00 3.057178962656383092e+01
1.619154704570298309e+00 2.092550898818409877e+01
1.870686673430271840e+00 1.575645997738034509e+01
2.123290040706380832e+00 1.053975000097435988e+01
2.378144976376236119e+00 7.534072454485492898e+00
2.630489925835516996e+00 5.757958132065519763e+00
2.878653162679494670e+00 4.767429700007479454e+00
3.131144366275339319e+00 4.202369408420420172e+00
3.388159578333816313e+00 3.289661799527320962e+00
3.638741848210948149e+00 2.751725216547060704e+00
3.888315910732085268e+00 2.436684514911587218e+00
4.139052155837465996e+00 1.952330939918601294e+00
4.390305777018236988e+00 1.719816629111642348e+00
4.642172339120373081e+00 1.481066482761687730e+00
4.894678666149941293e+00 1.328424968484672730e+00
5.147269052361176378e+00 1.159863906426077396e+00
5.398003206656323272e+00 1.029086446452058601e+00
5.647798235368590269e+00 8.791102990015987606e-01
5.900534302989873581e+00 7.906447275961294707e-01
6.151460297009074374e+00 7.249519005627332868e-01
6.402630176204441526e+00 6.391716014275117264e-01
6.655964674748322096e+00 5.900921508132939142e-01
6.908782583105771202e+00 5.174820351922415629e-01
7.159060853508338873e+00 4.892958475302134902e-01
7.409414762591408632e+00 4.389611241954016752e-01
7.659227149364629561e+00 4.084399456800386075e-01
7.911559474606142395e+00 3.702737282333549151e-01
8.163750941790897997e+00 3.477524095764632506e-01
8.415757210439384295e+00 3.209519876775870917e-01
8.667638839289207198e+00 2.980968295595442519e-01
8.918801124864609520e+00 2.769711664918385052e-01
9.170480108345369530e+00 2.527307015012942304e-01
9.420566033467249412e+00 2.392382860061577077e-01
9.671642335271435797e+00 2.189197627059563389e-01
9.923426157758477473e+00 2.037622757730479517e-01
1.017396902749181820e+01 1.957488666124432009e-01
1.042533700753922155e+01 1.810976995496087205e-01
1.067702948358784276e+01 1.683627438482608596e-01
1.092969337256462303e+01 1.610932403096124732e-01
1.118211872033766419e+01 1.521122283020642230e-01
1.143346516925797296e+01 1.434462236939162971e-01
1.168350508557724687e+01 1.354562654405930266e-01
1.193379937775929100e+01 1.272446326692064922e-01
1.218553055762879112e+01 1.210030012610725653e-01
1.243711650801278878e+01 1.149847200676482328e-01
1.268867268647359303e+01 1.083850526820320931e-01
1.294075027177769144e+01 1.029099904852371905e-01
1.319267287020158363e+01 9.781385143882390110e-02
1.344470571782862756e+01 9.197708127430326286e-02
1.369480150283709641e+01 8.864634133932836058e-02
1.394591277066507828e+01 8.376161739518393767e-02
1.419764645764527167e+01 7.974376968141981548e-02
1.444766774168416212e+01 7.773274705320090683e-02
1.469906835825429070e+01 7.446226785695368722e-02
1.495059118111036511e+01 7.103439886411146154e-02
1.520261612590052991e+01 6.671144061322575869e-02
1.545415944503929495e+01 6.396838840480878474e-02
1.570456072545780124e+01 6.183806781785740336e-02
1.595705800128773966e+01 5.924776318812929876e-02
1.620829297830731619e+01 5.652487873998086887e-02
1.645966591028190962e+01 5.460654536519797542e-02
1.671125708846596325e+01 5.260937656727356082e-02
1.696160259490052624e+01 5.055490572027488555e-02
1.721370276108077135e+01 4.822681891422254258e-02
1.746543424102250341e+01 4.670079022898356025e-02
1.771598473288305442e+01 4.504054853133072217e-02
1.796653767411944003e+01 4.274267095961989393e-02
1.821765658501893270e+01 4.193555542064425490e-02
1.847053788120423334e+01 3.953725561588266463e-02
1.872257696809484173e+01 3.853512668779893874e-02
1.897394097105746269e+01 3.706743020703069658e-02
1.922542454726159988e+01 3.575883502402860820e-02
1.947607703355479103e+01 3.480066317696422357e-02
1.972678839839982601e+01 3.332775120582252837e-02
1.997802698857814363e+01 3.240136993229376927e-02
2.022863620534168660e+01 3.145833697141379309e-02
2.047969598507238231e+01 3.018984920767697061e-02
2.073250439107362553e+01 2.931234379862886555e-02
2.098435855211640089e+01 2.833595091472839583e-02
2.123502923393334640e+01 2.761141340620520621e-02
2.148629411178690773e+01 2.673830291187932404e-02
2.173831825513516591e+01 2.589087265376324373e-02
2.198972260956887226e+01 2.521323164446398826e-02
2.223974971000711420e+01 2.425204284631081453e-02
2.249141870643862973e+01 2.366613370711231554e-02
2.274404614890906373e+01 2.297170220867538609e-02
2.299521835768831579e+01 2.214006036673045116e-02
2.324620084136223852e+01 2.172606162941432065e-02
2.349757798664387209e+01 2.072208635073368582e-02
2.374870488118759937e+01 2.040037321067169479e-02
2.399988781917473091e+01 1.969346963968605924e-02
2.425071646049711305e+01 1.933188524152016155e-02
2.450187830577813841e+01 1.864464518072475943e-02
2.475391093216606109e+01 1.829703557962670049e-02
2.500524226975159792e+01 1.776753834112852065e-02
2.525610980153284402e+01 1.731132774215480771e-02
2.550801425092822328e+01 1.681326338846846416e-02
2.575943113325822864e+01 1.643853291673042991e-02
2.601074166866445125e+01 1.595609944659849219e-02
2.626234447079615464e+01 1.554124134117959750e-02
2.651347712943701751e+01 1.524285245958285732e-02
2.676474177984877656e+01 1.480104194583763653e-02
2.701628079430242479e+01 1.441304427301668724e-02
2.726734205837282232e+01 1.411074688318464040e-02
2.751837013544679422e+01 1.370105631539016502e-02
2.776937726815812724e+01 1.338775495829551410e-02
2.802070160973895341e+01 1.307180965137646166e-02
2.827249982643487058e+01 1.278154461210645985e-02
2.852407603869968966e+01 1.254645836044797520e-02
2.877567300468570721e+01 1.213234342006800845e-02
2.902733523039245256e+01 1.193602302605036546e-02
2.927861073083739996e+01 1.156577464033362729e-02
2.953003196193969160e+01 1.136197905621162858e-02
2.978106336846375157e+01 1.105538772546582962e-02
3.003148440777084716e+01 1.081387861377310945e-02
3.028303386126418673e+01 1.062499961714269761e-02
3.053456493440382857e+01 1.033561368811792419e-02
3.078585183944906944e+01 1.015201676661916727e-02
3.103757946070165730e+01 9.900687840246056790e-03
3.128931656795834826e+01 9.719731551051907781e-03
3.154125974608096428e+01 9.460158539559627641e-03
3.179158626791808828e+01 9.293546993953186869e-03
3.204196438636942190e+01 9.084178260271566496e-03
3.229344668057169798e+01 8.847797380067665834e-03
3.254489998018084407e+01 8.717889301776627492e-03
3.279660140319880668e+01 8.487628965104989515e-03
3.304772754686901237e+01 8.367867030184297089e-03
3.329949953441923327e+01 8.193283385771694960e-03
3.355173249539067371e+01 8.042242359439736449e-03
3.380235474142784824e+01 7.883597942603046832e-03
3.405292218889088218e+01 7.734887486047479360e-03
3.430455901572810262e+01 7.540249223262911367e-03
3.455605119154291316e+01 7.445198092124475676e-03
3.480708698418615654e+01 7.289602834012954245e-03
3.505823042281740243e+01 7.118300202312436917e-03
3.530983122122644602e+01 7.017383861248004638e-03
3.556111974160763367e+01 6.861951262814038575e-03
3.581195885960364933e+01 6.750901159583120280e-03
3.606348577968052638e+01 6.616838712140330966e-03
3.631495136683125935e+01 6.468833415472804819e-03
3.656646781331610185e+01 6.371874407606547934e-03
3.681800948534306173e+01 6.272469311550427085e-03
3.706942350460822411e+01 6.174023689522362655e-03
3.732119977997001570e+01 6.013880493666509675e-03
3.757249197135423202e+01 5.911825346669749223e-03
3.782324055213251057e+01 5.820837308885304200e-03
3.807430609684078604e+01 5.731205277360462355e-03
3.832526519371521090e+01 5.608976485923774201e-03
3.857704530181875668e+01 5.494306476386452004e-03
3.882896255048217427e+01 5.436142074858660647e-03
3.907976684424035341e+01 5.323930314575228868e-03
3.933085588900704010e+01 5.234471044512606364e-03
3.958184533965361140e+01 5.102417247477729866e-03
3.983320492881626507e+01 5.045268121583326194e-03
4.008506787586624398e+01 4.971000426134752209e-03
4.033569471078550350e+01 4.901134296786146573e-03
4.058701345074587863e+01 4.758812588833605424e-03
4.083916815834436420e+01 4.702881655409705576e-03
4.108978611092747713e+01 4.651644392151084093e-03
4.134119394692694271e+01 4.553741076187803501e-03
4.159372926482761557e+01 4.523362355789306392e-03
4.184480996230068683e+01 4.396913082116761864e-03
4.209495048714620680e+01 4.358319428327429336e-03
4.234568601474854432e+01 4.293727211363765686e-03
4.259794184898333214e+01 4.214726343476617176e-03
4.284922176444433717e+01 4.158375918926598622e-03
4.309982534096671003e+01 4.066831543064555049e-03
4.335153475414617930e+01 3.969701866799026611e-03
4.360374984514007224e+01 3.942404185876279693e-03
4.385432838732079830e+01 3.900780255687659806e-03
4.410529766549178277e+01 3.859359681044713386e-03
4.435675536456894008e+01 3.806133941098588554e-03
4.460756668584335927e+01 3.695615333720166269e-03
4.485812369927145937e+01 3.662533543713028094e-03
4.510933196139897206e+01 3.556166374244819524e-03
4.536097672816924131e+01 3.529695781322580647e-03
4.561261869099184452e+01 3.488744972905093080e-03
4.586346064304911607e+01 3.401559689920839388e-03
4.611435299895526185e+01 3.399947781895818009e-03
4.636610302009028572e+01 3.320217540205867325e-03
4.661726081402038346e+01 3.241682251381974769e-03
4.686748045926628237e+01 3.240266491774332087e-03
4.712001000143001761e+01 3.196819867434941200e-03
4.737334269293729960e+01 3.132779003070082849e-03
4.762357272554871912e+01 3.109261924069141401e-03
4.787295862859781437e+01 2.998052182123140969e-03
4.812686710231834297e+01 3.023271088076731356e-03
4.837988354528783930e+01 2.938651969426281461e-03
4.862698975964909209e+01 2.868791987552482808e-03
4.887931961662670233e+01 2.862701274061992766e-03
4.913512531690142282e+01 2.783525635686273387e-03
4.938486646957150583e+01 2.809283777565361583e-03
4.963073103205424985e+01 2.745149201617445942e-03
4.988316058859187763e+01 2.678709709067386875e-03
5.013927392651110893e+01 2.709586981437988977e-03
5.038898445289544270e+01 2.628587093914266926e-03
5.063791314200675941e+01 2.639621485968352346e-03
5.089234515763529032e+01 2.584300982522533263e-03
5.114529266359630810e+01 2.505544431864833999e-03
5.138952878242714206e+01 2.422317055016688474e-03
5.163945178601188246e+01 2.409354294765592413e-03
5.190206698624180603e+01 2.417257792547625964e-03
5.215590084722179398e+01 2.383722905331247480e-03
5.238680673191466042e+01 2.487387128496168758e-03
5.263532591009818873e+01 2.380507710059544171e-03
5.290823119436031874e+01 2.293369914854113435e-03
5.316882575050344428e+01 2.327460059593393967e-03
5.338513341050097694e+01 2.209273216127805202e-03
5.363212510227822349e+01 2.197909705667500189e-03
5.391615723351310407e+01 2.264668814135310446e-03
5.419187693011466678e+01 2.188299686201519972e-03
5.439722241285236493e+01 2.226214914566030344e-03
5.462806064877949552e+01 2.103141945964335721e-03
5.491241494336609463e+01 1.925761252942763532e-03
5.519421446932921782e+01 2.392036816240008905e-03
5.543046826972861396e+01 2.159727669403998553e-03
5.561137265256709128e+01 3.088469057956233933e-03
