3.559856489878782115e-01 4.571498266949352001e+02
6.031648866026231293e-01 2.406374514708648178e+02
8.579160745827347778e-01 8.685668822016226898e+01
1.113464310595710716e+00 5.338528453786619110e+01
1.374039914321364408e+00 2.801516828742070331e+01
1.619154704570298309e+00 1.903500572157046733e+01
1.870686673430271840e+00 1.374135996244299385e+01
2.123290040706380832e+00 1.090573751537062641e+01
2.378144976376236119e+00 7.890519880768557037e+00
2.630489925835516996e+00 5.920244186329385983e+00
2.878653162679494670e+00 4.991373172318952278e+00
3.131144366275339319e+00 3.758697550228372375e+00
3.388159578333816313e+00 3.309975857469234839e+00
3.638741848210948149e+00 2.664055878120639598e+00
3.888315910732085268e+00 2.413845109746465045e+00
4.139052155837465996e+00 1.944810201483018419e+00
4.390305777018236988e+00 1.755304142081983931e+00
4.642172339120373081e+00 1.508724913440313786e+00
4.894678666149941293e+00 1.296372472543941390e+00
5.147269052361176378e+00 1.156222493313695310e+00
5.398003206656323272e+00 1.013581639342857388e+00
5.647798235368590269e+00 9.036003715750661192e-01
5.900534302989873581e+00 8.142737606355187063e-01
6.151460297009074374e+00 7.249001483684480718e-01
6.402630176204441526e+00 6.529050027864291561e-01
6.655964674748322096e+00 5.788361200622823555e-01
6.908782583105771202e+00 5.370661371508519411e-01
7.159060853508338873e+00 4.819027776857843781e-01
7.409414762591408632e+00 4.488667076577615433e-01
7.659227149364629561e+00 4.025868206855777176e-01
7.911559474606142395e+00 3.757548547718042586e-01
8.163750941790897997e+00 3.492718127767806546e-01
8.415757210439384295e+00 3.198521701372283310e-01
8.667638839289207198e+00 2.964333006558041439e-01
8.918801124864609520e+00 2.689459191966014906e-01
9.170480108345369530e+00 2.552580116956393308e-01
9.420566033467249412e+00 2.354845847029176376e-01
9.671642335271435797e+00 2.240099315424316506e-01
9.923426157758477473e+00 2.088149486168087432e-01
1.017396902749181820e+01 1.929302720648802816e-01
1.042533700753922155e+01 1.821020971184577619e-01
1.067702948358784276e+01 1.713530347886673688e-01
1.092969337256462303e+01 1.590127592566098202e-01
1.118211872033766419e+01 1.512053218157756451e-01
1.143346516925797296e+01 1.435259381734878548e-01
1.168350508557724687e+01 1.336236002784162991e-01
1.193379937775929100e+01 1.283845151138839347e-01
1.218553055762879112e+01 1.207279958858479413e-01
1.243711650801278878e+01 1.141912631518311044e-01
1.268867268647359303e+01 1.095136070282576868e-01
1.294075027177769144e+01 1.033289755858218806e-01
1.319267287020158363e+01 9.913331311808054602e-02
1.344470571782862756e+01 9.283868577133454203e-02
1.369480150283709641e+01 8.908326081679875108e-02
1.394591277066507828e+01 8.534739295672917614e-02
1.419764645764527167e+01 8.042902739985730021e-02
1.444766774168416212e+01 7.697447434446866299e-02
1.469906835825429070e+01 7.337028819309339422e-02
1.495059118111036511e+01 6.964711766600902021e-02
1.520261612590052991e+01 6.743827075056521569e-02
1.545415944503929495e+01 6.391049937087683874e-02
1.570456072545780124e+01 6.139367789552546001e-02
1.595705800128773966e+01 5.891423706945396466e-02
1.620829297830731619e+01 5.647425680254824359e-02
1.645966591028190962e+01 5.424301374487162236e-02
1.671125708846596325e+01 5.187186994814205893e-02
1.696160259490052624e+01 4.976642909703399287e-02
1.721370276108077135e+01 4.797740444336339588e-02
1.746543424102250341e+01 4.619138428508642175e-02
1.771598473288305442e+01 4.475788789065375528e-02
1.796653767411944003e+01 4.332451501881803141e-02
1.821765658501893270e+01 4.162568662460739560e-02
1.847053788120423334e+01 4.010574250770077703e-02
1.872257696809484173e+01 3.876638428590247626e-02
1.897394097105746269e+01 3.739313497597878538e-02
1.922542454726159988e+01 3.544057566605477577e-02
1.947607703355479103e+01 3.475020385023914332e-02
1.972678839839982601e+01 3.366452449063378483e-02
1.997802698857814363e+01 3.249411302825760961e-02
2.022863620534168660e+01 3.126398294064750005e-02
2.047969598507238231e+01 3.035274021840717040e-02
2.073250439107362553e+01 2.933772728616112699e-02
2.098435855211640089e+01 2.817826482737556884e-02
2.123502923393334640e+01 2.763027341086871438e-02
2.148629411178690773e+01 2.670222670347735180e-02
2.173831825513516591e+01 2.588260943064146086e-02
2.198972260956887226e+01 2.512168720132386401e-02
2.223974971000711420e+01 2.437520617019531960e-02
2.249141870643862973e+01 2.363672147268924481e-02
2.274404614890906373e+01 2.294754975090969665e-02
2.299521835768831579e+01 2.218293962803481734e-02
2.324620084136223852e+01 2.164990346714446359e-02
2.349757798664387209e+01 2.098758440677653964e-02
2.374870488118759937e+01 2.041041695449554577e-02
2.399988781917473091e+01 1.989711450471384410e-02
2.425071646049711305e+01 1.929351287329134079e-02
2.450187830577813841e+01 1.871849507256537204e-02
2.475391093216606109e+01 1.847242213009572809e-02
2.500524226975159792e+01 1.771943909807913858e-02
2.525610980153284402e+01 1.727596346326594826e-02
2.550801425092822328e+01 1.688386949973174830e-02
2.575943113325822864e+01 1.647143527747073691e-02
2.601074166866445125e+01 1.595561141287745247e-02
2.626234447079615464e+01 1.560048816738204662e-02
2.651347712943701751e+01 1.513019114246949744e-02
2.676474177984877656e+01 1.480980819985992965e-02
2.701628079430242479e+01 1.440720366822687698e-02
2.726734205837282232e+01 1.397430708467943365e-02
2.751837013544679422e+01 1.376874403346294365e-02
2.776937726815812724e+01 1.334892608949361965e-02
2.802070160973895341e+01 1.304148393424101916e-02
2.827249982643487058e+01 1.275610574641227596e-02
2.852407603869968966e+01 1.238990663996107112e-02
2.877567300468570721e+01 1.217268998686088163e-02
2.902733523039245256e+01 1.187601823356967956e-02
2.927861073083739996e+01 1.161613981545550622e-02
2.953003196193969160e+01 1.131197063873511620e-02
2.978106336846375157e+01 1.107023222866083956e-02
3.003148440777084716e+01 1.078678181345465309e-02
3.028303386126418673e+01 1.067587989378129126e-02
3.053456493440382857e+01 1.039802208439609583e-02
3.078585183944906944e+01 1.016053258987331329e-02
3.103757946070165730e+01 9.939369347345895084e-03
3.128931656795834826e+01 9.726274410191844064e-03
3.154125974608096428e+01 9.478101876264757863e-03
3.179158626791808828e+01 9.251667082581464113e-03
3.204196438636942190e+01 9.083564072580851620e-03
3.229344668057169798e+01 8.880395634519621870e-03
3.254489998018084407e+01 8.773387261062567943e-03
3.279660140319880668e+01 8.586954557497921900e-03
3.304772754686901237e+01 8.392935502194436015e-03
3.329949953441923327e+01 8.191547588070969069e-03
3.355173249539067371e+01 8.064226125092621017e-03
3.380235474142784824e+01 7.858065100500110853e-03
3.405292218889088218e+01 7.714656582870409347e-03
3.430455901572810262e+01 7.590885624457397590e-03
3.455605119154291316e+01 7.401234384532238975e-03
3.480708698418615654e+01 7.266305945577373158e-03
3.505823042281740243e+01 7.135987586755650029e-03
3.530983122122644602e+01 6.968478159787829841e-03
3.556111974160763367e+01 6.890903836508388905e-03
3.581195885960364933e+01 6.771244993461621176e-03
3.606348577968052638e+01 6.622456405238934946e-03
3.631495136683125935e+01 6.483942021183054794e-03
3.656646781331610185e+01 6.342948358374304353e-03
3.681800948534306173e+01 6.278440166173680434e-03
3.706942350460822411e+01 6.145456771501934048e-03
3.732119977997001570e+01 6.010227428581471458e-03
3.757249197135423202e+01 5.900825517456016571e-03
3.782324055213251057e+01 5.831654376219896734e-03
3.807430609684078604e+01 5.693439298171685918e-03
3.832526519371521090e+01 5.538386293937084051e-03
3.857704530181875668e+01 5.494839649496106697e-03
3.882896255048217427e+01 5.401629850804325235e-03
3.907976684424035341e+01 5.332343695927256599e-03
3.933085588900704010e+01 5.233892309336348608e-03
3.958184533965361140e+01 5.149479061287048562e-03
3.983320492881626507e+01 5.015448859808759388e-03
4.008506787586624398e+01 4.971194758474802022e-03
4.033569471078550350e+01 4.901559511910658605e-03
4.058701345074587863e+01 4.784956990092213876e-03
4.083916815834436420e+01 4.693860876159338009e-03
4.108978611092747713e+01 4.634516920381989355e-03
4.134119394692694271e+01 4.565386558580353249e-03
4.159372926482761557e+01 4.501103160941002934e-03
4.184480996230068683e+01 4.403648381312577458e-03
4.209495048714620680e+01 4.317073634870485441e-03
4.234568601474854432e+01 4.273527431576426561e-03
4.259794184898333214e+01 4.200466956129487138e-03
4.284922176444433717e+01 4.133091458067739317e-03
4.309982534096671003e+01 4.069717913187555561e-03
4.335153475414617930e+01 3.977048273451793715e-03
4.360374984514007224e+01 3.943461570733828789e-03
4.385432838732079830e+01 3.831305718132599954e-03
4.410529766549178277e+01 3.872614264675493245e-03
4.435675536456894008e+01 3.762117203171886151e-03
4.460756668584335927e+01 3.721894873716155312e-03
4.485812369927145937e+01 3.645991476767944470e-03
4.510933196139897206e+01 3.574649620176631893e-03
4.536097672816924131e+01 3.547988165453590248e-03
4.561261869099184452e+01 3.497084674491843150e-03
4.586346064304911607e+01 3.416934256794721715e-03
4.611435299895526185e+01 3.386833906313401615e-03
4.636610302009028572e+01 3.330327569254242816e-03
4.661726081402038346e+01 3.315896577010847123e-03
4.686748045926628237e+01 3.214518733832581483e-03
4.712001000143001761e+01 3.223143257218907994e-03
4.737334269293729960e+01 3.129767622386099134e-03
4.762357272554871912e+01 3.105561676853291035e-03
4.787295862859781437e+01 3.071274876537674180e-03
4.812686710231834297e+01 3.052520565012423973e-03
4.837988354528783930e+01 3.010567515498339345e-03
4.862698975964909209e+01 2.902888706794662464e-03
4.887931961662670233e+01 2.880222542601854931e-03
4.913512531690142282e+01 2.818834070433124273e-03
4.938486646957150583e+01 2.769080795746944618e-03
4.963073103205424985e+01 2.792636698707101107e-03
4.988316058859187763e+01 2.745422546387394063e-03
5.013927392651110893e+01 2.647970970444024543e-03
5.038898445289544270e+01 2.668429366992827560e-03
5.063791314200675941e+01 2.571603830566088992e-03
5.089234515763529032e+01 2.557007147714627452e-03
5.114529266359630810e+01 2.598883774278117932e-03
5.138952878242714206e+01 2.591931831308001179e-03
5.163945178601188246e+01 2.408253759537288489e-03
5.190206698624180603e+01 2.482908420647855340e-03
5.215590084722179398e+01 2.419775478575101300e-03
5.238680673191466042e+01 2.427209155401053621e-03
5.263532591009818873e+01 2.425756798518648172e-03
5.290823119436031874e+01 2.365678016189563544e-03
5.316882575050344428e+01 2.268026547122257465e-03
5.338513341050097694e+01 2.291062953637476238e-03
5.363212510227822349e+01 2.233547839378758997e-03
5.391615723351310407e+01 2.374569011212434178e-03
5.419187693011466678e+01 2.274563937673445245e-03
5.439722241285236493e+01 2.268300652785894787e-03
5.462806064877949552e+01 1.993992085958779144e-03
5.491241494336609463e+01 2.019286066736055395e-03
5.519421446932921782e+01 1.686969723289295396e-03
5.543046826972861396e+01 2.488405999523435764e-03
5.561137265256709128e+01 6.015598132802580170e-04
