3.559856489878782115e-01 4.046214122980263141e+02
6.031648866026231293e-01 2.913420878240411866e+02
8.579160745827347778e-01 8.902615426641338559e+01
1.113464310595710716e+00 5.314178217934088622e+01
1.374039914321364408e+00 2.977682438003573751e+01
1.619154704570298309e+00 2.238657370777077205e+01
1.870686673430271840e+00 1.505879771577472503e+01
2.123290040706380832e+00 1.046497820610614760e+01
2.378144976376236119e+00 7.682413174402889844e+00
2.630489925835516996e+00 6.063779564840848124e+00
2.878653162679494670e+00 4.708089370104498350e+00
3.131144366275339319e+00 4.094437954309068317e+00
3.388159578333816313e+00 3.279234457407899317e+00
3.638741848210948149e+00 2.811118509472274596e+00
3.888315910732085268e+00 2.401371774179886565e+00
4.139052155837465996e+00 1.934021130295105584e+00
4.390305777018236988e+00 1.682171751055019149e+00
4.642172339120373081e+00 1.447135098908510109e+00
4.894678666149941293e+00 1.280879287069938144e+00
5.147269052361176378e+00 1.182184119144001455e+00
5.398003206656323272e+00 9.904341335362591980e-01
5.647798235368590269e+00 9.028719312915555184e-01
5.900534302989873581e+00 8.009703697976271464e-01
6.151460297009074374e+00 6.975602899119877076e-01
6.402630176204441526e+00 6.402937874590302059e-01
6.655964674748322096e+00 5.688778527628080006e-01
6.908782583105771202e+00 5.273463724982858647e-01
7.159060853508338873e+00 4.721741814018316497e-01
7.409414762591408632e+00 4.440970266977498082e-01
7.659227149364629561e+00 4.004250152787552364e-01
7.911559474606142395e+00 3.726610384150681465e-01
8.163750941790897997e+00 3.540453242208887463e-01
8.415757210439384295e+00 3.230897679561462454e-01
8.667638839289207198e+00 2.950543304718755699e-01
8.918801124864609520e+00 2.716879177775782805e-01
9.170480108345369530e+00 2.499308392754798214e-01
9.420566033467249412e+00 2.414523326469046050e-01
9.671642335271435797e+00 2.190196450410896167e-01
9.923426157758477473e+00 2.082144808359731314e-01
1.017396902749181820e+01 1.927470358400002470e-01
1.042533700753922155e+01 1.802826819034283601e-01
1.067702948358784276e+01 1.680220099321619864e-01
1.092969337256462303e+01 1.600281312322049398e-01
1.118211872033766419e+01 1.513453885755808581e-01
1.143346516925797296e+01 1.433385714987706061e-01
1.168350508557724687e+01 1.324845559112717008e-01
1.193379937775929100e+01 1.264617771637894794e-01
1.218553055762879112e+01 1.216769116250967370e-01
1.243711650801278878e+01 1.137026373871822399e-01
1.268867268647359303e+01 1.080642917258502617e-01
1.294075027177769144e+01 1.036487175187939258e-01
1.319267287020158363e+01 9.867395138183482350e-02
1.344470571782862756e+01 9.297499468421965840e-02
1.369480150283709641e+01 8.956249140302520451e-02
1.394591277066507828e+01 8.317945631747337976e-02
1.419764645764527167e+01 8.083623587322791293e-02
1.444766774168416212e+01 7.739359269237137962e-02
1.469906835825429070e+01 7.387261850857788914e-02
1.495059118111036511e+01 6.987295270479562670e-02
1.520261612590052991e+01 6.691544812161484557e-02
1.545415944503929495e+01 6.466590276465929155e-02
1.570456072545780124e+01 6.184375169423175778e-02
1.595705800128773966e+01 5.903695528010630134e-02
1.620829297830731619e+01 5.713608461412701678e-02
1.645966591028190962e+01 5.405348834576101380e-02
1.671125708846596325e+01 5.217535949856345889e-02
1.696160259490052624e+01 5.013894998758836041e-02
1.721370276108077135e+01 4.811758738977883060e-02
1.746543424102250341e+01 4.678413849447535938e-02
1.771598473288305442e+01 4.508901804923817064e-02
1.796653767411944003e+01 4.317431482166300682e-02
1.821765658501893270e+01 4.142683459017017233e-02
1.847053788120423334e+01 4.013511379196157969e-02
1.872257696809484173e+01 3.845634600999606884e-02
1.897394097105746269e+01 3.741621102443211389e-02
1.922542454726159988e+01 3.552777661925955732e-02
1.947607703355479103e+01 3.473705855247343627e-02
1.972678839839982601e+01 3.360593489777517068e-02
1.997802698857814363e+01 3.211690946746383057e-02
2.022863620534168660e+01 3.150276541531364660e-02
2.047969598507238231e+01 3.051135102791806969e-02
2.073250439107362553e+01 2.949861427494052113e-02
2.098435855211640089e+01 2.821313055808801970e-02
2.123502923393334640e+01 2.753242643321241606e-02
2.148629411178690773e+01 2.686527463947731287e-02
2.173831825513516591e+01 2.602753578025160039e-02
2.198972260956887226e+01 2.513653892673338441e-02
2.223974971000711420e+01 2.421484862824778775e-02
2.249141870643862973e+01 2.361270756747082741e-02
2.274404614890906373e+01 2.283630031377740371e-02
2.299521835768831579e+01 2.239332856326683649e-02
2.324620084136223852e+01 2.161948594211636140e-02
2.349757798664387209e+01 2.100630101266698357e-02
2.374870488118759937e+01 2.037106427123907409e-02
2.399988781917473091e+01 1.996375041013184748e-02
2.425071646049711305e+01 1.911727662232970415e-02
2.450187830577813841e+01 1.887049355467299017e-02
2.475391093216606109e+01 1.812421917634333968e-02
2.500524226975159792e+01 1.774756541507484242e-02
2.525610980153284402e+01 1.729875656850565074e-02
2.550801425092822328e+01 1.676455471709194234e-02
2.575943113325822864e+01 1.644079507497763631e-02
2.601074166866445125e+01 1.598963326205645602e-02
2.626234447079615464e+01 1.557807465850259698e-02
2.651347712943701751e+01 1.524181678350454254e-02
2.676474177984877656e+01 1.482433521697496155e-02
2.701628079430242479e+01 1.444525861881384640e-02
2.726734205837282232e+01 1.406840848404527708e-02
2.751837013544679422e+01 1.366981438689682943e-02
2.776937726815812724e+01 1.332054015622100539e-02
2.802070160973895341e+01 1.302245141844601828e-02
2.827249982643487058e+01 1.272804636190887767e-02
2.852407603869968966e+01 1.237809400535900585e-02
2.877567300468570721e+01 1.219074523241260588e-02
2.902733523039245256e+01 1.187127785762982606e-02
2.927861073083739996e+01 1.164679533220248572e-02
2.953003196193969160e+01 1.140053753146022184e-02
2.978106336846375157e+01 1.099824514969786199e-02
3.003148440777084716e+01 1.083790585801724243e-02
3.028303386126418673e+01 1.061420576605304894e-02
3.053456493440382857e+01 1.034432749806160103e-02
3.078585183944906944e+01 1.016100839793950515e-02
3.103757946070165730e+01 9.973206530648917253e-03
3.128931656795834826e+01 9.708191190869491782e-03
3.154125974608096428e+01 9.484065194234961305e-03
3.179158626791808828e+01 9.302288096289988706e-03
3.204196438636942190e+01 9.079704021804307565e-03
3.229344668057169798e+01 8.909767815429925700e-03
3.254489998018084407e+01 8.747932902599323338e-03
3.279660140319880668e+01 8.535010082957889682e-03
3.304772754686901237e+01 8.350179654117122555e-03
3.329949953441923327e+01 8.224881889726094741e-03
3.355173249539067371e+01 8.006243415237037156e-03
3.380235474142784824e+01 7.853326413963156172e-03
3.405292218889088218e+01 7.719357634067851651e-03
3.430455901572810262e+01 7.533360498920573488e-03
3.455605119154291316e+01 7.447202748063811405e-03
3.480708698418615654e+01 7.304308561033332446e-03
3.505823042281740243e+01 7.109093518394359046e-03
3.530983122122644602e+01 7.000076955874266933e-03
3.556111974160763367e+01 6.893858440412347320e-03
3.581195885960364933e+01 6.741702246551085562e-03
3.606348577968052638e+01 6.600409424246277655e-03
3.631495136683125935e+01 6.473539155948451577e-03
3.656646781331610185e+01 6.395602630519533517e-03
3.681800948534306173e+01 6.230663621913239657e-03
3.706942350460822411e+01 6.103002160126595743e-03
3.732119977997001570e+01 5.998174421042202185e-03
3.757249197135423202e+01 5.909464706974275686e-03
3.782324055213251057e+01 5.794080990637683927e-03
3.807430609684078604e+01 5.681358673648203260e-03
3.832526519371521090e+01 5.609652326937772555e-03
3.857704530181875668e+01 5.511442398406111998e-03
3.882896255048217427e+01 5.379204765939058115e-03
3.907976684424035341e+01 5.308679045684083428e-03
3.933085588900704010e+01 5.212904069906857188e-03
3.958184533965361140e+01 5.129229621000647513e-03
3.983320492881626507e+01 5.034516127864613159e-03
4.008506787586624398e+01 4.967158724669973498e-03
4.033569471078550350e+01 4.865173275179037089e-03
4.058701345074587863e+01 4.786835916706937491e-03
4.083916815834436420e+01 4.701477039392409386e-03
4.108978611092747713e+01 4.635630908910130278e-03
4.134119394692694271e+01 4.538959948613050487e-03
4.159372926482761557e+01 4.474603065912191244e-03
4.184480996230068683e+01 4.409988725397871213e-03
4.209495048714620680e+01 4.344492499648765216e-03
4.234568601474854432e+01 4.249011123884825596e-03
4.259794184898333214e+01 4.201414531630502311e-03
4.284922176444433717e+01 4.132076134933918357e-03
4.309982534096671003e+01 4.102072631828136695e-03
4.335153475414617930e+01 3.998293056233961917e-03
4.360374984514007224e+01 3.962852173215536747e-03
4.385432838732079830e+01 3.895183112210399371e-03
4.410529766549178277e+01 3.829450680930843696e-03
4.435675536456894008e+01 3.745885211527555034e-03
4.460756668584335927e+01 3.756256901684893769e-03
4.485812369927145937e+01 3.639102425531812006e-03
4.510933196139897206e+01 3.591267502620736681e-03
4.536097672816924131e+01 3.494698754198135877e-03
4.561261869099184452e+01 3.511401665042339706e-03
4.586346064304911607e+01 3.421669120143928673e-03
4.611435299895526185e+01 3.363779298598881633e-03
4.636610302009028572e+01 3.354463187687727142e-03
4.661726081402038346e+01 3.274917684173206389e-03
4.686748045926628237e+01 3.215275432978849032e-03
4.712001000143001761e+01 3.201590067609280839e-03
4.737334269293729960e+01 3.151453944882741734e-03
4.762357272554871912e+01 3.105919145415463913e-03
4.787295862859781437e+01 3.067637096683997842e-03
4.812686710231834297e+01 3.002308830928671329e-03
4.837988354528783930e+01 2.943447322865028627e-03
4.862698975964909209e+01 2.899770254702433055e-03
4.887931961662670233e+01 2.915085709562155545e-03
4.913512531690142282e+01 2.845861147666972710e-03
4.938486646957150583e+01 2.829576197914553982e-03
4.963073103205424985e+01 2.758756103845726084e-03
4.988316058859187763e+01 2.762291273046347303e-03
5.013927392651110893e+01 2.723359475582780905e-03
5.038898445289544270e+01 2.633417309519502352e-03
5.063791314200675941e+01 2.642806659248042155e-03
5.089234515763529032e+01 2.591504245468309858e-03
5.114529266359630810e+01 2.541802392756893104e-03
5.138952878242714206e+01 2.524811063622373931e-03
5.163945178601188246e+01 2.542246397853649507e-03
5.190206698624180603e+01 2.455557833064236656e-03
5.215590084722179398e+01 2.384855392143643473e-03
5.238680673191466042e+01 2.391140670169645405e-03
5.263532591009818873e+01 2.373470877274536355e-03
5.290823119436031874e+01 2.302519231276193342e-03
5.316882575050344428e+01 2.238757754651458150e-03
5.338513341050097694e+01 2.425570823038350737e-03
5.363212510227822349e+01 2.227410975296664590e-03
5.391615723351310407e+01 2.153936881680259575e-03
5.419187693011466678e+01 2.213825028862344366e-03
5.439722241285236493e+01 2.167651357312077535e-03
5.462806064877949552e+01 2.124611987951880668e-03
5.491241494336609463e+01 1.986448645091663280e-03
5.519421446932921782e+01 1.410347585281432640e-03
5.543046826972861396e+01 1.844073464512309152e-03
5.561137265256709128e+01 3.080078065933835631e-03
