3.559856489878782115e-01 9.363425861078380876e+02
6.031648866026231293e-01 2.332743879760202503e+02
8.579160745827347778e-01 9.838989946493953198e+01
1.113464310595710716e+00 5.040999742022769681e+01
1.374039914321364408e+00 2.844677802167962355e+01
1.619154704570298309e+00 2.292940747570761317e+01
1.870686673430271840e+00 1.501653239105234228e+01
2.123290040706380832e+00 1.066996986414642201e+01
2.378144976376236119e+00 7.949711541712376039e+00
2.630489925835516996e+00 6.319565438923564038e+00
2.878653162679494670e+00 4.796161867536648415e+00
3.131144366275339319e+00 4.130370969975587059e+00
3.388159578333816313e+00 3.303910039650640673e+00
3.638741848210948149e+00 2.678518169545611283e+00
3.888315910732085268e+00 2.313959194832709176e+00
4.139052155837465996e+00 1.893259110882744123e+00
4.390305777018236988e+00 1.714967228689767698e+00
4.642172339120373081e+00 1.477977999748153914e+00
4.894678666149941293e+00 1.307492683375873099e+00
5.147269052361176378e+00 1.130740772618437529e+00
5.398003206656323272e+00 9.827434248905091430e-01
5.647798235368590269e+00 9.179260863189824260e-01
5.900534302989873581e+00 8.087661793725099413e-01
6.151460297009074374e+00 7.288497724186642213e-01
6.402630176204441526e+00 6.500877893306045152e-01
6.655964674748322096e+00 5.906776880278085118e-01
6.908782583105771202e+00 5.385262249447195781e-01
7.159060853508338873e+00 4.832461135223165005e-01
7.409414762591408632e+00 4.456789729630673547e-01
7.659227149364629561e+00 4.082259205563405491e-01
7.911559474606142395e+00 3.632654042482449386e-01
8.163750941790897997e+00 3.398193864889243465e-01
8.415757210439384295e+00 3.140609846592315457e-01
8.667638839289207198e+00 2.944236460274650136e-01
8.918801124864609520e+00 2.687897679593691525e-01
9.170480108345369530e+00 2.531504989002044681e-01
9.420566033467249412e+00 2.336356245186363978e-01
9.671642335271435797e+00 2.198593695054296693e-01
9.923426157758477473e+00 2.074037581051178802e-01
1.017396902749181820e+01 1.947373814775818779e-01
1.042533700753922155e+01 1.844180170694154075e-01
1.067702948358784276e+01 1.689829413413565795e-01
1.092969337256462303e+01 1.600640441330280217e-01
1.118211872033766419e+01 1.509663988871952911e-01
1.143346516925797296e+01 1.400916630940008401e-01
1.168350508557724687e+01 1.353283469386083737e-01
1.193379937775929100e+01 1.258835637402090646e-01
1.218553055762879112e+01 1.218444137296399304e-01
1.243711650801278878e+01 1.145797822808975602e-01
1.268867268647359303e+01 1.069474790976592815e-01
1.294075027177769144e+01 1.025407934486214506e-01
1.319267287020158363e+01 9.711394734818205865e-02
1.344470571782862756e+01 9.279196581190744808e-02
1.369480150283709641e+01 8.829545668057177388e-02
1.394591277066507828e+01 8.471052975609895397e-02
1.419764645764527167e+01 8.061879709998746868e-02
1.444766774168416212e+01 7.685552110891563649e-02
1.469906835825429070e+01 7.362111952006569759e-02
1.495059118111036511e+01 7.059280255364720758e-02
1.520261612590052991e+01 6.689707135545527872e-02
1.545415944503929495e+01 6.433609789512667598e-02
1.570456072545780124e+01 6.181489357809064056e-02
1.595705800128773966e+01 5.866585278971251510e-02
1.620829297830731619e+01 5.657870928758994278e-02
1.645966591028190962e+01 5.438347314174354213e-02
1.671125708846596325e+01 5.264560233609067580e-02
1.696160259490052624e+01 4.988867998270470061e-02
1.721370276108077135e+01 4.834597842855730548e-02
1.746543424102250341e+01 4.639664234258798065e-02
1.771598473288305442e+01 4.510848201379747541e-02
1.796653767411944003e+01 4.315929825107692186e-02
1.821765658501893270e+01 4.177986519826603490e-02
1.847053788120423334e+01 4.064923862503459773e-02
1.872257696809484173e+01 3.873950891514837958e-02
1.897394097105746269e+01 3.743924122013877337e-02
1.922542454726159988e+01 3.610416960138700809e-02
1.947607703355479103e+01 3.480006655300833113e-02
1.972678839839982601e+01 3.345380298616237175e-02
1.997802698857814363e+01 3.241157086415207000e-02
2.022863620534168660e+01 3.132637909135219112e-02
2.047969598507238231e+01 3.032659039842621265e-02
2.073250439107362553e+01 2.935282776171704855e-02
2.098435855211640089e+01 2.840856981037790177e-02
2.123502923393334640e+01 2.754945535384569627e-02
2.148629411178690773e+01 2.667978109765918940e-02
2.173831825513516591e+01 2.570462889613333787e-02
2.198972260956887226e+01 2.501743448212470286e-02
2.223974971000711420e+01 2.426674366644644351e-02
2.249141870643862973e+01 2.367389446874595613e-02
2.274404614890906373e+01 2.303898584567143012e-02
2.299521835768831579e+01 2.223241165434553662e-02
2.324620084136223852e+01 2.170788746128944971e-02
2.349757798664387209e+01 2.120321073573656206e-02
2.374870488118759937e+01 2.036331514112095162e-02
2.399988781917473091e+01 1.982276261101140191e-02
2.425071646049711305e+01 1.929522721831228652e-02
2.450187830577813841e+01 1.874136202700177681e-02
2.475391093216606109e+01 1.842719190050593273e-02
2.500524226975159792e+01 1.766368772256796463e-02
2.525610980153284402e+01 1.731284340948887820e-02
2.550801425092822328e+01 1.671533691688165818e-02
2.575943113325822864e+01 1.639435395525362313e-02
2.601074166866445125e+01 1.602890165958215790e-02
2.626234447079615464e+01 1.556919296657469434e-02
2.651347712943701751e+01 1.524177449291050368e-02
2.676474177984877656e+01 1.475560659253006592e-02
2.701628079430242479e+01 1.445489813294957050e-02
2.726734205837282232e+01 1.409072065323196954e-02
2.751837013544679422e+01 1.368918885333456244e-02
2.776937726815812724e+01 1.341749403806286392e-02
2.802070160973895341e+01 1.310747286792317973e-02
2.827249982643487058e+01 1.270968245331675732e-02
2.852407603869968966e+01 1.247227046827733415e-02
2.877567300468570721e+01 1.213741851957124418e-02
2.902733523039245256e+01 1.184438347133928530e-02
2.927861073083739996e+01 1.162042205767151691e-02
2.953003196193969160e+01 1.130857693228864286e-02
2.978106336846375157e+01 1.106037941250780782e-02
3.003148440777084716e+01 1.087875977547103981e-02
3.028303386126418673e+01 1.058209342444486889e-02
3.053456493440382857e+01 1.036972304260891549e-02
3.078585183944906944e+01 1.012199226120366786e-02
3.103757946070165730e+01 9.925643410924714014e-03
3.128931656795834826e+01 9.662695804951500211e-03
3.154125974608096428e+01 9.518172982128456777e-03
3.179158626791808828e+01 9.262149391997711104e-03
3.204196438636942190e+01 9.100916414271140523e-03
3.229344668057169798e+01 8.921396313877560935e-03
3.254489998018084407e+01 8.699023739740824324e-03
3.279660140319880668e+01 8.487419423414469671e-03
3.304772754686901237e+01 8.373382834006293240e-03
3.329949953441923327e+01 8.236525153864105234e-03
3.355173249539067371e+01 8.051139309425192625e-03
3.380235474142784824e+01 7.913242345846047132e-03
3.405292218889088218e+01 7.650396636914450280e-03
3.430455901572810262e+01 7.572112178172257964e-03
3.455605119154291316e+01 7.410023502785253492e-03
3.480708698418615654e+01 7.284967302552738770e-03
3.505823042281740243e+01 7.088901808292721700e-03
3.530983122122644602e+01 6.975533432487084247e-03
3.556111974160763367e+01 6.895589790180371367e-03
3.581195885960364933e+01 6.706476792771971611e-03
3.606348577968052638e+01 6.549214715946841993e-03
3.631495136683125935e+01 6.466215622097343241e-03
3.656646781331610185e+01 6.349338733716679804e-03
3.681800948534306173e+01 6.243289090416642879e-03
3.706942350460822411e+01 6.134854391304227217e-03
3.732119977997001570e+01 6.021782102521975114e-03
3.757249197135423202e+01 5.946813623779286483e-03
3.782324055213251057e+01 5.816476802863225666e-03
3.807430609684078604e+01 5.673964120519288216e-03
3.832526519371521090e+01 5.616385396125360592e-03
3.857704530181875668e+01 5.502631411967321383e-03
3.882896255048217427e+01 5.417737832793920356e-03
3.907976684424035341e+01 5.331609301293557118e-03
3.933085588900704010e+01 5.199368289469819861e-03
3.958184533965361140e+01 5.112160175241431750e-03
3.983320492881626507e+01 5.034443381486596210e-03
4.008506787586624398e+01 4.921919390997246159e-03
4.033569471078550350e+01 4.887626872567329105e-03
4.058701345074587863e+01 4.807294346801475708e-03
4.083916815834436420e+01 4.721075472988831186e-03
4.108978611092747713e+01 4.625673244840688807e-03
4.134119394692694271e+01 4.588702306144856920e-03
4.159372926482761557e+01 4.450025245422883219e-03
4.184480996230068683e+01 4.445173603409415496e-03
4.209495048714620680e+01 4.325661635803475583e-03
4.234568601474854432e+01 4.245483680117395110e-03
4.259794184898333214e+01 4.198154621124840745e-03
4.284922176444433717e+01 4.151779859301549594e-03
4.309982534096671003e+01 4.082385591995260112e-03
4.335153475414617930e+01 3.993594831719874880e-03
4.360374984514007224e+01 3.964895471448121392e-03
4.385432838732079830e+01 3.945103223344756035e-03
4.410529766549178277e+01 3.800688847289481614e-03
4.435675536456894008e+01 3.742566104779864594e-03
4.460756668584335927e+01 3.709416641602898516e-03
4.485812369927145937e+01 3.665045459240871481e-03
4.510933196139897206e+01 3.589539168157220884e-03
4.536097672816924131e+01 3.534552710590206301e-03
4.561261869099184452e+01 3.453212535955434322e-03
4.586346064304911607e+01 3.394086385167765021e-03
4.611435299895526185e+01 3.314052441160159242e-03
4.636610302009028572e+01 3.341444985030757320e-03
4.661726081402038346e+01 3.251511342905035427e-03
4.686748045926628237e+01 3.196132608894388435e-03
4.712001000143001761e+01 3.161480552742800248e-03
4.737334269293729960e+01 3.137582605000367383e-03
4.762357272554871912e+01 3.077715375533847473e-03
4.787295862859781437e+01 3.036315694379813999e-03
4.812686710231834297e+01 3.004350073808999960e-03
4.837988354528783930e+01 3.002159369596616671e-03
4.862698975964909209e+01 2.899294246285712053e-03
4.887931961662670233e+01 2.873004208959778916e-03
4.913512531690142282e+01 2.852769415779057242e-03
4.938486646957150583e+01 2.777946199602023165e-03
4.963073103205424985e+01 2.735525494517423474e-03
4.988316058859187763e+01 2.676289647299097667e-03
5.013927392651110893e+01 2.734849382903158099e-03
5.038898445289544270e+01 2.691651222070970319e-03
5.063791314200675941e+01 2.609044787287379420e-03
5.089234515763529032e+01 2.606706784478621686e-03
5.114529266359630810e+01 2.560255862351866127e-03
5.138952878242714206e+01 2.526296421747361784e-03
5.163945178601188246e+01 2.498493864132055042e-03
5.190206698624180603e+01 2.336187199467278184e-03
5.215590084722179398e+01 2.381169072897100936e-03
5.238680673191466042e+01 2.384600033042101348e-03
5.263532591009818873e+01 2.383961304841360034e-03
5.290823119436031874e+01 2.360928977711474700e-03
5.316882575050344428e+01 2.266675951009389407e-03
5.338513341050097694e+01 2.381780344579542425e-03
5.363212510227822349e+01 2.292011312686938456e-03
5.391615723351310407e+01 2.169708770009013809e-03
5.419187693011466678e+01 2.037257721300061129e-03
5.439722241285236493e+01 1.960092464388960964e-03
5.462806064877949552e+01 2.128771939619101498e-03
5.491241494336609463e+01 1.865126310948226522e-03
5.519421446932921782e+01 2.478861059786908669e-03
5.543046826972861396e+01 1.892296227009057728e-03
5.561137265256709128e+01 1.515189958075445920e-03
