3.559856489878782115e-01 1.011526903433153393e+03
6.031648866026231293e-01 1.911622640639614588e+02
8.579160745827347778e-01 8.797917532637559646e+01
1.113464310595710716e+00 6.025175093909133750e+01
1.374039914321364408e+00 3.111016086443072126e+01
1.619154704570298309e+00 2.057274956328914683e+01
1.870686673430271840e+00 1.499806364507813505e+01
2.123290040706380832e+00 1.065593133380165014e+01
2.378144976376236119e+00 7.898657701802255460e+00
2.630489925835516996e+00 6.460133576449748283e+00
2.878653162679494670e+00 4.486598666536065316e+00
3.131144366275339319e+00 3.848464127800440782e+00
3.388159578333816313e+00 3.229111062418940303e+00
3.638741848210948149e+00 2.697085457099679839e+00
3.888315910732085268e+00 2.314224238992478089e+00
4.139052155837465996e+00 1.955117639336123592e+00
4.390305777018236988e+00 1.699190273161274911e+00
4.642172339120373081e+00 1.466435804123289666e+00
4.894678666149941293e+00 1.285189773951473269e+00
5.147269052361176378e+00 1.164240460841436064e+00
5.398003206656323272e+00 1.015684004053946543e+00
5.647798235368590269e+00 9.025902584677312213e-01
5.900534302989873581e+00 7.968371772310158807e-01
6.151460297009074374e+00 7.405293190692990857e-01
6.402630176204441526e+00 6.445744075349894020e-01
6.655964674748322096e+00 5.743948428426485231e-01
6.908782583105771202e+00 5.348203204897865604e-01
7.159060853508338873e+00 4.930965196832450270e-01
7.409414762591408632e+00 4.406677188550598978e-01
7.659227149364629561e+00 4.067574987808036391e-01
7.911559474606142395e+00 3.763274873902762718e-01
8.163750941790897997e+00 3.416935980411501261e-01
8.415757210439384295e+00 3.116756505843371605e-01
8.667638839289207198e+00 2.917643920194354368e-01
8.918801124864609520e+00 2.682240849519815784e-01
9.170480108345369530e+00 2.553330840992901751e-01
9.420566033467249412e+00 2.347001543478808572e-01
9.671642335271435797e+00 2.223589092972244885e-01
9.923426157758477473e+00 2.074075089465891031e-01
1.017396902749181820e+01 1.935687017441651281e-01
1.042533700753922155e+01 1.802396494319922216e-01
1.067702948358784276e+01 1.695570848760905580e-01
1.092969337256462303e+01 1.611281101085675627e-01
1.118211872033766419e+01 1.504467414002930437e-01
1.143346516925797296e+01 1.434576244987708360e-01
1.168350508557724687e+01 1.361977939641015600e-01
1.193379937775929100e+01 1.283578602565317306e-01
1.218553055762879112e+01 1.201269946656712412e-01
1.243711650801278878e+01 1.124982223540381271e-01
1.268867268647359303e+01 1.088574657037144761e-01
1.294075027177769144e+01 1.041677032547303622e-01
1.319267287020158363e+01 9.800296027065293070e-02
1.344470571782862756e+01 9.499136737538982356e-02
1.369480150283709641e+01 8.838205297519100001e-02
1.394591277066507828e+01 8.438641220683930355e-02
1.419764645764527167e+01 8.042205411414862781e-02
1.444766774168416212e+01 7.605830320454225191e-02
1.469906835825429070e+01 7.348687324628258577e-02
1.495059118111036511e+01 6.932094734480281906e-02
1.520261612590052991e+01 6.648377323323789723e-02
1.545415944503929495e+01 6.437537809655348442e-02
1.570456072545780124e+01 6.090320991332529715e-02
1.595705800128773966e+01 5.835230974170593082e-02
1.620829297830731619e+01 5.615541610008947110e-02
1.645966591028190962e+01 5.406758315152324079e-02
1.671125708846596325e+01 5.236285770157852321e-02
1.696160259490052624e+01 5.035070309011947798e-02
1.721370276108077135e+01 4.815057851365760894e-02
1.746543424102250341e+01 4.660811579718057707e-02
1.771598473288305442e+01 4.472433794904678156e-02
1.796653767411944003e+01 4.274622877151847133e-02
1.821765658501893270e+01 4.137101715078757291e-02
1.847053788120423334e+01 3.997207620016140356e-02
1.872257696809484173e+01 3.849532533250624861e-02
1.897394097105746269e+01 3.744225749693757405e-02
1.922542454726159988e+01 3.607172431315453648e-02
1.947607703355479103e+01 3.496844310670923356e-02
1.972678839839982601e+01 3.344196656871274015e-02
1.997802698857814363e+01 3.247252632059326877e-02
2.022863620534168660e+01 3.134665502400087178e-02
2.047969598507238231e+01 3.010196428997901838e-02
2.073250439107362553e+01 2.919804445829850964e-02
2.098435855211640089e+01 2.839358978975651399e-02
2.123502923393334640e+01 2.763688788698994564e-02
2.148629411178690773e+01 2.653057267349872433e-02
2.173831825513516591e+01 2.597010310898792071e-02
2.198972260956887226e+01 2.511953839299903984e-02
2.223974971000711420e+01 2.443887062371414079e-02
2.249141870643862973e+01 2.358179978117742881e-02
2.274404614890906373e+01 2.299510578312085468e-02
2.299521835768831579e+01 2.249501677473950828e-02
2.324620084136223852e+01 2.168700865314051804e-02
2.349757798664387209e+01 2.088018603390507863e-02
2.374870488118759937e+01 2.052302908389619721e-02
2.399988781917473091e+01 1.997071667782537516e-02
2.425071646049711305e+01 1.920799596286473440e-02
2.450187830577813841e+01 1.881696996612007219e-02
2.475391093216606109e+01 1.836862488186545572e-02
2.500524226975159792e+01 1.780518136019927297e-02
2.525610980153284402e+01 1.729120358787988171e-02
2.550801425092822328e+01 1.672838006234546662e-02
2.575943113325822864e+01 1.656438337999128346e-02
2.601074166866445125e+01 1.603953135267200542e-02
2.626234447079615464e+01 1.568915452618444006e-02
2.651347712943701751e+01 1.518792935871602842e-02
2.676474177984877656e+01 1.474814002650786347e-02
2.701628079430242479e+01 1.454074426246560262e-02
2.726734205837282232e+01 1.415093134307944013e-02
2.751837013544679422e+01 1.369566035259103462e-02
2.776937726815812724e+01 1.338732654177580972e-02
2.802070160973895341e+01 1.299386221902834072e-02
2.827249982643487058e+01 1.269457811839078999e-02
2.852407603869968966e+01 1.243433020131970088e-02
2.877567300468570721e+01 1.217041603403814370e-02
2.902733523039245256e+01 1.183710986354703440e-02
2.927861073083739996e+01 1.166343472951817881e-02
2.953003196193969160e+01 1.140213707934241427e-02
2.978106336846375157e+01 1.112071840102511235e-02
3.003148440777084716e+01 1.080998134351856751e-02
3.028303386126418673e+01 1.059608434291641962e-02
3.053456493440382857e+01 1.036660241622224150e-02
3.078585183944906944e+01 1.011711369452020573e-02
3.103757946070165730e+01 9.953238463395703423e-03
3.128931656795834826e+01 9.706927318594904541e-03
3.154125974608096428e+01 9.509812751598989075e-03
3.179158626791808828e+01 9.304910128979033621e-03
3.204196438636942190e+01 9.132800419106057097e-03
3.229344668057169798e+01 8.886731964910115494e-03
3.254489998018084407e+01 8.754409462992437246e-03
3.279660140319880668e+01 8.594185119198679418e-03
3.304772754686901237e+01 8.340074147055029016e-03
3.329949953441923327e+01 8.209617386397645433e-03
3.355173249539067371e+01 8.045066738504271647e-03
3.380235474142784824e+01 7.888538418771179686e-03
3.405292218889088218e+01 7.660248997726199979e-03
3.430455901572810262e+01 7.602853323619262159e-03
3.455605119154291316e+01 7.431190724533549320e-03
3.480708698418615654e+01 7.274965253864563476e-03
3.505823042281740243e+01 7.120837067829724996e-03
3.530983122122644602e+01 6.994763304722807946e-03
3.556111974160763367e+01 6.880226690329529354e-03
3.581195885960364933e+01 6.714324703708696163e-03
3.606348577968052638e+01 6.594961561676525481e-03
3.631495136683125935e+01 6.481619332867657145e-03
3.656646781331610185e+01 6.366978423093837443e-03
3.681800948534306173e+01 6.253097078478543104e-03
3.706942350460822411e+01 6.096477802068288841e-03
3.732119977997001570e+01 5.998674081872816533e-03
3.757249197135423202e+01 5.927214208300777762e-03
3.782324055213251057e+01 5.802115327993873431e-03
3.807430609684078604e+01 5.711915043906376499e-03
3.832526519371521090e+01 5.597034104140831239e-03
3.857704530181875668e+01 5.503138649402788789e-03
3.882896255048217427e+01 5.380412853074741271e-03
3.907976684424035341e+01 5.290551678587567322e-03
3.933085588900704010e+01 5.185526739842762772e-03
3.958184533965361140e+01 5.125846664912536363e-03
3.983320492881626507e+01 5.052709890296707730e-03
4.008506787586624398e+01 4.964562491261933531e-03
4.033569471078550350e+01 4.877093987495626816e-03
4.058701345074587863e+01 4.759884763950594441e-03
4.083916815834436420e+01 4.680861879263351934e-03
4.108978611092747713e+01 4.653099846436653357e-03
4.134119394692694271e+01 4.588631431287850185e-03
4.159372926482761557e+01 4.507398406320276170e-03
4.184480996230068683e+01 4.379137282134769500e-03
4.209495048714620680e+01 4.320528867088931600e-03
4.234568601474854432e+01 4.285112540154168564e-03
4.259794184898333214e+01 4.221291226696689478e-03
4.284922176444433717e+01 4.102308907064494518e-03
4.309982534096671003e+01 4.111618820870061204e-03
4.335153475414617930e+01 4.005386369245900885e-03
4.360374984514007224e+01 3.938775782530614354e-03
4.385432838732079830e+01 3.875691021173549144e-03
4.410529766549178277e+01 3.806095884020998989e-03
4.435675536456894008e+01 3.744296547738489370e-03
4.460756668584335927e+01 3.651515740289334316e-03
4.485812369927145937e+01 3.669500857933037565e-03
4.510933196139897206e+01 3.600434525521729011e-03
4.536097672816924131e+01 3.513158845477824636e-03
4.561261869099184452e+01 3.497495426555754031e-03
4.586346064304911607e+01 3.445008109287725408e-03
4.611435299895526185e+01 3.390573375957756704e-03
4.636610302009028572e+01 3.353696506982905071e-03
4.661726081402038346e+01 3.229974649722562683e-03
4.686748045926628237e+01 3.251765455011659638e-03
4.712001000143001761e+01 3.187396193437257424e-03
4.737334269293729960e+01 3.081721009297775163e-03
4.762357272554871912e+01 3.106764421814180513e-03
4.787295862859781437e+01 3.012940700681755648e-03
4.812686710231834297e+01 3.039985835446067618e-03
4.837988354528783930e+01 2.942210612686180660e-03
4.862698975964909209e+01 2.887762740505018730e-03
4.887931961662670233e+01 2.856949577548610619e-03
4.913512531690142282e+01 2.858367878436102617e-03
4.938486646957150583e+01 2.809714933904128558e-03
4.963073103205424985e+01 2.758106725825663647e-03
4.988316058859187763e+01 2.686261517994883649e-03
5.013927392651110893e+01 2.740890329112097550e-03
5.038898445289544270e+01 2.700631147714166198e-03
5.063791314200675941e+01 2.540365097751392642e-03
5.089234515763529032e+01 2.594395257670961165e-03
5.114529266359630810e+01 2.560462070320991546e-03
5.138952878242714206e+01 2.544375269251229581e-03
5.163945178601188246e+01 2.541317106475669829e-03
5.190206698624180603e+01 2.415775308434028532e-03
5.215590084722179398e+01 2.399497307211174470e-03
5.238680673191466042e+01 2.395792685080703425e-03
5.263532591009818873e+01 2.334959646512183799e-03
5.290823119436031874e+01 2.387101751921494666e-03
5.316882575050344428e+01 2.242747012599446456e-03
5.338513341050097694e+01 2.161261179658764686e-03
5.363212510227822349e+01 2.230832009862045943e-03
5.391615723351310407e+01 2.126981776450447784e-03
5.419187693011466678e+01 2.190816010470612168e-03
5.439722241285236493e+01 2.150410440481900689e-03
5.462806064877949552e+01 2.146668376045652096e-03
5.491241494336609463e+01 1.930990629364142015e-03
5.519421446932921782e+01 2.040942964092423099e-03
5.543046826972861396e+01 2.017390194257579622e-03
5.561137265256709128e+01 5.121289883551769298e-03
