3.559856489878782115e-01 4.617493165793532626e+02
6.031648866026231293e-01 2.377469530614696112e+02
8.579160745827347778e-01 1.039624162643409164e+02
1.113464310595710716e+00 5.281648798300435033e+01
1.374039914321364408e+00 3.657726661835783233e+01
1.619154704570298309e+00 1.986252645402244710e+01
1.870686673430271840e+00 1.520108117462073416e+01
2.123290040706380832e+00 9.582683315854870543e+00
2.378144976376236119e+00 7.970180856345209897e+00
2.630489925835516996e+00 6.114243603586373865e+00
2.878653162679494670e+00 4.910582344385940878e+00
3.131144366275339319e+00 4.052493622368890769e+00
3.388159578333816313e+00 3.322051252180838965e+00
3.638741848210948149e+00 2.829995663902558078e+00
3.888315910732085268e+00 2.440326942266970889e+00
4.139052155837465996e+00 1.957630162839493870e+00
4.390305777018236988e+00 1.763347383425503789e+00
4.642172339120373081e+00 1.450403794105751043e+00
4.894678666149941293e+00 1.294016180603279942e+00
5.147269052361176378e+00 1.157963829129359024e+00
5.398003206656323272e+00 1.012981605015396136e+00
5.647798235368590269e+00 8.883293768962099435e-01
5.900534302989873581e+00 7.914528015983841591e-01
6.151460297009074374e+00 7.278777965346611145e-01
6.402630176204441526e+00 6.522332587485408784e-01
6.655964674748322096e+00 5.946995977256327448e-01
6.908782583105771202e+00 5.251247063943043081e-01
7.159060853508338873e+00 4.904418362340469684e-01
7.409414762591408632e+00 4.452742507352135393e-01
7.659227149364629561e+00 4.086050275091639983e-01
7.911559474606142395e+00 3.770276519396024706e-01
8.163750941790897997e+00 3.436695807019501392e-01
8.415757210439384295e+00 3.231539672014485109e-01
8.667638839289207198e+00 2.951583490627159301e-01
8.918801124864609520e+00 2.738076873695773350e-01
9.170480108345369530e+00 2.519405214873836063e-01
9.420566033467249412e+00 2.356821103968262388e-01
9.671642335271435797e+00 2.259628621611632360e-01
9.923426157758477473e+00 2.061340768165998705e-01
1.017396902749181820e+01 1.934175395673445597e-01
1.042533700753922155e+01 1.807670579078869133e-01
1.067702948358784276e+01 1.699528721477263915e-01
1.092969337256462303e+01 1.590045371517536665e-01
1.118211872033766419e+01 1.522799201290056248e-01
1.143346516925797296e+01 1.450484458344488414e-01
1.168350508557724687e+01 1.322375639929761482e-01
1.193379937775929100e+01 1.277896975980530314e-01
1.218553055762879112e+01 1.211582861101542924e-01
1.243711650801278878e+01 1.125011035443059804e-01
1.268867268647359303e+01 1.084111838033236241e-01
1.294075027177769144e+01 1.033870340859629477e-01
1.319267287020158363e+01 9.716556918552304856e-02
1.344470571782862756e+01 9.309220181357399926e-02
1.369480150283709641e+01 8.989660466317518639e-02
1.394591277066507828e+01 8.516838625183305311e-02
1.419764645764527167e+01 7.984965534475145510e-02
1.444766774168416212e+01 7.783552028777915299e-02
1.469906835825429070e+01 7.297187965530681220e-02
1.495059118111036511e+01 7.042967995982117591e-02
1.520261612590052991e+01 6.763394770809626200e-02
1.545415944503929495e+01 6.443905670396164742e-02
1.570456072545780124e+01 6.127867363161332293e-02
1.595705800128773966e+01 6.000005239225998654e-02
1.620829297830731619e+01 5.643182093008380223e-02
1.645966591028190962e+01 5.433185925800338573e-02
1.671125708846596325e+01 5.230335072674351798e-02
1.696160259490052624e+01 5.036962802407279893e-02
1.721370276108077135e+01 4.800818299608008988e-02
1.746543424102250341e+01 4.615030678458600932e-02
1.771598473288305442e+01 4.470967737682950832e-02
1.796653767411944003e+01 4.340117811535016551e-02
1.821765658501893270e+01 4.136079708507898328e-02
1.847053788120423334e+01 4.026436811902733837e-02
1.872257696809484173e+01 3.874630222931713108e-02
1.897394097105746269e+01 3.706678270890510773e-02
1.922542454726159988e+01 3.605019776517234820e-02
1.947607703355479103e+01 3.482617803770876597e-02
1.972678839839982601e+01 3.371728696471819331e-02
1.997802698857814363e+01 3.214315026197543668e-02
2.022863620534168660e+01 3.112421917431222249e-02
2.047969598507238231e+01 3.043012585829125635e-02
2.073250439107362553e+01 2.921991103261594933e-02
2.098435855211640089e+01 2.830099880412213775e-02
2.123502923393334640e+01 2.749441402153535510e-02
2.148629411178690773e+01 2.668612330174524941e-02
2.173831825513516591e+01 2.573482658651026628e-02
2.198972260956887226e+01 2.521656435913961422e-02
2.223974971000711420e+01 2.452986124881273780e-02
2.249141870643862973e+01 2.335798305896551533e-02
2.274404614890906373e+01 2.296757816811789352e-02
2.299521835768831579e+01 2.220822211010407138e-02
2.324620084136223852e+01 2.174325979247268212e-02
2.349757798664387209e+01 2.100340020438699190e-02
2.374870488118759937e+01 2.052015743071129369e-02
2.399988781917473091e+01 1.990746836778049811e-02
2.425071646049711305e+01 1.940124858935239963e-02
2.450187830577813841e+01 1.864460802202569725e-02
2.475391093216606109e+01 1.814941851572013029e-02
2.500524226975159792e+01 1.765844811604671757e-02
2.525610980153284402e+01 1.735356611665054422e-02
2.550801425092822328e+01 1.678959144373996099e-02
2.575943113325822864e+01 1.639727069286118707e-02
2.601074166866445125e+01 1.597830582534381580e-02
2.626234447079615464e+01 1.559152042243965031e-02
2.651347712943701751e+01 1.511164737620288023e-02
2.676474177984877656e+01 1.480547870392680092e-02
2.701628079430242479e+01 1.440754192294711571e-02
2.726734205837282232e+01 1.407803372719834516e-02
2.751837013544679422e+01 1.373830477336024022e-02
2.776937726815812724e+01 1.344399442048681281e-02
2.802070160973895341e+01 1.302597866801038888e-02
2.827249982643487058e+01 1.284098601733356035e-02
2.852407603869968966e+01 1.256320643749222685e-02
2.877567300468570721e+01 1.217610753797533467e-02
2.902733523039245256e+01 1.190313787945067488e-02
2.927861073083739996e+01 1.155785217409402953e-02
2.953003196193969160e+01 1.131393125880481021e-02
2.978106336846375157e+01 1.106042162945997977e-02
3.003148440777084716e+01 1.087875907299086856e-02
3.028303386126418673e+01 1.062375608655916764e-02
3.053456493440382857e+01 1.042031056193781433e-02
3.078585183944906944e+01 1.020216812407787575e-02
3.103757946070165730e+01 9.932207621225121880e-03
3.128931656795834826e+01 9.675555134369307961e-03
3.154125974608096428e+01 9.495226032779463879e-03
3.179158626791808828e+01 9.328772954708125856e-03
3.204196438636942190e+01 9.080363850616144511e-03
3.229344668057169798e+01 8.901743011435604355e-03
3.254489998018084407e+01 8.739623193863154879e-03
3.279660140319880668e+01 8.541756792120762387e-03
3.304772754686901237e+01 8.384946139046218008e-03
3.329949953441923327e+01 8.239391359578447302e-03
3.355173249539067371e+01 8.071359904219775616e-03
3.380235474142784824e+01 7.880024400741628479e-03
3.405292218889088218e+01 7.766341739347308593e-03
3.430455901572810262e+01 7.576446448827230291e-03
3.455605119154291316e+01 7.443300235050039244e-03
3.480708698418615654e+01 7.305038845525314503e-03
3.505823042281740243e+01 7.141234632601895123e-03
3.530983122122644602e+01 6.970243349479075985e-03
3.556111974160763367e+01 6.859903121552416230e-03
3.581195885960364933e+01 6.746653839250239641e-03
3.606348577968052638e+01 6.609306882174402660e-03
3.631495136683125935e+01 6.476910066108437954e-03
3.656646781331610185e+01 6.372936445640084782e-03
3.681800948534306173e+01 6.242223437912118762e-03
3.706942350460822411e+01 6.138255497265637101e-03
3.732119977997001570e+01 5.997015441125099627e-03
3.757249197135423202e+01 5.927257302833413739e-03
3.782324055213251057e+01 5.778133510234897269e-03
3.807430609684078604e+01 5.710862931801619947e-03
3.832526519371521090e+01 5.604981625408524647e-03
3.857704530181875668e+01 5.492208871858405943e-03
3.882896255048217427e+01 5.403091436441692305e-03
3.907976684424035341e+01 5.302173677979231219e-03
3.933085588900704010e+01 5.221788729182305459e-03
3.958184533965361140e+01 5.105168765649406928e-03
3.983320492881626507e+01 5.087363004501723775e-03
4.008506787586624398e+01 4.984006026996229931e-03
4.033569471078550350e+01 4.882548019101476053e-03
4.058701345074587863e+01 4.743196151281993747e-03
4.083916815834436420e+01 4.724003643256548778e-03
4.108978611092747713e+01 4.615758845365816598e-03
4.134119394692694271e+01 4.564106777675209017e-03
4.159372926482761557e+01 4.490685543751005496e-03
4.184480996230068683e+01 4.424861824644344549e-03
4.209495048714620680e+01 4.357429667198049750e-03
4.234568601474854432e+01 4.265208600497818504e-03
4.259794184898333214e+01 4.199546317281547571e-03
4.284922176444433717e+01 4.139090711288900826e-03
4.309982534096671003e+01 4.052989928222706928e-03
4.335153475414617930e+01 4.030983092466642118e-03
4.360374984514007224e+01 3.941489870300227127e-03
4.385432838732079830e+01 3.824202385394547942e-03
4.410529766549178277e+01 3.836164534821331733e-03
4.435675536456894008e+01 3.761633230261185457e-03
4.460756668584335927e+01 3.718725445536049876e-03
4.485812369927145937e+01 3.627933852683973628e-03
4.510933196139897206e+01 3.633911258661114748e-03
4.536097672816924131e+01 3.565643376227454423e-03
4.561261869099184452e+01 3.501955278112449041e-03
4.586346064304911607e+01 3.430426771989989604e-03
4.611435299895526185e+01 3.373082682540525304e-03
4.636610302009028572e+01 3.347024427707156243e-03
4.661726081402038346e+01 3.280129052280621356e-03
4.686748045926628237e+01 3.226713658434527364e-03
4.712001000143001761e+01 3.200192457969736060e-03
4.737334269293729960e+01 3.113164541384023411e-03
4.762357272554871912e+01 3.094599274473843354e-03
4.787295862859781437e+01 3.048216123543496473e-03
4.812686710231834297e+01 3.015561926581890144e-03
4.837988354528783930e+01 2.973093722049860443e-03
4.862698975964909209e+01 2.983501915466125164e-03
4.887931961662670233e+01 2.900062932636498537e-03
4.913512531690142282e+01 2.793895039179222599e-03
4.938486646957150583e+01 2.819529344778834261e-03
4.963073103205424985e+01 2.788329562876357484e-03
4.988316058859187763e+01 2.777566657656849094e-03
5.013927392651110893e+01 2.610043997277197714e-03
5.038898445289544270e+01 2.602960527548318481e-03
5.063791314200675941e+01 2.634166711237664969e-03
5.089234515763529032e+01 2.572393467842317913e-03
5.114529266359630810e+01 2.522102867628374552e-03
5.138952878242714206e+01 2.582256772074929818e-03
5.163945178601188246e+01 2.439504131142584530e-03
5.190206698624180603e+01 2.423140666648520951e-03
5.215590084722179398e+01 2.352239344970767122e-03
5.238680673191466042e+01 2.442164758094503545e-03
5.263532591009818873e+01 2.353872403038459286e-03
5.290823119436031874e+01 2.359205864564376323e-03
5.316882575050344428e+01 2.344904949631421761e-03
5.338513341050097694e+01 2.285657562898476929e-03
5.363212510227822349e+01 2.325170519253035636e-03
5.391615723351310407e+01 2.170861838515213051e-03
5.419187693011466678e+01 2.325954583943111616e-03
5.439722241285236493e+01 2.078855922051908896e-03
5.462806064877949552e+01 2.098708699040873274e-03
5.491241494336609463e+01 2.062985527665358275e-03
5.519421446932921782e+01 1.812967387814640391e-03
5.543046826972861396e+01 2.857891014061431263e-03
5.561137265256709128e+01 1.003455649514732899e-03
