3.559856489878782115e-01 4.390895580183396874e+02
6.031648866026231293e-01 2.535401062946873196e+02
8.579160745827347778e-01 8.978734034217058024e+01
1.113464310595710716e+00 5.408774023284083654e+01
1.374039914321364408e+00 3.060484004423544846e+01
1.619154704570298309e+00 2.028387154104192547e+01
1.870686673430271840e+00 1.348218060022300335e+01
2.123290040706380832e+00 1.071286205766697819e+01
2.378144976376236119e+00 7.734224374537430613e+00
2.630489925835516996e+00 5.924260242324764114e+00
2.878653162679494670e+00 5.118084958926338857e+00
3.131144366275339319e+00 3.964804063746294904e+00
3.388159578333816313e+00 3.211715279399337764e+00
3.638741848210948149e+00 2.739813647825865228e+00
3.888315910732085268e+00 2.390703916318339672e+00
4.139052155837465996e+00 1.943436045549142177e+00
4.390305777018236988e+00 1.656499036289096338e+00
4.642172339120373081e+00 1.523854737400315962e+00
4.894678666149941293e+00 1.255812601213950996e+00
5.147269052361176378e+00 1.184558104136236301e+00
5.398003206656323272e+00 9.842687723975199754e-01
5.647798235368590269e+00 9.129171730962348796e-01
5.900534302989873581e+00 8.084398032448462112e-01
6.151460297009074374e+00 7.093202722543375804e-01
6.402630176204441526e+00 6.403629283999354715e-01
6.655964674748322096e+00 5.791013088825756050e-01
6.908782583105771202e+00 5.394159141093581855e-01
7.159060853508338873e+00 4.832262404490462182e-01
7.409414762591408632e+00 4.431992082506063801e-01
7.659227149364629561e+00 4.121590840990674298e-01
7.911559474606142395e+00 3.772268399269745887e-01
8.163750941790897997e+00 3.442559858097856695e-01
8.415757210439384295e+00 3.189964907159077434e-01
8.667638839289207198e+00 2.997448396116824676e-01
8.918801124864609520e+00 2.759205977160364420e-01
9.170480108345369530e+00 2.513062632598165869e-01
9.420566033467249412e+00 2.408763805321625928e-01
9.671642335271435797e+00 2.227943372462916349e-01
9.923426157758477473e+00 2.085335254784447534e-01
1.017396902749181820e+01 1.947903228232821526e-01
1.042533700753922155e+01 1.809365339474942047e-01
1.067702948358784276e+01 1.700459503607694156e-01
1.092969337256462303e+01 1.604714421849240402e-01
1.118211872033766419e+01 1.526318594602129597e-01
1.143346516925797296e+01 1.423836619329863773e-01
1.168350508557724687e+01 1.359378242810278803e-01
1.193379937775929100e+01 1.280300947820215141e-01
1.218553055762879112e+01 1.221021318632330988e-01
1.243711650801278878e+01 1.138282769379764109e-01
1.268867268647359303e+01 1.061680411016024395e-01
1.294075027177769144e+01 1.024623820583476369e-01
1.319267287020158363e+01 9.913080034193734458e-02
1.344470571782862756e+01 9.377826907929777411e-02
1.369480150283709641e+01 8.861793779809276628e-02
1.394591277066507828e+01 8.350192145283309719e-02
1.419764645764527167e+01 8.047920060651422847e-02
1.444766774168416212e+01 7.710334024797538266e-02
1.469906835825429070e+01 7.315831080966569977e-02
1.495059118111036511e+01 7.045336601531954068e-02
1.520261612590052991e+01 6.703614065348695306e-02
1.545415944503929495e+01 6.399554658209390123e-02
1.570456072545780124e+01 6.172405284139811932e-02
1.595705800128773966e+01 5.871790231607517535e-02
1.620829297830731619e+01 5.717104030168694562e-02
1.645966591028190962e+01 5.441953908490243519e-02
1.671125708846596325e+01 5.278360428492550466e-02
1.696160259490052624e+01 5.045170937565169461e-02
1.721370276108077135e+01 4.867712642801271666e-02
1.746543424102250341e+01 4.628164877607224281e-02
1.771598473288305442e+01 4.518099316569323259e-02
1.796653767411944003e+01 4.316886749356116382e-02
1.821765658501893270e+01 4.168333571429487516e-02
1.847053788120423334e+01 4.002428229285832223e-02
1.872257696809484173e+01 3.841284665754875899e-02
1.897394097105746269e+01 3.721495302974318908e-02
1.922542454726159988e+01 3.597625974777761415e-02
1.947607703355479103e+01 3.411519193375969761e-02
1.972678839839982601e+01 3.332809102024210379e-02
1.997802698857814363e+01 3.248432576029482155e-02
2.022863620534168660e+01 3.124565248766533049e-02
2.047969598507238231e+01 3.051051596902737070e-02
2.073250439107362553e+01 2.921392130862719358e-02
2.098435855211640089e+01 2.842959935837580804e-02
2.123502923393334640e+01 2.769801589515956397e-02
2.148629411178690773e+01 2.674257529117807231e-02
2.173831825513516591e+01 2.601125677426325070e-02
2.198972260956887226e+01 2.489380960244157864e-02
2.223974971000711420e+01 2.430179190145702328e-02
2.249141870643862973e+01 2.353831310104968766e-02
2.274404614890906373e+01 2.294146364339989808e-02
2.299521835768831579e+01 2.208863272271216829e-02
2.324620084136223852e+01 2.151358798211231577e-02
2.349757798664387209e+01 2.102981197258428289e-02
2.374870488118759937e+01 2.044702006448757825e-02
2.399988781917473091e+01 1.981754526699936944e-02
2.425071646049711305e+01 1.937642299868508680e-02
2.450187830577813841e+01 1.882091837351850330e-02
2.475391093216606109e+01 1.827437019892003828e-02
2.500524226975159792e+01 1.774061298171468459e-02
2.525610980153284402e+01 1.727034828028391200e-02
2.550801425092822328e+01 1.675967083735380170e-02
2.575943113325822864e+01 1.627459730132798515e-02
2.601074166866445125e+01 1.605486534899739151e-02
2.626234447079615464e+01 1.552803511408272497e-02
2.651347712943701751e+01 1.521241631830665825e-02
2.676474177984877656e+01 1.483909061032799744e-02
2.701628079430242479e+01 1.453755826121546323e-02
2.726734205837282232e+01 1.412332310745814841e-02
2.751837013544679422e+01 1.366515423515416404e-02
2.776937726815812724e+01 1.343603994956550120e-02
2.802070160973895341e+01 1.310777268576564063e-02
2.827249982643487058e+01 1.276267006563015956e-02
2.852407603869968966e+01 1.252293422647129603e-02
2.877567300468570721e+01 1.210560389739929847e-02
2.902733523039245256e+01 1.189557138760367200e-02
2.927861073083739996e+01 1.156223959916983374e-02
2.953003196193969160e+01 1.136597860905888546e-02
2.978106336846375157e+01 1.111263965852713441e-02
3.003148440777084716e+01 1.087638989829445638e-02
3.028303386126418673e+01 1.057525630798762835e-02
3.053456493440382857e+01 1.037214826210403409e-02
3.078585183944906944e+01 1.011602184040443636e-02
3.103757946070165730e+01 9.927668623725075664e-03
3.128931656795834826e+01 9.707550164597761322e-03
3.154125974608096428e+01 9.471639668696069450e-03
3.179158626791808828e+01 9.320484926556366762e-03
3.204196438636942190e+01 9.094410459682209652e-03
3.229344668057169798e+01 8.891211313992321286e-03
3.254489998018084407e+01 8.772609379215262279e-03
3.279660140319880668e+01 8.544636544003468559e-03
3.304772754686901237e+01 8.386448479584009130e-03
3.329949953441923327e+01 8.190857653209652339e-03
3.355173249539067371e+01 8.012375373009202051e-03
3.380235474142784824e+01 7.895448590040113346e-03
3.405292218889088218e+01 7.705488984373422105e-03
3.430455901572810262e+01 7.574701552902305193e-03
3.455605119154291316e+01 7.465107922320000228e-03
3.480708698418615654e+01 7.252233474254563862e-03
3.505823042281740243e+01 7.110791853552987825e-03
3.530983122122644602e+01 7.001933378220972885e-03
3.556111974160763367e+01 6.859111784230767332e-03
3.581195885960364933e+01 6.722107001711160462e-03
3.606348577968052638e+01 6.609047170210223358e-03
3.631495136683125935e+01 6.521463672864296311e-03
3.656646781331610185e+01 6.372675319188200564e-03
3.681800948534306173e+01 6.232136051010663674e-03
3.706942350460822411e+01 6.117925539781748565e-03
3.732119977997001570e+01 5.976690874050197451e-03
3.757249197135423202e+01 5.945356431740041019e-03
3.782324055213251057e+01 5.861742836616386926e-03
3.807430609684078604e+01 5.717198315802633768e-03
3.832526519371521090e+01 5.626646581144437165e-03
3.857704530181875668e+01 5.466405744241445083e-03
3.882896255048217427e+01 5.408993622942511771e-03
3.907976684424035341e+01 5.316703918896283597e-03
3.933085588900704010e+01 5.232176520318443554e-03
3.958184533965361140e+01 5.122296036950038656e-03
3.983320492881626507e+01 5.042452255590504709e-03
4.008506787586624398e+01 4.932265133629262950e-03
4.033569471078550350e+01 4.885467178606603574e-03
4.058701345074587863e+01 4.834846425492880795e-03
4.083916815834436420e+01 4.717875621940358435e-03
4.108978611092747713e+01 4.637441060430640485e-03
4.134119394692694271e+01 4.551073090124173846e-03
4.159372926482761557e+01 4.479567587414978909e-03
4.184480996230068683e+01 4.390872538214640915e-03
4.209495048714620680e+01 4.337591275529812523e-03
4.234568601474854432e+01 4.274941937158367386e-03
4.259794184898333214e+01 4.193197180796271253e-03
4.284922176444433717e+01 4.130535149879078181e-03
4.309982534096671003e+01 4.061991344162112043e-03
4.335153475414617930e+01 4.016116474235749759e-03
4.360374984514007224e+01 3.935154024380870322e-03
4.385432838732079830e+01 3.875735923797232231e-03
4.410529766549178277e+01 3.823045229635341300e-03
4.435675536456894008e+01 3.756557842875994473e-03
4.460756668584335927e+01 3.721252719178914752e-03
4.485812369927145937e+01 3.653002446347538602e-03
4.510933196139897206e+01 3.569860774606128592e-03
4.536097672816924131e+01 3.542051989797312308e-03
4.561261869099184452e+01 3.536741335520355786e-03
4.586346064304911607e+01 3.435336762133029201e-03
4.611435299895526185e+01 3.406054962848148807e-03
4.636610302009028572e+01 3.350963138655182159e-03
4.661726081402038346e+01 3.259209684000433007e-03
4.686748045926628237e+01 3.219263254911150333e-03
4.712001000143001761e+01 3.149004759728497947e-03
4.737334269293729960e+01 3.146020707908592229e-03
4.762357272554871912e+01 3.112904159883144589e-03
4.787295862859781437e+01 3.034383230446873261e-03
4.812686710231834297e+01 3.060695658710991997e-03
4.837988354528783930e+01 3.003355799015879155e-03
4.862698975964909209e+01 2.957671178902270860e-03
4.887931961662670233e+01 2.888224723049792782e-03
4.913512531690142282e+01 2.861400178618828116e-03
4.938486646957150583e+01 2.787150933801271074e-03
4.963073103205424985e+01 2.799119249174094205e-03
4.988316058859187763e+01 2.728086471020470249e-03
5.013927392651110893e+01 2.704313000608818407e-03
5.038898445289544270e+01 2.645122881622725096e-03
5.063791314200675941e+01 2.600193663324111993e-03
5.089234515763529032e+01 2.572737051661391165e-03
5.114529266359630810e+01 2.660142180338568620e-03
5.138952878242714206e+01 2.605727642536619787e-03
5.163945178601188246e+01 2.487622239255550365e-03
5.190206698624180603e+01 2.406573154088560880e-03
5.215590084722179398e+01 2.400910950758417765e-03
5.238680673191466042e+01 2.371560600093877355e-03
5.263532591009818873e+01 2.344237833650079407e-03
5.290823119436031874e+01 2.427810655562345158e-03
5.316882575050344428e+01 2.284335447407183969e-03
5.338513341050097694e+01 2.393919420445224638e-03
5.363212510227822349e+01 2.198305467403557922e-03
5.391615723351310407e+01 1.995499545430263425e-03
5.419187693011466678e+01 2.199071372485099547e-03
5.439722241285236493e+01 2.325125844743885888e-03
5.462806064877949552e+01 2.321837767192627775e-03
5.491241494336609463e+01 2.381855711935725647e-03
5.519421446932921782e+01 1.992764871883327422e-03
5.543046826972861396e+01 1.124348618331107511e-03
5.561137265256709128e+01 6.680817502835523572e-04
