3.559856489878782115e-01 6.053738813255805553e+02
6.031648866026231293e-01 2.318459720241270929e+02
8.579160745827347778e-01 7.735643523496204921e+01
1.113464310595710716e+00 5.141753187880312481e+01
1.374039914321364408e+00 2.679803205473873717e+01
1.619154704570298309e+00 2.011304594700870396e+01
1.870686673430271840e+00 1.420787135412176205e+01
2.123290040706380832e+00 1.131366457746339371e+01
2.378144976376236119e+00 7.888551593532617368e+00
2.630489925835516996e+00 6.021299809548549042e+00
2.878653162679494670e+00 4.773586300025431051e+00
3.131144366275339319e+00 4.100224628334483867e+00
3.388159578333816313e+00 3.231392152111165039e+00
3.638741848210948149e+00 2.603716443630720523e+00
3.888315910732085268e+00 2.317773008486242681e+00
4.139052155837465996e+00 1.941632307932687151e+00
4.390305777018236988e+00 1.719530874282873878e+00
4.642172339120373081e+00 1.488024416413876949e+00
4.894678666149941293e+00 1.263886993562913785e+00
5.147269052361176378e+00 1.101829099851874938e+00
5.398003206656323272e+00 1.015227803466510093e+00
5.647798235368590269e+00 8.584941986015571791e-01
5.900534302989873581e+00 8.123717462891758556e-01
6.151460297009074374e+00 7.044672069129221947e-01
6.402630176204441526e+00 6.603059332338387932e-01
6.655964674748322096e+00 5.877472417028094531e-01
6.908782583105771202e+00 5.369658418735652194e-01
7.159060853508338873e+00 4.820958661288824443e-01
7.409414762591408632e+00 4.486015562808160495e-01
7.659227149364629561e+00 4.044375200045973728e-01
7.911559474606142395e+00 3.730619702810059612e-01
8.163750941790897997e+00 3.492007613375029407e-01
8.415757210439384295e+00 3.108775846339483784e-01
8.667638839289207198e+00 2.973414741978736564e-01
8.918801124864609520e+00 2.740556204595414602e-01
9.170480108345369530e+00 2.522895317852959507e-01
9.420566033467249412e+00 2.374519602678446806e-01
9.671642335271435797e+00 2.212953917262350245e-01
9.923426157758477473e+00 2.104168244593085935e-01
1.017396902749181820e+01 1.916375824252937454e-01
1.042533700753922155e+01 1.821406593171971677e-01
1.067702948358784276e+01 1.723327026536632667e-01
1.092969337256462303e+01 1.617977988677221646e-01
1.118211872033766419e+01 1.543607985466627364e-01
1.143346516925797296e+01 1.424920280932475414e-01
1.168350508557724687e+01 1.361060391560022509e-01
1.193379937775929100e+01 1.274209250204050292e-01
1.218553055762879112e+01 1.197202563103241663e-01
1.243711650801278878e+01 1.144082076342306242e-01
1.268867268647359303e+01 1.086414203718029242e-01
1.294075027177769144e+01 1.054545673861971011e-01
1.319267287020158363e+01 9.800070428359575203e-02
1.344470571782862756e+01 9.358588029100546601e-02
1.369480150283709641e+01 8.788052360085195358e-02
1.394591277066507828e+01 8.439085020670378245e-02
1.419764645764527167e+01 8.016247971374702852e-02
1.444766774168416212e+01 7.739714976836079008e-02
1.469906835825429070e+01 7.320143260686988451e-02
1.495059118111036511e+01 7.039262101245374881e-02
1.520261612590052991e+01 6.715419049337598145e-02
1.545415944503929495e+01 6.419944713804792702e-02
1.570456072545780124e+01 6.176664413047666669e-02
1.595705800128773966e+01 5.912981584703540933e-02
1.620829297830731619e+01 5.646501425096011467e-02
1.645966591028190962e+01 5.457111122752938970e-02
1.671125708846596325e+01 5.234954084819173209e-02
1.696160259490052624e+01 4.983442871405202590e-02
1.721370276108077135e+01 4.783544484064266439e-02
1.746543424102250341e+01 4.659947060479804198e-02
1.771598473288305442e+01 4.486186233644594984e-02
1.796653767411944003e+01 4.365842919727164206e-02
1.821765658501893270e+01 4.173519944106272167e-02
1.847053788120423334e+01 4.017037533433358981e-02
1.872257696809484173e+01 3.878881553251169179e-02
1.897394097105746269e+01 3.684377962655148442e-02
1.922542454726159988e+01 3.599486782981957400e-02
1.947607703355479103e+01 3.465025976255106666e-02
1.972678839839982601e+01 3.342664742803348743e-02
1.997802698857814363e+01 3.245466233587901428e-02
2.022863620534168660e+01 3.117749235322707368e-02
2.047969598507238231e+01 3.016400740473976910e-02
2.073250439107362553e+01 2.936135398934281229e-02
2.098435855211640089e+01 2.855771445695842042e-02
2.123502923393334640e+01 2.754852840840257139e-02
2.148629411178690773e+01 2.679921804145267428e-02
2.173831825513516591e+01 2.588182889994520078e-02
2.198972260956887226e+01 2.518337741901279306e-02
2.223974971000711420e+01 2.445903830972670848e-02
2.249141870643862973e+01 2.339178036656497026e-02
2.274404614890906373e+01 2.288136156036699176e-02
2.299521835768831579e+01 2.215015519194643567e-02
2.324620084136223852e+01 2.173914014607743542e-02
2.349757798664387209e+01 2.103630354601833397e-02
2.374870488118759937e+01 2.026675929010118143e-02
2.399988781917473091e+01 1.979677426302309251e-02
2.425071646049711305e+01 1.918992157066996829e-02
2.450187830577813841e+01 1.877054268252974223e-02
2.475391093216606109e+01 1.837005070618180289e-02
2.500524226975159792e+01 1.776667589117711388e-02
2.525610980153284402e+01 1.730526519561768201e-02
2.550801425092822328e+01 1.683047896656246489e-02
2.575943113325822864e+01 1.649725925878691921e-02
2.601074166866445125e+01 1.594970121819635350e-02
2.626234447079615464e+01 1.554995057762745617e-02
2.651347712943701751e+01 1.510379907397453071e-02
2.676474177984877656e+01 1.482861938404104844e-02
2.701628079430242479e+01 1.440791934417763251e-02
2.726734205837282232e+01 1.398653816391924772e-02
2.751837013544679422e+01 1.367630065440235930e-02
2.776937726815812724e+01 1.340776516658192391e-02
2.802070160973895341e+01 1.310689018335766537e-02
2.827249982643487058e+01 1.273240049450402589e-02
2.852407603869968966e+01 1.248416843976919363e-02
2.877567300468570721e+01 1.223966077800479370e-02
2.902733523039245256e+01 1.190459151693970367e-02
2.927861073083739996e+01 1.164881041513289757e-02
2.953003196193969160e+01 1.137984106550737722e-02
2.978106336846375157e+01 1.106633092196421773e-02
3.003148440777084716e+01 1.089327305144389274e-02
3.028303386126418673e+01 1.061786942872163485e-02
3.053456493440382857e+01 1.039731765333996513e-02
3.078585183944906944e+01 1.016973732622868630e-02
3.103757946070165730e+01 9.879523718988930323e-03
3.128931656795834826e+01 9.659475342626500788e-03
3.154125974608096428e+01 9.529099564999697278e-03
3.179158626791808828e+01 9.271715593197329616e-03
3.204196438636942190e+01 9.104268290603099306e-03
3.229344668057169798e+01 8.901057291790347506e-03
3.254489998018084407e+01 8.698383971282501112e-03
3.279660140319880668e+01 8.536968429521884019e-03
3.304772754686901237e+01 8.381705954790987304e-03
3.329949953441923327e+01 8.236499759366647244e-03
3.355173249539067371e+01 8.061027464655479147e-03
3.380235474142784824e+01 7.905462359471201322e-03
3.405292218889088218e+01 7.681066965079827100e-03
3.430455901572810262e+01 7.606593566469854566e-03
3.455605119154291316e+01 7.398350829708297445e-03
3.480708698418615654e+01 7.320844531414568562e-03
3.505823042281740243e+01 7.105459431520358242e-03
3.530983122122644602e+01 6.967098090400091620e-03
3.556111974160763367e+01 6.854613550323255568e-03
3.581195885960364933e+01 6.758766697127507883e-03
3.606348577968052638e+01 6.609810989134759160e-03
3.631495136683125935e+01 6.474002403734952990e-03
3.656646781331610185e+01 6.329205323315551489e-03
3.681800948534306173e+01 6.233461482309843142e-03
3.706942350460822411e+01 6.173774090038455786e-03
3.732119977997001570e+01 5.991985941530903609e-03
3.757249197135423202e+01 5.953048675774553350e-03
3.782324055213251057e+01 5.788440598255823952e-03
3.807430609684078604e+01 5.681423439995881425e-03
3.832526519371521090e+01 5.576278383673173578e-03
3.857704530181875668e+01 5.481005592542101054e-03
3.882896255048217427e+01 5.411023635312762516e-03
3.907976684424035341e+01 5.300107152573335992e-03
3.933085588900704010e+01 5.223667417106964833e-03
3.958184533965361140e+01 5.151186090104888267e-03
3.983320492881626507e+01 5.028346190992758445e-03
4.008506787586624398e+01 4.955972228200590697e-03
4.033569471078550350e+01 4.856425522221010510e-03
4.058701345074587863e+01 4.806653652295081805e-03
4.083916815834436420e+01 4.729327046065092029e-03
4.108978611092747713e+01 4.635140863496005868e-03
4.134119394692694271e+01 4.557001310971412443e-03
4.159372926482761557e+01 4.473169191592692162e-03
4.184480996230068683e+01 4.414444515034351979e-03
4.209495048714620680e+01 4.338708116771782496e-03
4.234568601474854432e+01 4.247852002537068523e-03
4.259794184898333214e+01 4.226960140123984556e-03
4.284922176444433717e+01 4.108258171144612420e-03
4.309982534096671003e+01 4.107695012754419665e-03
4.335153475414617930e+01 3.993100952799658911e-03
4.360374984514007224e+01 3.961974744675675342e-03
4.385432838732079830e+01 3.898150149933150930e-03
4.410529766549178277e+01 3.848728827657154229e-03
4.435675536456894008e+01 3.803564943569529965e-03
4.460756668584335927e+01 3.689645688699802126e-03
4.485812369927145937e+01 3.659478750307190373e-03
4.510933196139897206e+01 3.573016277461367723e-03
4.536097672816924131e+01 3.538671124432051212e-03
4.561261869099184452e+01 3.471140875973647948e-03
4.586346064304911607e+01 3.467261788988073353e-03
4.611435299895526185e+01 3.402466758077444392e-03
4.636610302009028572e+01 3.352330925035177517e-03
4.661726081402038346e+01 3.301343473394021451e-03
4.686748045926628237e+01 3.164701374282753894e-03
4.712001000143001761e+01 3.199110029633940502e-03
4.737334269293729960e+01 3.120455663513879967e-03
4.762357272554871912e+01 3.127921644333181515e-03
4.787295862859781437e+01 3.033907929953249573e-03
4.812686710231834297e+01 2.974139671220461367e-03
4.837988354528783930e+01 2.946005708895524117e-03
4.862698975964909209e+01 2.953074093167709201e-03
4.887931961662670233e+01 2.872696450880953770e-03
4.913512531690142282e+01 2.833800992294656200e-03
4.938486646957150583e+01 2.826067863708705500e-03
4.963073103205424985e+01 2.801589735514275949e-03
4.988316058859187763e+01 2.774352475686254170e-03
5.013927392651110893e+01 2.713499122263664763e-03
5.038898445289544270e+01 2.650236183147048133e-03
5.063791314200675941e+01 2.620258787391267080e-03
5.089234515763529032e+01 2.543330027185995539e-03
5.114529266359630810e+01 2.564604657445992888e-03
5.138952878242714206e+01 2.550823272016922248e-03
5.163945178601188246e+01 2.471630364262474185e-03
5.190206698624180603e+01 2.436763502544724794e-03
5.215590084722179398e+01 2.411423050603134308e-03
5.238680673191466042e+01 2.413464435733241303e-03
5.263532591009818873e+01 2.319751260569564728e-03
5.290823119436031874e+01 2.308479723168084009e-03
5.316882575050344428e+01 2.340640563645842408e-03
5.338513341050097694e+01 2.226229633683015924e-03
5.363212510227822349e+01 2.183464887353666652e-03
5.391615723351310407e+01 2.263972152304240780e-03
5.419187693011466678e+01 2.227177845097741242e-03
5.439722241285236493e+01 1.830968433153014200e-03
5.462806064877949552e+01 2.164264779494268990e-03
5.491241494336609463e+01 1.683359350424223216e-03
5.519421446932921782e+01 1.732643058552368756e-03
5.543046826972861396e+01 3.228118672433016693e-03
5.561137265256709128e+01 7.337646640258897518e-04
