3.559856489878782115e-01 7.624516402735166594e+02
6.031648866026231293e-01 1.811015204044651057e+02
8.579160745827347778e-01 8.960670539846172744e+01
1.113464310595710716e+00 5.408729085272462100e+01
1.374039914321364408e+00 3.351089807378269825e+01
1.619154704570298309e+00 1.950600889238929980e+01
1.870686673430271840e+00 1.475758133257200200e+01
2.123290040706380832e+00 1.052778131511108661e+01
2.378144976376236119e+00 8.163906094972222860e+00
2.630489925835516996e+00 6.340070977088725357e+00
2.878653162679494670e+00 4.836997891038955721e+00
3.131144366275339319e+00 3.968511589507542681e+00
3.388159578333816313e+00 3.379801736944268775e+00
3.638741848210948149e+00 2.674359301657033505e+00
3.888315910732085268e+00 2.314373798628274415e+00
4.139052155837465996e+00 2.030348856075443909e+00
4.390305777018236988e+00 1.750006538762346020e+00
4.642172339120373081e+00 1.548998500936709766e+00
4.894678666149941293e+00 1.289107967852403558e+00
5.147269052361176378e+00 1.154713969513786020e+00
5.398003206656323272e+00 9.986344113762675168e-01
5.647798235368590269e+00 8.669245562524311444e-01
5.900534302989873581e+00 8.185401957728285494e-01
6.151460297009074374e+00 7.052028998459398679e-01
6.402630176204441526e+00 6.234359999051356516e-01
6.655964674748322096e+00 5.931486221925358349e-01
6.908782583105771202e+00 5.339448053421332885e-01
7.159060853508338873e+00 4.819657768918315099e-01
7.409414762591408632e+00 4.433580099131633756e-01
7.659227149364629561e+00 4.081798586915222904e-01
7.911559474606142395e+00 3.788327366095869952e-01
8.163750941790897997e+00 3.370677417235348194e-01
8.415757210439384295e+00 3.174897640784064001e-01
8.667638839289207198e+00 2.900092019997402848e-01
8.918801124864609520e+00 2.744931003500075128e-01
9.170480108345369530e+00 2.571712527238878554e-01
9.420566033467249412e+00 2.341005813007806247e-01
9.671642335271435797e+00 2.226252246395541701e-01
9.923426157758477473e+00 2.051764947806731521e-01
1.017396902749181820e+01 1.941770872938450021e-01
1.042533700753922155e+01 1.814376531089464950e-01
1.067702948358784276e+01 1.704250021343939325e-01
1.092969337256462303e+01 1.636289479360837629e-01
1.118211872033766419e+01 1.529164468365926122e-01
1.143346516925797296e+01 1.432645816726404175e-01
1.168350508557724687e+01 1.341735435418404676e-01
1.193379937775929100e+01 1.279265932011210416e-01
1.218553055762879112e+01 1.202048042697114044e-01
1.243711650801278878e+01 1.142277953347401453e-01
1.268867268647359303e+01 1.073074554248373419e-01
1.294075027177769144e+01 1.023153611945754188e-01
1.319267287020158363e+01 9.675480061276997557e-02
1.344470571782862756e+01 9.337601085193450445e-02
1.369480150283709641e+01 8.804690755747970887e-02
1.394591277066507828e+01 8.412086821536159109e-02
1.419764645764527167e+01 8.065190625853006778e-02
1.444766774168416212e+01 7.662211717186298565e-02
1.469906835825429070e+01 7.328862925697564312e-02
1.495059118111036511e+01 6.999473685025364711e-02
1.520261612590052991e+01 6.714560367562691368e-02
1.545415944503929495e+01 6.347228849211562773e-02
1.570456072545780124e+01 6.128838729980704697e-02
1.595705800128773966e+01 5.926830094395570125e-02
1.620829297830731619e+01 5.704824525195664742e-02
1.645966591028190962e+01 5.397298498736400468e-02
1.671125708846596325e+01 5.157224984079293584e-02
1.696160259490052624e+01 5.002786684334595974e-02
1.721370276108077135e+01 4.870122163414000727e-02
1.746543424102250341e+01 4.648012136260595145e-02
1.771598473288305442e+01 4.464199735472009628e-02
1.796653767411944003e+01 4.308602826585189449e-02
1.821765658501893270e+01 4.188143538845593566e-02
1.847053788120423334e+01 3.999720525669788612e-02
1.872257696809484173e+01 3.867908651791528152e-02
1.897394097105746269e+01 3.686784943426508337e-02
1.922542454726159988e+01 3.594018321278448502e-02
1.947607703355479103e+01 3.468293679179296901e-02
1.972678839839982601e+01 3.366395254811402338e-02
1.997802698857814363e+01 3.229252590319534738e-02
2.022863620534168660e+01 3.129174854060154387e-02
2.047969598507238231e+01 3.052668320120066614e-02
2.073250439107362553e+01 2.920490351076687752e-02
2.098435855211640089e+01 2.852076430007951038e-02
2.123502923393334640e+01 2.753054061276760320e-02
2.148629411178690773e+01 2.660495941921900073e-02
2.173831825513516591e+01 2.585613448048798557e-02
2.198972260956887226e+01 2.511751519239848254e-02
2.223974971000711420e+01 2.445189558039442129e-02
2.249141870643862973e+01 2.360213986983079534e-02
2.274404614890906373e+01 2.289509273652695631e-02
2.299521835768831579e+01 2.221564162691657893e-02
2.324620084136223852e+01 2.164300951373661352e-02
2.349757798664387209e+01 2.106197496247540907e-02
2.374870488118759937e+01 2.039325860695300613e-02
2.399988781917473091e+01 1.973153326291434556e-02
2.425071646049711305e+01 1.918641071803911177e-02
2.450187830577813841e+01 1.873508365308737197e-02
2.475391093216606109e+01 1.828653069051108110e-02
2.500524226975159792e+01 1.775506390850926583e-02
2.525610980153284402e+01 1.738722688826463761e-02
2.550801425092822328e+01 1.684301044265780131e-02
2.575943113325822864e+01 1.637966791870808236e-02
2.601074166866445125e+01 1.596699758664193655e-02
2.626234447079615464e+01 1.555952124760302119e-02
2.651347712943701751e+01 1.519685544248983687e-02
2.676474177984877656e+01 1.491907893829464392e-02
2.701628079430242479e+01 1.439333623817199564e-02
2.726734205837282232e+01 1.398058959052455273e-02
2.751837013544679422e+01 1.381027444389119549e-02
2.776937726815812724e+01 1.336559608777643758e-02
2.802070160973895341e+01 1.316927192093930721e-02
2.827249982643487058e+01 1.280270854378962909e-02
2.852407603869968966e+01 1.243267685357948502e-02
2.877567300468570721e+01 1.222944360304647864e-02
2.902733523039245256e+01 1.190000693638273467e-02
2.927861073083739996e+01 1.161478160763327813e-02
2.953003196193969160e+01 1.133570121694213451e-02
2.978106336846375157e+01 1.105647927584007227e-02
3.003148440777084716e+01 1.082927743772938572e-02
3.028303386126418673e+01 1.054118734503631076e-02
3.053456493440382857e+01 1.034515302700452291e-02
3.078585183944906944e+01 1.015396563990170198e-02
3.103757946070165730e+01 9.941817834381857372e-03
3.128931656795834826e+01 9.692724754440653831e-03
3.154125974608096428e+01 9.544827819976051120e-03
3.179158626791808828e+01 9.278453132408234424e-03
3.204196438636942190e+01 9.138284703471277748e-03
3.229344668057169798e+01 8.902869512095588911e-03
3.254489998018084407e+01 8.757824761452526890e-03
3.279660140319880668e+01 8.573033928523756883e-03
3.304772754686901237e+01 8.377737676436325040e-03
3.329949953441923327e+01 8.250573267390034354e-03
3.355173249539067371e+01 8.077028444093701035e-03
3.380235474142784824e+01 7.888821398070289259e-03
3.405292218889088218e+01 7.675474543602824051e-03
3.430455901572810262e+01 7.584042915491509031e-03
3.455605119154291316e+01 7.412557555376804615e-03
3.480708698418615654e+01 7.259525080179526392e-03
3.505823042281740243e+01 7.103811914335302589e-03
3.530983122122644602e+01 6.992853004960657148e-03
3.556111974160763367e+01 6.859103061394320258e-03
3.581195885960364933e+01 6.718589099518288213e-03
3.606348577968052638e+01 6.592463890015425737e-03
3.631495136683125935e+01 6.473898992045938952e-03
3.656646781331610185e+01 6.346954392145109057e-03
3.681800948534306173e+01 6.246537153290245871e-03
3.706942350460822411e+01 6.134993337213617316e-03
3.732119977997001570e+01 6.028584851516478882e-03
3.757249197135423202e+01 5.918417612114022265e-03
3.782324055213251057e+01 5.814163301418004935e-03
3.807430609684078604e+01 5.698706140926243328e-03
3.832526519371521090e+01 5.602415584475248060e-03
3.857704530181875668e+01 5.524737554059413851e-03
3.882896255048217427e+01 5.400765818982662149e-03
3.907976684424035341e+01 5.310385657690758557e-03
3.933085588900704010e+01 5.236747048878715241e-03
3.958184533965361140e+01 5.142370410719087487e-03
3.983320492881626507e+01 5.053917809988978452e-03
4.008506787586624398e+01 4.971604842957942291e-03
4.033569471078550350e+01 4.895058722037308289e-03
4.058701345074587863e+01 4.797176804717851600e-03
4.083916815834436420e+01 4.691461711153870236e-03
4.108978611092747713e+01 4.615638410750871716e-03
4.134119394692694271e+01 4.549697370912320071e-03
4.159372926482761557e+01 4.491596729247301911e-03
4.184480996230068683e+01 4.413198523944332485e-03
4.209495048714620680e+01 4.344803529145295669e-03
4.234568601474854432e+01 4.237475428259507813e-03
4.259794184898333214e+01 4.238677028620190142e-03
4.284922176444433717e+01 4.107525712402626365e-03
4.309982534096671003e+01 4.076201306638495628e-03
4.335153475414617930e+01 4.012043023184188803e-03
4.360374984514007224e+01 3.921096124371356746e-03
4.385432838732079830e+01 3.869016851638181712e-03
4.410529766549178277e+01 3.828509678340089300e-03
4.435675536456894008e+01 3.773380976763628103e-03
4.460756668584335927e+01 3.727575544593963574e-03
4.485812369927145937e+01 3.643373556632594282e-03
4.510933196139897206e+01 3.572069134344430311e-03
4.536097672816924131e+01 3.512078225619273773e-03
4.561261869099184452e+01 3.532202310625185207e-03
4.586346064304911607e+01 3.472327280625871378e-03
4.611435299895526185e+01 3.406017398108954989e-03
4.636610302009028572e+01 3.380726959165676268e-03
4.661726081402038346e+01 3.277987219124733984e-03
4.686748045926628237e+01 3.245301840499807255e-03
4.712001000143001761e+01 3.126540648130356811e-03
4.737334269293729960e+01 3.103835999192839680e-03
4.762357272554871912e+01 3.070321859903208956e-03
4.787295862859781437e+01 3.037720679409247008e-03
4.812686710231834297e+01 3.064585266316880319e-03
4.837988354528783930e+01 2.908172676896225370e-03
4.862698975964909209e+01 2.899349950869901330e-03
4.887931961662670233e+01 2.937191254117974080e-03
4.913512531690142282e+01 2.853665334378358790e-03
4.938486646957150583e+01 2.795674974483714371e-03
4.963073103205424985e+01 2.754144685546879717e-03
4.988316058859187763e+01 2.780386172700537173e-03
5.013927392651110893e+01 2.703084716952683115e-03
5.038898445289544270e+01 2.682626582055875307e-03
5.063791314200675941e+01 2.637491001671836335e-03
5.089234515763529032e+01 2.595012308015196955e-03
5.114529266359630810e+01 2.580993294842745447e-03
5.138952878242714206e+01 2.519466768997751047e-03
5.163945178601188246e+01 2.509341884421663078e-03
5.190206698624180603e+01 2.456562064408113633e-03
5.215590084722179398e+01 2.437336125051922393e-03
5.238680673191466042e+01 2.310442304179527277e-03
5.263532591009818873e+01 2.357774262323898262e-03
5.290823119436031874e+01 2.274980249956095549e-03
5.316882575050344428e+01 2.256012430690643687e-03
5.338513341050097694e+01 2.220518715991604865e-03
5.363212510227822349e+01 2.321971871232993666e-03
5.391615723351310407e+01 2.104839383901315093e-03
5.419187693011466678e+01 2.213955846179093030e-03
5.439722241285236493e+01 2.240314719422591139e-03
5.462806064877949552e+01 2.268394822530315959e-03
5.491241494336609463e+01 2.189051391280984193e-03
5.519421446932921782e+01 1.831606472777142468e-03
5.543046826972861396e+01 1.779516760112556965e-03
5.561137265256709128e+01 8.063589216426777237e-04
