3.559856489878782115e-01 4.870253232225327338e+02
6.031648866026231293e-01 1.779967845393242385e+02
8.579160745827347778e-01 8.343414084877380787e+01
1.113464310595710716e+00 4.129735805243294067e+01
1.374039914321364408e+00 3.038824354005551243e+01
1.619154704570298309e+00 1.822468714474090845e+01
1.870686673430271840e+00 1.543019062605316805e+01
2.123290040706380832e+00 1.045072653285237330e+01
2.378144976376236119e+00 7.661547300207145028e+00
2.630489925835516996e+00 6.211620408149837402e+00
2.878653162679494670e+00 4.829355650446006010e+00
3.131144366275339319e+00 3.941738315262305115e+00
3.388159578333816313e+00 3.227461542033497999e+00
3.638741848210948149e+00 2.668740638601597936e+00
3.888315910732085268e+00 2.272240014847914935e+00
4.139052155837465996e+00 1.936241253263634166e+00
4.390305777018236988e+00 1.689946459463722350e+00
4.642172339120373081e+00 1.461930312158229439e+00
4.894678666149941293e+00 1.322522857016731335e+00
5.147269052361176378e+00 1.139615100733979647e+00
5.398003206656323272e+00 9.968482658842096056e-01
5.647798235368590269e+00 9.308437459073116704e-01
5.900534302989873581e+00 7.930002726474780772e-01
6.151460297009074374e+00 6.987773813003663737e-01
6.402630176204441526e+00 6.499129564435993656e-01
6.655964674748322096e+00 5.768617287363453361e-01
6.908782583105771202e+00 5.243322924300104493e-01
7.159060853508338873e+00 4.827253081489187303e-01
7.409414762591408632e+00 4.464192487993566272e-01
7.659227149364629561e+00 4.044506667333212513e-01
7.911559474606142395e+00 3.749210010181969754e-01
8.163750941790897997e+00 3.498523203985330343e-01
8.415757210439384295e+00 3.224845389879291702e-01
8.667638839289207198e+00 2.924034007084407305e-01
8.918801124864609520e+00 2.696421033372981557e-01
9.170480108345369530e+00 2.558107598252281623e-01
9.420566033467249412e+00 2.342602157454118927e-01
9.671642335271435797e+00 2.224151970900797859e-01
9.923426157758477473e+00 2.068201367015086445e-01
1.017396902749181820e+01 1.960720642032004746e-01
1.042533700753922155e+01 1.818463720309860254e-01
1.067702948358784276e+01 1.714219728802524045e-01
1.092969337256462303e+01 1.608281830295849590e-01
1.118211872033766419e+01 1.525894849616246107e-01
1.143346516925797296e+01 1.430437809056424037e-01
1.168350508557724687e+01 1.347554507579367122e-01
1.193379937775929100e+01 1.279276528921163836e-01
1.218553055762879112e+01 1.208705685054801415e-01
1.243711650801278878e+01 1.128669142260065456e-01
1.268867268647359303e+01 1.094518055973952575e-01
1.294075027177769144e+01 1.033149166004445896e-01
1.319267287020158363e+01 9.754560702244738368e-02
1.344470571782862756e+01 9.321544900489137087e-02
1.369480150283709641e+01 8.794606964982389086e-02
1.394591277066507828e+01 8.561745475478776957e-02
1.419764645764527167e+01 7.962489148606105571e-02
1.444766774168416212e+01 7.768219639702914070e-02
1.469906835825429070e+01 7.400580595234911019e-02
1.495059118111036511e+01 7.011791809690179345e-02
1.520261612590052991e+01 6.755875763964469538e-02
1.545415944503929495e+01 6.427986755171963273e-02
1.570456072545780124e+01 6.198485209472014840e-02
1.595705800128773966e+01 5.894814987512468629e-02
1.620829297830731619e+01 5.704955045305757505e-02
1.645966591028190962e+01 5.433985189682158379e-02
1.671125708846596325e+01 5.186257091871137453e-02
1.696160259490052624e+01 5.104092954013871031e-02
1.721370276108077135e+01 4.804811809639270015e-02
1.746543424102250341e+01 4.648489082904189856e-02
1.771598473288305442e+01 4.509792901472250981e-02
1.796653767411944003e+01 4.296215159159178648e-02
1.821765658501893270e+01 4.170765614351128886e-02
1.847053788120423334e+01 3.970897040606899409e-02
1.872257696809484173e+01 3.852304757419596631e-02
1.897394097105746269e+01 3.736325718023857101e-02
1.922542454726159988e+01 3.625168055643625958e-02
1.947607703355479103e+01 3.459554052036590416e-02
1.972678839839982601e+01 3.339666753748125189e-02
1.997802698857814363e+01 3.257649253817036100e-02
2.022863620534168660e+01 3.141740869095721589e-02
2.047969598507238231e+01 3.022945239167423165e-02
2.073250439107362553e+01 2.952957823091246700e-02
2.098435855211640089e+01 2.833859386936823238e-02
2.123502923393334640e+01 2.752584282988761524e-02
2.148629411178690773e+01 2.655015288556068775e-02
2.173831825513516591e+01 2.583880445081946156e-02
2.198972260956887226e+01 2.537661667400555737e-02
2.223974971000711420e+01 2.447821831957847777e-02
2.249141870643862973e+01 2.351751860139747116e-02
2.274404614890906373e+01 2.294614272274296540e-02
2.299521835768831579e+01 2.217067829338967982e-02
2.324620084136223852e+01 2.166546599498812842e-02
2.349757798664387209e+01 2.123900618075684130e-02
2.374870488118759937e+01 2.057698736723798452e-02
2.399988781917473091e+01 1.996110235970866356e-02
2.425071646049711305e+01 1.927777242514637848e-02
2.450187830577813841e+01 1.875564340837531513e-02
2.475391093216606109e+01 1.819604879116916082e-02
2.500524226975159792e+01 1.783909172120762276e-02
2.525610980153284402e+01 1.718482200137847957e-02
2.550801425092822328e+01 1.684153149652244802e-02
2.575943113325822864e+01 1.644178959223218175e-02
2.601074166866445125e+01 1.589751760844515180e-02
2.626234447079615464e+01 1.550700969887039427e-02
2.651347712943701751e+01 1.518975704746000112e-02
2.676474177984877656e+01 1.491919410357604725e-02
2.701628079430242479e+01 1.442878097529864609e-02
2.726734205837282232e+01 1.410103738133464644e-02
2.751837013544679422e+01 1.366079500676027972e-02
2.776937726815812724e+01 1.342134300534252901e-02
2.802070160973895341e+01 1.311077985896015249e-02
2.827249982643487058e+01 1.282861996779482289e-02
2.852407603869968966e+01 1.245369062891491484e-02
2.877567300468570721e+01 1.213638214258904932e-02
2.902733523039245256e+01 1.185420771588719009e-02
2.927861073083739996e+01 1.166298832132104703e-02
2.953003196193969160e+01 1.133077042105952968e-02
2.978106336846375157e+01 1.105432805961035179e-02
3.003148440777084716e+01 1.084492435370683523e-02
3.028303386126418673e+01 1.063753573161113977e-02
3.053456493440382857e+01 1.039776257688164451e-02
3.078585183944906944e+01 1.017278806305600344e-02
3.103757946070165730e+01 9.930030173876299923e-03
3.128931656795834826e+01 9.711528934252743397e-03
3.154125974608096428e+01 9.514436001913288352e-03
3.179158626791808828e+01 9.294523975369943514e-03
3.204196438636942190e+01 9.087248477469141508e-03
3.229344668057169798e+01 8.924089305998887320e-03
3.254489998018084407e+01 8.708713298323306901e-03
3.279660140319880668e+01 8.542171370602523808e-03
3.304772754686901237e+01 8.393149908187650873e-03
3.329949953441923327e+01 8.170268607059719829e-03
3.355173249539067371e+01 8.025410248315165487e-03
3.380235474142784824e+01 7.858734821194889031e-03
3.405292218889088218e+01 7.745595850150781454e-03
3.430455901572810262e+01 7.557368646049681706e-03
3.455605119154291316e+01 7.433218217004470066e-03
3.480708698418615654e+01 7.297264644250969767e-03
3.505823042281740243e+01 7.154657060715293067e-03
3.530983122122644602e+01 7.004042437371755386e-03
3.556111974160763367e+01 6.828434654934203638e-03
3.581195885960364933e+01 6.761204227607123945e-03
3.606348577968052638e+01 6.610970548910820310e-03
3.631495136683125935e+01 6.529814313211503712e-03
3.656646781331610185e+01 6.374261584032003304e-03
3.681800948534306173e+01 6.219162771345826055e-03
3.706942350460822411e+01 6.123106410684429728e-03
3.732119977997001570e+01 6.006891289931600743e-03
3.757249197135423202e+01 5.936721832274994420e-03
3.782324055213251057e+01 5.814660826488156700e-03
3.807430609684078604e+01 5.689258401691576691e-03
3.832526519371521090e+01 5.583360062713496608e-03
3.857704530181875668e+01 5.490368325562922786e-03
3.882896255048217427e+01 5.428312488141668821e-03
3.907976684424035341e+01 5.337535311511036606e-03
3.933085588900704010e+01 5.236434075538454712e-03
3.958184533965361140e+01 5.120047693819023901e-03
3.983320492881626507e+01 5.061806965196711909e-03
4.008506787586624398e+01 4.954293053186428590e-03
4.033569471078550350e+01 4.851078129820009764e-03
4.058701345074587863e+01 4.806553521182930014e-03
4.083916815834436420e+01 4.716723794719915666e-03
4.108978611092747713e+01 4.663733226498918347e-03
4.134119394692694271e+01 4.588222509596383628e-03
4.159372926482761557e+01 4.464005634865808418e-03
4.184480996230068683e+01 4.391463610710821287e-03
4.209495048714620680e+01 4.346025227528322460e-03
4.234568601474854432e+01 4.315751935506261482e-03
4.259794184898333214e+01 4.207738572131258098e-03
4.284922176444433717e+01 4.135366633174482158e-03
4.309982534096671003e+01 4.049918367994098309e-03
4.335153475414617930e+01 4.007165420150018975e-03
4.360374984514007224e+01 3.947767364481479316e-03
4.385432838732079830e+01 3.859742233877547744e-03
4.410529766549178277e+01 3.811328628155682095e-03
4.435675536456894008e+01 3.721294902095781745e-03
4.460756668584335927e+01 3.714196080373353276e-03
4.485812369927145937e+01 3.664032046981979731e-03
4.510933196139897206e+01 3.614408739382377316e-03
4.536097672816924131e+01 3.571654268337917919e-03
4.561261869099184452e+01 3.478589142898863996e-03
4.586346064304911607e+01 3.462390430412626199e-03
4.611435299895526185e+01 3.382157580114791926e-03
4.636610302009028572e+01 3.328177299987239782e-03
4.661726081402038346e+01 3.259587211249021736e-03
4.686748045926628237e+01 3.290196801564430722e-03
4.712001000143001761e+01 3.178420996000059714e-03
4.737334269293729960e+01 3.130368217423097881e-03
4.762357272554871912e+01 3.098900641033631477e-03
4.787295862859781437e+01 3.029977269043768271e-03
4.812686710231834297e+01 3.019165286312186502e-03
4.837988354528783930e+01 3.019434748781732025e-03
4.862698975964909209e+01 2.991023512972053496e-03
4.887931961662670233e+01 2.862564971620415802e-03
4.913512531690142282e+01 2.847877980208463403e-03
4.938486646957150583e+01 2.794110133458272468e-03
4.963073103205424985e+01 2.714150534053174323e-03
4.988316058859187763e+01 2.737418487577565705e-03
5.013927392651110893e+01 2.676675092785347002e-03
5.038898445289544270e+01 2.608143040982371843e-03
5.063791314200675941e+01 2.604600898173113025e-03
5.089234515763529032e+01 2.646597180661726129e-03
5.114529266359630810e+01 2.472349830041119592e-03
5.138952878242714206e+01 2.465071700807368836e-03
5.163945178601188246e+01 2.463363424223817197e-03
5.190206698624180603e+01 2.499610135317749393e-03
5.215590084722179398e+01 2.368919718272100797e-03
5.238680673191466042e+01 2.439911422803104930e-03
5.263532591009818873e+01 2.336711157269763181e-03
5.290823119436031874e+01 2.325558373850317162e-03
5.316882575050344428e+01 2.159821925346964554e-03
5.338513341050097694e+01 2.164722259725280779e-03
5.363212510227822349e+01 2.246811910498329110e-03
5.391615723351310407e+01 2.157434547965345149e-03
5.419187693011466678e+01 2.146272233727221888e-03
5.439722241285236493e+01 2.300081157948408953e-03
5.462806064877949552e+01 2.227611734693160043e-03
5.491241494336609463e+01 2.282070729700402291e-03
5.519421446932921782e+01 1.762684454551753047e-03
5.543046826972861396e+01 3.001938073903812326e-03
5.561137265256709128e+01 1.741406522125009491e-03
