3.559856489878782115e-01 5.228931538794248581e+02
6.031648866026231293e-01 2.923826395586240778e+02
8.579160745827347778e-01 1.030661684405863951e+02
1.113464310595710716e+00 4.578621011836149535e+01
1.374039914321364408e+00 2.950354535783015208e+01
1.619154704570298309e+00 2.139416190525897221e+01
1.870686673430271840e+00 1.562483705886683261e+01
2.123290040706380832e+00 1.040394319049367056e+01
2.378144976376236119e+00 7.977734832317280755e+00
2.630489925835516996e+00 6.198485457727515247e+00
2.878653162679494670e+00 4.687124880146470218e+00
3.131144366275339319e+00 3.923671963688086795e+00
3.388159578333816313e+00 3.378260091189004832e+00
3.638741848210948149e+00 2.848960289691703007e+00
3.888315910732085268e+00 2.280109416658016919e+00
4.139052155837465996e+00 1.996889323557476725e+00
4.390305777018236988e+00 1.698383047087620668e+00
4.642172339120373081e+00 1.523813759249364130e+00
4.894678666149941293e+00 1.271477499795744537e+00
5.147269052361176378e+00 1.104477198188179798e+00
5.398003206656323272e+00 1.028889961493985261e+00
5.647798235368590269e+00 9.158460927529166185e-01
5.900534302989873581e+00 7.996559390010676838e-01
6.151460297009074374e+00 7.208806693434683943e-01
6.402630176204441526e+00 6.448375015068377181e-01
6.655964674748322096e+00 5.810883064750270721e-01
6.908782583105771202e+00 5.289759502888691234e-01
7.159060853508338873e+00 4.873839825496187328e-01
7.409414762591408632e+00 4.464253119371912049e-01
7.659227149364629561e+00 4.113848555922509642e-01
7.911559474606142395e+00 3.686960402045654783e-01
8.163750941790897997e+00 3.367075474881767172e-01
8.415757210439384295e+00 3.212020522613135975e-01
8.667638839289207198e+00 2.975002539032032822e-01
8.918801124864609520e+00 2.785124163665543273e-01
9.170480108345369530e+00 2.564273549425113430e-01
9.420566033467249412e+00 2.356456751262342442e-01
9.671642335271435797e+00 2.166650287145247822e-01
9.923426157758477473e+00 2.035529782968055756e-01
1.017396902749181820e+01 1.946419129595143849e-01
1.042533700753922155e+01 1.848161897929408992e-01
1.067702948358784276e+01 1.706051174531634518e-01
1.092969337256462303e+01 1.595636688657640079e-01
1.118211872033766419e+01 1.522019203648848351e-01
1.143346516925797296e+01 1.410370923983523817e-01
1.168350508557724687e+01 1.356266025117614515e-01
1.193379937775929100e+01 1.273122991832102147e-01
1.218553055762879112e+01 1.189135946288343987e-01
1.243711650801278878e+01 1.140118085507179913e-01
1.268867268647359303e+01 1.088079293505612583e-01
1.294075027177769144e+01 1.026297207189730554e-01
1.319267287020158363e+01 9.784627103022419670e-02
1.344470571782862756e+01 9.322889645607364273e-02
1.369480150283709641e+01 8.768669807679768669e-02
1.394591277066507828e+01 8.496081304161071102e-02
1.419764645764527167e+01 7.935329447302520711e-02
1.444766774168416212e+01 7.595774385734428702e-02
1.469906835825429070e+01 7.220465561314461100e-02
1.495059118111036511e+01 6.994910182779424945e-02
1.520261612590052991e+01 6.734711553839084486e-02
1.545415944503929495e+01 6.453885509002428578e-02
1.570456072545780124e+01 6.125171401340104987e-02
1.595705800128773966e+01 5.877064973290834632e-02
1.620829297830731619e+01 5.694799203012060329e-02
1.645966591028190962e+01 5.403467111278021512e-02
1.671125708846596325e+01 5.252702896959138279e-02
1.696160259490052624e+01 5.030643633520315294e-02
1.721370276108077135e+01 4.826271681264053537e-02
1.746543424102250341e+01 4.636474185565291756e-02
1.771598473288305442e+01 4.478144435900604375e-02
1.796653767411944003e+01 4.338278744938438292e-02
1.821765658501893270e+01 4.154309785892909557e-02
1.847053788120423334e+01 4.004752214416211487e-02
1.872257696809484173e+01 3.843017124990223687e-02
1.897394097105746269e+01 3.762147400814248865e-02
1.922542454726159988e+01 3.612944911748457166e-02
1.947607703355479103e+01 3.466970887226723114e-02
1.972678839839982601e+01 3.347372999803483601e-02
1.997802698857814363e+01 3.239553438515987288e-02
2.022863620534168660e+01 3.147570382190733457e-02
2.047969598507238231e+01 3.015718963424944554e-02
2.073250439107362553e+01 2.943664910952004110e-02
2.098435855211640089e+01 2.869260131677467754e-02
2.123502923393334640e+01 2.760725730802852593e-02
2.148629411178690773e+01 2.672518532710487296e-02
2.173831825513516591e+01 2.582662236876554288e-02
2.198972260956887226e+01 2.513755268163887086e-02
2.223974971000711420e+01 2.435558285407894361e-02
2.249141870643862973e+01 2.367498499005440266e-02
2.274404614890906373e+01 2.294591123179323330e-02
2.299521835768831579e+01 2.232981152419517834e-02
2.324620084136223852e+01 2.174746672638121561e-02
2.349757798664387209e+01 2.093630131406630512e-02
2.374870488118759937e+01 2.038177533937358607e-02
2.399988781917473091e+01 1.981883210217021477e-02
2.425071646049711305e+01 1.927812949802958434e-02
2.450187830577813841e+01 1.875060287184905986e-02
2.475391093216606109e+01 1.827444670538785551e-02
2.500524226975159792e+01 1.772474437163927552e-02
2.525610980153284402e+01 1.726450826827562179e-02
2.550801425092822328e+01 1.679345432783356171e-02
2.575943113325822864e+01 1.638379942801549902e-02
2.601074166866445125e+01 1.606205321462204905e-02
2.626234447079615464e+01 1.558691160555208087e-02
2.651347712943701751e+01 1.516450986950405172e-02
2.676474177984877656e+01 1.481147395705486973e-02
2.701628079430242479e+01 1.442976576105450826e-02
2.726734205837282232e+01 1.412247814782153880e-02
2.751837013544679422e+01 1.375086109939151376e-02
2.776937726815812724e+01 1.336468108248834753e-02
2.802070160973895341e+01 1.308658451573608238e-02
2.827249982643487058e+01 1.277629103457462827e-02
2.852407603869968966e+01 1.248166049382127933e-02
2.877567300468570721e+01 1.220474595155750762e-02
2.902733523039245256e+01 1.185407781798680782e-02
2.927861073083739996e+01 1.160804045473964527e-02
2.953003196193969160e+01 1.142446022737179240e-02
2.978106336846375157e+01 1.112899474265467877e-02
3.003148440777084716e+01 1.078648592101680466e-02
3.028303386126418673e+01 1.064180125194391646e-02
3.053456493440382857e+01 1.036118860054535164e-02
3.078585183944906944e+01 1.012806216178525204e-02
3.103757946070165730e+01 9.927994403018062380e-03
3.128931656795834826e+01 9.734522130204630724e-03
3.154125974608096428e+01 9.550892696398418161e-03
3.179158626791808828e+01 9.288774660136596070e-03
3.204196438636942190e+01 9.038876542688050256e-03
3.229344668057169798e+01 8.918287683512377342e-03
3.254489998018084407e+01 8.740307907535554630e-03
3.279660140319880668e+01 8.580256804660579134e-03
3.304772754686901237e+01 8.369685084193967742e-03
3.329949953441923327e+01 8.185651927557610966e-03
3.355173249539067371e+01 8.023490431442195647e-03
3.380235474142784824e+01 7.906571458563603147e-03
3.405292218889088218e+01 7.692634979169942454e-03
3.430455901572810262e+01 7.542020583663092657e-03
3.455605119154291316e+01 7.400984899328672505e-03
3.480708698418615654e+01 7.231847524250237420e-03
3.505823042281740243e+01 7.152865909877619867e-03
3.530983122122644602e+01 7.040794382715927051e-03
3.556111974160763367e+01 6.900770120325243340e-03
3.581195885960364933e+01 6.724611017995102934e-03
3.606348577968052638e+01 6.621100027838211326e-03
3.631495136683125935e+01 6.465190353729597696e-03
3.656646781331610185e+01 6.394259127058438651e-03
3.681800948534306173e+01 6.260630399920098441e-03
3.706942350460822411e+01 6.117004165420349832e-03
3.732119977997001570e+01 5.966718644216743514e-03
3.757249197135423202e+01 5.940232470244524027e-03
3.782324055213251057e+01 5.814823490484523870e-03
3.807430609684078604e+01 5.697040450281173028e-03
3.832526519371521090e+01 5.594864804370403358e-03
3.857704530181875668e+01 5.494554425148100336e-03
3.882896255048217427e+01 5.361455636107043121e-03
3.907976684424035341e+01 5.314483633511018872e-03
3.933085588900704010e+01 5.254186991341989500e-03
3.958184533965361140e+01 5.126947523320682550e-03
3.983320492881626507e+01 5.055174419664873985e-03
4.008506787586624398e+01 4.945751309167345337e-03
4.033569471078550350e+01 4.865848481154801640e-03
4.058701345074587863e+01 4.785264973696786404e-03
4.083916815834436420e+01 4.737358601241224015e-03
4.108978611092747713e+01 4.617527857085464843e-03
4.134119394692694271e+01 4.558315321149196929e-03
4.159372926482761557e+01 4.482980780557198862e-03
4.184480996230068683e+01 4.392000263973065699e-03
4.209495048714620680e+01 4.343203845607513172e-03
4.234568601474854432e+01 4.286150485295041855e-03
4.259794184898333214e+01 4.206613507158549203e-03
4.284922176444433717e+01 4.124869909304921915e-03
4.309982534096671003e+01 4.067108194222180707e-03
4.335153475414617930e+01 4.009940248193836175e-03
4.360374984514007224e+01 3.929777502856883487e-03
4.385432838732079830e+01 3.846074822803184200e-03
4.410529766549178277e+01 3.855003832836261402e-03
4.435675536456894008e+01 3.794279883203003148e-03
4.460756668584335927e+01 3.689200271044496427e-03
4.485812369927145937e+01 3.664919142314224630e-03
4.510933196139897206e+01 3.591177138959382713e-03
4.536097672816924131e+01 3.507526487675654593e-03
4.561261869099184452e+01 3.443781961907821983e-03
4.586346064304911607e+01 3.472463576770916036e-03
4.611435299895526185e+01 3.388813475916210589e-03
4.636610302009028572e+01 3.321278659953949986e-03
4.661726081402038346e+01 3.265875764065556165e-03
4.686748045926628237e+01 3.228292496822837872e-03
4.712001000143001761e+01 3.206631958114708383e-03
4.737334269293729960e+01 3.160567053854241356e-03
4.762357272554871912e+01 3.009464106020257133e-03
4.787295862859781437e+01 3.058548891442342595e-03
4.812686710231834297e+01 3.023512495424613127e-03
4.837988354528783930e+01 2.985310136667409294e-03
4.862698975964909209e+01 2.926605247967521174e-03
4.887931961662670233e+01 2.859256230378873220e-03
4.913512531690142282e+01 2.875849907131259632e-03
4.938486646957150583e+01 2.804634117736414661e-03
4.963073103205424985e+01 2.756266935973722410e-03
4.988316058859187763e+01 2.754432494733929839e-03
5.013927392651110893e+01 2.715235906467666858e-03
5.038898445289544270e+01 2.610228144191709381e-03
5.063791314200675941e+01 2.660584273152629114e-03
5.089234515763529032e+01 2.622182883263524632e-03
5.114529266359630810e+01 2.523641096939476490e-03
5.138952878242714206e+01 2.548615035253899361e-03
5.163945178601188246e+01 2.480069746574764360e-03
5.190206698624180603e+01 2.478542367385476886e-03
5.215590084722179398e+01 2.345211130576542458e-03
5.238680673191466042e+01 2.381684946699821198e-03
5.263532591009818873e+01 2.394428038680238360e-03
5.290823119436031874e+01 2.330003378358168342e-03
5.316882575050344428e+01 2.266670611701035020e-03
5.338513341050097694e+01 2.384357015965110453e-03
5.363212510227822349e+01 2.228763264911672818e-03
5.391615723351310407e+01 2.340832869958509033e-03
5.419187693011466678e+01 2.138693863645004575e-03
5.439722241285236493e+01 2.421913332625338661e-03
5.462806064877949552e+01 2.043267890596476861e-03
5.491241494336609463e+01 1.932615705817251157e-03
5.519421446932921782e+01 1.959885956651415389e-03
5.543046826972861396e+01 1.944878011095696338e-03
5.561137265256709128e+01 2.825056876879875403e-03
