3.559856489878782115e-01 7.614880412087643435e+02
6.031648866026231293e-01 2.806102599670064137e+02
8.579160745827347778e-01 9.557539538627415254e+01
1.113464310595710716e+00 6.039184739016091896e+01
1.374039914321364408e+00 2.842071011779443168e+01
1.619154704570298309e+00 2.140459069700477812e+01
1.870686673430271840e+00 1.435643212097805943e+01
2.123290040706380832e+00 1.046079391192244934e+01
2.378144976376236119e+00 7.705984545596558988e+00
2.630489925835516996e+00 6.256566705221334956e+00
2.878653162679494670e+00 5.195356933826642987e+00
3.131144366275339319e+00 4.117607484898103465e+00
3.388159578333816313e+00 3.240787043556466962e+00
3.638741848210948149e+00 2.839404394388658659e+00
3.888315910732085268e+00 2.306169319036817100e+00
4.139052155837465996e+00 1.969068536949649451e+00
4.390305777018236988e+00 1.649002691920041563e+00
4.642172339120373081e+00 1.490316635388255984e+00
4.894678666149941293e+00 1.292706591322924314e+00
5.147269052361176378e+00 1.165498158221765168e+00
5.398003206656323272e+00 9.636981978486482969e-01
5.647798235368590269e+00 8.681498137377117175e-01
5.900534302989873581e+00 7.951237824179920866e-01
6.151460297009074374e+00 7.206195727662871864e-01
6.402630176204441526e+00 6.475367154173673478e-01
6.655964674748322096e+00 5.806145530698227919e-01
6.908782583105771202e+00 5.443291666431697706e-01
7.159060853508338873e+00 4.911961229866669276e-01
7.409414762591408632e+00 4.422007633024133133e-01
7.659227149364629561e+00 4.152914042548228046e-01
7.911559474606142395e+00 3.705921919510902773e-01
8.163750941790897997e+00 3.413786004414582353e-01
8.415757210439384295e+00 3.167544506570016960e-01
8.667638839289207198e+00 2.917276185369482300e-01
8.918801124864609520e+00 2.781666225867138742e-01
9.170480108345369530e+00 2.579005454153374122e-01
9.420566033467249412e+00 2.376080376835253416e-01
9.671642335271435797e+00 2.210829391454821879e-01
9.923426157758477473e+00 2.074967430619704956e-01
1.017396902749181820e+01 1.918509727985706348e-01
1.042533700753922155e+01 1.790265945030772021e-01
1.067702948358784276e+01 1.736016223377407353e-01
1.092969337256462303e+01 1.610884480382536177e-01
1.118211872033766419e+01 1.532671972045243081e-01
1.143346516925797296e+01 1.432381602148503075e-01
1.168350508557724687e+01 1.345840120087492264e-01
1.193379937775929100e+01 1.252281988554547754e-01
1.218553055762879112e+01 1.207117031816054564e-01
1.243711650801278878e+01 1.144483109554000344e-01
1.268867268647359303e+01 1.095510281020985743e-01
1.294075027177769144e+01 1.036712486098580327e-01
1.319267287020158363e+01 9.822961443880710852e-02
1.344470571782862756e+01 9.332174741927336259e-02
1.369480150283709641e+01 8.878714678668699067e-02
1.394591277066507828e+01 8.500912492138711085e-02
1.419764645764527167e+01 8.060159380936696150e-02
1.444766774168416212e+01 7.650664051704228474e-02
1.469906835825429070e+01 7.391854617894781654e-02
1.495059118111036511e+01 7.111901042045955246e-02
1.520261612590052991e+01 6.660643901350790652e-02
1.545415944503929495e+01 6.471070527481019574e-02
1.570456072545780124e+01 6.178587195048762526e-02
1.595705800128773966e+01 5.962170083952048061e-02
1.620829297830731619e+01 5.616462033932988901e-02
1.645966591028190962e+01 5.456026813091011812e-02
1.671125708846596325e+01 5.238980257644006849e-02
1.696160259490052624e+01 5.041667316387268838e-02
1.721370276108077135e+01 4.823219325344844238e-02
1.746543424102250341e+01 4.642233189066984761e-02
1.771598473288305442e+01 4.519022151474679644e-02
1.796653767411944003e+01 4.312369659772789798e-02
1.821765658501893270e+01 4.136714938190880209e-02
1.847053788120423334e+01 4.022412923144147445e-02
1.872257696809484173e+01 3.846939900132363005e-02
1.897394097105746269e+01 3.715524611823522311e-02
1.922542454726159988e+01 3.586027123105154507e-02
1.947607703355479103e+01 3.462419093309070106e-02
1.972678839839982601e+01 3.383570589990982092e-02
1.997802698857814363e+01 3.251589227101439605e-02
2.022863620534168660e+01 3.113649513009240574e-02
2.047969598507238231e+01 3.056973196446497940e-02
2.073250439107362553e+01 2.932246566285059627e-02
2.098435855211640089e+01 2.836191822934961554e-02
2.123502923393334640e+01 2.754285583942204726e-02
2.148629411178690773e+01 2.674533964548205661e-02
2.173831825513516591e+01 2.600458730470478486e-02
2.198972260956887226e+01 2.509245977881266465e-02
2.223974971000711420e+01 2.427323622658001875e-02
2.249141870643862973e+01 2.362467472252821957e-02
2.274404614890906373e+01 2.301383771630286304e-02
2.299521835768831579e+01 2.240842776761282212e-02
2.324620084136223852e+01 2.159177678749916313e-02
2.349757798664387209e+01 2.092287698517771022e-02
2.374870488118759937e+01 2.040474038485484351e-02
2.399988781917473091e+01 1.975792004878072772e-02
2.425071646049711305e+01 1.917306450186641309e-02
2.450187830577813841e+01 1.886692194057198319e-02
2.475391093216606109e+01 1.815387024067926375e-02
2.500524226975159792e+01 1.779967634020500691e-02
2.525610980153284402e+01 1.721639754338408559e-02
2.550801425092822328e+01 1.687810192449514315e-02
2.575943113325822864e+01 1.641329396953423309e-02
2.601074166866445125e+01 1.598487431380430854e-02
2.626234447079615464e+01 1.549315719731150960e-02
2.651347712943701751e+01 1.511538766641249906e-02
2.676474177984877656e+01 1.473922123314557603e-02
2.701628079430242479e+01 1.441167889862100988e-02
2.726734205837282232e+01 1.406484738320162506e-02
2.751837013544679422e+01 1.371658827849516621e-02
2.776937726815812724e+01 1.337782854154421011e-02
2.802070160973895341e+01 1.310639436124766063e-02
2.827249982643487058e+01 1.280374052910696232e-02
2.852407603869968966e+01 1.242812667496889789e-02
2.877567300468570721e+01 1.217046087438821041e-02
2.902733523039245256e+01 1.183249404243108018e-02
2.927861073083739996e+01 1.157809521961235613e-02
2.953003196193969160e+01 1.137895630361166789e-02
2.978106336846375157e+01 1.109029678436372103e-02
3.003148440777084716e+01 1.082475435847868317e-02
3.028303386126418673e+01 1.063688147224326266e-02
3.053456493440382857e+01 1.041991918209891205e-02
3.078585183944906944e+01 1.010238606091574953e-02
3.103757946070165730e+01 9.899088188913118119e-03
3.128931656795834826e+01 9.687813576977063329e-03
3.154125974608096428e+01 9.549338495853893632e-03
3.179158626791808828e+01 9.306341784917359500e-03
3.204196438636942190e+01 9.085733513840623179e-03
3.229344668057169798e+01 8.872288461302915014e-03
3.254489998018084407e+01 8.733766315964390514e-03
3.279660140319880668e+01 8.526238191633101968e-03
3.304772754686901237e+01 8.336277389508050389e-03
3.329949953441923327e+01 8.219057727909862693e-03
3.355173249539067371e+01 8.002536271195516762e-03
3.380235474142784824e+01 7.871703416876442080e-03
3.405292218889088218e+01 7.655590564464954256e-03
3.430455901572810262e+01 7.535762817669040652e-03
3.455605119154291316e+01 7.385747416159758362e-03
3.480708698418615654e+01 7.277291144421388878e-03
3.505823042281740243e+01 7.131226225991161606e-03
3.530983122122644602e+01 6.996712095967447080e-03
3.556111974160763367e+01 6.864544449007246515e-03
3.581195885960364933e+01 6.744280515555640780e-03
3.606348577968052638e+01 6.596481305699242355e-03
3.631495136683125935e+01 6.450987321367463931e-03
3.656646781331610185e+01 6.359269730609514587e-03
3.681800948534306173e+01 6.243597911854150383e-03
3.706942350460822411e+01 6.119080834624947111e-03
3.732119977997001570e+01 6.035731922294172366e-03
3.757249197135423202e+01 5.904683640545656427e-03
3.782324055213251057e+01 5.828904773362410772e-03
3.807430609684078604e+01 5.694493284507234736e-03
3.832526519371521090e+01 5.599939069620788260e-03
3.857704530181875668e+01 5.544417701850451290e-03
3.882896255048217427e+01 5.390038059996826725e-03
3.907976684424035341e+01 5.313663275269197780e-03
3.933085588900704010e+01 5.225665246799070761e-03
3.958184533965361140e+01 5.106929652318631038e-03
3.983320492881626507e+01 5.058972256599869079e-03
4.008506787586624398e+01 4.930506557326254889e-03
4.033569471078550350e+01 4.866912924529944069e-03
4.058701345074587863e+01 4.787350102882195063e-03
4.083916815834436420e+01 4.733016141838815478e-03
4.108978611092747713e+01 4.636766838472116889e-03
4.134119394692694271e+01 4.530310591561287868e-03
4.159372926482761557e+01 4.465382809526285794e-03
4.184480996230068683e+01 4.372934038592695208e-03
4.209495048714620680e+01 4.332396066895922472e-03
4.234568601474854432e+01 4.297714983560066079e-03
4.259794184898333214e+01 4.207336451555489937e-03
4.284922176444433717e+01 4.105860801742284780e-03
4.309982534096671003e+01 4.096402028487777965e-03
4.335153475414617930e+01 3.976547548139236672e-03
4.360374984514007224e+01 3.941483470825610236e-03
4.385432838732079830e+01 3.873691113908551281e-03
4.410529766549178277e+01 3.784167335574429962e-03
4.435675536456894008e+01 3.771517479564662559e-03
4.460756668584335927e+01 3.758699244777004549e-03
4.485812369927145937e+01 3.619962831108594712e-03
4.510933196139897206e+01 3.591341716901440620e-03
4.536097672816924131e+01 3.549510536016286123e-03
4.561261869099184452e+01 3.469448646087862440e-03
4.586346064304911607e+01 3.459376505581710295e-03
4.611435299895526185e+01 3.366486759951224910e-03
4.636610302009028572e+01 3.343388694979316372e-03
4.661726081402038346e+01 3.300987990727660085e-03
4.686748045926628237e+01 3.212333817472400911e-03
4.712001000143001761e+01 3.165472717538144690e-03
4.737334269293729960e+01 3.130731168304646140e-03
4.762357272554871912e+01 3.079526832404231446e-03
4.787295862859781437e+01 3.044649138937235381e-03
4.812686710231834297e+01 3.020078221772787459e-03
4.837988354528783930e+01 2.973264217378345994e-03
4.862698975964909209e+01 2.996362645813756016e-03
4.887931961662670233e+01 2.875566327452448376e-03
4.913512531690142282e+01 2.846409196984177499e-03
4.938486646957150583e+01 2.837141862122258620e-03
4.963073103205424985e+01 2.765998941161385352e-03
4.988316058859187763e+01 2.762606768594707760e-03
5.013927392651110893e+01 2.651185316811009631e-03
5.038898445289544270e+01 2.654141410553437653e-03
5.063791314200675941e+01 2.621931552686321276e-03
5.089234515763529032e+01 2.649402701533704312e-03
5.114529266359630810e+01 2.507647010918587650e-03
5.138952878242714206e+01 2.489523918403096624e-03
5.163945178601188246e+01 2.540035877281304408e-03
5.190206698624180603e+01 2.489418746423807064e-03
5.215590084722179398e+01 2.311693227340031430e-03
5.238680673191466042e+01 2.374777535324224410e-03
5.263532591009818873e+01 2.428279329039105192e-03
5.290823119436031874e+01 2.262716290869043814e-03
5.316882575050344428e+01 2.368181070845004794e-03
5.338513341050097694e+01 2.235231628079205248e-03
5.363212510227822349e+01 2.124388268136747672e-03
5.391615723351310407e+01 2.044820229426579442e-03
5.419187693011466678e+01 2.107717182320226462e-03
5.439722241285236493e+01 2.211848583097425578e-03
5.462806064877949552e+01 2.168499111969554236e-03
5.491241494336609463e+01 2.197213092857331577e-03
5.519421446932921782e+01 2.581622460013719821e-03
5.543046826972861396e+01 1.321330405000820324e-03
5.561137265256709128e+01 1.259466032683223199e-03
