3.559856489878782115e-01 6.147454719266543179e+02
6.031648866026231293e-01 1.967681363657100917e+02
8.579160745827347778e-01 9.086693508934058627e+01
1.113464310595710716e+00 5.103215777763439576e+01
1.374039914321364408e+00 2.826940697502434929e+01
1.619154704570298309e+00 2.099471890798844598e+01
1.870686673430271840e+00 1.362388490977984290e+01
2.123290040706380832e+00 1.038918286506428679e+01
2.378144976376236119e+00 8.593212005996798908e+00
2.630489925835516996e+00 5.795426014100639733e+00
2.878653162679494670e+00 4.829204843799725921e+00
3.131144366275339319e+00 3.939578363783573067e+00
3.388159578333816313e+00 3.286460731204636332e+00
3.638741848210948149e+00 2.631508526401478143e+00
3.888315910732085268e+00 2.363829305585650520e+00
4.139052155837465996e+00 1.961221112018989077e+00
4.390305777018236988e+00 1.702869205868571267e+00
4.642172339120373081e+00 1.487889244643963105e+00
4.894678666149941293e+00 1.293047161512642651e+00
5.147269052361176378e+00 1.173591679015033584e+00
5.398003206656323272e+00 1.026382522001585418e+00
5.647798235368590269e+00 9.009005978324121644e-01
5.900534302989873581e+00 8.160850691888604791e-01
6.151460297009074374e+00 7.280375283612673387e-01
6.402630176204441526e+00 6.438133780451970045e-01
6.655964674748322096e+00 5.865798254729185368e-01
6.908782583105771202e+00 5.400448305282055106e-01
7.159060853508338873e+00 4.731748166089574381e-01
7.409414762591408632e+00 4.437138110557874993e-01
7.659227149364629561e+00 4.034984116755867545e-01
7.911559474606142395e+00 3.701711084900548565e-01
8.163750941790897997e+00 3.371661124316635005e-01
8.415757210439384295e+00 3.220871425011122002e-01
8.667638839289207198e+00 2.933069603806187087e-01
8.918801124864609520e+00 2.767294511069878227e-01
9.170480108345369530e+00 2.495202600255761183e-01
9.420566033467249412e+00 2.375153288195566703e-01
9.671642335271435797e+00 2.231831543234795989e-01
9.923426157758477473e+00 2.064328501457783904e-01
1.017396902749181820e+01 1.915864838758934430e-01
1.042533700753922155e+01 1.836681875997070168e-01
1.067702948358784276e+01 1.706762147040306044e-01
1.092969337256462303e+01 1.606795099042450936e-01
1.118211872033766419e+01 1.523384955561600806e-01
1.143346516925797296e+01 1.433502911404695435e-01
1.168350508557724687e+01 1.334598884298114074e-01
1.193379937775929100e+01 1.269046880131364519e-01
1.218553055762879112e+01 1.206214487276574543e-01
1.243711650801278878e+01 1.147198439779848061e-01
1.268867268647359303e+01 1.102306469958353324e-01
1.294075027177769144e+01 1.026706391727164047e-01
1.319267287020158363e+01 9.871779204494562920e-02
1.344470571782862756e+01 9.377746637688712250e-02
1.369480150283709641e+01 8.918243835629748040e-02
1.394591277066507828e+01 8.399907957093170896e-02
1.419764645764527167e+01 8.133269425678869846e-02
1.444766774168416212e+01 7.736561323611319818e-02
1.469906835825429070e+01 7.383767476027545962e-02
1.495059118111036511e+01 6.955733335404845619e-02
1.520261612590052991e+01 6.739744491001165017e-02
1.545415944503929495e+01 6.421103080817543163e-02
1.570456072545780124e+01 6.166310695545965115e-02
1.595705800128773966e+01 5.867229516564086839e-02
1.620829297830731619e+01 5.638073506718401656e-02
1.645966591028190962e+01 5.439024020333756843e-02
1.671125708846596325e+01 5.217842429593621406e-02
1.696160259490052624e+01 4.998199096400764846e-02
1.721370276108077135e+01 4.875242935594464866e-02
1.746543424102250341e+01 4.624072318375090779e-02
1.771598473288305442e+01 4.453172404012119279e-02
1.796653767411944003e+01 4.323969723395671566e-02
1.821765658501893270e+01 4.188792516046544595e-02
1.847053788120423334e+01 4.009025336624921082e-02
1.872257696809484173e+01 3.860172275210047022e-02
1.897394097105746269e+01 3.697243717578242717e-02
1.922542454726159988e+01 3.570192192161816130e-02
1.947607703355479103e+01 3.529248350943511858e-02
1.972678839839982601e+01 3.361099787710982584e-02
1.997802698857814363e+01 3.253644519181263239e-02
2.022863620534168660e+01 3.137473894812053271e-02
2.047969598507238231e+01 3.019238391188568474e-02
2.073250439107362553e+01 2.926977104923720457e-02
2.098435855211640089e+01 2.841727460409299369e-02
2.123502923393334640e+01 2.764916936565395972e-02
2.148629411178690773e+01 2.667610518570015174e-02
2.173831825513516591e+01 2.585083614605541633e-02
2.198972260956887226e+01 2.526257253008241943e-02
2.223974971000711420e+01 2.441969818504521883e-02
2.249141870643862973e+01 2.365378019151644431e-02
2.274404614890906373e+01 2.290142965126165317e-02
2.299521835768831579e+01 2.234302829763576762e-02
2.324620084136223852e+01 2.160265348367760782e-02
2.349757798664387209e+01 2.096342254121462412e-02
2.374870488118759937e+01 2.029697476633183020e-02
2.399988781917473091e+01 1.986889103951340260e-02
2.425071646049711305e+01 1.933510120915111000e-02
2.450187830577813841e+01 1.875609021920020270e-02
2.475391093216606109e+01 1.824138482078371815e-02
2.500524226975159792e+01 1.768331114617680694e-02
2.525610980153284402e+01 1.739136180454893543e-02
2.550801425092822328e+01 1.690801457270261696e-02
2.575943113325822864e+01 1.645567218175619448e-02
2.601074166866445125e+01 1.595846612656049920e-02
2.626234447079615464e+01 1.548610831212157701e-02
2.651347712943701751e+01 1.517062720155291054e-02
2.676474177984877656e+01 1.487605950914409197e-02
2.701628079430242479e+01 1.445304907467788620e-02
2.726734205837282232e+01 1.409358296658246891e-02
2.751837013544679422e+01 1.375737616014480191e-02
2.776937726815812724e+01 1.342855811655408252e-02
2.802070160973895341e+01 1.305910411257162410e-02
2.827249982643487058e+01 1.282293340572467598e-02
2.852407603869968966e+01 1.253120603307597732e-02
2.877567300468570721e+01 1.220423267892736113e-02
2.902733523039245256e+01 1.185101818196405803e-02
2.927861073083739996e+01 1.153919348596726263e-02
2.953003196193969160e+01 1.135581536892764712e-02
2.978106336846375157e+01 1.115830408154761845e-02
3.003148440777084716e+01 1.076674250335201213e-02
3.028303386126418673e+01 1.065951723695644782e-02
3.053456493440382857e+01 1.035612034621386651e-02
3.078585183944906944e+01 1.015936244079523355e-02
3.103757946070165730e+01 9.884432902868818191e-03
3.128931656795834826e+01 9.699915665834732761e-03
3.154125974608096428e+01 9.503978536435324712e-03
3.179158626791808828e+01 9.309697798784341213e-03
3.204196438636942190e+01 9.085164463009698030e-03
3.229344668057169798e+01 8.924117292763321038e-03
3.254489998018084407e+01 8.728396604037335152e-03
3.279660140319880668e+01 8.515027268392599477e-03
3.304772754686901237e+01 8.366929519690301589e-03
3.329949953441923327e+01 8.188709113806414558e-03
3.355173249539067371e+01 8.026425089923135137e-03
3.380235474142784824e+01 7.880792041246030208e-03
3.405292218889088218e+01 7.730225948781207536e-03
3.430455901572810262e+01 7.571962169022164978e-03
3.455605119154291316e+01 7.443494793625870035e-03
3.480708698418615654e+01 7.279588537872417643e-03
3.505823042281740243e+01 7.093913774651075359e-03
3.530983122122644602e+01 7.043860975741011304e-03
3.556111974160763367e+01 6.860673260340919254e-03
3.581195885960364933e+01 6.752971456944284467e-03
3.606348577968052638e+01 6.609903416027726464e-03
3.631495136683125935e+01 6.470174521236571677e-03
3.656646781331610185e+01 6.338572104618214915e-03
3.681800948534306173e+01 6.278819524235058729e-03
3.706942350460822411e+01 6.138769771899420767e-03
3.732119977997001570e+01 6.015226975114899670e-03
3.757249197135423202e+01 5.897631671104138808e-03
3.782324055213251057e+01 5.777414540814222212e-03
3.807430609684078604e+01 5.700537885696249293e-03
3.832526519371521090e+01 5.591020549382263137e-03
3.857704530181875668e+01 5.497640762624217935e-03
3.882896255048217427e+01 5.414165041770088553e-03
3.907976684424035341e+01 5.326982689245402143e-03
3.933085588900704010e+01 5.228417237419552728e-03
3.958184533965361140e+01 5.107660380293771278e-03
3.983320492881626507e+01 5.071393340968263601e-03
4.008506787586624398e+01 4.949052840001711209e-03
4.033569471078550350e+01 4.889304148575318414e-03
4.058701345074587863e+01 4.804154372926490620e-03
4.083916815834436420e+01 4.731902832747155591e-03
4.108978611092747713e+01 4.624048277211040975e-03
4.134119394692694271e+01 4.528702781085723779e-03
4.159372926482761557e+01 4.466186412658165045e-03
4.184480996230068683e+01 4.435523168073097350e-03
4.209495048714620680e+01 4.305462302902777864e-03
4.234568601474854432e+01 4.272993128526875010e-03
4.259794184898333214e+01 4.179874283759900215e-03
4.284922176444433717e+01 4.111640565981083788e-03
4.309982534096671003e+01 4.088613054660591647e-03
4.335153475414617930e+01 4.000886362250313452e-03
4.360374984514007224e+01 3.951496621052387991e-03
4.385432838732079830e+01 3.901119324636890054e-03
4.410529766549178277e+01 3.832063649931555325e-03
4.435675536456894008e+01 3.788851843748697410e-03
4.460756668584335927e+01 3.691395486175458925e-03
4.485812369927145937e+01 3.665118525654227372e-03
4.510933196139897206e+01 3.627504761220653497e-03
4.536097672816924131e+01 3.583532377990606647e-03
4.561261869099184452e+01 3.497113871903134372e-03
4.586346064304911607e+01 3.431937187178320508e-03
4.611435299895526185e+01 3.323093266483737908e-03
4.636610302009028572e+01 3.339154736779933932e-03
4.661726081402038346e+01 3.295221501903575212e-03
4.686748045926628237e+01 3.248842886478973610e-03
4.712001000143001761e+01 3.183675598188428872e-03
4.737334269293729960e+01 3.187721835783819888e-03
4.762357272554871912e+01 3.058749606165393851e-03
4.787295862859781437e+01 3.029198270221545100e-03
4.812686710231834297e+01 3.056064382701001361e-03
4.837988354528783930e+01 2.985819636241194511e-03
4.862698975964909209e+01 2.930836519184899097e-03
4.887931961662670233e+01 2.890289990926223334e-03
4.913512531690142282e+01 2.815899284007058068e-03
4.938486646957150583e+01 2.797839355256256152e-03
4.963073103205424985e+01 2.798682543370068377e-03
4.988316058859187763e+01 2.686887337361271080e-03
5.013927392651110893e+01 2.737920591068960293e-03
5.038898445289544270e+01 2.628473287713187570e-03
5.063791314200675941e+01 2.624870205616430200e-03
5.089234515763529032e+01 2.580473422921965472e-03
5.114529266359630810e+01 2.520543845561269529e-03
5.138952878242714206e+01 2.496842991779249857e-03
5.163945178601188246e+01 2.502593064115464679e-03
5.190206698624180603e+01 2.501593895454731070e-03
5.215590084722179398e+01 2.379248997264138063e-03
5.238680673191466042e+01 2.343283453168775333e-03
5.263532591009818873e+01 2.431490859899174996e-03
5.290823119436031874e+01 2.383365316015989121e-03
5.316882575050344428e+01 2.257822898507709248e-03
5.338513341050097694e+01 2.300195329667266680e-03
5.363212510227822349e+01 2.307583600012570648e-03
5.391615723351310407e+01 2.329040604846342819e-03
5.419187693011466678e+01 2.192434313586304976e-03
5.439722241285236493e+01 2.210344252550550722e-03
5.462806064877949552e+01 2.202176532877544307e-03
5.491241494336609463e+01 1.962124955021022753e-03
5.519421446932921782e+01 1.773048593515591000e-03
5.543046826972861396e+01 2.198437887772934727e-03
5.561137265256709128e+01 8.963038657879967295e-04
