3.559856489878782115e-01 5.759731372661728983e+02
6.031648866026231293e-01 2.011804839089674317e+02
8.579160745827347778e-01 7.315387663286281850e+01
1.113464310595710716e+00 5.179789765508581922e+01
1.374039914321364408e+00 3.263112658576660152e+01
1.619154704570298309e+00 2.041363270220888282e+01
1.870686673430271840e+00 1.334870900384703418e+01
2.123290040706380832e+00 1.043296248103738932e+01
2.378144976376236119e+00 8.008417122814764255e+00
2.630489925835516996e+00 6.294820425031525168e+00
2.878653162679494670e+00 5.184738755544106681e+00
3.131144366275339319e+00 3.948670893753369882e+00
3.388159578333816313e+00 3.438283278649615138e+00
3.638741848210948149e+00 2.856557947681114040e+00
3.888315910732085268e+00 2.343996314420809135e+00
4.139052155837465996e+00 2.003105008487287009e+00
4.390305777018236988e+00 1.676474672849538550e+00
4.642172339120373081e+00 1.492743408361952406e+00
4.894678666149941293e+00 1.296456883182186104e+00
5.147269052361176378e+00 1.100941451516101344e+00
5.398003206656323272e+00 9.847260624376964477e-01
5.647798235368590269e+00 9.092665789419052125e-01
5.900534302989873581e+00 8.089409595616107174e-01
6.151460297009074374e+00 7.205097150228282343e-01
6.402630176204441526e+00 6.475067821625598574e-01
6.655964674748322096e+00 5.911917494067716605e-01
6.908782583105771202e+00 5.390668609121147536e-01
7.159060853508338873e+00 4.817196899867365878e-01
7.409414762591408632e+00 4.449860574267255897e-01
7.659227149364629561e+00 3.949371005623193431e-01
7.911559474606142395e+00 3.777082172494821144e-01
8.163750941790897997e+00 3.501173873295334027e-01
8.415757210439384295e+00 3.213621268385638552e-01
8.667638839289207198e+00 2.962696650932512554e-01
8.918801124864609520e+00 2.730164085778720717e-01
9.170480108345369530e+00 2.522747700016585437e-01
9.420566033467249412e+00 2.373021988128343196e-01
9.671642335271435797e+00 2.215014988789694717e-01
9.923426157758477473e+00 2.058212514019805428e-01
1.017396902749181820e+01 1.917104620153187444e-01
1.042533700753922155e+01 1.815221422312812138e-01
1.067702948358784276e+01 1.755295835766531309e-01
1.092969337256462303e+01 1.592071486854667317e-01
1.118211872033766419e+01 1.506932332034703614e-01
1.143346516925797296e+01 1.433051415569539244e-01
1.168350508557724687e+01 1.351304492737987473e-01
1.193379937775929100e+01 1.264266675131950624e-01
1.218553055762879112e+01 1.212396029887693044e-01
1.243711650801278878e+01 1.139994140553033664e-01
1.268867268647359303e+01 1.081950261216319820e-01
1.294075027177769144e+01 1.034726227592975834e-01
1.319267287020158363e+01 9.793585119886724644e-02
1.344470571782862756e+01 9.411979920223127738e-02
1.369480150283709641e+01 8.826995927554857901e-02
1.394591277066507828e+01 8.422228420979065155e-02
1.419764645764527167e+01 7.949187828799385291e-02
1.444766774168416212e+01 7.644289033998610816e-02
1.469906835825429070e+01 7.337396861585049335e-02
1.495059118111036511e+01 7.002188260137259812e-02
1.520261612590052991e+01 6.793572771052136527e-02
1.545415944503929495e+01 6.447015167461180030e-02
1.570456072545780124e+01 6.103445549402859022e-02
1.595705800128773966e+01 5.937393439207215573e-02
1.620829297830731619e+01 5.677815420068740154e-02
1.645966591028190962e+01 5.460791117724864835e-02
1.671125708846596325e+01 5.193073422024684083e-02
1.696160259490052624e+01 5.012193751796886060e-02
1.721370276108077135e+01 4.813962109908491438e-02
1.746543424102250341e+01 4.679559238893654660e-02
1.771598473288305442e+01 4.475407766602634146e-02
1.796653767411944003e+01 4.290140756992857907e-02
1.821765658501893270e+01 4.126814513960570113e-02
1.847053788120423334e+01 3.975113325943710474e-02
1.872257696809484173e+01 3.869208032127400415e-02
1.897394097105746269e+01 3.740206016278034562e-02
1.922542454726159988e+01 3.567541093803525132e-02
1.947607703355479103e+01 3.464333728209355312e-02
1.972678839839982601e+01 3.385077428880372413e-02
1.997802698857814363e+01 3.213489649925260067e-02
2.022863620534168660e+01 3.125386292491671297e-02
2.047969598507238231e+01 3.048196482552618242e-02
2.073250439107362553e+01 2.931779112727643521e-02
2.098435855211640089e+01 2.809665203913904244e-02
2.123502923393334640e+01 2.762528357226610998e-02
2.148629411178690773e+01 2.674550214997521019e-02
2.173831825513516591e+01 2.585214683976315084e-02
2.198972260956887226e+01 2.498937390097626110e-02
2.223974971000711420e+01 2.412881223173557119e-02
2.249141870643862973e+01 2.370103555417916313e-02
2.274404614890906373e+01 2.292453069728364948e-02
2.299521835768831579e+01 2.226747661945959952e-02
2.324620084136223852e+01 2.167472233491760103e-02
2.349757798664387209e+01 2.105977576302848694e-02
2.374870488118759937e+01 2.049894178365515435e-02
2.399988781917473091e+01 1.994535486903129679e-02
2.425071646049711305e+01 1.933497383843174947e-02
2.450187830577813841e+01 1.883039385423844123e-02
2.475391093216606109e+01 1.834808273252467106e-02
2.500524226975159792e+01 1.779176439727953030e-02
2.525610980153284402e+01 1.711592976179539261e-02
2.550801425092822328e+01 1.691753818013770963e-02
2.575943113325822864e+01 1.649226782359831944e-02
2.601074166866445125e+01 1.606436146590559111e-02
2.626234447079615464e+01 1.555396824221417194e-02
2.651347712943701751e+01 1.512942141617950112e-02
2.676474177984877656e+01 1.478190538529165245e-02
2.701628079430242479e+01 1.435065275987943215e-02
2.726734205837282232e+01 1.411813993720224987e-02
2.751837013544679422e+01 1.372794422627064345e-02
2.776937726815812724e+01 1.342821159114275520e-02
2.802070160973895341e+01 1.308557945851101037e-02
2.827249982643487058e+01 1.283523552386343913e-02
2.852407603869968966e+01 1.241928791984702948e-02
2.877567300468570721e+01 1.224681764117092203e-02
2.902733523039245256e+01 1.186680252631516601e-02
2.927861073083739996e+01 1.155660483193514908e-02
2.953003196193969160e+01 1.131869922244821240e-02
2.978106336846375157e+01 1.105956094933657763e-02
3.003148440777084716e+01 1.085388792223117987e-02
3.028303386126418673e+01 1.057888174897173017e-02
3.053456493440382857e+01 1.037474286361918414e-02
3.078585183944906944e+01 1.014672008911857333e-02
3.103757946070165730e+01 9.900789794936299196e-03
3.128931656795834826e+01 9.726829922035124670e-03
3.154125974608096428e+01 9.534519045840406104e-03
3.179158626791808828e+01 9.280598355560555970e-03
3.204196438636942190e+01 9.110320239575411469e-03
3.229344668057169798e+01 8.902738778910224832e-03
3.254489998018084407e+01 8.716118796562059498e-03
3.279660140319880668e+01 8.478242612131738076e-03
3.304772754686901237e+01 8.353839194474733248e-03
3.329949953441923327e+01 8.187636609215511244e-03
3.355173249539067371e+01 8.078076675731639053e-03
3.380235474142784824e+01 7.874920151319922401e-03
3.405292218889088218e+01 7.711216330741014341e-03
3.430455901572810262e+01 7.564887519618537608e-03
3.455605119154291316e+01 7.409167641443972080e-03
3.480708698418615654e+01 7.223995416119281809e-03
3.505823042281740243e+01 7.127720678083678332e-03
3.530983122122644602e+01 6.991356096041329189e-03
3.556111974160763367e+01 6.917683403162804348e-03
3.581195885960364933e+01 6.750851302572935878e-03
3.606348577968052638e+01 6.598210636717960660e-03
3.631495136683125935e+01 6.430078334990179355e-03
3.656646781331610185e+01 6.396618334808938135e-03
3.681800948534306173e+01 6.262101305508144776e-03
3.706942350460822411e+01 6.148248999579168823e-03
3.732119977997001570e+01 6.035732854359213834e-03
3.757249197135423202e+01 5.916637429557178654e-03
3.782324055213251057e+01 5.825687307391526695e-03
3.807430609684078604e+01 5.706704045685322656e-03
3.832526519371521090e+01 5.583957274896921702e-03
3.857704530181875668e+01 5.473706326307290274e-03
3.882896255048217427e+01 5.393085489423882217e-03
3.907976684424035341e+01 5.296735265477120654e-03
3.933085588900704010e+01 5.196278329426708489e-03
3.958184533965361140e+01 5.117992078814140137e-03
3.983320492881626507e+01 5.004985138004092518e-03
4.008506787586624398e+01 4.979207983613054105e-03
4.033569471078550350e+01 4.879653974391421137e-03
4.058701345074587863e+01 4.789260753453569545e-03
4.083916815834436420e+01 4.707744031385579717e-03
4.108978611092747713e+01 4.603282534048592882e-03
4.134119394692694271e+01 4.541259291958955890e-03
4.159372926482761557e+01 4.485673380455687705e-03
4.184480996230068683e+01 4.447792416398028796e-03
4.209495048714620680e+01 4.291324651327397405e-03
4.234568601474854432e+01 4.284711275687335882e-03
4.259794184898333214e+01 4.190154822178094457e-03
4.284922176444433717e+01 4.152347064453234225e-03
4.309982534096671003e+01 4.044648988870103504e-03
4.335153475414617930e+01 4.006536859130459260e-03
4.360374984514007224e+01 3.918989389951310284e-03
4.385432838732079830e+01 3.875738427044120651e-03
4.410529766549178277e+01 3.781376139627847400e-03
4.435675536456894008e+01 3.740897717090096476e-03
4.460756668584335927e+01 3.687353565489573989e-03
4.485812369927145937e+01 3.643658354923437134e-03
4.510933196139897206e+01 3.612336997222870966e-03
4.536097672816924131e+01 3.531201636767013121e-03
4.561261869099184452e+01 3.516885607771207036e-03
4.586346064304911607e+01 3.461610429149723518e-03
4.611435299895526185e+01 3.396040229658981412e-03
4.636610302009028572e+01 3.367683930341514118e-03
4.661726081402038346e+01 3.274179039429460890e-03
4.686748045926628237e+01 3.216548490846931306e-03
4.712001000143001761e+01 3.168256347432766521e-03
4.737334269293729960e+01 3.155840758226455614e-03
4.762357272554871912e+01 3.089099959384832960e-03
4.787295862859781437e+01 3.017594389773264191e-03
4.812686710231834297e+01 2.999996473116766683e-03
4.837988354528783930e+01 2.997384368850289794e-03
4.862698975964909209e+01 2.924921230985933537e-03
4.887931961662670233e+01 2.847233691737008614e-03
4.913512531690142282e+01 2.908940195792858539e-03
4.938486646957150583e+01 2.768336393285523653e-03
4.963073103205424985e+01 2.767185166560969575e-03
4.988316058859187763e+01 2.665331772643141691e-03
5.013927392651110893e+01 2.662045044137801089e-03
5.038898445289544270e+01 2.638397232582373290e-03
5.063791314200675941e+01 2.584440096358976268e-03
5.089234515763529032e+01 2.505851670003700436e-03
5.114529266359630810e+01 2.514636566669895684e-03
5.138952878242714206e+01 2.530084506620785840e-03
5.163945178601188246e+01 2.445029306977878920e-03
5.190206698624180603e+01 2.489276380104550167e-03
5.215590084722179398e+01 2.357988856139885212e-03
5.238680673191466042e+01 2.371403992903945487e-03
5.263532591009818873e+01 2.325155782339616024e-03
5.290823119436031874e+01 2.359775610127471702e-03
5.316882575050344428e+01 2.258503504054225688e-03
5.338513341050097694e+01 2.251719696166942786e-03
5.363212510227822349e+01 2.239121619211286145e-03
5.391615723351310407e+01 2.229915411361776956e-03
5.419187693011466678e+01 2.002485603040864669e-03
5.439722241285236493e+01 2.002492512173253709e-03
5.462806064877949552e+01 2.042797363613481181e-03
5.491241494336609463e+01 2.328991253488276250e-03
5.519421446932921782e+01 2.058226802636093245e-03
5.543046826972861396e+01 2.608810650931983263e-03
5.561137265256709128e+01 1.828401333278329311e-03
