3.559856489878782115e-01 7.181294350102618864e+02
6.031648866026231293e-01 1.949456965702314903e+02
8.579160745827347778e-01 8.591246923608315456e+01
1.113464310595710716e+00 5.882870313584619026e+01
1.374039914321364408e+00 2.784568233871019771e+01
1.619154704570298309e+00 2.035504659077554379e+01
1.870686673430271840e+00 1.417541867788609089e+01
2.123290040706380832e+00 1.054782433129317809e+01
2.378144976376236119e+00 7.925458158606638825e+00
2.630489925835516996e+00 6.117209449381348030e+00
2.878653162679494670e+00 4.917191661624274346e+00
3.131144366275339319e+00 4.013522162457127784e+00
3.388159578333816313e+00 3.263215834555789563e+00
3.638741848210948149e+00 2.837214125502232509e+00
3.888315910732085268e+00 2.211003222570171456e+00
4.139052155837465996e+00 1.966403342541180654e+00
4.390305777018236988e+00 1.679461129330136915e+00
4.642172339120373081e+00 1.497890504060518380e+00
4.894678666149941293e+00 1.228866373548878066e+00
5.147269052361176378e+00 1.153260938892490595e+00
5.398003206656323272e+00 9.954116169587011731e-01
5.647798235368590269e+00 8.971207486038970114e-01
5.900534302989873581e+00 8.128196694234474107e-01
6.151460297009074374e+00 6.934089576561985879e-01
6.402630176204441526e+00 6.470892700513067863e-01
6.655964674748322096e+00 5.856984422795720180e-01
6.908782583105771202e+00 5.224522667437928591e-01
7.159060853508338873e+00 4.851135598502578916e-01
7.409414762591408632e+00 4.448418334122850593e-01
7.659227149364629561e+00 4.037775570782606294e-01
7.911559474606142395e+00 3.712546809461976238e-01
8.163750941790897997e+00 3.389895982518413287e-01
8.415757210439384295e+00 3.208729115790758812e-01
8.667638839289207198e+00 2.950908321615817176e-01
8.918801124864609520e+00 2.720709399894915004e-01
9.170480108345369530e+00 2.525782714570284915e-01
9.420566033467249412e+00 2.336249488599837498e-01
9.671642335271435797e+00 2.231786785547460461e-01
9.923426157758477473e+00 2.092007873998607825e-01
1.017396902749181820e+01 1.970668248785584498e-01
1.042533700753922155e+01 1.796827002966318310e-01
1.067702948358784276e+01 1.707445285722915540e-01
1.092969337256462303e+01 1.597816699665620399e-01
1.118211872033766419e+01 1.511511538977913516e-01
1.143346516925797296e+01 1.419955785861356512e-01
1.168350508557724687e+01 1.363035425339022555e-01
1.193379937775929100e+01 1.277038457998737053e-01
1.218553055762879112e+01 1.219841456054916728e-01
1.243711650801278878e+01 1.137559578341339889e-01
1.268867268647359303e+01 1.088048405530157442e-01
1.294075027177769144e+01 1.037147257401470485e-01
1.319267287020158363e+01 9.840752142981956663e-02
1.344470571782862756e+01 9.323093967819355565e-02
1.369480150283709641e+01 8.852181052809955653e-02
1.394591277066507828e+01 8.417692501614411349e-02
1.419764645764527167e+01 7.977551007383036630e-02
1.444766774168416212e+01 7.712850906592165490e-02
1.469906835825429070e+01 7.366723301432040460e-02
1.495059118111036511e+01 7.004097240481220454e-02
1.520261612590052991e+01 6.700077878920367158e-02
1.545415944503929495e+01 6.463015442971041524e-02
1.570456072545780124e+01 6.236111844830980605e-02
1.595705800128773966e+01 5.934431892141493747e-02
1.620829297830731619e+01 5.665677500191217131e-02
1.645966591028190962e+01 5.403670002161297531e-02
1.671125708846596325e+01 5.210113078767577427e-02
1.696160259490052624e+01 5.011313796629630196e-02
1.721370276108077135e+01 4.826206973203344547e-02
1.746543424102250341e+01 4.642209911213378976e-02
1.771598473288305442e+01 4.420426348297332164e-02
1.796653767411944003e+01 4.292305300947112101e-02
1.821765658501893270e+01 4.138116971381144288e-02
1.847053788120423334e+01 4.000596137572828143e-02
1.872257696809484173e+01 3.829988339370278549e-02
1.897394097105746269e+01 3.734369371999053666e-02
1.922542454726159988e+01 3.611097441020294507e-02
1.947607703355479103e+01 3.449285074387876265e-02
1.972678839839982601e+01 3.358193812763064084e-02
1.997802698857814363e+01 3.251828873194757136e-02
2.022863620534168660e+01 3.129020192222744384e-02
2.047969598507238231e+01 3.019932075241582581e-02
2.073250439107362553e+01 2.951269552943720093e-02
2.098435855211640089e+01 2.823453018792845479e-02
2.123502923393334640e+01 2.761348007341802441e-02
2.148629411178690773e+01 2.660063943212893217e-02
2.173831825513516591e+01 2.606769003056634906e-02
2.198972260956887226e+01 2.513811728682699073e-02
2.223974971000711420e+01 2.422511992315044133e-02
2.249141870643862973e+01 2.361565472193300624e-02
2.274404614890906373e+01 2.270371395004817244e-02
2.299521835768831579e+01 2.235017294415333339e-02
2.324620084136223852e+01 2.169890512233628097e-02
2.349757798664387209e+01 2.090704821866918792e-02
2.374870488118759937e+01 2.030388661832899580e-02
2.399988781917473091e+01 1.974653599382765468e-02
2.425071646049711305e+01 1.935768618582773062e-02
2.450187830577813841e+01 1.869852716273836743e-02
2.475391093216606109e+01 1.826041682705698693e-02
2.500524226975159792e+01 1.783076467338769872e-02
2.525610980153284402e+01 1.738894331693254316e-02
2.550801425092822328e+01 1.692334156497333347e-02
2.575943113325822864e+01 1.638222481367421213e-02
2.601074166866445125e+01 1.590992358396182277e-02
2.626234447079615464e+01 1.562097735810051742e-02
2.651347712943701751e+01 1.511334323158291908e-02
2.676474177984877656e+01 1.483318953661896290e-02
2.701628079430242479e+01 1.451777933792287346e-02
2.726734205837282232e+01 1.408758856972762256e-02
2.751837013544679422e+01 1.370094119380926845e-02
2.776937726815812724e+01 1.331668688329519512e-02
2.802070160973895341e+01 1.311350545393111938e-02
2.827249982643487058e+01 1.264380547304450736e-02
2.852407603869968966e+01 1.258767993672968606e-02
2.877567300468570721e+01 1.218449099879233277e-02
2.902733523039245256e+01 1.182651464234689594e-02
2.927861073083739996e+01 1.161767586502320503e-02
2.953003196193969160e+01 1.131618587045413356e-02
2.978106336846375157e+01 1.115560199182183583e-02
3.003148440777084716e+01 1.088051446197941044e-02
3.028303386126418673e+01 1.054989987647719264e-02
3.053456493440382857e+01 1.035985782944038106e-02
3.078585183944906944e+01 1.013279945978031761e-02
3.103757946070165730e+01 9.902965427041015081e-03
3.128931656795834826e+01 9.677900934139411354e-03
3.154125974608096428e+01 9.526390946329873002e-03
3.179158626791808828e+01 9.305069100965797368e-03
3.204196438636942190e+01 9.084239742892940769e-03
3.229344668057169798e+01 8.853840825799839942e-03
3.254489998018084407e+01 8.742509789789762106e-03
3.279660140319880668e+01 8.488133101939519462e-03
3.304772754686901237e+01 8.368576147009736815e-03
3.329949953441923327e+01 8.255567958190872246e-03
3.355173249539067371e+01 8.038491968728163697e-03
3.380235474142784824e+01 7.863412921541319128e-03
3.405292218889088218e+01 7.706199580759294336e-03
3.430455901572810262e+01 7.581724408863409898e-03
3.455605119154291316e+01 7.460035780448423179e-03
3.480708698418615654e+01 7.284795994545398452e-03
3.505823042281740243e+01 7.121029056356059650e-03
3.530983122122644602e+01 6.993783534316204940e-03
3.556111974160763367e+01 6.879458295691398204e-03
3.581195885960364933e+01 6.713939600671446975e-03
3.606348577968052638e+01 6.620995311856918072e-03
3.631495136683125935e+01 6.463507535011296830e-03
3.656646781331610185e+01 6.386271413042984152e-03
3.681800948534306173e+01 6.243101226303876712e-03
3.706942350460822411e+01 6.140155145011475489e-03
3.732119977997001570e+01 5.996145044942737500e-03
3.757249197135423202e+01 5.892021146156703817e-03
3.782324055213251057e+01 5.834020514700922165e-03
3.807430609684078604e+01 5.674932721637138654e-03
3.832526519371521090e+01 5.599853394252305404e-03
3.857704530181875668e+01 5.497044119985951272e-03
3.882896255048217427e+01 5.410907988185291798e-03
3.907976684424035341e+01 5.261547173352659583e-03
3.933085588900704010e+01 5.223202989875025404e-03
3.958184533965361140e+01 5.127715738229089541e-03
3.983320492881626507e+01 5.047960245622980062e-03
4.008506787586624398e+01 4.978525224272935430e-03
4.033569471078550350e+01 4.867139435817028660e-03
4.058701345074587863e+01 4.774636396851857437e-03
4.083916815834436420e+01 4.741324764689419310e-03
4.108978611092747713e+01 4.611412727106430250e-03
4.134119394692694271e+01 4.576766104483665117e-03
4.159372926482761557e+01 4.472902833686938882e-03
4.184480996230068683e+01 4.388422218081898356e-03
4.209495048714620680e+01 4.334025578753146132e-03
4.234568601474854432e+01 4.267263352407977238e-03
4.259794184898333214e+01 4.212891744070949678e-03
4.284922176444433717e+01 4.121527839814651678e-03
4.309982534096671003e+01 4.078118010628582583e-03
4.335153475414617930e+01 4.005404955082918737e-03
4.360374984514007224e+01 3.922434882715251404e-03
4.385432838732079830e+01 3.879552204331512301e-03
4.410529766549178277e+01 3.814441750345493216e-03
4.435675536456894008e+01 3.760153367562150007e-03
4.460756668584335927e+01 3.683880891002233419e-03
4.485812369927145937e+01 3.638428444067355345e-03
4.510933196139897206e+01 3.560916925319271634e-03
4.536097672816924131e+01 3.513571739030450607e-03
4.561261869099184452e+01 3.453183035763372592e-03
4.586346064304911607e+01 3.435495072350725019e-03
4.611435299895526185e+01 3.345316420190864830e-03
4.636610302009028572e+01 3.297313196265463583e-03
4.661726081402038346e+01 3.333976785049068501e-03
4.686748045926628237e+01 3.302812014706041528e-03
4.712001000143001761e+01 3.191007412598204779e-03
4.737334269293729960e+01 3.154050858311217495e-03
4.762357272554871912e+01 3.122290932682581996e-03
4.787295862859781437e+01 3.064689383967873337e-03
4.812686710231834297e+01 3.060596403007282990e-03
4.837988354528783930e+01 2.954504752009826530e-03
4.862698975964909209e+01 2.922738744592945272e-03
4.887931961662670233e+01 2.858281166604957971e-03
4.913512531690142282e+01 2.805103378417944313e-03
4.938486646957150583e+01 2.784299115422857098e-03
4.963073103205424985e+01 2.783084284204219959e-03
4.988316058859187763e+01 2.697813181008729133e-03
5.013927392651110893e+01 2.669494607321709536e-03
5.038898445289544270e+01 2.588627020476188482e-03
5.063791314200675941e+01 2.589935417501398277e-03
5.089234515763529032e+01 2.603969074032476579e-03
5.114529266359630810e+01 2.472551790369665031e-03
5.138952878242714206e+01 2.503746615947298644e-03
5.163945178601188246e+01 2.487756423062583485e-03
5.190206698624180603e+01 2.482184976435316409e-03
5.215590084722179398e+01 2.396948453677322580e-03
5.238680673191466042e+01 2.372942182009220476e-03
5.263532591009818873e+01 2.425868978877176660e-03
5.290823119436031874e+01 2.364332568242187051e-03
5.316882575050344428e+01 2.313946307374872835e-03
5.338513341050097694e+01 2.241478280907460360e-03
5.363212510227822349e+01 2.268326674802483619e-03
5.391615723351310407e+01 2.362466915402751996e-03
5.419187693011466678e+01 2.091193280460288111e-03
5.439722241285236493e+01 2.162151584636405437e-03
5.462806064877949552e+01 2.147533690914662369e-03
5.491241494336609463e+01 2.188563780461294257e-03
5.519421446932921782e+01 1.899967787542269264e-03
5.543046826972861396e+01 1.854483850884428107e-03
5.561137265256709128e+01 2.581152656402148533e-03
