3.559856489878782115e-01 4.318843491146663496e+02
6.031648866026231293e-01 2.521181483533489427e+02
8.579160745827347778e-01 1.166997386889267574e+02
1.113464310595710716e+00 4.758723122906847891e+01
1.374039914321364408e+00 3.346278210859217950e+01
1.619154704570298309e+00 1.997810897805667452e+01
1.870686673430271840e+00 1.317344457816460412e+01
2.123290040706380832e+00 1.084625925253056877e+01
2.378144976376236119e+00 7.895524175871877937e+00
2.630489925835516996e+00 6.075798582556344307e+00
2.878653162679494670e+00 5.002058590052563147e+00
3.131144366275339319e+00 3.897650283568080631e+00
3.388159578333816313e+00 3.234983167627739409e+00
3.638741848210948149e+00 2.782429487275011937e+00
3.888315910732085268e+00 2.341306245362208216e+00
4.139052155837465996e+00 1.997327295216503318e+00
4.390305777018236988e+00 1.711258114050838053e+00
4.642172339120373081e+00 1.453344332890646573e+00
4.894678666149941293e+00 1.275761082154108772e+00
5.147269052361176378e+00 1.118806732397954917e+00
5.398003206656323272e+00 9.996600197293021850e-01
5.647798235368590269e+00 8.952316471044504675e-01
5.900534302989873581e+00 7.842887484121794373e-01
6.151460297009074374e+00 7.052590974604522334e-01
6.402630176204441526e+00 6.390721167894529708e-01
6.655964674748322096e+00 5.857856778184289404e-01
6.908782583105771202e+00 5.367544536271743327e-01
7.159060853508338873e+00 4.952918001006386683e-01
7.409414762591408632e+00 4.409287891639001589e-01
7.659227149364629561e+00 4.128519413010904859e-01
7.911559474606142395e+00 3.779788915607477096e-01
8.163750941790897997e+00 3.403114834414129874e-01
8.415757210439384295e+00 3.150420952410851738e-01
8.667638839289207198e+00 2.949823170267988348e-01
8.918801124864609520e+00 2.715686932955433397e-01
9.170480108345369530e+00 2.567144786769534615e-01
9.420566033467249412e+00 2.371922632145926635e-01
9.671642335271435797e+00 2.204904343846042225e-01
9.923426157758477473e+00 2.046303863488835306e-01
1.017396902749181820e+01 1.964713593875117570e-01
1.042533700753922155e+01 1.803944329453172901e-01
1.067702948358784276e+01 1.693978823177155479e-01
1.092969337256462303e+01 1.569518204001427719e-01
1.118211872033766419e+01 1.502106746928012493e-01
1.143346516925797296e+01 1.422100220190041231e-01
1.168350508557724687e+01 1.345828431446088602e-01
1.193379937775929100e+01 1.291535391133471489e-01
1.218553055762879112e+01 1.201473447550208962e-01
1.243711650801278878e+01 1.156947893368135416e-01
1.268867268647359303e+01 1.085211281159883384e-01
1.294075027177769144e+01 1.028418102978434223e-01
1.319267287020158363e+01 9.745874130698779780e-02
1.344470571782862756e+01 9.214616904211933579e-02
1.369480150283709641e+01 8.815296233768764311e-02
1.394591277066507828e+01 8.437203545608226718e-02
1.419764645764527167e+01 8.138571942007058468e-02
1.444766774168416212e+01 7.685953371977677362e-02
1.469906835825429070e+01 7.290049189038551314e-02
1.495059118111036511e+01 6.928871557307207663e-02
1.520261612590052991e+01 6.674484237973118961e-02
1.545415944503929495e+01 6.367292336809732278e-02
1.570456072545780124e+01 6.175587603554184846e-02
1.595705800128773966e+01 5.882855445400125838e-02
1.620829297830731619e+01 5.663552360363207500e-02
1.645966591028190962e+01 5.462144395364704197e-02
1.671125708846596325e+01 5.280995008205119357e-02
1.696160259490052624e+01 5.047115869306080527e-02
1.721370276108077135e+01 4.862524933247258652e-02
1.746543424102250341e+01 4.644545368621943310e-02
1.771598473288305442e+01 4.474366076784268287e-02
1.796653767411944003e+01 4.280084836879854970e-02
1.821765658501893270e+01 4.090202800256251964e-02
1.847053788120423334e+01 3.988159082784942244e-02
1.872257696809484173e+01 3.869609208543182272e-02
1.897394097105746269e+01 3.709954039672167664e-02
1.922542454726159988e+01 3.569054284312092595e-02
1.947607703355479103e+01 3.457740821859688063e-02
1.972678839839982601e+01 3.324615176496459323e-02
1.997802698857814363e+01 3.228638294317893315e-02
2.022863620534168660e+01 3.117293516202486806e-02
2.047969598507238231e+01 3.032486111878167356e-02
2.073250439107362553e+01 2.943044165572468798e-02
2.098435855211640089e+01 2.845014569984368608e-02
2.123502923393334640e+01 2.748325503377300333e-02
2.148629411178690773e+01 2.660172295656855132e-02
2.173831825513516591e+01 2.581837611154692846e-02
2.198972260956887226e+01 2.512462390118545483e-02
2.223974971000711420e+01 2.429560267103048413e-02
2.249141870643862973e+01 2.362903113514067469e-02
2.274404614890906373e+01 2.298498646576192447e-02
2.299521835768831579e+01 2.203674779179079848e-02
2.324620084136223852e+01 2.156826183068452987e-02
2.349757798664387209e+01 2.115746952329429151e-02
2.374870488118759937e+01 2.030119733441120358e-02
2.399988781917473091e+01 1.995034848626455609e-02
2.425071646049711305e+01 1.911573525089436953e-02
2.450187830577813841e+01 1.882086830138837361e-02
2.475391093216606109e+01 1.840487380570485221e-02
2.500524226975159792e+01 1.779184857546997969e-02
2.525610980153284402e+01 1.723623046746121726e-02
2.550801425092822328e+01 1.683919154990001082e-02
2.575943113325822864e+01 1.633298138853181772e-02
2.601074166866445125e+01 1.594628075546988821e-02
2.626234447079615464e+01 1.553713499288079947e-02
2.651347712943701751e+01 1.510604275507079763e-02
2.676474177984877656e+01 1.485368498272688666e-02
2.701628079430242479e+01 1.438252455759028887e-02
2.726734205837282232e+01 1.417202455164887943e-02
2.751837013544679422e+01 1.371497734945806637e-02
2.776937726815812724e+01 1.345983928292794791e-02
2.802070160973895341e+01 1.315652206493742385e-02
2.827249982643487058e+01 1.268639012512211110e-02
2.852407603869968966e+01 1.241873333673585572e-02
2.877567300468570721e+01 1.220569192779007855e-02
2.902733523039245256e+01 1.188863396317936180e-02
2.927861073083739996e+01 1.157056542441411810e-02
2.953003196193969160e+01 1.135660139486922328e-02
2.978106336846375157e+01 1.107328761859905676e-02
3.003148440777084716e+01 1.087641939229038769e-02
3.028303386126418673e+01 1.064355206689438123e-02
3.053456493440382857e+01 1.029331293162517522e-02
3.078585183944906944e+01 1.011230587471974654e-02
3.103757946070165730e+01 9.864882161961463503e-03
3.128931656795834826e+01 9.709113828499562476e-03
3.154125974608096428e+01 9.488221369829106383e-03
3.179158626791808828e+01 9.259720527987038569e-03
3.204196438636942190e+01 9.079246467994498207e-03
3.229344668057169798e+01 8.949059922440645229e-03
3.254489998018084407e+01 8.798761483426294217e-03
3.279660140319880668e+01 8.532530764719645222e-03
3.304772754686901237e+01 8.364865768489273060e-03
3.329949953441923327e+01 8.188659766853905939e-03
3.355173249539067371e+01 7.998920748664565747e-03
3.380235474142784824e+01 7.855827090911513683e-03
3.405292218889088218e+01 7.721271017951154489e-03
3.430455901572810262e+01 7.574166166813964783e-03
3.455605119154291316e+01 7.419457227376430146e-03
3.480708698418615654e+01 7.270780419324647179e-03
3.505823042281740243e+01 7.093725437491333469e-03
3.530983122122644602e+01 7.012121066984474890e-03
3.556111974160763367e+01 6.831121737425876334e-03
3.581195885960364933e+01 6.711644765905805908e-03
3.606348577968052638e+01 6.621002106396570337e-03
3.631495136683125935e+01 6.506999935887042633e-03
3.656646781331610185e+01 6.338622046310629296e-03
3.681800948534306173e+01 6.240262283511901348e-03
3.706942350460822411e+01 6.093505269140572604e-03
3.732119977997001570e+01 6.030656486936180304e-03
3.757249197135423202e+01 5.942721026873109408e-03
3.782324055213251057e+01 5.822667859252601483e-03
3.807430609684078604e+01 5.716104161905827784e-03
3.832526519371521090e+01 5.607357112114229672e-03
3.857704530181875668e+01 5.509016485612453287e-03
3.882896255048217427e+01 5.382443870943840261e-03
3.907976684424035341e+01 5.326741540628444210e-03
3.933085588900704010e+01 5.211209806600817021e-03
3.958184533965361140e+01 5.118356866441370161e-03
3.983320492881626507e+01 5.038014609401416863e-03
4.008506787586624398e+01 4.968846084248618351e-03
4.033569471078550350e+01 4.885857546924101888e-03
4.058701345074587863e+01 4.808726087551597195e-03
4.083916815834436420e+01 4.648611053974518841e-03
4.108978611092747713e+01 4.615345584495750275e-03
4.134119394692694271e+01 4.554954497168804337e-03
4.159372926482761557e+01 4.505398845566393681e-03
4.184480996230068683e+01 4.425983565880121928e-03
4.209495048714620680e+01 4.363695483963050958e-03
4.234568601474854432e+01 4.266970518010982337e-03
4.259794184898333214e+01 4.208595157548493219e-03
4.284922176444433717e+01 4.130388554610889794e-03
4.309982534096671003e+01 4.064207741894196486e-03
4.335153475414617930e+01 4.014457092127910257e-03
4.360374984514007224e+01 3.960155238007611808e-03
4.385432838732079830e+01 3.857277830228757372e-03
4.410529766549178277e+01 3.834814145116721348e-03
4.435675536456894008e+01 3.774368512094092992e-03
4.460756668584335927e+01 3.704596937239457155e-03
4.485812369927145937e+01 3.633329021545856925e-03
4.510933196139897206e+01 3.600561695928455874e-03
4.536097672816924131e+01 3.547927455087201195e-03
4.561261869099184452e+01 3.495828344509029247e-03
4.586346064304911607e+01 3.459348771377244308e-03
4.611435299895526185e+01 3.356263762641403543e-03
4.636610302009028572e+01 3.322446238112791370e-03
4.661726081402038346e+01 3.300253215620939026e-03
4.686748045926628237e+01 3.214217092513156539e-03
4.712001000143001761e+01 3.198229259806780606e-03
4.737334269293729960e+01 3.168969672731964966e-03
4.762357272554871912e+01 3.101138447150235487e-03
4.787295862859781437e+01 3.051799956864257538e-03
4.812686710231834297e+01 2.995019447336955479e-03
4.837988354528783930e+01 2.941213480831330728e-03
4.862698975964909209e+01 2.871711803615382454e-03
4.887931961662670233e+01 2.854312174262596015e-03
4.913512531690142282e+01 2.892128441487223835e-03
4.938486646957150583e+01 2.775366247396753722e-03
4.963073103205424985e+01 2.752097926100888041e-03
4.988316058859187763e+01 2.728535029284397638e-03
5.013927392651110893e+01 2.748216587902797565e-03
5.038898445289544270e+01 2.712115917722696199e-03
5.063791314200675941e+01 2.613638298703624928e-03
5.089234515763529032e+01 2.596424655129504419e-03
5.114529266359630810e+01 2.551835554992012110e-03
5.138952878242714206e+01 2.487426133450126430e-03
5.163945178601188246e+01 2.489072958471780835e-03
5.190206698624180603e+01 2.358970786080311251e-03
5.215590084722179398e+01 2.481173453149062690e-03
5.238680673191466042e+01 2.296844853632335100e-03
5.263532591009818873e+01 2.372052631104021401e-03
5.290823119436031874e+01 2.337280835902668004e-03
5.316882575050344428e+01 2.385134458983358824e-03
5.338513341050097694e+01 2.204663828142888402e-03
5.363212510227822349e+01 2.393269137194572061e-03
5.391615723351310407e+01 2.180939581107094530e-03
5.419187693011466678e+01 2.248909380751994060e-03
5.439722241285236493e+01 2.255595486310221689e-03
5.462806064877949552e+01 2.083878666144753020e-03
5.491241494336609463e+01 2.108343604946945771e-03
5.519421446932921782e+01 1.832626015013488893e-03
5.543046826972861396e+01 2.808832183051697320e-03
5.561137265256709128e+01 1.314316563812480479e-03
