3.559856489878782115e-01 5.908645081005238353e+02
6.031648866026231293e-01 2.030494888701751677e+02
8.579160745827347778e-01 8.244278558434622539e+01
1.113464310595710716e+00 4.822408237903414374e+01
1.374039914321364408e+00 2.798505519404736219e+01
1.619154704570298309e+00 2.095547777451813687e+01
1.870686673430271840e+00 1.440575182100162088e+01
2.123290040706380832e+00 9.764080565022053904e+00
2.378144976376236119e+00 7.845855716616565445e+00
2.630489925835516996e+00 6.653100201028084193e+00
2.878653162679494670e+00 4.752928263787456586e+00
3.131144366275339319e+00 4.108061840802337272e+00
3.388159578333816313e+00 3.284820929583791571e+00
3.638741848210948149e+00 2.734949349030739274e+00
3.888315910732085268e+00 2.337158263476789344e+00
4.139052155837465996e+00 2.002074446301392197e+00
4.390305777018236988e+00 1.641061534720585691e+00
4.642172339120373081e+00 1.436108583088517188e+00
4.894678666149941293e+00 1.324677948290032603e+00
5.147269052361176378e+00 1.135325863365883148e+00
5.398003206656323272e+00 1.029632793672164759e+00
5.647798235368590269e+00 9.031996499027700187e-01
5.900534302989873581e+00 8.199883743640731248e-01
6.151460297009074374e+00 7.166186629096032989e-01
6.402630176204441526e+00 6.364597431927437876e-01
6.655964674748322096e+00 5.770840045431918641e-01
6.908782583105771202e+00 5.444042660502852460e-01
7.159060853508338873e+00 4.932297665057578384e-01
7.409414762591408632e+00 4.440956717862976078e-01
7.659227149364629561e+00 4.091175550129425020e-01
7.911559474606142395e+00 3.732932082416184350e-01
8.163750941790897997e+00 3.470982763875070654e-01
8.415757210439384295e+00 3.204525946134659242e-01
8.667638839289207198e+00 3.022032531296002800e-01
8.918801124864609520e+00 2.705607944918537733e-01
9.170480108345369530e+00 2.488909223798358439e-01
9.420566033467249412e+00 2.340331308097488017e-01
9.671642335271435797e+00 2.170066585787616131e-01
9.923426157758477473e+00 2.079825117828772163e-01
1.017396902749181820e+01 1.937024228603446974e-01
1.042533700753922155e+01 1.824668082079557996e-01
1.067702948358784276e+01 1.718748665908957363e-01
1.092969337256462303e+01 1.616980952556928697e-01
1.118211872033766419e+01 1.541614349185172761e-01
1.143346516925797296e+01 1.417843192325525248e-01
1.168350508557724687e+01 1.347263276038881130e-01
1.193379937775929100e+01 1.274801995205304406e-01
1.218553055762879112e+01 1.200497054588291479e-01
1.243711650801278878e+01 1.143288765475877350e-01
1.268867268647359303e+01 1.110039580075979082e-01
1.294075027177769144e+01 1.037329135840915073e-01
1.319267287020158363e+01 9.860030416062871839e-02
1.344470571782862756e+01 9.117552518584057242e-02
1.369480150283709641e+01 9.024741693072436954e-02
1.394591277066507828e+01 8.478725964270095172e-02
1.419764645764527167e+01 8.032318655107921479e-02
1.444766774168416212e+01 7.660626022291606996e-02
1.469906835825429070e+01 7.279605068681589686e-02
1.495059118111036511e+01 7.019022237876255954e-02
1.520261612590052991e+01 6.753438672313040458e-02
1.545415944503929495e+01 6.389518086521499274e-02
1.570456072545780124e+01 6.117901198844932775e-02
1.595705800128773966e+01 5.838358615382553685e-02
1.620829297830731619e+01 5.705321436532940355e-02
1.645966591028190962e+01 5.408679759672644499e-02
1.671125708846596325e+01 5.220837629447305783e-02
1.696160259490052624e+01 5.042260221935059711e-02
1.721370276108077135e+01 4.797351018522074545e-02
1.746543424102250341e+01 4.644742614694583743e-02
1.771598473288305442e+01 4.467571239565960167e-02
1.796653767411944003e+01 4.314747352290543986e-02
1.821765658501893270e+01 4.183823066826140163e-02
1.847053788120423334e+01 3.991102780641248710e-02
1.872257696809484173e+01 3.877418259301591841e-02
1.897394097105746269e+01 3.703699993167612614e-02
1.922542454726159988e+01 3.617057571374048680e-02
1.947607703355479103e+01 3.469004867043534723e-02
1.972678839839982601e+01 3.303813036056016395e-02
1.997802698857814363e+01 3.247366095114267298e-02
2.022863620534168660e+01 3.136361835844973106e-02
2.047969598507238231e+01 3.029186698660949958e-02
2.073250439107362553e+01 2.934979603682011037e-02
2.098435855211640089e+01 2.848911546469821282e-02
2.123502923393334640e+01 2.744395494553625997e-02
2.148629411178690773e+01 2.657712807200577135e-02
2.173831825513516591e+01 2.577178276171156190e-02
2.198972260956887226e+01 2.513489070480586993e-02
2.223974971000711420e+01 2.441737945157380907e-02
2.249141870643862973e+01 2.357689209312507569e-02
2.274404614890906373e+01 2.298297247986389250e-02
2.299521835768831579e+01 2.229869592020971431e-02
2.324620084136223852e+01 2.164171448771739364e-02
2.349757798664387209e+01 2.095379623237230218e-02
2.374870488118759937e+01 2.052887879626315304e-02
2.399988781917473091e+01 1.980081803428734161e-02
2.425071646049711305e+01 1.917942663621682864e-02
2.450187830577813841e+01 1.885767105253643300e-02
2.475391093216606109e+01 1.824747133255089082e-02
2.500524226975159792e+01 1.765111708921997605e-02
2.525610980153284402e+01 1.716371197058989481e-02
2.550801425092822328e+01 1.681814621874786267e-02
2.575943113325822864e+01 1.645320905296018127e-02
2.601074166866445125e+01 1.602733744572125418e-02
2.626234447079615464e+01 1.539430827007072511e-02
2.651347712943701751e+01 1.513733666006262558e-02
2.676474177984877656e+01 1.484334871655817144e-02
2.701628079430242479e+01 1.445693552548387405e-02
2.726734205837282232e+01 1.403638342989691271e-02
2.751837013544679422e+01 1.372071719875255988e-02
2.776937726815812724e+01 1.344584746845696281e-02
2.802070160973895341e+01 1.296059563927600723e-02
2.827249982643487058e+01 1.267649585361670453e-02
2.852407603869968966e+01 1.244184760721854348e-02
2.877567300468570721e+01 1.223470292578678412e-02
2.902733523039245256e+01 1.187307447563059823e-02
2.927861073083739996e+01 1.154646901133491062e-02
2.953003196193969160e+01 1.132055920790261613e-02
2.978106336846375157e+01 1.111309516471014128e-02
3.003148440777084716e+01 1.080852572334275660e-02
3.028303386126418673e+01 1.058019968821493316e-02
3.053456493440382857e+01 1.036776193060043143e-02
3.078585183944906944e+01 1.017368553600412825e-02
3.103757946070165730e+01 9.907749283492025411e-03
3.128931656795834826e+01 9.751352829984591061e-03
3.154125974608096428e+01 9.494652588850405195e-03
3.179158626791808828e+01 9.256575941297657401e-03
3.204196438636942190e+01 9.102080332821694056e-03
3.229344668057169798e+01 8.880435916587603451e-03
3.254489998018084407e+01 8.718794478951793353e-03
3.279660140319880668e+01 8.522424971333172547e-03
3.304772754686901237e+01 8.339480056372380531e-03
3.329949953441923327e+01 8.195856726475488768e-03
3.355173249539067371e+01 8.049973923065093309e-03
3.380235474142784824e+01 7.854336909725078211e-03
3.405292218889088218e+01 7.705142088303100836e-03
3.430455901572810262e+01 7.568398125825036640e-03
3.455605119154291316e+01 7.433814768532818508e-03
3.480708698418615654e+01 7.284613289026139506e-03
3.505823042281740243e+01 7.128123962070668021e-03
3.530983122122644602e+01 6.980333800843612803e-03
3.556111974160763367e+01 6.855432988245522587e-03
3.581195885960364933e+01 6.773062716226921354e-03
3.606348577968052638e+01 6.617640264094627398e-03
3.631495136683125935e+01 6.473883554322921487e-03
3.656646781331610185e+01 6.368066947323863802e-03
3.681800948534306173e+01 6.258292490559814493e-03
3.706942350460822411e+01 6.099184059595173964e-03
3.732119977997001570e+01 6.051184171031502579e-03
3.757249197135423202e+01 5.924208870490617340e-03
3.782324055213251057e+01 5.791522004849168279e-03
3.807430609684078604e+01 5.692223193383959615e-03
3.832526519371521090e+01 5.600997598307943907e-03
3.857704530181875668e+01 5.475732436723840767e-03
3.882896255048217427e+01 5.419355318131284169e-03
3.907976684424035341e+01 5.318251470735725975e-03
3.933085588900704010e+01 5.197646257664203552e-03
3.958184533965361140e+01 5.130831478300318382e-03
3.983320492881626507e+01 5.062218356050421190e-03
4.008506787586624398e+01 4.945899192087508354e-03
4.033569471078550350e+01 4.854742233572678992e-03
4.058701345074587863e+01 4.782094079192485657e-03
4.083916815834436420e+01 4.700312227622682748e-03
4.108978611092747713e+01 4.628624705864599863e-03
4.134119394692694271e+01 4.596676828667156656e-03
4.159372926482761557e+01 4.504776615745508667e-03
4.184480996230068683e+01 4.425735299710279250e-03
4.209495048714620680e+01 4.316170712990721400e-03
4.234568601474854432e+01 4.236394314473899275e-03
4.259794184898333214e+01 4.185680657379714682e-03
4.284922176444433717e+01 4.156354657020343638e-03
4.309982534096671003e+01 4.060407528053910746e-03
4.335153475414617930e+01 3.979804906162264129e-03
4.360374984514007224e+01 3.959330109600709205e-03
4.385432838732079830e+01 3.914330815553097864e-03
4.410529766549178277e+01 3.817682207460885470e-03
4.435675536456894008e+01 3.725262974550267760e-03
4.460756668584335927e+01 3.676446646745061466e-03
4.485812369927145937e+01 3.642320234859679120e-03
4.510933196139897206e+01 3.579866421348105836e-03
4.536097672816924131e+01 3.559791691866434453e-03
4.561261869099184452e+01 3.498511126743439684e-03
4.586346064304911607e+01 3.411661379050568571e-03
4.611435299895526185e+01 3.392865407205414470e-03
4.636610302009028572e+01 3.329065080822679688e-03
4.661726081402038346e+01 3.292806449028724478e-03
4.686748045926628237e+01 3.262941267508856318e-03
4.712001000143001761e+01 3.217862684285465250e-03
4.737334269293729960e+01 3.160710059997442079e-03
4.762357272554871912e+01 3.086914581322658911e-03
4.787295862859781437e+01 3.098757056735335341e-03
4.812686710231834297e+01 3.020814751387061649e-03
4.837988354528783930e+01 2.969774677438214144e-03
4.862698975964909209e+01 2.920525460992409814e-03
4.887931961662670233e+01 2.907990705317587375e-03
4.913512531690142282e+01 2.815958458249888038e-03
4.938486646957150583e+01 2.774656194259124322e-03
4.963073103205424985e+01 2.789856494037994388e-03
4.988316058859187763e+01 2.689281590250122179e-03
5.013927392651110893e+01 2.694010790422217416e-03
5.038898445289544270e+01 2.636516650600018510e-03
5.063791314200675941e+01 2.639197060226118174e-03
5.089234515763529032e+01 2.530838334334917922e-03
5.114529266359630810e+01 2.507015071894653016e-03
5.138952878242714206e+01 2.603588486445943852e-03
5.163945178601188246e+01 2.582689010114695965e-03
5.190206698624180603e+01 2.442716855146207042e-03
5.215590084722179398e+01 2.449498223887522710e-03
5.238680673191466042e+01 2.320055050875680092e-03
5.263532591009818873e+01 2.448978128853065896e-03
5.290823119436031874e+01 2.265877189366877556e-03
5.316882575050344428e+01 2.295944708605297119e-03
5.338513341050097694e+01 2.344971038995485174e-03
5.363212510227822349e+01 2.187090272115449572e-03
5.391615723351310407e+01 2.352977089589054077e-03
5.419187693011466678e+01 1.941435379796395324e-03
5.439722241285236493e+01 2.381273935001988751e-03
5.462806064877949552e+01 2.051156222603721640e-03
5.491241494336609463e+01 2.145791872231273077e-03
5.519421446932921782e+01 1.764557705838431037e-03
5.543046826972861396e+01 2.110656116257894187e-03
5.561137265256709128e+01 2.971981179313297992e-03
