3.559856489878782115e-01 5.765487506497649974e+02
6.031648866026231293e-01 1.397940112999703217e+02
8.579160745827347778e-01 9.359175944732392338e+01
1.113464310595710716e+00 3.967123970746987283e+01
1.374039914321364408e+00 3.093427349027444606e+01
1.619154704570298309e+00 1.825559608779785137e+01
1.870686673430271840e+00 1.489539339779197213e+01
2.123290040706380832e+00 1.001208572381683126e+01
2.378144976376236119e+00 7.585406956810822443e+00
2.630489925835516996e+00 6.167735578669848451e+00
2.878653162679494670e+00 4.984304204327387744e+00
3.131144366275339319e+00 3.884979934189223272e+00
3.388159578333816313e+00 3.163854431902393571e+00
3.638741848210948149e+00 2.832709164409548563e+00
3.888315910732085268e+00 2.376631604756663130e+00
4.139052155837465996e+00 1.991523070560996755e+00
4.390305777018236988e+00 1.695789559202305785e+00
4.642172339120373081e+00 1.516883382456774898e+00
4.894678666149941293e+00 1.259368345646807663e+00
5.147269052361176378e+00 1.145857666184268542e+00
5.398003206656323272e+00 9.900276270150039082e-01
5.647798235368590269e+00 8.893628270197636576e-01
5.900534302989873581e+00 7.901126981473468591e-01
6.151460297009074374e+00 7.205621930359151772e-01
6.402630176204441526e+00 6.510623554287450210e-01
6.655964674748322096e+00 5.967786113742612475e-01
6.908782583105771202e+00 5.389734342949030754e-01
7.159060853508338873e+00 4.860813125405097912e-01
7.409414762591408632e+00 4.425555462656386996e-01
7.659227149364629561e+00 4.168403325422691541e-01
7.911559474606142395e+00 3.667943830914725534e-01
8.163750941790897997e+00 3.436348492988822168e-01
8.415757210439384295e+00 3.294608002183065931e-01
8.667638839289207198e+00 2.941599622644647249e-01
8.918801124864609520e+00 2.748005204624363595e-01
9.170480108345369530e+00 2.519814562594939744e-01
9.420566033467249412e+00 2.353863185334424957e-01
9.671642335271435797e+00 2.191790318975956886e-01
9.923426157758477473e+00 2.109859617817162469e-01
1.017396902749181820e+01 1.944677261650299693e-01
1.042533700753922155e+01 1.812312711732115278e-01
1.067702948358784276e+01 1.702513467668637093e-01
1.092969337256462303e+01 1.595055149449563503e-01
1.118211872033766419e+01 1.496900000835380551e-01
1.143346516925797296e+01 1.426306724380097812e-01
1.168350508557724687e+01 1.346900533571501468e-01
1.193379937775929100e+01 1.278970867961200519e-01
1.218553055762879112e+01 1.203345430977209585e-01
1.243711650801278878e+01 1.135006903514937660e-01
1.268867268647359303e+01 1.089305344247198520e-01
1.294075027177769144e+01 1.026524448067901440e-01
1.319267287020158363e+01 9.697420308466916938e-02
1.344470571782862756e+01 9.251536980104480001e-02
1.369480150283709641e+01 8.866317274626200895e-02
1.394591277066507828e+01 8.367510908348742282e-02
1.419764645764527167e+01 8.089714833860857379e-02
1.444766774168416212e+01 7.713133751032644203e-02
1.469906835825429070e+01 7.316928865944223592e-02
1.495059118111036511e+01 7.025400038432409733e-02
1.520261612590052991e+01 6.674979388918250711e-02
1.545415944503929495e+01 6.390452312972508264e-02
1.570456072545780124e+01 6.173584472318732752e-02
1.595705800128773966e+01 5.909720620714768030e-02
1.620829297830731619e+01 5.727969758456591398e-02
1.645966591028190962e+01 5.385181112449235336e-02
1.671125708846596325e+01 5.279805225100450000e-02
1.696160259490052624e+01 5.032622161261455368e-02
1.721370276108077135e+01 4.850077427988781081e-02
1.746543424102250341e+01 4.659113943484381043e-02
1.771598473288305442e+01 4.438770031382294201e-02
1.796653767411944003e+01 4.284989419716149495e-02
1.821765658501893270e+01 4.165976293204823322e-02
1.847053788120423334e+01 4.001225709538602793e-02
1.872257696809484173e+01 3.881070638064966494e-02
1.897394097105746269e+01 3.713783582797999805e-02
1.922542454726159988e+01 3.563728857034645370e-02
1.947607703355479103e+01 3.486541232534010742e-02
1.972678839839982601e+01 3.345279341171344956e-02
1.997802698857814363e+01 3.263145298613677470e-02
2.022863620534168660e+01 3.150797524068090633e-02
2.047969598507238231e+01 3.014429444300338948e-02
2.073250439107362553e+01 2.933794879891283430e-02
2.098435855211640089e+01 2.832831461496428116e-02
2.123502923393334640e+01 2.753395220817701078e-02
2.148629411178690773e+01 2.675658061983141045e-02
2.173831825513516591e+01 2.603041130282926496e-02
2.198972260956887226e+01 2.499006770945948197e-02
2.223974971000711420e+01 2.430272825596840880e-02
2.249141870643862973e+01 2.373392236346163683e-02
2.274404614890906373e+01 2.296741866011624625e-02
2.299521835768831579e+01 2.208072464093150875e-02
2.324620084136223852e+01 2.151138484246421442e-02
2.349757798664387209e+01 2.092084800796830193e-02
2.374870488118759937e+01 2.036335285282135990e-02
2.399988781917473091e+01 1.982659652902416317e-02
2.425071646049711305e+01 1.923745824616303335e-02
2.450187830577813841e+01 1.881153353856178032e-02
2.475391093216606109e+01 1.818885583489231184e-02
2.500524226975159792e+01 1.771114023383593000e-02
2.525610980153284402e+01 1.726226926816618046e-02
2.550801425092822328e+01 1.678237544500565254e-02
2.575943113325822864e+01 1.630183102747478907e-02
2.601074166866445125e+01 1.596388942265347319e-02
2.626234447079615464e+01 1.554439209469222517e-02
2.651347712943701751e+01 1.516794999701458722e-02
2.676474177984877656e+01 1.483792324267369997e-02
2.701628079430242479e+01 1.437871371670504383e-02
2.726734205837282232e+01 1.401509316823443263e-02
2.751837013544679422e+01 1.367574454808941943e-02
2.776937726815812724e+01 1.342303758649265183e-02
2.802070160973895341e+01 1.309926261320966227e-02
2.827249982643487058e+01 1.274243715845793830e-02
2.852407603869968966e+01 1.236023197494987014e-02
2.877567300468570721e+01 1.216790465098460325e-02
2.902733523039245256e+01 1.188563713895930685e-02
2.927861073083739996e+01 1.153862639045723747e-02
2.953003196193969160e+01 1.131710740844036125e-02
2.978106336846375157e+01 1.110077243122831875e-02
3.003148440777084716e+01 1.089176357370704069e-02
3.028303386126418673e+01 1.053479918642617752e-02
3.053456493440382857e+01 1.034746696060312790e-02
3.078585183944906944e+01 1.013300626653943978e-02
3.103757946070165730e+01 9.906280647682400714e-03
3.128931656795834826e+01 9.680719912171368777e-03
3.154125974608096428e+01 9.515692544619609033e-03
3.179158626791808828e+01 9.311500312358694798e-03
3.204196438636942190e+01 9.088218223154536854e-03
3.229344668057169798e+01 8.876276638100403030e-03
3.254489998018084407e+01 8.753259912154901304e-03
3.279660140319880668e+01 8.546051266436384061e-03
3.304772754686901237e+01 8.414384868929983968e-03
3.329949953441923327e+01 8.199292081199209201e-03
3.355173249539067371e+01 8.037528788408049296e-03
3.380235474142784824e+01 7.889975693024948653e-03
3.405292218889088218e+01 7.728373349025229044e-03
3.430455901572810262e+01 7.587250961893075851e-03
3.455605119154291316e+01 7.426920538622338620e-03
3.480708698418615654e+01 7.234508295855606244e-03
3.505823042281740243e+01 7.107426423258942673e-03
3.530983122122644602e+01 6.958858143947642926e-03
3.556111974160763367e+01 6.853127831680031791e-03
3.581195885960364933e+01 6.743637475572156550e-03
3.606348577968052638e+01 6.581082656343769516e-03
3.631495136683125935e+01 6.493709218198286115e-03
3.656646781331610185e+01 6.340766422375180254e-03
3.681800948534306173e+01 6.268083616578753146e-03
3.706942350460822411e+01 6.107061750433286258e-03
3.732119977997001570e+01 6.040232562263972774e-03
3.757249197135423202e+01 5.884751367456028844e-03
3.782324055213251057e+01 5.807533879818214083e-03
3.807430609684078604e+01 5.697640482699895155e-03
3.832526519371521090e+01 5.583134961692706386e-03
3.857704530181875668e+01 5.478876371677722165e-03
3.882896255048217427e+01 5.397525838283022230e-03
3.907976684424035341e+01 5.297783184941021184e-03
3.933085588900704010e+01 5.199885819687437294e-03
3.958184533965361140e+01 5.111324597578725641e-03
3.983320492881626507e+01 5.014180026477101787e-03
4.008506787586624398e+01 4.987048275517201937e-03
4.033569471078550350e+01 4.888266810426598712e-03
4.058701345074587863e+01 4.760884537630937982e-03
4.083916815834436420e+01 4.699288213715911537e-03
4.108978611092747713e+01 4.623608859231134564e-03
4.134119394692694271e+01 4.542608300710671704e-03
4.159372926482761557e+01 4.504263465208425271e-03
4.184480996230068683e+01 4.447026896981032609e-03
4.209495048714620680e+01 4.298285878306384866e-03
4.234568601474854432e+01 4.263708339256151551e-03
4.259794184898333214e+01 4.209743739927156170e-03
4.284922176444433717e+01 4.126181791017485487e-03
4.309982534096671003e+01 4.098653113113919985e-03
4.335153475414617930e+01 3.968671470414568414e-03
4.360374984514007224e+01 3.901972697242014638e-03
4.385432838732079830e+01 3.855120418577661755e-03
4.410529766549178277e+01 3.800851578357557214e-03
4.435675536456894008e+01 3.740867309943390982e-03
4.460756668584335927e+01 3.686680836919091660e-03
4.485812369927145937e+01 3.665503039560744948e-03
4.510933196139897206e+01 3.580854098950487195e-03
4.536097672816924131e+01 3.531647489867232453e-03
4.561261869099184452e+01 3.460853039985788398e-03
4.586346064304911607e+01 3.440985273041448529e-03
4.611435299895526185e+01 3.401474124266088122e-03
4.636610302009028572e+01 3.314847367594966725e-03
4.661726081402038346e+01 3.263168933961984892e-03
4.686748045926628237e+01 3.208689395939014460e-03
4.712001000143001761e+01 3.182703742918412820e-03
4.737334269293729960e+01 3.134826634906240708e-03
4.762357272554871912e+01 3.082294316338752681e-03
4.787295862859781437e+01 3.059152765882826655e-03
4.812686710231834297e+01 3.022314630418489884e-03
4.837988354528783930e+01 2.998647661448124255e-03
4.862698975964909209e+01 2.931263258935973715e-03
4.887931961662670233e+01 2.911729989427985776e-03
4.913512531690142282e+01 2.861650023713323276e-03
4.938486646957150583e+01 2.849166861393689649e-03
4.963073103205424985e+01 2.812087531999761959e-03
4.988316058859187763e+01 2.774533016944175264e-03
5.013927392651110893e+01 2.664081443771993112e-03
5.038898445289544270e+01 2.611519617065343780e-03
5.063791314200675941e+01 2.649161394159543249e-03
5.089234515763529032e+01 2.554423496163537883e-03
5.114529266359630810e+01 2.554082039973087827e-03
5.138952878242714206e+01 2.497303766757848383e-03
5.163945178601188246e+01 2.450767334653790753e-03
5.190206698624180603e+01 2.451851427760559296e-03
5.215590084722179398e+01 2.448219113975126388e-03
5.238680673191466042e+01 2.326230238963093548e-03
5.263532591009818873e+01 2.324423702487100982e-03
5.290823119436031874e+01 2.271224258070458739e-03
5.316882575050344428e+01 2.290856411503416814e-03
5.338513341050097694e+01 2.233461113214756100e-03
5.363212510227822349e+01 2.257068195558660072e-03
5.391615723351310407e+01 2.225191609639545938e-03
5.419187693011466678e+01 2.099938168957384086e-03
5.439722241285236493e+01 2.251489574172439376e-03
5.462806064877949552e+01 2.196066763817203487e-03
5.491241494336609463e+01 1.998403689166702597e-03
5.519421446932921782e+01 2.901912696074528293e-03
5.543046826972861396e+01 2.586807830982832453e-03
5.561137265256709128e+01 2.576959628454105790e-03
