3.559856489878782115e-01 6.180646332616894369e+02
6.031648866026231293e-01 1.795660173807212345e+02
8.579160745827347778e-01 9.357620818169016275e+01
1.113464310595710716e+00 4.551370813040212937e+01
1.374039914321364408e+00 3.030643105520744029e+01
1.619154704570298309e+00 2.068931749449682655e+01
1.870686673430271840e+00 1.468545529558858576e+01
2.123290040706380832e+00 1.046678985817592711e+01
2.378144976376236119e+00 7.543131229733394782e+00
2.630489925835516996e+00 5.762585598321829039e+00
2.878653162679494670e+00 5.033908326081560247e+00
3.131144366275339319e+00 4.017823759695693830e+00
3.388159578333816313e+00 3.240167025027096415e+00
3.638741848210948149e+00 2.694181726875403804e+00
3.888315910732085268e+00 2.348070299144734641e+00
4.139052155837465996e+00 1.968499856937414139e+00
4.390305777018236988e+00 1.734740170484803334e+00
4.642172339120373081e+00 1.504811641634612673e+00
4.894678666149941293e+00 1.277416457012329198e+00
5.147269052361176378e+00 1.158404202545208372e+00
5.398003206656323272e+00 1.002399025673337052e+00
5.647798235368590269e+00 8.728577984612311269e-01
5.900534302989873581e+00 7.778392138587322258e-01
6.151460297009074374e+00 7.310772856111320550e-01
6.402630176204441526e+00 6.667816546122274923e-01
6.655964674748322096e+00 5.728538277427720482e-01
6.908782583105771202e+00 5.275919946718627962e-01
7.159060853508338873e+00 4.760886360133138595e-01
7.409414762591408632e+00 4.435813095967208186e-01
7.659227149364629561e+00 4.182417755886700950e-01
7.911559474606142395e+00 3.782022666432253710e-01
8.163750941790897997e+00 3.465754753889510043e-01
8.415757210439384295e+00 3.251117326807723140e-01
8.667638839289207198e+00 2.905581623047110984e-01
8.918801124864609520e+00 2.733046566331119309e-01
9.170480108345369530e+00 2.503499790371586098e-01
9.420566033467249412e+00 2.325113910925556970e-01
9.671642335271435797e+00 2.256697765385893562e-01
9.923426157758477473e+00 2.051186019888515677e-01
1.017396902749181820e+01 1.932583293980159878e-01
1.042533700753922155e+01 1.846653320456118075e-01
1.067702948358784276e+01 1.671267136687780430e-01
1.092969337256462303e+01 1.597582173585445353e-01
1.118211872033766419e+01 1.500237355227785896e-01
1.143346516925797296e+01 1.415911422534373854e-01
1.168350508557724687e+01 1.338897932404458924e-01
1.193379937775929100e+01 1.267688891062850876e-01
1.218553055762879112e+01 1.227581070138589192e-01
1.243711650801278878e+01 1.166375136292249620e-01
1.268867268647359303e+01 1.095706838747983747e-01
1.294075027177769144e+01 1.022320693877614012e-01
1.319267287020158363e+01 9.824143802602013087e-02
1.344470571782862756e+01 9.214387882398437923e-02
1.369480150283709641e+01 8.787936601688460525e-02
1.394591277066507828e+01 8.428369932652821084e-02
1.419764645764527167e+01 8.089384313882769240e-02
1.444766774168416212e+01 7.601215179184672710e-02
1.469906835825429070e+01 7.362437670547221369e-02
1.495059118111036511e+01 7.029447487533034555e-02
1.520261612590052991e+01 6.682076207565283699e-02
1.545415944503929495e+01 6.452988022528735601e-02
1.570456072545780124e+01 6.114477302909879231e-02
1.595705800128773966e+01 5.921405222492077958e-02
1.620829297830731619e+01 5.731027913422220843e-02
1.645966591028190962e+01 5.398853721693827601e-02
1.671125708846596325e+01 5.217634607559394622e-02
1.696160259490052624e+01 4.953714639377754247e-02
1.721370276108077135e+01 4.838730027995635091e-02
1.746543424102250341e+01 4.615003076229051704e-02
1.771598473288305442e+01 4.477540187447632408e-02
1.796653767411944003e+01 4.302274923775791654e-02
1.821765658501893270e+01 4.143887314943965616e-02
1.847053788120423334e+01 3.998219561832214164e-02
1.872257696809484173e+01 3.863563736968351342e-02
1.897394097105746269e+01 3.729882816927040240e-02
1.922542454726159988e+01 3.591524753509722778e-02
1.947607703355479103e+01 3.474968617561915996e-02
1.972678839839982601e+01 3.387910136611899103e-02
1.997802698857814363e+01 3.213361491468441633e-02
2.022863620534168660e+01 3.106152981331181465e-02
2.047969598507238231e+01 3.063372301955283317e-02
2.073250439107362553e+01 2.934814654451236085e-02
2.098435855211640089e+01 2.812829696068175345e-02
2.123502923393334640e+01 2.768185789475105865e-02
2.148629411178690773e+01 2.675271718971009710e-02
2.173831825513516591e+01 2.591261066478649927e-02
2.198972260956887226e+01 2.513352398159604539e-02
2.223974971000711420e+01 2.434492242637477030e-02
2.249141870643862973e+01 2.358542808344675501e-02
2.274404614890906373e+01 2.286032581656659984e-02
2.299521835768831579e+01 2.252445783576876442e-02
2.324620084136223852e+01 2.153298216237305510e-02
2.349757798664387209e+01 2.103507242912670133e-02
2.374870488118759937e+01 2.039849667649148296e-02
2.399988781917473091e+01 1.980219091453187114e-02
2.425071646049711305e+01 1.924554768022051707e-02
2.450187830577813841e+01 1.874679979345260372e-02
2.475391093216606109e+01 1.817659253174160744e-02
2.500524226975159792e+01 1.782173334470390016e-02
2.525610980153284402e+01 1.735268209050134375e-02
2.550801425092822328e+01 1.682723378793134564e-02
2.575943113325822864e+01 1.637733787104515837e-02
2.601074166866445125e+01 1.600383564275189782e-02
2.626234447079615464e+01 1.567309926554224728e-02
2.651347712943701751e+01 1.520075013716927492e-02
2.676474177984877656e+01 1.483380348543347250e-02
2.701628079430242479e+01 1.455287640647809008e-02
2.726734205837282232e+01 1.399410407192380051e-02
2.751837013544679422e+01 1.370236693425201484e-02
2.776937726815812724e+01 1.342277053012934721e-02
2.802070160973895341e+01 1.305332364152129131e-02
2.827249982643487058e+01 1.278180571888987670e-02
2.852407603869968966e+01 1.248089228609390415e-02
2.877567300468570721e+01 1.226428168903508607e-02
2.902733523039245256e+01 1.189871953401236936e-02
2.927861073083739996e+01 1.157013425091154429e-02
2.953003196193969160e+01 1.137041405615788620e-02
2.978106336846375157e+01 1.105672675536829679e-02
3.003148440777084716e+01 1.082347355836979497e-02
3.028303386126418673e+01 1.059823369193987376e-02
3.053456493440382857e+01 1.038036400771811044e-02
3.078585183944906944e+01 1.010747092326915592e-02
3.103757946070165730e+01 9.902311157015760215e-03
3.128931656795834826e+01 9.661041601278889945e-03
3.154125974608096428e+01 9.482665338466540750e-03
3.179158626791808828e+01 9.241449822833171929e-03
3.204196438636942190e+01 9.114785542181612354e-03
3.229344668057169798e+01 8.910941523270942549e-03
3.254489998018084407e+01 8.757572479251711159e-03
3.279660140319880668e+01 8.541822369593714270e-03
3.304772754686901237e+01 8.363589886361676162e-03
3.329949953441923327e+01 8.241328719094134087e-03
3.355173249539067371e+01 8.020594177412158562e-03
3.380235474142784824e+01 7.837267478573904655e-03
3.405292218889088218e+01 7.678317092620471664e-03
3.430455901572810262e+01 7.567125733855276093e-03
3.455605119154291316e+01 7.438877511899714447e-03
3.480708698418615654e+01 7.274589570384605575e-03
3.505823042281740243e+01 7.089139580913714211e-03
3.530983122122644602e+01 6.984595156460793666e-03
3.556111974160763367e+01 6.889536387446651075e-03
3.581195885960364933e+01 6.752492609427535042e-03
3.606348577968052638e+01 6.625233266126176121e-03
3.631495136683125935e+01 6.448260152289685132e-03
3.656646781331610185e+01 6.381357820492466332e-03
3.681800948534306173e+01 6.251443438982487270e-03
3.706942350460822411e+01 6.144613652779439168e-03
3.732119977997001570e+01 6.050774837630388744e-03
3.757249197135423202e+01 5.884207827107111773e-03
3.782324055213251057e+01 5.788477097073612375e-03
3.807430609684078604e+01 5.688108579083963820e-03
3.832526519371521090e+01 5.583712684796364803e-03
3.857704530181875668e+01 5.506320631192198646e-03
3.882896255048217427e+01 5.415639717725735484e-03
3.907976684424035341e+01 5.290904559341362209e-03
3.933085588900704010e+01 5.231632236098860897e-03
3.958184533965361140e+01 5.128863222735108134e-03
3.983320492881626507e+01 5.023271577358759919e-03
4.008506787586624398e+01 4.980220103094304407e-03
4.033569471078550350e+01 4.870357470135010421e-03
4.058701345074587863e+01 4.806661518308145802e-03
4.083916815834436420e+01 4.742964627034891578e-03
4.108978611092747713e+01 4.607227869697002980e-03
4.134119394692694271e+01 4.550690192908560250e-03
4.159372926482761557e+01 4.469455441571902957e-03
4.184480996230068683e+01 4.439065249466756131e-03
4.209495048714620680e+01 4.292887282735568903e-03
4.234568601474854432e+01 4.285417600745864211e-03
4.259794184898333214e+01 4.183270100991411632e-03
4.284922176444433717e+01 4.132170751586446839e-03
4.309982534096671003e+01 4.090055330624918495e-03
4.335153475414617930e+01 4.038460576265923661e-03
4.360374984514007224e+01 3.942071844416856000e-03
4.385432838732079830e+01 3.844498802176099430e-03
4.410529766549178277e+01 3.842591195499254608e-03
4.435675536456894008e+01 3.759137139336930517e-03
4.460756668584335927e+01 3.746451735683173703e-03
4.485812369927145937e+01 3.661874016886320759e-03
4.510933196139897206e+01 3.572017278383036922e-03
4.536097672816924131e+01 3.488496895157535121e-03
4.561261869099184452e+01 3.520504259950062165e-03
4.586346064304911607e+01 3.417929120759313245e-03
4.611435299895526185e+01 3.392804141707739425e-03
4.636610302009028572e+01 3.314727643860738114e-03
4.661726081402038346e+01 3.333009660872466619e-03
4.686748045926628237e+01 3.224288640359270885e-03
4.712001000143001761e+01 3.131337872563567503e-03
4.737334269293729960e+01 3.158012815318480236e-03
4.762357272554871912e+01 3.115726761362849154e-03
4.787295862859781437e+01 3.103042361066963087e-03
4.812686710231834297e+01 2.971200037172775504e-03
4.837988354528783930e+01 2.947993341123497386e-03
4.862698975964909209e+01 2.920175616055033490e-03
4.887931961662670233e+01 2.923069423443580908e-03
4.913512531690142282e+01 2.821295324009513803e-03
4.938486646957150583e+01 2.827514192914342642e-03
4.963073103205424985e+01 2.778547938627910774e-03
4.988316058859187763e+01 2.720911038438763360e-03
5.013927392651110893e+01 2.678734751837480617e-03
5.038898445289544270e+01 2.579981191369302203e-03
5.063791314200675941e+01 2.589285629242897135e-03
5.089234515763529032e+01 2.592265761941067378e-03
5.114529266359630810e+01 2.598634989162762390e-03
5.138952878242714206e+01 2.516829758001245480e-03
5.163945178601188246e+01 2.498345967143055651e-03
5.190206698624180603e+01 2.451691884868455185e-03
5.215590084722179398e+01 2.410006757903455400e-03
5.238680673191466042e+01 2.323944040299251012e-03
5.263532591009818873e+01 2.383597714310551566e-03
5.290823119436031874e+01 2.289127632633586318e-03
5.316882575050344428e+01 2.252454742132754210e-03
5.338513341050097694e+01 2.129219680775266358e-03
5.363212510227822349e+01 2.110868203747626095e-03
5.391615723351310407e+01 2.199987544695608966e-03
5.419187693011466678e+01 2.564740646589373004e-03
5.439722241285236493e+01 2.459009286570506322e-03
5.462806064877949552e+01 2.278344384204239025e-03
5.491241494336609463e+01 2.120647582146930298e-03
5.519421446932921782e+01 1.681428544262841178e-03
5.543046826972861396e+01 1.572812996606636230e-03
5.561137265256709128e+01 4.150086082419780081e-03
