3.559856489878782115e-01 4.083859823965494797e+02
6.031648866026231293e-01 1.354157169195497659e+02
8.579160745827347778e-01 8.536068850870107383e+01
1.113464310595710716e+00 5.013894058981058066e+01
1.374039914321364408e+00 3.120716850237709750e+01
1.619154704570298309e+00 2.127656281776914327e+01
1.870686673430271840e+00 1.362110935940001255e+01
2.123290040706380832e+00 1.017006110530017793e+01
2.378144976376236119e+00 7.785590384516665630e+00
2.630489925835516996e+00 6.267964254842506300e+00
2.878653162679494670e+00 5.094162227237510443e+00
3.131144366275339319e+00 4.101735422236509443e+00
3.388159578333816313e+00 3.148195088072796022e+00
3.638741848210948149e+00 2.633470484713663406e+00
3.888315910732085268e+00 2.213176849691207426e+00
4.139052155837465996e+00 2.007031748072812594e+00
4.390305777018236988e+00 1.714549660254480523e+00
4.642172339120373081e+00 1.458566583347711720e+00
4.894678666149941293e+00 1.261292893260867132e+00
5.147269052361176378e+00 1.150509283560733786e+00
5.398003206656323272e+00 1.020142809362130532e+00
5.647798235368590269e+00 8.821979378082057677e-01
5.900534302989873581e+00 7.806199196607910284e-01
6.151460297009074374e+00 7.231362681845091567e-01
6.402630176204441526e+00 6.345352141911433375e-01
6.655964674748322096e+00 5.804167610562338542e-01
6.908782583105771202e+00 5.236796210473039226e-01
7.159060853508338873e+00 4.854244954105192411e-01
7.409414762591408632e+00 4.426689893701657996e-01
7.659227149364629561e+00 4.047625366614920894e-01
7.911559474606142395e+00 3.681891917512829515e-01
8.163750941790897997e+00 3.459319161659928366e-01
8.415757210439384295e+00 3.157764716035766361e-01
8.667638839289207198e+00 2.942583657172564982e-01
8.918801124864609520e+00 2.674726064577980233e-01
9.170480108345369530e+00 2.554946525851268802e-01
9.420566033467249412e+00 2.363754661808660784e-01
9.671642335271435797e+00 2.223594139991115770e-01
9.923426157758477473e+00 2.051105573149671901e-01
1.017396902749181820e+01 1.942729773461749354e-01
1.042533700753922155e+01 1.781970520428052540e-01
1.067702948358784276e+01 1.725534155172717132e-01
1.092969337256462303e+01 1.601686578663630012e-01
1.118211872033766419e+01 1.510822178289192297e-01
1.143346516925797296e+01 1.421057006130517220e-01
1.168350508557724687e+01 1.366002870178994744e-01
1.193379937775929100e+01 1.273275935360725641e-01
1.218553055762879112e+01 1.201670185475901820e-01
1.243711650801278878e+01 1.150094640528916828e-01
1.268867268647359303e+01 1.071995272420135648e-01
1.294075027177769144e+01 1.042447447243292497e-01
1.319267287020158363e+01 9.777449676106704513e-02
1.344470571782862756e+01 9.215768345010863505e-02
1.369480150283709641e+01 8.879837818693518681e-02
1.394591277066507828e+01 8.471100664705126515e-02
1.419764645764527167e+01 8.040620017293022281e-02
1.444766774168416212e+01 7.584966288260500122e-02
1.469906835825429070e+01 7.300427357263028494e-02
1.495059118111036511e+01 7.001156591681487185e-02
1.520261612590052991e+01 6.719250690468128728e-02
1.545415944503929495e+01 6.443477706151633233e-02
1.570456072545780124e+01 6.178640737192001714e-02
1.595705800128773966e+01 5.950124703792149250e-02
1.620829297830731619e+01 5.691992717106518496e-02
1.645966591028190962e+01 5.474836928745611259e-02
1.671125708846596325e+01 5.171793360486698354e-02
1.696160259490052624e+01 4.980867766481097275e-02
1.721370276108077135e+01 4.832216772345550998e-02
1.746543424102250341e+01 4.651353990373893743e-02
1.771598473288305442e+01 4.493693387072969503e-02
1.796653767411944003e+01 4.307921464474117473e-02
1.821765658501893270e+01 4.162358398098599255e-02
1.847053788120423334e+01 3.987637041582354352e-02
1.872257696809484173e+01 3.851851232811608072e-02
1.897394097105746269e+01 3.728615103167633171e-02
1.922542454726159988e+01 3.572602978230441512e-02
1.947607703355479103e+01 3.468144062802935856e-02
1.972678839839982601e+01 3.388925787229255665e-02
1.997802698857814363e+01 3.227163583639536953e-02
2.022863620534168660e+01 3.136119224835014208e-02
2.047969598507238231e+01 3.049377856513180163e-02
2.073250439107362553e+01 2.946954512772247819e-02
2.098435855211640089e+01 2.815102115794386115e-02
2.123502923393334640e+01 2.754354367093475239e-02
2.148629411178690773e+01 2.670113234703233931e-02
2.173831825513516591e+01 2.580460616444850072e-02
2.198972260956887226e+01 2.504997454920274841e-02
2.223974971000711420e+01 2.423761412375637428e-02
2.249141870643862973e+01 2.368427131434012664e-02
2.274404614890906373e+01 2.304415833326994498e-02
2.299521835768831579e+01 2.211851246694981205e-02
2.324620084136223852e+01 2.174864098162497886e-02
2.349757798664387209e+01 2.104675499046421150e-02
2.374870488118759937e+01 2.029478183934444596e-02
2.399988781917473091e+01 1.990924761769963941e-02
2.425071646049711305e+01 1.916320570932772069e-02
2.450187830577813841e+01 1.869916074744335660e-02
2.475391093216606109e+01 1.824273669359039243e-02
2.500524226975159792e+01 1.772188879116047555e-02
2.525610980153284402e+01 1.722411032570100517e-02
2.550801425092822328e+01 1.685531468005779451e-02
2.575943113325822864e+01 1.642493830860268511e-02
2.601074166866445125e+01 1.590701649527157674e-02
2.626234447079615464e+01 1.559810764236101675e-02
2.651347712943701751e+01 1.521037347398607360e-02
2.676474177984877656e+01 1.477395292374217815e-02
2.701628079430242479e+01 1.446164213303542667e-02
2.726734205837282232e+01 1.409586896252656638e-02
2.751837013544679422e+01 1.371202959630629485e-02
2.776937726815812724e+01 1.340323594123317766e-02
2.802070160973895341e+01 1.306012148322936890e-02
2.827249982643487058e+01 1.270569478816925037e-02
2.852407603869968966e+01 1.243596695473492275e-02
2.877567300468570721e+01 1.208998214538475023e-02
2.902733523039245256e+01 1.190201761165370770e-02
2.927861073083739996e+01 1.162529024653794450e-02
2.953003196193969160e+01 1.130015903632491242e-02
2.978106336846375157e+01 1.108271952525918640e-02
3.003148440777084716e+01 1.078753429203663586e-02
3.028303386126418673e+01 1.065343714518336531e-02
3.053456493440382857e+01 1.037876534077429753e-02
3.078585183944906944e+01 1.013537991272967821e-02
3.103757946070165730e+01 9.956127133969002937e-03
3.128931656795834826e+01 9.632098719426798045e-03
3.154125974608096428e+01 9.488528827858493109e-03
3.179158626791808828e+01 9.321018646409081135e-03
3.204196438636942190e+01 9.072754285928614701e-03
3.229344668057169798e+01 8.847392294406201604e-03
3.254489998018084407e+01 8.773573168155935145e-03
3.279660140319880668e+01 8.516750256847872846e-03
3.304772754686901237e+01 8.342398224346184860e-03
3.329949953441923327e+01 8.247901804848413801e-03
3.355173249539067371e+01 8.024410915761078997e-03
3.380235474142784824e+01 7.864832430339398217e-03
3.405292218889088218e+01 7.745788257797474319e-03
3.430455901572810262e+01 7.574133147380690372e-03
3.455605119154291316e+01 7.389445668634593567e-03
3.480708698418615654e+01 7.269997405212792405e-03
3.505823042281740243e+01 7.119097587585504136e-03
3.530983122122644602e+01 6.958403751993228262e-03
3.556111974160763367e+01 6.818767689495809289e-03
3.581195885960364933e+01 6.751483910787981456e-03
3.606348577968052638e+01 6.594682630575195506e-03
3.631495136683125935e+01 6.486536463530435601e-03
3.656646781331610185e+01 6.360955123734551853e-03
3.681800948534306173e+01 6.229582543589728787e-03
3.706942350460822411e+01 6.129951210728790990e-03
3.732119977997001570e+01 6.060192690506925779e-03
3.757249197135423202e+01 5.932925509897589780e-03
3.782324055213251057e+01 5.802946821761637702e-03
3.807430609684078604e+01 5.720965327448089208e-03
3.832526519371521090e+01 5.575177513544047302e-03
3.857704530181875668e+01 5.509060438669794585e-03
3.882896255048217427e+01 5.373921013768249814e-03
3.907976684424035341e+01 5.333896182340720077e-03
3.933085588900704010e+01 5.234792329345346398e-03
3.958184533965361140e+01 5.119883060854225725e-03
3.983320492881626507e+01 5.045048003215013219e-03
4.008506787586624398e+01 4.953374608939139535e-03
4.033569471078550350e+01 4.883101964394454854e-03
4.058701345074587863e+01 4.783043317095400995e-03
4.083916815834436420e+01 4.687700796153129908e-03
4.108978611092747713e+01 4.658226089984026860e-03
4.134119394692694271e+01 4.515150092758804870e-03
4.159372926482761557e+01 4.463920282229944837e-03
4.184480996230068683e+01 4.395381675316947616e-03
4.209495048714620680e+01 4.368759518382153879e-03
4.234568601474854432e+01 4.275457905847122007e-03
4.259794184898333214e+01 4.200389017573884741e-03
4.284922176444433717e+01 4.112776521031836878e-03
4.309982534096671003e+01 4.084284945666861316e-03
4.335153475414617930e+01 3.999451379260828693e-03
4.360374984514007224e+01 3.951662854009331018e-03
4.385432838732079830e+01 3.886461748146479139e-03
4.410529766549178277e+01 3.835369632799571354e-03
4.435675536456894008e+01 3.757020091584972483e-03
4.460756668584335927e+01 3.735102085170109373e-03
4.485812369927145937e+01 3.682498844691314919e-03
4.510933196139897206e+01 3.619341348283036403e-03
4.536097672816924131e+01 3.549146937330969771e-03
4.561261869099184452e+01 3.476268301807826800e-03
4.586346064304911607e+01 3.384116702040460434e-03
4.611435299895526185e+01 3.371182327470456045e-03
4.636610302009028572e+01 3.320206284755589359e-03
4.661726081402038346e+01 3.311793465983286621e-03
4.686748045926628237e+01 3.265027614100720135e-03
4.712001000143001761e+01 3.172706329467281979e-03
4.737334269293729960e+01 3.129337143985166502e-03
4.762357272554871912e+01 3.072524922331049731e-03
4.787295862859781437e+01 3.056776116049134909e-03
4.812686710231834297e+01 3.030438478196160502e-03
4.837988354528783930e+01 2.970593518629783322e-03
4.862698975964909209e+01 2.923787395895704848e-03
4.887931961662670233e+01 2.835631930656062980e-03
4.913512531690142282e+01 2.799335824062622845e-03
4.938486646957150583e+01 2.794400160404757021e-03
4.963073103205424985e+01 2.764247887843469375e-03
4.988316058859187763e+01 2.719180711480630348e-03
5.013927392651110893e+01 2.763252196419590124e-03
5.038898445289544270e+01 2.602735548586203058e-03
5.063791314200675941e+01 2.659831175440267002e-03
5.089234515763529032e+01 2.589240358494236931e-03
5.114529266359630810e+01 2.533162734577871882e-03
5.138952878242714206e+01 2.478427517819069368e-03
5.163945178601188246e+01 2.496761060783047551e-03
5.190206698624180603e+01 2.503106770990607029e-03
5.215590084722179398e+01 2.536675541227481189e-03
5.238680673191466042e+01 2.480085960223544703e-03
5.263532591009818873e+01 2.376926565703887939e-03
5.290823119436031874e+01 2.300631508368463241e-03
5.316882575050344428e+01 2.194170232207537548e-03
5.338513341050097694e+01 2.411147830975745882e-03
5.363212510227822349e+01 2.211111357333326970e-03
5.391615723351310407e+01 2.209891137724098037e-03
5.419187693011466678e+01 2.226762487470597494e-03
5.439722241285236493e+01 2.159127137701994173e-03
5.462806064877949552e+01 2.393806598465238796e-03
5.491241494336609463e+01 2.373445072990569386e-03
5.519421446932921782e+01 1.790771878739194070e-03
5.543046826972861396e+01 3.191283562759955443e-03
5.561137265256709128e+01 8.389702146769771217e-04
