3.559856489878782115e-01 9.484093144003649059e+02
6.031648866026231293e-01 1.803581361051169267e+02
8.579160745827347778e-01 9.388370507659845998e+01
1.113464310595710716e+00 3.885635996899694788e+01
1.374039914321364408e+00 2.874743546386396176e+01
1.619154704570298309e+00 2.144813807556289120e+01
1.870686673430271840e+00 1.513703848606107805e+01
2.123290040706380832e+00 1.167385761949482337e+01
2.378144976376236119e+00 7.821365790531274342e+00
2.630489925835516996e+00 6.311339299357137556e+00
2.878653162679494670e+00 5.006899863493283753e+00
3.131144366275339319e+00 3.953885693638336640e+00
3.388159578333816313e+00 3.397002348294448026e+00
3.638741848210948149e+00 2.752043584119396424e+00
3.888315910732085268e+00 2.266135909414768612e+00
4.139052155837465996e+00 1.907918585146219037e+00
4.390305777018236988e+00 1.719566259318142221e+00
4.642172339120373081e+00 1.528446535780345394e+00
4.894678666149941293e+00 1.287636865785674711e+00
5.147269052361176378e+00 1.146063177836063707e+00
5.398003206656323272e+00 1.023374165394106194e+00
5.647798235368590269e+00 8.511085268930602687e-01
5.900534302989873581e+00 8.125982277523412511e-01
6.151460297009074374e+00 7.195072718850386018e-01
6.402630176204441526e+00 6.295918729557231641e-01
6.655964674748322096e+00 5.907058574816304031e-01
6.908782583105771202e+00 5.402499491466152826e-01
7.159060853508338873e+00 4.850451174970845658e-01
7.409414762591408632e+00 4.433946438534082102e-01
7.659227149364629561e+00 4.060177876021165977e-01
7.911559474606142395e+00 3.657858644487669286e-01
8.163750941790897997e+00 3.494347170446430173e-01
8.415757210439384295e+00 3.184958482406762825e-01
8.667638839289207198e+00 2.929669365842224038e-01
8.918801124864609520e+00 2.729478105790428821e-01
9.170480108345369530e+00 2.532515257852801516e-01
9.420566033467249412e+00 2.326681053128289711e-01
9.671642335271435797e+00 2.224580558602831382e-01
9.923426157758477473e+00 2.086037550168997334e-01
1.017396902749181820e+01 1.965925568601798457e-01
1.042533700753922155e+01 1.807270732373902067e-01
1.067702948358784276e+01 1.741059905602275748e-01
1.092969337256462303e+01 1.609514331712418311e-01
1.118211872033766419e+01 1.513256662206988179e-01
1.143346516925797296e+01 1.423054176544941152e-01
1.168350508557724687e+01 1.335405757832537343e-01
1.193379937775929100e+01 1.272617835408279552e-01
1.218553055762879112e+01 1.215383407154813772e-01
1.243711650801278878e+01 1.162916540228595419e-01
1.268867268647359303e+01 1.089470647234975498e-01
1.294075027177769144e+01 1.026679241169757700e-01
1.319267287020158363e+01 9.769267262964223542e-02
1.344470571782862756e+01 9.265995882515176696e-02
1.369480150283709641e+01 8.863322156462237478e-02
1.394591277066507828e+01 8.445303650164111275e-02
1.419764645764527167e+01 7.969058637667790490e-02
1.444766774168416212e+01 7.720106080648936331e-02
1.469906835825429070e+01 7.340539742884784336e-02
1.495059118111036511e+01 6.930723056521370662e-02
1.520261612590052991e+01 6.710303355747632148e-02
1.545415944503929495e+01 6.447199834962892562e-02
1.570456072545780124e+01 6.191499337880771586e-02
1.595705800128773966e+01 5.931714104312027502e-02
1.620829297830731619e+01 5.672024928581841791e-02
1.645966591028190962e+01 5.478859705044308165e-02
1.671125708846596325e+01 5.257387929050540837e-02
1.696160259490052624e+01 4.987362170735608335e-02
1.721370276108077135e+01 4.792982532506486620e-02
1.746543424102250341e+01 4.638320749738560761e-02
1.771598473288305442e+01 4.471686475707938729e-02
1.796653767411944003e+01 4.293125204736238099e-02
1.821765658501893270e+01 4.157943797404096975e-02
1.847053788120423334e+01 3.962376137508858559e-02
1.872257696809484173e+01 3.846898635489664348e-02
1.897394097105746269e+01 3.741185064520621134e-02
1.922542454726159988e+01 3.616278403192885182e-02
1.947607703355479103e+01 3.447234336506827673e-02
1.972678839839982601e+01 3.381038199366354774e-02
1.997802698857814363e+01 3.247626819856704733e-02
2.022863620534168660e+01 3.156085825717622889e-02
2.047969598507238231e+01 3.012040203252790843e-02
2.073250439107362553e+01 2.948204013403124546e-02
2.098435855211640089e+01 2.860676261619415559e-02
2.123502923393334640e+01 2.774712855671672418e-02
2.148629411178690773e+01 2.658587357528181816e-02
2.173831825513516591e+01 2.592289660427150519e-02
2.198972260956887226e+01 2.509875941432447577e-02
2.223974971000711420e+01 2.429007336466553271e-02
2.249141870643862973e+01 2.369828352515582562e-02
2.274404614890906373e+01 2.296285074975254817e-02
2.299521835768831579e+01 2.231881214066520902e-02
2.324620084136223852e+01 2.179169969493679679e-02
2.349757798664387209e+01 2.091758248503447840e-02
2.374870488118759937e+01 2.050424923768716379e-02
2.399988781917473091e+01 1.981675394630294171e-02
2.425071646049711305e+01 1.927787431143527380e-02
2.450187830577813841e+01 1.871276507071106127e-02
2.475391093216606109e+01 1.824876264001451184e-02
2.500524226975159792e+01 1.772289870596426356e-02
2.525610980153284402e+01 1.718702602341315791e-02
2.550801425092822328e+01 1.688209356492314725e-02
2.575943113325822864e+01 1.643092214921827374e-02
2.601074166866445125e+01 1.605776252223732603e-02
2.626234447079615464e+01 1.555618143075427305e-02
2.651347712943701751e+01 1.516751875781517482e-02
2.676474177984877656e+01 1.483220407387738152e-02
2.701628079430242479e+01 1.434331001759099611e-02
2.726734205837282232e+01 1.409423638386948958e-02
2.751837013544679422e+01 1.375683148556668470e-02
2.776937726815812724e+01 1.344728262959394953e-02
2.802070160973895341e+01 1.305429224988211012e-02
2.827249982643487058e+01 1.279939851859963895e-02
2.852407603869968966e+01 1.241904424790073180e-02
2.877567300468570721e+01 1.212127818983210238e-02
2.902733523039245256e+01 1.186813552550753000e-02
2.927861073083739996e+01 1.157202553851140875e-02
2.953003196193969160e+01 1.141622411424951695e-02
2.978106336846375157e+01 1.111785276526754129e-02
3.003148440777084716e+01 1.082533090396852610e-02
3.028303386126418673e+01 1.059123900689563046e-02
3.053456493440382857e+01 1.037335604518563499e-02
3.078585183944906944e+01 1.012251801084132832e-02
3.103757946070165730e+01 9.939472461934925618e-03
3.128931656795834826e+01 9.646480345892174957e-03
3.154125974608096428e+01 9.483121373888341032e-03
3.179158626791808828e+01 9.292721076294183091e-03
3.204196438636942190e+01 9.146158813570458984e-03
3.229344668057169798e+01 8.916891013787033721e-03
3.254489998018084407e+01 8.687578068398746356e-03
3.279660140319880668e+01 8.604522854511612376e-03
3.304772754686901237e+01 8.377974516812136327e-03
3.329949953441923327e+01 8.189878679381723883e-03
3.355173249539067371e+01 8.060158133343962167e-03
3.380235474142784824e+01 7.899731417588330348e-03
3.405292218889088218e+01 7.738375906212153522e-03
3.430455901572810262e+01 7.555772916218631875e-03
3.455605119154291316e+01 7.401312959181505224e-03
3.480708698418615654e+01 7.246795457348799777e-03
3.505823042281740243e+01 7.105669371552296963e-03
3.530983122122644602e+01 6.996988862772446360e-03
3.556111974160763367e+01 6.847073206236725142e-03
3.581195885960364933e+01 6.738910005798007773e-03
3.606348577968052638e+01 6.614778066800190356e-03
3.631495136683125935e+01 6.520209168998240649e-03
3.656646781331610185e+01 6.328455600378595988e-03
3.681800948534306173e+01 6.210438594490728763e-03
3.706942350460822411e+01 6.134592215511250682e-03
3.732119977997001570e+01 6.016526402070601978e-03
3.757249197135423202e+01 5.898838377206031165e-03
3.782324055213251057e+01 5.831085789711319516e-03
3.807430609684078604e+01 5.702286738530616857e-03
3.832526519371521090e+01 5.587406109246079687e-03
3.857704530181875668e+01 5.469784259435748162e-03
3.882896255048217427e+01 5.396947774558391413e-03
3.907976684424035341e+01 5.317595609836158616e-03
3.933085588900704010e+01 5.236693397643273941e-03
3.958184533965361140e+01 5.110011430777706282e-03
3.983320492881626507e+01 5.017936889638278594e-03
4.008506787586624398e+01 4.924146395925713994e-03
4.033569471078550350e+01 4.870473034534399809e-03
4.058701345074587863e+01 4.770361723599384277e-03
4.083916815834436420e+01 4.714538819942920740e-03
4.108978611092747713e+01 4.628893857944051116e-03
4.134119394692694271e+01 4.571429619951362933e-03
4.159372926482761557e+01 4.469113422391035595e-03
4.184480996230068683e+01 4.444720171372869115e-03
4.209495048714620680e+01 4.352146574660984910e-03
4.234568601474854432e+01 4.237593762726062432e-03
4.259794184898333214e+01 4.205804818762548698e-03
4.284922176444433717e+01 4.133084241355554009e-03
4.309982534096671003e+01 4.074935241620684413e-03
4.335153475414617930e+01 4.002104411873631806e-03
4.360374984514007224e+01 3.930412479252140892e-03
4.385432838732079830e+01 3.836627487830122224e-03
4.410529766549178277e+01 3.819857097810907230e-03
4.435675536456894008e+01 3.757730875487666228e-03
4.460756668584335927e+01 3.704318211576624123e-03
4.485812369927145937e+01 3.635665407622149740e-03
4.510933196139897206e+01 3.598147674228856664e-03
4.536097672816924131e+01 3.528208522689448706e-03
4.561261869099184452e+01 3.476530986742791020e-03
4.586346064304911607e+01 3.404288216227399372e-03
4.611435299895526185e+01 3.361783260211619311e-03
4.636610302009028572e+01 3.355679936384569143e-03
4.661726081402038346e+01 3.308032803023700733e-03
4.686748045926628237e+01 3.246871242221996065e-03
4.712001000143001761e+01 3.210498087628740199e-03
4.737334269293729960e+01 3.152977754382456626e-03
4.762357272554871912e+01 3.068757062927179174e-03
4.787295862859781437e+01 3.105600476463209192e-03
4.812686710231834297e+01 3.033199091206802405e-03
4.837988354528783930e+01 2.937128908244372727e-03
4.862698975964909209e+01 2.937090650959404275e-03
4.887931961662670233e+01 2.931693382271083684e-03
4.913512531690142282e+01 2.853873364500735844e-03
4.938486646957150583e+01 2.820877615084016552e-03
4.963073103205424985e+01 2.797567512018493945e-03
4.988316058859187763e+01 2.755097569034714068e-03
5.013927392651110893e+01 2.679690094366697813e-03
5.038898445289544270e+01 2.640921386313323845e-03
5.063791314200675941e+01 2.600198509805399030e-03
5.089234515763529032e+01 2.621457439952137435e-03
5.114529266359630810e+01 2.614889751279271882e-03
5.138952878242714206e+01 2.556597457678225476e-03
5.163945178601188246e+01 2.514338221770369940e-03
5.190206698624180603e+01 2.429282107377424282e-03
5.215590084722179398e+01 2.349863278977675808e-03
5.238680673191466042e+01 2.531795306051782754e-03
5.263532591009818873e+01 2.401570612456364277e-03
5.290823119436031874e+01 2.204112594703845889e-03
5.316882575050344428e+01 2.299884474638128149e-03
5.338513341050097694e+01 2.197182523394424370e-03
5.363212510227822349e+01 2.308357731697457428e-03
5.391615723351310407e+01 2.092990840373106908e-03
5.419187693011466678e+01 2.101750183689058207e-03
5.439722241285236493e+01 2.186437432118136254e-03
5.462806064877949552e+01 1.933990468903268225e-03
5.491241494336609463e+01 2.107460667378413186e-03
5.519421446932921782e+01 2.416062392883102424e-03
5.543046826972861396e+01 7.561656758409461901e-04
5.561137265256709128e+01 3.449039046302279383e-03
