3.559856489878782115e-01 8.729967434277647271e+02
6.031648866026231293e-01 2.316654419335165755e+02
8.579160745827347778e-01 7.072794180732716995e+01
1.113464310595710716e+00 4.906763995930665345e+01
1.374039914321364408e+00 3.287968679740280464e+01
1.619154704570298309e+00 2.074492116771805783e+01
1.870686673430271840e+00 1.420025769319173214e+01
2.123290040706380832e+00 9.829895822939395345e+00
2.378144976376236119e+00 7.791817780023552409e+00
2.630489925835516996e+00 6.375553198970338009e+00
2.878653162679494670e+00 4.855159515941534387e+00
3.131144366275339319e+00 3.998594534551243918e+00
3.388159578333816313e+00 3.325662448519528525e+00
3.638741848210948149e+00 2.761940270595778291e+00
3.888315910732085268e+00 2.271428071328024600e+00
4.139052155837465996e+00 1.969031746160711638e+00
4.390305777018236988e+00 1.744067528991226856e+00
4.642172339120373081e+00 1.450277859826704763e+00
4.894678666149941293e+00 1.300477606109638584e+00
5.147269052361176378e+00 1.128784504044356485e+00
5.398003206656323272e+00 1.014682390206709250e+00
5.647798235368590269e+00 8.775043708418091004e-01
5.900534302989873581e+00 8.033293199688873454e-01
6.151460297009074374e+00 7.090057188758062123e-01
6.402630176204441526e+00 6.660108626191295622e-01
6.655964674748322096e+00 6.005434241322423761e-01
6.908782583105771202e+00 5.324488479104514393e-01
7.159060853508338873e+00 4.736847136122849800e-01
7.409414762591408632e+00 4.481938782769799290e-01
7.659227149364629561e+00 3.950912394174753706e-01
7.911559474606142395e+00 3.822069812345599282e-01
8.163750941790897997e+00 3.499954218251503657e-01
8.415757210439384295e+00 3.234291546032170839e-01
8.667638839289207198e+00 2.952274837685130993e-01
8.918801124864609520e+00 2.715545334673316047e-01
9.170480108345369530e+00 2.558396776571827402e-01
9.420566033467249412e+00 2.349352685383716277e-01
9.671642335271435797e+00 2.207328395770660479e-01
9.923426157758477473e+00 2.059884078967725018e-01
1.017396902749181820e+01 1.941614099503449486e-01
1.042533700753922155e+01 1.811458732279186690e-01
1.067702948358784276e+01 1.696413240968697167e-01
1.092969337256462303e+01 1.600473763418523432e-01
1.118211872033766419e+01 1.501762061211204258e-01
1.143346516925797296e+01 1.425818269872727306e-01
1.168350508557724687e+01 1.346843308307525411e-01
1.193379937775929100e+01 1.270368851489088180e-01
1.218553055762879112e+01 1.198800205721184259e-01
1.243711650801278878e+01 1.145370466301820350e-01
1.268867268647359303e+01 1.091908483147459863e-01
1.294075027177769144e+01 1.029707924011133008e-01
1.319267287020158363e+01 9.731291346616352533e-02
1.344470571782862756e+01 9.355747047855386689e-02
1.369480150283709641e+01 8.845870924432878979e-02
1.394591277066507828e+01 8.461905992427515288e-02
1.419764645764527167e+01 7.951040624383123867e-02
1.444766774168416212e+01 7.669734404954170470e-02
1.469906835825429070e+01 7.421453653533588435e-02
1.495059118111036511e+01 6.966745475617973360e-02
1.520261612590052991e+01 6.690617494368801543e-02
1.545415944503929495e+01 6.417949137733011677e-02
1.570456072545780124e+01 6.167527212785653412e-02
1.595705800128773966e+01 5.868916346111875681e-02
1.620829297830731619e+01 5.658107513902218416e-02
1.645966591028190962e+01 5.399233362397267560e-02
1.671125708846596325e+01 5.195804734968528793e-02
1.696160259490052624e+01 5.021990578937519933e-02
1.721370276108077135e+01 4.813362517052219985e-02
1.746543424102250341e+01 4.603850955331253991e-02
1.771598473288305442e+01 4.511152230602469976e-02
1.796653767411944003e+01 4.331202844462091195e-02
1.821765658501893270e+01 4.147206726566932122e-02
1.847053788120423334e+01 3.990766794163175257e-02
1.872257696809484173e+01 3.866957777514130890e-02
1.897394097105746269e+01 3.696824861036596133e-02
1.922542454726159988e+01 3.601890365902003788e-02
1.947607703355479103e+01 3.484543558623320880e-02
1.972678839839982601e+01 3.353466163146930773e-02
1.997802698857814363e+01 3.274344231576361425e-02
2.022863620534168660e+01 3.144972590139221563e-02
2.047969598507238231e+01 3.038886430020698928e-02
2.073250439107362553e+01 2.950825668878935548e-02
2.098435855211640089e+01 2.822630321724135111e-02
2.123502923393334640e+01 2.775176502058129130e-02
2.148629411178690773e+01 2.671842999313904510e-02
2.173831825513516591e+01 2.578630350847147326e-02
2.198972260956887226e+01 2.501416788878537203e-02
2.223974971000711420e+01 2.441097569237300757e-02
2.249141870643862973e+01 2.360858375106355753e-02
2.274404614890906373e+01 2.295416667047828554e-02
2.299521835768831579e+01 2.243050624057221429e-02
2.324620084136223852e+01 2.177639191445906661e-02
2.349757798664387209e+01 2.102363789544253389e-02
2.374870488118759937e+01 2.048777320110622968e-02
2.399988781917473091e+01 1.992902931905789557e-02
2.425071646049711305e+01 1.935728343151844194e-02
2.450187830577813841e+01 1.887095887585838946e-02
2.475391093216606109e+01 1.819503939898505646e-02
2.500524226975159792e+01 1.767889238848426720e-02
2.525610980153284402e+01 1.733464800998753622e-02
2.550801425092822328e+01 1.677137849598493713e-02
2.575943113325822864e+01 1.634685575741898905e-02
2.601074166866445125e+01 1.601202712710245862e-02
2.626234447079615464e+01 1.560043452116170737e-02
2.651347712943701751e+01 1.508209215261191623e-02
2.676474177984877656e+01 1.477722585914720103e-02
2.701628079430242479e+01 1.445305186459022902e-02
2.726734205837282232e+01 1.414739384258248758e-02
2.751837013544679422e+01 1.377986779055929978e-02
2.776937726815812724e+01 1.337995230921998867e-02
2.802070160973895341e+01 1.305796886185182568e-02
2.827249982643487058e+01 1.283702650936214065e-02
2.852407603869968966e+01 1.249089840582916916e-02
2.877567300468570721e+01 1.212792703476005089e-02
2.902733523039245256e+01 1.193757399811071901e-02
2.927861073083739996e+01 1.161964037042204079e-02
2.953003196193969160e+01 1.139226736075445862e-02
2.978106336846375157e+01 1.111233975143698614e-02
3.003148440777084716e+01 1.085926331157671849e-02
3.028303386126418673e+01 1.061147163046138181e-02
3.053456493440382857e+01 1.038690781698326307e-02
3.078585183944906944e+01 1.015315528511869479e-02
3.103757946070165730e+01 9.893515750831591640e-03
3.128931656795834826e+01 9.706892072280114137e-03
3.154125974608096428e+01 9.511053888346462579e-03
3.179158626791808828e+01 9.287215552843569241e-03
3.204196438636942190e+01 9.153425171465430152e-03
3.229344668057169798e+01 8.898838152659039116e-03
3.254489998018084407e+01 8.696291070820925603e-03
3.279660140319880668e+01 8.522417457883768241e-03
3.304772754686901237e+01 8.416430821261191783e-03
3.329949953441923327e+01 8.222718572954651126e-03
3.355173249539067371e+01 8.004599268462241415e-03
3.380235474142784824e+01 7.863325719560569985e-03
3.405292218889088218e+01 7.687833796075754615e-03
3.430455901572810262e+01 7.537761930704727290e-03
3.455605119154291316e+01 7.392076619692009541e-03
3.480708698418615654e+01 7.277845190575177835e-03
3.505823042281740243e+01 7.137607373049815671e-03
3.530983122122644602e+01 7.007373094453347821e-03
3.556111974160763367e+01 6.929257655924526797e-03
3.581195885960364933e+01 6.745174742518419628e-03
3.606348577968052638e+01 6.632131482239175986e-03
3.631495136683125935e+01 6.473785343617596312e-03
3.656646781331610185e+01 6.354780163895921985e-03
3.681800948534306173e+01 6.240743695641077712e-03
3.706942350460822411e+01 6.129600773424923738e-03
3.732119977997001570e+01 6.015729359987999521e-03
3.757249197135423202e+01 5.911731185704709353e-03
3.782324055213251057e+01 5.841571192194972006e-03
3.807430609684078604e+01 5.715124772577614108e-03
3.832526519371521090e+01 5.620077048252140363e-03
3.857704530181875668e+01 5.510239157604005476e-03
3.882896255048217427e+01 5.380917942175381802e-03
3.907976684424035341e+01 5.330975665861216808e-03
3.933085588900704010e+01 5.234693293199507540e-03
3.958184533965361140e+01 5.136444448016987650e-03
3.983320492881626507e+01 5.071196791436643689e-03
4.008506787586624398e+01 4.984753526992992401e-03
4.033569471078550350e+01 4.879189365125402057e-03
4.058701345074587863e+01 4.781356753790814117e-03
4.083916815834436420e+01 4.732949031032522222e-03
4.108978611092747713e+01 4.628789897912769652e-03
4.134119394692694271e+01 4.568928148182542504e-03
4.159372926482761557e+01 4.476401392168353859e-03
4.184480996230068683e+01 4.397886120634888520e-03
4.209495048714620680e+01 4.320329818980786322e-03
4.234568601474854432e+01 4.268221802808972072e-03
4.259794184898333214e+01 4.155590595864217147e-03
4.284922176444433717e+01 4.135135599302909234e-03
4.309982534096671003e+01 4.058945930290451878e-03
4.335153475414617930e+01 3.968698569642833442e-03
4.360374984514007224e+01 3.925800950698481867e-03
4.385432838732079830e+01 3.883341650022143106e-03
4.410529766549178277e+01 3.817763245716806336e-03
4.435675536456894008e+01 3.798495069442867945e-03
4.460756668584335927e+01 3.681792716369616976e-03
4.485812369927145937e+01 3.617627334343834298e-03
4.510933196139897206e+01 3.546838953903082899e-03
4.536097672816924131e+01 3.540806416620503362e-03
4.561261869099184452e+01 3.481552359569917415e-03
4.586346064304911607e+01 3.396226005624303993e-03
4.611435299895526185e+01 3.310030297349613512e-03
4.636610302009028572e+01 3.339105967843773205e-03
4.661726081402038346e+01 3.295833096963365471e-03
4.686748045926628237e+01 3.195828941406029036e-03
4.712001000143001761e+01 3.202579929427754046e-03
4.737334269293729960e+01 3.164200342609282783e-03
4.762357272554871912e+01 3.105298674137607975e-03
4.787295862859781437e+01 3.057484351793495012e-03
4.812686710231834297e+01 2.972012011224112356e-03
4.837988354528783930e+01 2.974646772372849766e-03
4.862698975964909209e+01 2.902919612828785013e-03
4.887931961662670233e+01 2.875320355556655084e-03
4.913512531690142282e+01 2.836793382804364810e-03
4.938486646957150583e+01 2.802407008797830768e-03
4.963073103205424985e+01 2.742763936660764634e-03
4.988316058859187763e+01 2.754980905213937417e-03
5.013927392651110893e+01 2.729405935323152982e-03
5.038898445289544270e+01 2.610890016378002946e-03
5.063791314200675941e+01 2.620092988121618897e-03
5.089234515763529032e+01 2.530311758023416104e-03
5.114529266359630810e+01 2.534998790988715611e-03
5.138952878242714206e+01 2.540842471679591406e-03
5.163945178601188246e+01 2.522660794956311636e-03
5.190206698624180603e+01 2.474461806258623948e-03
5.215590084722179398e+01 2.526617578837056077e-03
5.238680673191466042e+01 2.307938065190267077e-03
5.263532591009818873e+01 2.402706579276120673e-03
5.290823119436031874e+01 2.462533859578773434e-03
5.316882575050344428e+01 2.288108968953225016e-03
5.338513341050097694e+01 2.207799503928753633e-03
5.363212510227822349e+01 2.259057095536524951e-03
5.391615723351310407e+01 2.256859170368248103e-03
5.419187693011466678e+01 2.108209849691765076e-03
5.439722241285236493e+01 2.202383083236270772e-03
5.462806064877949552e+01 2.378215191535418532e-03
5.491241494336609463e+01 2.183050973882127901e-03
5.519421446932921782e+01 2.139972631800932720e-03
5.543046826972861396e+01 2.280734133549166057e-03
5.561137265256709128e+01 1.409089120050622092e-03
