3.559856489878782115e-01 4.563296912594908576e+02
6.031648866026231293e-01 1.609971741288271971e+02
8.579160745827347778e-01 1.096104237248506621e+02
1.113464310595710716e+00 4.295654650668529229e+01
1.374039914321364408e+00 2.768273746123024281e+01
1.619154704570298309e+00 2.045384110535729860e+01
1.870686673430271840e+00 1.354737306275288944e+01
2.123290040706380832e+00 1.026750111936695475e+01
2.378144976376236119e+00 8.008747440091644521e+00
2.630489925835516996e+00 6.236225983739139167e+00
2.878653162679494670e+00 4.730392590691501198e+00
3.131144366275339319e+00 3.914254493381430944e+00
3.388159578333816313e+00 3.350406850441121076e+00
3.638741848210948149e+00 2.719315045781603768e+00
3.888315910732085268e+00 2.286337631805915649e+00
4.139052155837465996e+00 2.000107287522383981e+00
4.390305777018236988e+00 1.697737151287738389e+00
4.642172339120373081e+00 1.452006488737640488e+00
4.894678666149941293e+00 1.289782536223524900e+00
5.147269052361176378e+00 1.093605721237875361e+00
5.398003206656323272e+00 9.947963606408565251e-01
5.647798235368590269e+00 8.925735380517512141e-01
5.900534302989873581e+00 7.921253607102334282e-01
6.151460297009074374e+00 7.364664672672903700e-01
6.402630176204441526e+00 6.424761985867853964e-01
6.655964674748322096e+00 5.972455074348511639e-01
6.908782583105771202e+00 5.384132470055237318e-01
7.159060853508338873e+00 4.842630048766748962e-01
7.409414762591408632e+00 4.490821238380690583e-01
7.659227149364629561e+00 4.081398513331744859e-01
7.911559474606142395e+00 3.838807724273164967e-01
8.163750941790897997e+00 3.442219141447504516e-01
8.415757210439384295e+00 3.238461085394083727e-01
8.667638839289207198e+00 2.916514503646253642e-01
8.918801124864609520e+00 2.699602074280487707e-01
9.170480108345369530e+00 2.548415381573037042e-01
9.420566033467249412e+00 2.348321739535711716e-01
9.671642335271435797e+00 2.234160450336121206e-01
9.923426157758477473e+00 2.069914701911289845e-01
1.017396902749181820e+01 1.944206539985862958e-01
1.042533700753922155e+01 1.828420292233688127e-01
1.067702948358784276e+01 1.722371724702653484e-01
1.092969337256462303e+01 1.612093572312421341e-01
1.118211872033766419e+01 1.509751894640304903e-01
1.143346516925797296e+01 1.424563925756304472e-01
1.168350508557724687e+01 1.346170330500284507e-01
1.193379937775929100e+01 1.276379882485983996e-01
1.218553055762879112e+01 1.199659243558228172e-01
1.243711650801278878e+01 1.145892071584826422e-01
1.268867268647359303e+01 1.074108370200286822e-01
1.294075027177769144e+01 1.046919251071176671e-01
1.319267287020158363e+01 1.001903034207682480e-01
1.344470571782862756e+01 9.442928336309951154e-02
1.369480150283709641e+01 8.844198150988581697e-02
1.394591277066507828e+01 8.501992771986968678e-02
1.419764645764527167e+01 7.978055394904319531e-02
1.444766774168416212e+01 7.706801130675937361e-02
1.469906835825429070e+01 7.313043404669716807e-02
1.495059118111036511e+01 7.034542058018732058e-02
1.520261612590052991e+01 6.682898572913648083e-02
1.545415944503929495e+01 6.428527984748760860e-02
1.570456072545780124e+01 6.105131637338115369e-02
1.595705800128773966e+01 5.923342061223572930e-02
1.620829297830731619e+01 5.573847500261610438e-02
1.645966591028190962e+01 5.428160391407909485e-02
1.671125708846596325e+01 5.267172390782104419e-02
1.696160259490052624e+01 5.044124692383795960e-02
1.721370276108077135e+01 4.848059356970689515e-02
1.746543424102250341e+01 4.647127653309712780e-02
1.771598473288305442e+01 4.449561503260993089e-02
1.796653767411944003e+01 4.312062524684207726e-02
1.821765658501893270e+01 4.141184913084323960e-02
1.847053788120423334e+01 3.985930116695312470e-02
1.872257696809484173e+01 3.868938518726447451e-02
1.897394097105746269e+01 3.723952290525995440e-02
1.922542454726159988e+01 3.584540234883604182e-02
1.947607703355479103e+01 3.480368848869179466e-02
1.972678839839982601e+01 3.377001511984455140e-02
1.997802698857814363e+01 3.251253295374440661e-02
2.022863620534168660e+01 3.140196439289546365e-02
2.047969598507238231e+01 3.036911195160698490e-02
2.073250439107362553e+01 2.926080407959657723e-02
2.098435855211640089e+01 2.843922391629892174e-02
2.123502923393334640e+01 2.742115299599186956e-02
2.148629411178690773e+01 2.664781057157371638e-02
2.173831825513516591e+01 2.573468848147995869e-02
2.198972260956887226e+01 2.518809589311936381e-02
2.223974971000711420e+01 2.461201435455460940e-02
2.249141870643862973e+01 2.375949248368509209e-02
2.274404614890906373e+01 2.283859480803669684e-02
2.299521835768831579e+01 2.225263028697582399e-02
2.324620084136223852e+01 2.165145730576498867e-02
2.349757798664387209e+01 2.110216332008378257e-02
2.374870488118759937e+01 2.042672607627084996e-02
2.399988781917473091e+01 1.981906041577658276e-02
2.425071646049711305e+01 1.935779223842695740e-02
2.450187830577813841e+01 1.873823816448066601e-02
2.475391093216606109e+01 1.812619416099020900e-02
2.500524226975159792e+01 1.770679346143630775e-02
2.525610980153284402e+01 1.723136258836412832e-02
2.550801425092822328e+01 1.681354118005427833e-02
2.575943113325822864e+01 1.625370380895531028e-02
2.601074166866445125e+01 1.596892545646316774e-02
2.626234447079615464e+01 1.560956523523576896e-02
2.651347712943701751e+01 1.512624374597625922e-02
2.676474177984877656e+01 1.475892759973038842e-02
2.701628079430242479e+01 1.446675933538932486e-02
2.726734205837282232e+01 1.409093341513247520e-02
2.751837013544679422e+01 1.377569549079228628e-02
2.776937726815812724e+01 1.337053708801819868e-02
2.802070160973895341e+01 1.302217932179486164e-02
2.827249982643487058e+01 1.278242099753500345e-02
2.852407603869968966e+01 1.242373433916193343e-02
2.877567300468570721e+01 1.215376217569076774e-02
2.902733523039245256e+01 1.184691287870669012e-02
2.927861073083739996e+01 1.159479317232720887e-02
2.953003196193969160e+01 1.135208711912653184e-02
2.978106336846375157e+01 1.109492618320767794e-02
3.003148440777084716e+01 1.093111406419441413e-02
3.028303386126418673e+01 1.061817514918218797e-02
3.053456493440382857e+01 1.030671299484904602e-02
3.078585183944906944e+01 1.013774652552586197e-02
3.103757946070165730e+01 9.915868472874497797e-03
3.128931656795834826e+01 9.727056662035653278e-03
3.154125974608096428e+01 9.556114183710244167e-03
3.179158626791808828e+01 9.298000822413181668e-03
3.204196438636942190e+01 9.111048719284637123e-03
3.229344668057169798e+01 8.870634512634466631e-03
3.254489998018084407e+01 8.723466125602903978e-03
3.279660140319880668e+01 8.548213916861413866e-03
3.304772754686901237e+01 8.335784907761578308e-03
3.329949953441923327e+01 8.220049658638036577e-03
3.355173249539067371e+01 8.045376346405520504e-03
3.380235474142784824e+01 7.903987663150216503e-03
3.405292218889088218e+01 7.692313372025037614e-03
3.430455901572810262e+01 7.552143778527896541e-03
3.455605119154291316e+01 7.402384377339283651e-03
3.480708698418615654e+01 7.265309768820997494e-03
3.505823042281740243e+01 7.126453124532177580e-03
3.530983122122644602e+01 6.969104908973018653e-03
3.556111974160763367e+01 6.895277576957964914e-03
3.581195885960364933e+01 6.720667515981786425e-03
3.606348577968052638e+01 6.562841340085595783e-03
3.631495136683125935e+01 6.487808648400874081e-03
3.656646781331610185e+01 6.357233003657562428e-03
3.681800948534306173e+01 6.245381944769949276e-03
3.706942350460822411e+01 6.102525530743941988e-03
3.732119977997001570e+01 6.026651646931724393e-03
3.757249197135423202e+01 5.918221047232571572e-03
3.782324055213251057e+01 5.783166851353901614e-03
3.807430609684078604e+01 5.718911236325624134e-03
3.832526519371521090e+01 5.565555690832533348e-03
3.857704530181875668e+01 5.460137743923345992e-03
3.882896255048217427e+01 5.424434241846575432e-03
3.907976684424035341e+01 5.294304508232716873e-03
3.933085588900704010e+01 5.241387530537855964e-03
3.958184533965361140e+01 5.143706075045105172e-03
3.983320492881626507e+01 5.050502385261544137e-03
4.008506787586624398e+01 4.951516646856408271e-03
4.033569471078550350e+01 4.886648013984740829e-03
4.058701345074587863e+01 4.813569049766385638e-03
4.083916815834436420e+01 4.749008922425915040e-03
4.108978611092747713e+01 4.610084650027000512e-03
4.134119394692694271e+01 4.543999766644399828e-03
4.159372926482761557e+01 4.440971457365949088e-03
4.184480996230068683e+01 4.342117073409291171e-03
4.209495048714620680e+01 4.324243469335401456e-03
4.234568601474854432e+01 4.242405461595380282e-03
4.259794184898333214e+01 4.186304957338698833e-03
4.284922176444433717e+01 4.119079059638798557e-03
4.309982534096671003e+01 4.046271197799989651e-03
4.335153475414617930e+01 4.007620516132118747e-03
4.360374984514007224e+01 3.931176282293096652e-03
4.385432838732079830e+01 3.860020406028030239e-03
4.410529766549178277e+01 3.833719685670406926e-03
4.435675536456894008e+01 3.747521604836042547e-03
4.460756668584335927e+01 3.681097276725992743e-03
4.485812369927145937e+01 3.630524591950633033e-03
4.510933196139897206e+01 3.577393827871196835e-03
4.536097672816924131e+01 3.536590762417692827e-03
4.561261869099184452e+01 3.473052200081080520e-03
4.586346064304911607e+01 3.422350005603180031e-03
4.611435299895526185e+01 3.367700475267429092e-03
4.636610302009028572e+01 3.337454357882396576e-03
4.661726081402038346e+01 3.273940114622759991e-03
4.686748045926628237e+01 3.238435418559360360e-03
4.712001000143001761e+01 3.165413487112510218e-03
4.737334269293729960e+01 3.162232844449022057e-03
4.762357272554871912e+01 3.078010555446431852e-03
4.787295862859781437e+01 3.095538404034308289e-03
4.812686710231834297e+01 2.994159959937855910e-03
4.837988354528783930e+01 2.943152642059887556e-03
4.862698975964909209e+01 2.922577887593516034e-03
4.887931961662670233e+01 2.907169966653445035e-03
4.913512531690142282e+01 2.797284983661772837e-03
4.938486646957150583e+01 2.814860180730071725e-03
4.963073103205424985e+01 2.783079722973212915e-03
4.988316058859187763e+01 2.775529872778617711e-03
5.013927392651110893e+01 2.680028400906381975e-03
5.038898445289544270e+01 2.658150048184626177e-03
5.063791314200675941e+01 2.583584192680501643e-03
5.089234515763529032e+01 2.564899513856828874e-03
5.114529266359630810e+01 2.590213455789447047e-03
5.138952878242714206e+01 2.435562328112355051e-03
5.163945178601188246e+01 2.506917921359438396e-03
5.190206698624180603e+01 2.417028337188919466e-03
5.215590084722179398e+01 2.414141009932801400e-03
5.238680673191466042e+01 2.415238253997929133e-03
5.263532591009818873e+01 2.381564644346659005e-03
5.290823119436031874e+01 2.257873940891228729e-03
5.316882575050344428e+01 2.303307958201216386e-03
5.338513341050097694e+01 2.168149272114107580e-03
5.363212510227822349e+01 2.244269988339498041e-03
5.391615723351310407e+01 2.213454340430212348e-03
5.419187693011466678e+01 2.063511395392208202e-03
5.439722241285236493e+01 2.159238970191058524e-03
5.462806064877949552e+01 2.003705637635241205e-03
5.491241494336609463e+01 2.195295923070262473e-03
5.519421446932921782e+01 1.471864127532533390e-03
5.543046826972861396e+01 1.770205825840281532e-03
5.561137265256709128e+01 1.858539462689223504e-03
