3.559856489878782115e-01 6.411785638576528754e+02
6.031648866026231293e-01 2.802037146136775050e+02
8.579160745827347778e-01 9.327177703975876000e+01
1.113464310595710716e+00 5.152717213025038490e+01
1.374039914321364408e+00 3.154654746201919835e+01
1.619154704570298309e+00 2.278973753533100677e+01
1.870686673430271840e+00 1.455819286507390586e+01
2.123290040706380832e+00 1.058533542581588272e+01
2.378144976376236119e+00 8.235065355685902588e+00
2.630489925835516996e+00 6.438594975333647774e+00
2.878653162679494670e+00 5.185529291932382989e+00
3.131144366275339319e+00 4.061241819963000488e+00
3.388159578333816313e+00 3.339324665280751336e+00
3.638741848210948149e+00 2.669740863010988896e+00
3.888315910732085268e+00 2.308859580207197393e+00
4.139052155837465996e+00 2.024153365654549397e+00
4.390305777018236988e+00 1.646922650493439555e+00
4.642172339120373081e+00 1.564241638903061560e+00
4.894678666149941293e+00 1.271241519095270389e+00
5.147269052361176378e+00 1.089624430453692394e+00
5.398003206656323272e+00 9.971432320127805449e-01
5.647798235368590269e+00 8.796215089115463348e-01
5.900534302989873581e+00 7.964591593581776818e-01
6.151460297009074374e+00 7.223977680634900977e-01
6.402630176204441526e+00 6.501711796728532056e-01
6.655964674748322096e+00 5.996608978376609667e-01
6.908782583105771202e+00 5.324720298314405964e-01
7.159060853508338873e+00 4.817511815786556517e-01
7.409414762591408632e+00 4.442407946963805587e-01
7.659227149364629561e+00 4.093140298833879975e-01
7.911559474606142395e+00 3.706312438833305190e-01
8.163750941790897997e+00 3.420255621621328679e-01
8.415757210439384295e+00 3.187063461014575938e-01
8.667638839289207198e+00 2.962558017950375211e-01
8.918801124864609520e+00 2.693991617987491760e-01
9.170480108345369530e+00 2.498362383717377400e-01
9.420566033467249412e+00 2.346727965216752754e-01
9.671642335271435797e+00 2.226238001786669807e-01
9.923426157758477473e+00 2.043815149051206592e-01
1.017396902749181820e+01 1.958939878045865834e-01
1.042533700753922155e+01 1.787195187730962753e-01
1.067702948358784276e+01 1.723949485496123757e-01
1.092969337256462303e+01 1.608479409067299359e-01
1.118211872033766419e+01 1.521614992134509847e-01
1.143346516925797296e+01 1.436358382257747202e-01
1.168350508557724687e+01 1.332697815231976279e-01
1.193379937775929100e+01 1.247923358771194507e-01
1.218553055762879112e+01 1.212642778563454843e-01
1.243711650801278878e+01 1.150830635379821165e-01
1.268867268647359303e+01 1.094086779595168785e-01
1.294075027177769144e+01 1.022109713307275680e-01
1.319267287020158363e+01 9.841688073506860146e-02
1.344470571782862756e+01 9.254129298390496861e-02
1.369480150283709641e+01 8.971499309534815281e-02
1.394591277066507828e+01 8.448815687057735502e-02
1.419764645764527167e+01 8.031582082451065030e-02
1.444766774168416212e+01 7.682058490918089455e-02
1.469906835825429070e+01 7.325213239171615709e-02
1.495059118111036511e+01 7.098479661305084898e-02
1.520261612590052991e+01 6.680612408992647744e-02
1.545415944503929495e+01 6.344085878393193600e-02
1.570456072545780124e+01 6.151525213194782016e-02
1.595705800128773966e+01 5.957110073979464404e-02
1.620829297830731619e+01 5.706303385463221134e-02
1.645966591028190962e+01 5.460593538257090679e-02
1.671125708846596325e+01 5.182298001674943977e-02
1.696160259490052624e+01 4.972522999652393555e-02
1.721370276108077135e+01 4.861575834628266424e-02
1.746543424102250341e+01 4.637040685046221744e-02
1.771598473288305442e+01 4.465129834755978550e-02
1.796653767411944003e+01 4.311740674998629924e-02
1.821765658501893270e+01 4.123008364453787516e-02
1.847053788120423334e+01 4.025923168033838234e-02
1.872257696809484173e+01 3.812502516327791191e-02
1.897394097105746269e+01 3.754708182194686078e-02
1.922542454726159988e+01 3.593398738331310405e-02
1.947607703355479103e+01 3.477152262733055471e-02
1.972678839839982601e+01 3.322036285686924550e-02
1.997802698857814363e+01 3.247539799964360707e-02
2.022863620534168660e+01 3.142254532008388612e-02
2.047969598507238231e+01 3.065488396151641592e-02
2.073250439107362553e+01 2.920280178212589575e-02
2.098435855211640089e+01 2.847897824553201687e-02
2.123502923393334640e+01 2.741871946903466986e-02
2.148629411178690773e+01 2.680737165672551769e-02
2.173831825513516591e+01 2.591435621654073970e-02
2.198972260956887226e+01 2.514945052273720449e-02
2.223974971000711420e+01 2.443652804949182286e-02
2.249141870643862973e+01 2.340317066754489181e-02
2.274404614890906373e+01 2.294806402223600536e-02
2.299521835768831579e+01 2.237255169486183914e-02
2.324620084136223852e+01 2.151286208926825316e-02
2.349757798664387209e+01 2.100525402792027124e-02
2.374870488118759937e+01 2.036496210953578703e-02
2.399988781917473091e+01 1.988038828544879538e-02
2.425071646049711305e+01 1.919811448101746074e-02
2.450187830577813841e+01 1.882780950827124891e-02
2.475391093216606109e+01 1.831272718940027064e-02
2.500524226975159792e+01 1.783479393119224640e-02
2.525610980153284402e+01 1.731852769450465193e-02
2.550801425092822328e+01 1.693344273837504160e-02
2.575943113325822864e+01 1.636505783676012876e-02
2.601074166866445125e+01 1.586163422646591839e-02
2.626234447079615464e+01 1.560260906013783214e-02
2.651347712943701751e+01 1.513777672309405548e-02
2.676474177984877656e+01 1.476720023796642897e-02
2.701628079430242479e+01 1.442692295882696575e-02
2.726734205837282232e+01 1.406443490924585461e-02
2.751837013544679422e+01 1.366288269932324460e-02
2.776937726815812724e+01 1.339116228163238220e-02
2.802070160973895341e+01 1.299480951500739390e-02
2.827249982643487058e+01 1.265864813636301441e-02
2.852407603869968966e+01 1.239641826555386989e-02
2.877567300468570721e+01 1.216645939412601754e-02
2.902733523039245256e+01 1.188036852147207265e-02
2.927861073083739996e+01 1.156921594707696274e-02
2.953003196193969160e+01 1.135442724170344399e-02
2.978106336846375157e+01 1.105807814576410288e-02
3.003148440777084716e+01 1.089033747188007314e-02
3.028303386126418673e+01 1.061602126848271155e-02
3.053456493440382857e+01 1.045218807476596713e-02
3.078585183944906944e+01 1.013451881828461229e-02
3.103757946070165730e+01 9.888212400052829795e-03
3.128931656795834826e+01 9.700120123913691383e-03
3.154125974608096428e+01 9.516090538452546058e-03
3.179158626791808828e+01 9.317417631801241246e-03
3.204196438636942190e+01 9.080912388389169795e-03
3.229344668057169798e+01 8.913694866834721842e-03
3.254489998018084407e+01 8.714215502627258372e-03
3.279660140319880668e+01 8.547197318727082355e-03
3.304772754686901237e+01 8.411111967438641979e-03
3.329949953441923327e+01 8.193108038613635888e-03
3.355173249539067371e+01 8.033239974059053212e-03
3.380235474142784824e+01 7.854177115940752171e-03
3.405292218889088218e+01 7.713964656417863011e-03
3.430455901572810262e+01 7.570270050219936320e-03
3.455605119154291316e+01 7.438641835906804022e-03
3.480708698418615654e+01 7.281951577342982498e-03
3.505823042281740243e+01 7.136498368926556639e-03
3.530983122122644602e+01 7.003068394552200253e-03
3.556111974160763367e+01 6.850148002398531374e-03
3.581195885960364933e+01 6.750296560533886915e-03
3.606348577968052638e+01 6.624983766694524795e-03
3.631495136683125935e+01 6.466972358733034248e-03
3.656646781331610185e+01 6.348280272299256476e-03
3.681800948534306173e+01 6.249925382836823799e-03
3.706942350460822411e+01 6.125939256808496727e-03
3.732119977997001570e+01 6.017489033766148729e-03
3.757249197135423202e+01 5.934790111724922400e-03
3.782324055213251057e+01 5.827079040618269798e-03
3.807430609684078604e+01 5.672029320381702377e-03
3.832526519371521090e+01 5.595863849065049571e-03
3.857704530181875668e+01 5.481768440565821382e-03
3.882896255048217427e+01 5.402028746594554100e-03
3.907976684424035341e+01 5.311253720710822773e-03
3.933085588900704010e+01 5.172966065608582999e-03
3.958184533965361140e+01 5.122596015140009132e-03
3.983320492881626507e+01 5.059839021813034021e-03
4.008506787586624398e+01 4.940850653068674762e-03
4.033569471078550350e+01 4.860031453389561905e-03
4.058701345074587863e+01 4.816563158265955297e-03
4.083916815834436420e+01 4.692978870293126187e-03
4.108978611092747713e+01 4.667550419266711104e-03
4.134119394692694271e+01 4.541507530353696906e-03
4.159372926482761557e+01 4.472536672863896591e-03
4.184480996230068683e+01 4.412212085139042943e-03
4.209495048714620680e+01 4.306837533544561822e-03
4.234568601474854432e+01 4.242196626464285122e-03
4.259794184898333214e+01 4.186453396399988057e-03
4.284922176444433717e+01 4.162933268283737845e-03
4.309982534096671003e+01 4.061440235127596575e-03
4.335153475414617930e+01 4.015843883316952412e-03
4.360374984514007224e+01 3.947147790003565845e-03
4.385432838732079830e+01 3.876231551187119765e-03
4.410529766549178277e+01 3.825825293996379904e-03
4.435675536456894008e+01 3.769031653956205537e-03
4.460756668584335927e+01 3.723172811358933451e-03
4.485812369927145937e+01 3.642137856894870317e-03
4.510933196139897206e+01 3.597814201963677513e-03
4.536097672816924131e+01 3.539526317349346324e-03
4.561261869099184452e+01 3.501779291503989786e-03
4.586346064304911607e+01 3.437786350015543425e-03
4.611435299895526185e+01 3.394653046752094030e-03
4.636610302009028572e+01 3.347570246902621411e-03
4.661726081402038346e+01 3.263676295228681856e-03
4.686748045926628237e+01 3.203963018946252329e-03
4.712001000143001761e+01 3.172609740955398879e-03
4.737334269293729960e+01 3.162049705724361004e-03
4.762357272554871912e+01 3.077470071930141216e-03
4.787295862859781437e+01 3.041141872333668651e-03
4.812686710231834297e+01 3.011595639134941309e-03
4.837988354528783930e+01 2.981690579550231538e-03
4.862698975964909209e+01 2.948509907538197569e-03
4.887931961662670233e+01 2.868255950941542634e-03
4.913512531690142282e+01 2.833713872790866346e-03
4.938486646957150583e+01 2.809997058372763930e-03
4.963073103205424985e+01 2.791336703208714947e-03
4.988316058859187763e+01 2.736420552815483319e-03
5.013927392651110893e+01 2.702387602699785583e-03
5.038898445289544270e+01 2.673325589694268943e-03
5.063791314200675941e+01 2.582053122437572620e-03
5.089234515763529032e+01 2.581673512807224243e-03
5.114529266359630810e+01 2.468331891694081244e-03
5.138952878242714206e+01 2.494832798747029668e-03
5.163945178601188246e+01 2.493410407939936329e-03
5.190206698624180603e+01 2.391251838214400287e-03
5.215590084722179398e+01 2.428149505476340144e-03
5.238680673191466042e+01 2.399675945475072351e-03
5.263532591009818873e+01 2.413850226062401808e-03
5.290823119436031874e+01 2.158210084160045068e-03
5.316882575050344428e+01 2.319155692480770470e-03
5.338513341050097694e+01 2.344208744232292516e-03
5.363212510227822349e+01 2.288278217478191198e-03
5.391615723351310407e+01 2.241883843869902845e-03
5.419187693011466678e+01 2.078544839999793559e-03
5.439722241285236493e+01 2.229154844357001970e-03
5.462806064877949552e+01 2.127977339802572011e-03
5.491241494336609463e+01 2.078635262977830602e-03
5.519421446932921782e+01 1.893581495539830174e-03
5.543046826972861396e+01 1.578739267252951333e-03
5.561137265256709128e+01 1.964346066179194997e-03
