3.559856489878782115e-01 6.575123890639615638e+02
6.031648866026231293e-01 1.539286606716631809e+02
8.579160745827347778e-01 8.129931879244054471e+01
1.113464310595710716e+00 4.893381139665681445e+01
1.374039914321364408e+00 3.005053873478732385e+01
1.619154704570298309e+00 2.067534002942919358e+01
1.870686673430271840e+00 1.467915343894068592e+01
2.123290040706380832e+00 1.043218832424484255e+01
2.378144976376236119e+00 7.877778412761495375e+00
2.630489925835516996e+00 6.649979395359864931e+00
2.878653162679494670e+00 4.977167694052434754e+00
3.131144366275339319e+00 4.087820498467736208e+00
3.388159578333816313e+00 3.199406785117140828e+00
3.638741848210948149e+00 2.734440269393801248e+00
3.888315910732085268e+00 2.367356423394709086e+00
4.139052155837465996e+00 1.999302684233621008e+00
4.390305777018236988e+00 1.707311094914161664e+00
4.642172339120373081e+00 1.510324186079520903e+00
4.894678666149941293e+00 1.254342194694495927e+00
5.147269052361176378e+00 1.116949441631353235e+00
5.398003206656323272e+00 1.018490886522031680e+00
5.647798235368590269e+00 8.786818575923859287e-01
5.900534302989873581e+00 8.037530273046236129e-01
6.151460297009074374e+00 7.219243303793706490e-01
6.402630176204441526e+00 6.511015967811564220e-01
6.655964674748322096e+00 5.765753197465630642e-01
6.908782583105771202e+00 5.162482254744978905e-01
7.159060853508338873e+00 4.835005405545411139e-01
7.409414762591408632e+00 4.513764025833987836e-01
7.659227149364629561e+00 4.129455568723816028e-01
7.911559474606142395e+00 3.703767554689657571e-01
8.163750941790897997e+00 3.469977038498017197e-01
8.415757210439384295e+00 3.212353133567873997e-01
8.667638839289207198e+00 2.904284603420712596e-01
8.918801124864609520e+00 2.811310471466630379e-01
9.170480108345369530e+00 2.546566739235104904e-01
9.420566033467249412e+00 2.376274224607217433e-01
9.671642335271435797e+00 2.221635752223646287e-01
9.923426157758477473e+00 2.064948223374000469e-01
1.017396902749181820e+01 1.950737279371238808e-01
1.042533700753922155e+01 1.846521900774854008e-01
1.067702948358784276e+01 1.693841813452346412e-01
1.092969337256462303e+01 1.626884525015690197e-01
1.118211872033766419e+01 1.530705944446626443e-01
1.143346516925797296e+01 1.430530075077785512e-01
1.168350508557724687e+01 1.360211586629361258e-01
1.193379937775929100e+01 1.271054206547027055e-01
1.218553055762879112e+01 1.202718892491299874e-01
1.243711650801278878e+01 1.141343158750209863e-01
1.268867268647359303e+01 1.075111343551803517e-01
1.294075027177769144e+01 1.027807579682256944e-01
1.319267287020158363e+01 9.687265748208900851e-02
1.344470571782862756e+01 9.273994939911683888e-02
1.369480150283709641e+01 8.784145421027067524e-02
1.394591277066507828e+01 8.481409602205217113e-02
1.419764645764527167e+01 8.026048117392839409e-02
1.444766774168416212e+01 7.724451213880116629e-02
1.469906835825429070e+01 7.315676191024654551e-02
1.495059118111036511e+01 6.957636442468703719e-02
1.520261612590052991e+01 6.715508307979739522e-02
1.545415944503929495e+01 6.366583796823349628e-02
1.570456072545780124e+01 6.152623195547559515e-02
1.595705800128773966e+01 5.934704884749310988e-02
1.620829297830731619e+01 5.652855988346323912e-02
1.645966591028190962e+01 5.455958755289813666e-02
1.671125708846596325e+01 5.186713687114816868e-02
1.696160259490052624e+01 5.042615190221989147e-02
1.721370276108077135e+01 4.843951346541604946e-02
1.746543424102250341e+01 4.646147855644622293e-02
1.771598473288305442e+01 4.501759339692067152e-02
1.796653767411944003e+01 4.347088294597595270e-02
1.821765658501893270e+01 4.148584055527940878e-02
1.847053788120423334e+01 3.990549999124447939e-02
1.872257696809484173e+01 3.886829522870332426e-02
1.897394097105746269e+01 3.731438318804045778e-02
1.922542454726159988e+01 3.625414767854408943e-02
1.947607703355479103e+01 3.484562181464343628e-02
1.972678839839982601e+01 3.320209221577118119e-02
1.997802698857814363e+01 3.257575768294039553e-02
2.022863620534168660e+01 3.147617389650112646e-02
2.047969598507238231e+01 3.039072451333988539e-02
2.073250439107362553e+01 2.940178570178306194e-02
2.098435855211640089e+01 2.830139759210525269e-02
2.123502923393334640e+01 2.748211768150944298e-02
2.148629411178690773e+01 2.663525844147320021e-02
2.173831825513516591e+01 2.566785582725428921e-02
2.198972260956887226e+01 2.496864161930859721e-02
2.223974971000711420e+01 2.424452663495058058e-02
2.249141870643862973e+01 2.361950463936518529e-02
2.274404614890906373e+01 2.290362165615106652e-02
2.299521835768831579e+01 2.223064107335387743e-02
2.324620084136223852e+01 2.147389934065448147e-02
2.349757798664387209e+01 2.099553928749128481e-02
2.374870488118759937e+01 2.037411972100284033e-02
2.399988781917473091e+01 1.990799012694231124e-02
2.425071646049711305e+01 1.937144414312973184e-02
2.450187830577813841e+01 1.875455051196834450e-02
2.475391093216606109e+01 1.825687709168180226e-02
2.500524226975159792e+01 1.778174465982099856e-02
2.525610980153284402e+01 1.718197040748566454e-02
2.550801425092822328e+01 1.685343954357361798e-02
2.575943113325822864e+01 1.635476280185244047e-02
2.601074166866445125e+01 1.600789031467901580e-02
2.626234447079615464e+01 1.546229514992624593e-02
2.651347712943701751e+01 1.519196281377106078e-02
2.676474177984877656e+01 1.481337182294282032e-02
2.701628079430242479e+01 1.443738965729489399e-02
2.726734205837282232e+01 1.408569213269755815e-02
2.751837013544679422e+01 1.368547264413575749e-02
2.776937726815812724e+01 1.340303687036221991e-02
2.802070160973895341e+01 1.302487242908194516e-02
2.827249982643487058e+01 1.274065864562941991e-02
2.852407603869968966e+01 1.237172997976606487e-02
2.877567300468570721e+01 1.219693911746850580e-02
2.902733523039245256e+01 1.190383158920938975e-02
2.927861073083739996e+01 1.162317889461962107e-02
2.953003196193969160e+01 1.132742781046350289e-02
2.978106336846375157e+01 1.105994798593342224e-02
3.003148440777084716e+01 1.074600881432535675e-02
3.028303386126418673e+01 1.060933446058458934e-02
3.053456493440382857e+01 1.037650573174486376e-02
3.078585183944906944e+01 1.013055255088674174e-02
3.103757946070165730e+01 9.921294807529536935e-03
3.128931656795834826e+01 9.727154326693623551e-03
3.154125974608096428e+01 9.514176304114283292e-03
3.179158626791808828e+01 9.264133426815746725e-03
3.204196438636942190e+01 9.066492355252805252e-03
3.229344668057169798e+01 8.882600637277589251e-03
3.254489998018084407e+01 8.704948275449285455e-03
3.279660140319880668e+01 8.567225875881984490e-03
3.304772754686901237e+01 8.347271396076197739e-03
3.329949953441923327e+01 8.150301717547228653e-03
3.355173249539067371e+01 8.050587454558869385e-03
3.380235474142784824e+01 7.847423068223339376e-03
3.405292218889088218e+01 7.747872253170286216e-03
3.430455901572810262e+01 7.588320279133991056e-03
3.455605119154291316e+01 7.424993870793865358e-03
3.480708698418615654e+01 7.282342508708468387e-03
3.505823042281740243e+01 7.108705311294091951e-03
3.530983122122644602e+01 7.015856113852880251e-03
3.556111974160763367e+01 6.863972639597200158e-03
3.581195885960364933e+01 6.723718249068259128e-03
3.606348577968052638e+01 6.628160608309617216e-03
3.631495136683125935e+01 6.499301369209133615e-03
3.656646781331610185e+01 6.365381703321787779e-03
3.681800948534306173e+01 6.277260132019546988e-03
3.706942350460822411e+01 6.114020675555055864e-03
3.732119977997001570e+01 6.015564849127538402e-03
3.757249197135423202e+01 5.911625399249277948e-03
3.782324055213251057e+01 5.813062578938218462e-03
3.807430609684078604e+01 5.694863913372563008e-03
3.832526519371521090e+01 5.613080536047537414e-03
3.857704530181875668e+01 5.516051855450853497e-03
3.882896255048217427e+01 5.373761246714597872e-03
3.907976684424035341e+01 5.313423321936466479e-03
3.933085588900704010e+01 5.206137729841792475e-03
3.958184533965361140e+01 5.135775918323245981e-03
3.983320492881626507e+01 5.037263958635639777e-03
4.008506787586624398e+01 4.956906616263603155e-03
4.033569471078550350e+01 4.885069169085435453e-03
4.058701345074587863e+01 4.782871438727005417e-03
4.083916815834436420e+01 4.702506225840708508e-03
4.108978611092747713e+01 4.656553785423039014e-03
4.134119394692694271e+01 4.559072155322015617e-03
4.159372926482761557e+01 4.463273461262429534e-03
4.184480996230068683e+01 4.435340456883909467e-03
4.209495048714620680e+01 4.371032028476962497e-03
4.234568601474854432e+01 4.262815056730677107e-03
4.259794184898333214e+01 4.179155859381633066e-03
4.284922176444433717e+01 4.140870116495532459e-03
4.309982534096671003e+01 4.090453878500118108e-03
4.335153475414617930e+01 4.005281923529935111e-03
4.360374984514007224e+01 3.918141284443027277e-03
4.385432838732079830e+01 3.865596495488222723e-03
4.410529766549178277e+01 3.837863534476922307e-03
4.435675536456894008e+01 3.762692175490784004e-03
4.460756668584335927e+01 3.710872336709316287e-03
4.485812369927145937e+01 3.636557043203219545e-03
4.510933196139897206e+01 3.581867283236445446e-03
4.536097672816924131e+01 3.538795381128135957e-03
4.561261869099184452e+01 3.471588485002853261e-03
4.586346064304911607e+01 3.455142115328271694e-03
4.611435299895526185e+01 3.390920091063738973e-03
4.636610302009028572e+01 3.308172413442961573e-03
4.661726081402038346e+01 3.266783132457921467e-03
4.686748045926628237e+01 3.242456244718020918e-03
4.712001000143001761e+01 3.237792018776800614e-03
4.737334269293729960e+01 3.125183828369445648e-03
4.762357272554871912e+01 3.101731439216447866e-03
4.787295862859781437e+01 3.077655546066129701e-03
4.812686710231834297e+01 3.007457714990602587e-03
4.837988354528783930e+01 2.975664055803588139e-03
4.862698975964909209e+01 2.914272932507927950e-03
4.887931961662670233e+01 2.887231517227502233e-03
4.913512531690142282e+01 2.876576754321819897e-03
4.938486646957150583e+01 2.831881785484805739e-03
4.963073103205424985e+01 2.693670217859761486e-03
4.988316058859187763e+01 2.703434710925711314e-03
5.013927392651110893e+01 2.735368768508493562e-03
5.038898445289544270e+01 2.593566980504277437e-03
5.063791314200675941e+01 2.562733429952568105e-03
5.089234515763529032e+01 2.633245180365205180e-03
5.114529266359630810e+01 2.559907525391013836e-03
5.138952878242714206e+01 2.478857652091783024e-03
5.163945178601188246e+01 2.452026768513432091e-03
5.190206698624180603e+01 2.491343020290867540e-03
5.215590084722179398e+01 2.332427811629184198e-03
5.238680673191466042e+01 2.371756144550858300e-03
5.263532591009818873e+01 2.386467556209690474e-03
5.290823119436031874e+01 2.340995718131293809e-03
5.316882575050344428e+01 2.298240213335744474e-03
5.338513341050097694e+01 2.247807649311986660e-03
5.363212510227822349e+01 2.240610488841149935e-03
5.391615723351310407e+01 2.313196752644919047e-03
5.419187693011466678e+01 2.167770826037436656e-03
5.439722241285236493e+01 2.286303120140741486e-03
5.462806064877949552e+01 2.106301773670180531e-03
5.491241494336609463e+01 1.968682616862176167e-03
5.519421446932921782e+01 1.778282117128718353e-03
5.543046826972861396e+01 1.182632527082693764e-03
5.561137265256709128e+01 1.349532822215163434e-03
