3.559856489878782115e-01 5.018696291608402476e+02
6.031648866026231293e-01 2.052272674399287951e+02
8.579160745827347778e-01 9.131254796372736848e+01
1.113464310595710716e+00 4.791131654396733808e+01
1.374039914321364408e+00 2.773336885965385790e+01
1.619154704570298309e+00 1.930764097374237309e+01
1.870686673430271840e+00 1.519589603782041642e+01
2.123290040706380832e+00 1.033183003370259634e+01
2.378144976376236119e+00 8.145851824955988363e+00
2.630489925835516996e+00 5.952592956099903354e+00
2.878653162679494670e+00 4.882189415739447647e+00
3.131144366275339319e+00 4.249501585877935028e+00
3.388159578333816313e+00 3.257834950054129042e+00
3.638741848210948149e+00 2.648285864409484436e+00
3.888315910732085268e+00 2.407112099627355395e+00
4.139052155837465996e+00 1.962855950911886360e+00
4.390305777018236988e+00 1.704419977463265790e+00
4.642172339120373081e+00 1.469230757235799656e+00
4.894678666149941293e+00 1.322876593755525132e+00
5.147269052361176378e+00 1.180789647953327970e+00
5.398003206656323272e+00 9.846812802758161398e-01
5.647798235368590269e+00 8.982580096030098327e-01
5.900534302989873581e+00 7.955433022868696469e-01
6.151460297009074374e+00 7.071993974139735295e-01
6.402630176204441526e+00 6.226748982809988675e-01
6.655964674748322096e+00 5.842076983220900743e-01
6.908782583105771202e+00 5.348191210166510778e-01
7.159060853508338873e+00 4.877392583378338253e-01
7.409414762591408632e+00 4.500519554603822914e-01
7.659227149364629561e+00 4.095838771230050357e-01
7.911559474606142395e+00 3.731352149875655222e-01
8.163750941790897997e+00 3.385677249485296025e-01
8.415757210439384295e+00 3.180475159627925708e-01
8.667638839289207198e+00 2.902426871948401432e-01
8.918801124864609520e+00 2.797268357089361390e-01
9.170480108345369530e+00 2.553583690498765768e-01
9.420566033467249412e+00 2.318018088039330571e-01
9.671642335271435797e+00 2.234652621268491679e-01
9.923426157758477473e+00 2.058498567652796707e-01
1.017396902749181820e+01 1.948538366361661778e-01
1.042533700753922155e+01 1.806451773650832315e-01
1.067702948358784276e+01 1.725589277782285103e-01
1.092969337256462303e+01 1.618572086708897628e-01
1.118211872033766419e+01 1.514439466966859549e-01
1.143346516925797296e+01 1.429634882243328575e-01
1.168350508557724687e+01 1.339957842454252979e-01
1.193379937775929100e+01 1.299241151530569627e-01
1.218553055762879112e+01 1.192064680162549101e-01
1.243711650801278878e+01 1.153028305231888900e-01
1.268867268647359303e+01 1.087221583704641586e-01
1.294075027177769144e+01 1.033973791228281619e-01
1.319267287020158363e+01 9.760508992337894874e-02
1.344470571782862756e+01 9.312704126858635523e-02
1.369480150283709641e+01 8.860964764536155558e-02
1.394591277066507828e+01 8.445497404605982472e-02
1.419764645764527167e+01 8.060819055791765275e-02
1.444766774168416212e+01 7.496283470600050014e-02
1.469906835825429070e+01 7.335671260038977015e-02
1.495059118111036511e+01 6.977848507040190773e-02
1.520261612590052991e+01 6.648859922926456112e-02
1.545415944503929495e+01 6.436828081352566344e-02
1.570456072545780124e+01 6.167725849648935527e-02
1.595705800128773966e+01 5.926714223337560539e-02
1.620829297830731619e+01 5.616684062626044888e-02
1.645966591028190962e+01 5.435104163896771479e-02
1.671125708846596325e+01 5.231531444840774314e-02
1.696160259490052624e+01 4.994439400928009365e-02
1.721370276108077135e+01 4.833455881842478596e-02
1.746543424102250341e+01 4.654437408012812583e-02
1.771598473288305442e+01 4.473569573759863388e-02
1.796653767411944003e+01 4.295525557984936071e-02
1.821765658501893270e+01 4.111625554056094756e-02
1.847053788120423334e+01 4.016709170820769587e-02
1.872257696809484173e+01 3.824669544663381743e-02
1.897394097105746269e+01 3.715803651969960125e-02
1.922542454726159988e+01 3.603932168786336959e-02
1.947607703355479103e+01 3.507200942266084503e-02
1.972678839839982601e+01 3.350455423609614847e-02
1.997802698857814363e+01 3.238531359860858522e-02
2.022863620534168660e+01 3.130574976792586950e-02
2.047969598507238231e+01 3.047865987535039456e-02
2.073250439107362553e+01 2.948306735465241676e-02
2.098435855211640089e+01 2.858998804781971367e-02
2.123502923393334640e+01 2.762168880469478144e-02
2.148629411178690773e+01 2.682597849971116860e-02
2.173831825513516591e+01 2.589528989505933063e-02
2.198972260956887226e+01 2.500318678485167340e-02
2.223974971000711420e+01 2.453783662255565670e-02
2.249141870643862973e+01 2.355355054551213842e-02
2.274404614890906373e+01 2.285668931823954531e-02
2.299521835768831579e+01 2.244504792742882740e-02
2.324620084136223852e+01 2.154643807335943420e-02
2.349757798664387209e+01 2.093337082562199761e-02
2.374870488118759937e+01 2.037819151162506906e-02
2.399988781917473091e+01 1.998681099265190581e-02
2.425071646049711305e+01 1.934361755877088765e-02
2.450187830577813841e+01 1.881716296268300462e-02
2.475391093216606109e+01 1.839491417805967990e-02
2.500524226975159792e+01 1.774486001402348495e-02
2.525610980153284402e+01 1.730023037125513752e-02
2.550801425092822328e+01 1.681336308536652765e-02
2.575943113325822864e+01 1.647176971033063875e-02
2.601074166866445125e+01 1.590094496370537264e-02
2.626234447079615464e+01 1.552807070371822577e-02
2.651347712943701751e+01 1.510778207857603646e-02
2.676474177984877656e+01 1.469014614058001059e-02
2.701628079430242479e+01 1.429551798132284134e-02
2.726734205837282232e+01 1.410103296500498163e-02
2.751837013544679422e+01 1.367719576135715924e-02
2.776937726815812724e+01 1.340290743226332099e-02
2.802070160973895341e+01 1.314247357548388277e-02
2.827249982643487058e+01 1.272260435604689356e-02
2.852407603869968966e+01 1.247284965959756346e-02
2.877567300468570721e+01 1.215422663735746256e-02
2.902733523039245256e+01 1.189008598550593716e-02
2.927861073083739996e+01 1.165801117166361846e-02
2.953003196193969160e+01 1.137552395817685406e-02
2.978106336846375157e+01 1.106026659298264131e-02
3.003148440777084716e+01 1.084861319817970182e-02
3.028303386126418673e+01 1.056752375994282102e-02
3.053456493440382857e+01 1.033306277980972077e-02
3.078585183944906944e+01 1.009105893321389849e-02
3.103757946070165730e+01 9.819848297686829125e-03
3.128931656795834826e+01 9.710976932197721428e-03
3.154125974608096428e+01 9.479809233332673127e-03
3.179158626791808828e+01 9.280520005974615336e-03
3.204196438636942190e+01 9.063596993582199307e-03
3.229344668057169798e+01 8.859635297540557550e-03
3.254489998018084407e+01 8.727218267637844307e-03
3.279660140319880668e+01 8.538826261269831519e-03
3.304772754686901237e+01 8.424946838787195080e-03
3.329949953441923327e+01 8.205269041782510889e-03
3.355173249539067371e+01 8.037343421977581961e-03
3.380235474142784824e+01 7.881875705953231628e-03
3.405292218889088218e+01 7.727618988950814803e-03
3.430455901572810262e+01 7.567716806372618357e-03
3.455605119154291316e+01 7.411267917729884303e-03
3.480708698418615654e+01 7.302423560261196538e-03
3.505823042281740243e+01 7.132625422536516269e-03
3.530983122122644602e+01 6.989284052938857413e-03
3.556111974160763367e+01 6.843531322107405772e-03
3.581195885960364933e+01 6.711480516153403575e-03
3.606348577968052638e+01 6.616256122302096448e-03
3.631495136683125935e+01 6.481332546688960833e-03
3.656646781331610185e+01 6.369795526380411625e-03
3.681800948534306173e+01 6.216805179525346572e-03
3.706942350460822411e+01 6.133890198421221643e-03
3.732119977997001570e+01 6.022160301566332162e-03
3.757249197135423202e+01 5.905515056842372892e-03
3.782324055213251057e+01 5.823390540937372489e-03
3.807430609684078604e+01 5.689038432237547398e-03
3.832526519371521090e+01 5.620656334695724177e-03
3.857704530181875668e+01 5.525359882077736894e-03
3.882896255048217427e+01 5.417360873856421656e-03
3.907976684424035341e+01 5.319827620665116587e-03
3.933085588900704010e+01 5.184825938236613078e-03
3.958184533965361140e+01 5.087449543540011575e-03
3.983320492881626507e+01 5.042266129275056047e-03
4.008506787586624398e+01 4.942045447837803245e-03
4.033569471078550350e+01 4.861948035293621809e-03
4.058701345074587863e+01 4.782409349008025223e-03
4.083916815834436420e+01 4.737912304908737521e-03
4.108978611092747713e+01 4.599626802504482026e-03
4.134119394692694271e+01 4.574493221342442427e-03
4.159372926482761557e+01 4.479150595852450165e-03
4.184480996230068683e+01 4.415418913982944830e-03
4.209495048714620680e+01 4.347959014456181243e-03
4.234568601474854432e+01 4.274345527153067432e-03
4.259794184898333214e+01 4.192181575978836360e-03
4.284922176444433717e+01 4.115489056758179706e-03
4.309982534096671003e+01 4.073705913015633097e-03
4.335153475414617930e+01 3.986103175533426725e-03
4.360374984514007224e+01 3.925331910958295561e-03
4.385432838732079830e+01 3.888396647921187315e-03
4.410529766549178277e+01 3.819647193949180734e-03
4.435675536456894008e+01 3.758222728518366158e-03
4.460756668584335927e+01 3.674559727900861966e-03
4.485812369927145937e+01 3.692222613333055129e-03
4.510933196139897206e+01 3.587460894748530256e-03
4.536097672816924131e+01 3.536072264284196437e-03
4.561261869099184452e+01 3.481663592684843336e-03
4.586346064304911607e+01 3.465214624202835568e-03
4.611435299895526185e+01 3.386164584301242907e-03
4.636610302009028572e+01 3.302200229411726955e-03
4.661726081402038346e+01 3.254633581566658378e-03
4.686748045926628237e+01 3.202626686210246262e-03
4.712001000143001761e+01 3.208334780284687309e-03
4.737334269293729960e+01 3.107160238515890502e-03
4.762357272554871912e+01 3.094935596135772304e-03
4.787295862859781437e+01 3.017648075651770817e-03
4.812686710231834297e+01 3.065230331886342145e-03
4.837988354528783930e+01 2.944371326488475459e-03
4.862698975964909209e+01 2.938067232492761523e-03
4.887931961662670233e+01 2.849866753892731606e-03
4.913512531690142282e+01 2.817964792358654443e-03
4.938486646957150583e+01 2.811570579230780742e-03
4.963073103205424985e+01 2.762026567703443607e-03
4.988316058859187763e+01 2.734567588623656575e-03
5.013927392651110893e+01 2.734716153486416602e-03
5.038898445289544270e+01 2.661869337269573681e-03
5.063791314200675941e+01 2.553135311784934022e-03
5.089234515763529032e+01 2.545494846614359055e-03
5.114529266359630810e+01 2.494293185447614587e-03
5.138952878242714206e+01 2.505216654420368370e-03
5.163945178601188246e+01 2.482157977768715412e-03
5.190206698624180603e+01 2.500377602102247642e-03
5.215590084722179398e+01 2.461141422413997467e-03
5.238680673191466042e+01 2.442942380682780901e-03
5.263532591009818873e+01 2.411059093794540829e-03
5.290823119436031874e+01 2.301134743252968105e-03
5.316882575050344428e+01 2.186126966257823795e-03
5.338513341050097694e+01 2.302332246755807877e-03
5.363212510227822349e+01 2.460631317869394017e-03
5.391615723351310407e+01 2.198359687837199514e-03
5.419187693011466678e+01 2.257010263904711284e-03
5.439722241285236493e+01 1.912787793688790683e-03
5.462806064877949552e+01 2.200162246321085355e-03
5.491241494336609463e+01 2.128530557737432632e-03
5.519421446932921782e+01 1.972641700123842386e-03
5.543046826972861396e+01 2.276046290846525568e-03
5.561137265256709128e+01 9.936148550998493041e-04
