3.559856489878782115e-01 3.706318359502359385e+02
6.031648866026231293e-01 2.081391253962532630e+02
8.579160745827347778e-01 1.033185044007335449e+02
1.113464310595710716e+00 4.307100420583854117e+01
1.374039914321364408e+00 2.954334443086514383e+01
1.619154704570298309e+00 1.972285183074994563e+01
1.870686673430271840e+00 1.351376939288660139e+01
2.123290040706380832e+00 1.039939804060989559e+01
2.378144976376236119e+00 7.620641602592326258e+00
2.630489925835516996e+00 6.300975874079150607e+00
2.878653162679494670e+00 4.869518773410857371e+00
3.131144366275339319e+00 3.937295691224619532e+00
3.388159578333816313e+00 3.097283492043751085e+00
3.638741848210948149e+00 2.710356614926909824e+00
3.888315910732085268e+00 2.323981702069870092e+00
4.139052155837465996e+00 1.991285877711828078e+00
4.390305777018236988e+00 1.671250976374125452e+00
4.642172339120373081e+00 1.419303724169304060e+00
4.894678666149941293e+00 1.302750567863939279e+00
5.147269052361176378e+00 1.197138791717126560e+00
5.398003206656323272e+00 1.026095581614733021e+00
5.647798235368590269e+00 9.145262977403972871e-01
5.900534302989873581e+00 7.914123392674567992e-01
6.151460297009074374e+00 7.135471602630881760e-01
6.402630176204441526e+00 6.341051687461439768e-01
6.655964674748322096e+00 5.981770777534080041e-01
6.908782583105771202e+00 5.390541920764494455e-01
7.159060853508338873e+00 4.765383394356837998e-01
7.409414762591408632e+00 4.406092375492605129e-01
7.659227149364629561e+00 4.155657248756323141e-01
7.911559474606142395e+00 3.695246361757121289e-01
8.163750941790897997e+00 3.403688942581762911e-01
8.415757210439384295e+00 3.229190919349674838e-01
8.667638839289207198e+00 2.957943776077066600e-01
8.918801124864609520e+00 2.725547834426672589e-01
9.170480108345369530e+00 2.571099516442951205e-01
9.420566033467249412e+00 2.366502124288591136e-01
9.671642335271435797e+00 2.214332972481267148e-01
9.923426157758477473e+00 2.045583583263933247e-01
1.017396902749181820e+01 1.941790286845204716e-01
1.042533700753922155e+01 1.830903892224935714e-01
1.067702948358784276e+01 1.731960704329764955e-01
1.092969337256462303e+01 1.605888010576820568e-01
1.118211872033766419e+01 1.508706936127300613e-01
1.143346516925797296e+01 1.429751780503589198e-01
1.168350508557724687e+01 1.329797247211437772e-01
1.193379937775929100e+01 1.271678230181574887e-01
1.218553055762879112e+01 1.202000378691437110e-01
1.243711650801278878e+01 1.128803256182456249e-01
1.268867268647359303e+01 1.099480728076058511e-01
1.294075027177769144e+01 1.031856787893395550e-01
1.319267287020158363e+01 9.801890526851170238e-02
1.344470571782862756e+01 9.187237251768977375e-02
1.369480150283709641e+01 8.824629008795724372e-02
1.394591277066507828e+01 8.348549076015010506e-02
1.419764645764527167e+01 8.046180807573881377e-02
1.444766774168416212e+01 7.694152118830802078e-02
1.469906835825429070e+01 7.346484345945819561e-02
1.495059118111036511e+01 6.944585042708859013e-02
1.520261612590052991e+01 6.742719292272268683e-02
1.545415944503929495e+01 6.453786009445616756e-02
1.570456072545780124e+01 6.160440900198671521e-02
1.595705800128773966e+01 5.928464048220873084e-02
1.620829297830731619e+01 5.676998633265165073e-02
1.645966591028190962e+01 5.468041574829644175e-02
1.671125708846596325e+01 5.219399951167971036e-02
1.696160259490052624e+01 5.026883923134228133e-02
1.721370276108077135e+01 4.798774858800232412e-02
1.746543424102250341e+01 4.587858493717913988e-02
1.771598473288305442e+01 4.462627259813905373e-02
1.796653767411944003e+01 4.294732457161692246e-02
1.821765658501893270e+01 4.182996776846581444e-02
1.847053788120423334e+01 4.011669236067483268e-02
1.872257696809484173e+01 3.841470026581925851e-02
1.897394097105746269e+01 3.715300086755964765e-02
1.922542454726159988e+01 3.587384685422052855e-02
1.947607703355479103e+01 3.451368488473029184e-02
1.972678839839982601e+01 3.344083625189096798e-02
1.997802698857814363e+01 3.250086582528297768e-02
2.022863620534168660e+01 3.126207300673530809e-02
2.047969598507238231e+01 3.037519788890738481e-02
2.073250439107362553e+01 2.918959468563625537e-02
2.098435855211640089e+01 2.854129276211067254e-02
2.123502923393334640e+01 2.746212858015214392e-02
2.148629411178690773e+01 2.667251699646367574e-02
2.173831825513516591e+01 2.603551015867360680e-02
2.198972260956887226e+01 2.493486344819176651e-02
2.223974971000711420e+01 2.429513733335236444e-02
2.249141870643862973e+01 2.361481754285564907e-02
2.274404614890906373e+01 2.288671660937032643e-02
2.299521835768831579e+01 2.211451574907000867e-02
2.324620084136223852e+01 2.155067720091691577e-02
2.349757798664387209e+01 2.103578443874116674e-02
2.374870488118759937e+01 2.042333391986269481e-02
2.399988781917473091e+01 1.991117794893831200e-02
2.425071646049711305e+01 1.930675833976766564e-02
2.450187830577813841e+01 1.883436863236240960e-02
2.475391093216606109e+01 1.823288962974242353e-02
2.500524226975159792e+01 1.751846806900435663e-02
2.525610980153284402e+01 1.731714871661616320e-02
2.550801425092822328e+01 1.673456086812220855e-02
2.575943113325822864e+01 1.642154251448408112e-02
2.601074166866445125e+01 1.596581236333950368e-02
2.626234447079615464e+01 1.556611323733821974e-02
2.651347712943701751e+01 1.509689125934017551e-02
2.676474177984877656e+01 1.474761728381309388e-02
2.701628079430242479e+01 1.437948991166260702e-02
2.726734205837282232e+01 1.413500193247746624e-02
2.751837013544679422e+01 1.368827893333293688e-02
2.776937726815812724e+01 1.342619358597873722e-02
2.802070160973895341e+01 1.302321732698601305e-02
2.827249982643487058e+01 1.281165104122355958e-02
2.852407603869968966e+01 1.248716863034081415e-02
2.877567300468570721e+01 1.210175431115038253e-02
2.902733523039245256e+01 1.189530100415548894e-02
2.927861073083739996e+01 1.161134705179114532e-02
2.953003196193969160e+01 1.133588893433276103e-02
2.978106336846375157e+01 1.111089943195276396e-02
3.003148440777084716e+01 1.081434390082708190e-02
3.028303386126418673e+01 1.069127356840992617e-02
3.053456493440382857e+01 1.038607158445144750e-02
3.078585183944906944e+01 1.020233964794078560e-02
3.103757946070165730e+01 9.874763920504478140e-03
3.128931656795834826e+01 9.676974638975637671e-03
3.154125974608096428e+01 9.514092300990742782e-03
3.179158626791808828e+01 9.305710999871262198e-03
3.204196438636942190e+01 9.113623526731153002e-03
3.229344668057169798e+01 8.914371003426076190e-03
3.254489998018084407e+01 8.781431393776810770e-03
3.279660140319880668e+01 8.568921401125494108e-03
3.304772754686901237e+01 8.410678810896757285e-03
3.329949953441923327e+01 8.208783730748297688e-03
3.355173249539067371e+01 8.073256915008635709e-03
3.380235474142784824e+01 7.876748378241114901e-03
3.405292218889088218e+01 7.696613491504807059e-03
3.430455901572810262e+01 7.563614660256011944e-03
3.455605119154291316e+01 7.425940985025730051e-03
3.480708698418615654e+01 7.281409981941922710e-03
3.505823042281740243e+01 7.192010385714710588e-03
3.530983122122644602e+01 6.976532291001389351e-03
3.556111974160763367e+01 6.842164735742283475e-03
3.581195885960364933e+01 6.742671133924081454e-03
3.606348577968052638e+01 6.602556026162628364e-03
3.631495136683125935e+01 6.481319361030348121e-03
3.656646781331610185e+01 6.331186748583373172e-03
3.681800948534306173e+01 6.238275541854150681e-03
3.706942350460822411e+01 6.141928100977791724e-03
3.732119977997001570e+01 6.013517562442632740e-03
3.757249197135423202e+01 5.902449528981762623e-03
3.782324055213251057e+01 5.772633692916449150e-03
3.807430609684078604e+01 5.713204429077550772e-03
3.832526519371521090e+01 5.591331307255907948e-03
3.857704530181875668e+01 5.463397444848919898e-03
3.882896255048217427e+01 5.413619860730753755e-03
3.907976684424035341e+01 5.297114994788473287e-03
3.933085588900704010e+01 5.234006932417508903e-03
3.958184533965361140e+01 5.145670648850970107e-03
3.983320492881626507e+01 5.041964178305271931e-03
4.008506787586624398e+01 4.954847160382993415e-03
4.033569471078550350e+01 4.869195484877891951e-03
4.058701345074587863e+01 4.755938812780061489e-03
4.083916815834436420e+01 4.698587164513194463e-03
4.108978611092747713e+01 4.598454584031952223e-03
4.134119394692694271e+01 4.537047476903434927e-03
4.159372926482761557e+01 4.488779419787691620e-03
4.184480996230068683e+01 4.400842161435186695e-03
4.209495048714620680e+01 4.308085135126248424e-03
4.234568601474854432e+01 4.236626652883795051e-03
4.259794184898333214e+01 4.227584630008701834e-03
4.284922176444433717e+01 4.121321053086842053e-03
4.309982534096671003e+01 4.081748222590140390e-03
4.335153475414617930e+01 4.013425953182742957e-03
4.360374984514007224e+01 3.915637483165075247e-03
4.385432838732079830e+01 3.865331560006134842e-03
4.410529766549178277e+01 3.828662469088413550e-03
4.435675536456894008e+01 3.748574601020903362e-03
4.460756668584335927e+01 3.705562376516605139e-03
4.485812369927145937e+01 3.659840504964814462e-03
4.510933196139897206e+01 3.587168928035583664e-03
4.536097672816924131e+01 3.484046577094681262e-03
4.561261869099184452e+01 3.504489999580879395e-03
4.586346064304911607e+01 3.423588226016808546e-03
4.611435299895526185e+01 3.364618882138277565e-03
4.636610302009028572e+01 3.348528596634811789e-03
4.661726081402038346e+01 3.284519307455640441e-03
4.686748045926628237e+01 3.213878252034607034e-03
4.712001000143001761e+01 3.204504107900063830e-03
4.737334269293729960e+01 3.106108695581097714e-03
4.762357272554871912e+01 3.086825779239906180e-03
4.787295862859781437e+01 3.079100302062595402e-03
4.812686710231834297e+01 2.995871769165584300e-03
4.837988354528783930e+01 2.913321249984789345e-03
4.862698975964909209e+01 2.905204414219339157e-03
4.887931961662670233e+01 2.899624857048370592e-03
4.913512531690142282e+01 2.846857239535706321e-03
4.938486646957150583e+01 2.807669357003319752e-03
4.963073103205424985e+01 2.823984336661351010e-03
4.988316058859187763e+01 2.722657458267881830e-03
5.013927392651110893e+01 2.695630715536076645e-03
5.038898445289544270e+01 2.718092009321083913e-03
5.063791314200675941e+01 2.646348961231756274e-03
5.089234515763529032e+01 2.617240072073836760e-03
5.114529266359630810e+01 2.513169483685797137e-03
5.138952878242714206e+01 2.561745773880206700e-03
5.163945178601188246e+01 2.443627512691707096e-03
5.190206698624180603e+01 2.443288170673662326e-03
5.215590084722179398e+01 2.464827066138322847e-03
5.238680673191466042e+01 2.382856525731726852e-03
5.263532591009818873e+01 2.340515041583781167e-03
5.290823119436031874e+01 2.272703706905153821e-03
5.316882575050344428e+01 2.307330732909615607e-03
5.338513341050097694e+01 2.371249836447956224e-03
5.363212510227822349e+01 2.133670573084141178e-03
5.391615723351310407e+01 2.071984045137512890e-03
5.419187693011466678e+01 2.286535674091578259e-03
5.439722241285236493e+01 2.187052521195591119e-03
5.462806064877949552e+01 1.927789971588302715e-03
5.491241494336609463e+01 1.916016135314492453e-03
5.519421446932921782e+01 2.072728507064402863e-03
5.543046826972861396e+01 2.249495602721670977e-03
5.561137265256709128e+01 1.477731451174402882e-03
