3.559856489878782115e-01 8.016887741846239805e+02
6.031648866026231293e-01 1.754656011604589594e+02
8.579160745827347778e-01 9.090108416289925231e+01
1.113464310595710716e+00 4.484429409962055502e+01
1.374039914321364408e+00 3.083187595269025394e+01
1.619154704570298309e+00 1.976627133452095819e+01
1.870686673430271840e+00 1.355129621031736065e+01
2.123290040706380832e+00 9.790728609693983842e+00
2.378144976376236119e+00 7.974975716485831256e+00
2.630489925835516996e+00 5.890767252614725003e+00
2.878653162679494670e+00 4.750439158512374860e+00
3.131144366275339319e+00 3.826454379065926670e+00
3.388159578333816313e+00 3.306226664303591356e+00
3.638741848210948149e+00 2.628102077718472707e+00
3.888315910732085268e+00 2.310245526897369395e+00
4.139052155837465996e+00 2.020307592603471036e+00
4.390305777018236988e+00 1.625574458383099330e+00
4.642172339120373081e+00 1.510130847444692836e+00
4.894678666149941293e+00 1.279151951485946848e+00
5.147269052361176378e+00 1.149693088322824908e+00
5.398003206656323272e+00 9.786624708838046471e-01
5.647798235368590269e+00 8.780812939038697973e-01
5.900534302989873581e+00 8.146548840306211403e-01
6.151460297009074374e+00 7.023009605548270473e-01
6.402630176204441526e+00 6.602005891927472669e-01
6.655964674748322096e+00 5.940578071934042859e-01
6.908782583105771202e+00 5.317124112759694654e-01
7.159060853508338873e+00 4.921659015930025527e-01
7.409414762591408632e+00 4.524523942172842816e-01
7.659227149364629561e+00 4.042962063670949013e-01
7.911559474606142395e+00 3.739143990674048124e-01
8.163750941790897997e+00 3.441312335198777328e-01
8.415757210439384295e+00 3.165448660793631630e-01
8.667638839289207198e+00 2.933255575689440176e-01
8.918801124864609520e+00 2.771795160179326700e-01
9.170480108345369530e+00 2.592135743313160323e-01
9.420566033467249412e+00 2.368704134193146127e-01
9.671642335271435797e+00 2.192310017863790816e-01
9.923426157758477473e+00 2.082609836194284636e-01
1.017396902749181820e+01 1.935468922344416864e-01
1.042533700753922155e+01 1.826359240531264527e-01
1.067702948358784276e+01 1.680481480684477003e-01
1.092969337256462303e+01 1.599410201870164749e-01
1.118211872033766419e+01 1.509482982184132960e-01
1.143346516925797296e+01 1.420783060808463172e-01
1.168350508557724687e+01 1.369289383344380606e-01
1.193379937775929100e+01 1.277955415882668921e-01
1.218553055762879112e+01 1.197481968811494185e-01
1.243711650801278878e+01 1.151818870757339158e-01
1.268867268647359303e+01 1.095740831384371256e-01
1.294075027177769144e+01 1.031275621226687422e-01
1.319267287020158363e+01 9.750023841152197224e-02
1.344470571782862756e+01 9.316684801584686204e-02
1.369480150283709641e+01 8.899257157835463450e-02
1.394591277066507828e+01 8.448911535498228320e-02
1.419764645764527167e+01 8.071684408632778807e-02
1.444766774168416212e+01 7.584508059107246403e-02
1.469906835825429070e+01 7.352089729463431866e-02
1.495059118111036511e+01 7.013836750352174521e-02
1.520261612590052991e+01 6.696358179910462394e-02
1.545415944503929495e+01 6.402359005986486828e-02
1.570456072545780124e+01 6.167291793228110025e-02
1.595705800128773966e+01 5.884855116473810405e-02
1.620829297830731619e+01 5.639193692567592148e-02
1.645966591028190962e+01 5.494908433088738914e-02
1.671125708846596325e+01 5.218471419392069210e-02
1.696160259490052624e+01 5.054130509455472681e-02
1.721370276108077135e+01 4.839541355699902153e-02
1.746543424102250341e+01 4.683450308327091749e-02
1.771598473288305442e+01 4.461606273000238987e-02
1.796653767411944003e+01 4.333248018096587384e-02
1.821765658501893270e+01 4.143895817957418681e-02
1.847053788120423334e+01 3.996529462147359324e-02
1.872257696809484173e+01 3.851166650800652569e-02
1.897394097105746269e+01 3.735623051730924821e-02
1.922542454726159988e+01 3.567674359375003906e-02
1.947607703355479103e+01 3.483454894965174603e-02
1.972678839839982601e+01 3.335257785132155622e-02
1.997802698857814363e+01 3.208489100118167014e-02
2.022863620534168660e+01 3.125989450712311074e-02
2.047969598507238231e+01 3.030542455021872222e-02
2.073250439107362553e+01 2.946635473387887796e-02
2.098435855211640089e+01 2.842644860402533669e-02
2.123502923393334640e+01 2.771283171164647119e-02
2.148629411178690773e+01 2.653984485792448486e-02
2.173831825513516591e+01 2.607875857977732387e-02
2.198972260956887226e+01 2.506066860116247866e-02
2.223974971000711420e+01 2.439988771045910332e-02
2.249141870643862973e+01 2.348067797825843794e-02
2.274404614890906373e+01 2.282249848339132706e-02
2.299521835768831579e+01 2.228728884295701901e-02
2.324620084136223852e+01 2.143895094752380076e-02
2.349757798664387209e+01 2.092424976280949159e-02
2.374870488118759937e+01 2.035893687965809051e-02
2.399988781917473091e+01 1.976055160374209224e-02
2.425071646049711305e+01 1.938497843568917633e-02
2.450187830577813841e+01 1.870720502005396649e-02
2.475391093216606109e+01 1.814056375423209189e-02
2.500524226975159792e+01 1.788804944522545681e-02
2.525610980153284402e+01 1.730708410824063556e-02
2.550801425092822328e+01 1.685215916065608763e-02
2.575943113325822864e+01 1.649042961706690888e-02
2.601074166866445125e+01 1.591932510243115190e-02
2.626234447079615464e+01 1.552174005474809583e-02
2.651347712943701751e+01 1.518691829291373384e-02
2.676474177984877656e+01 1.477225030874146014e-02
2.701628079430242479e+01 1.442092772573706771e-02
2.726734205837282232e+01 1.406229597496120101e-02
2.751837013544679422e+01 1.373882257098080380e-02
2.776937726815812724e+01 1.334726761807033570e-02
2.802070160973895341e+01 1.305486659563287986e-02
2.827249982643487058e+01 1.267385487685314914e-02
2.852407603869968966e+01 1.246963271883123198e-02
2.877567300468570721e+01 1.218257321244260206e-02
2.902733523039245256e+01 1.188890835154794191e-02
2.927861073083739996e+01 1.161926304969888683e-02
2.953003196193969160e+01 1.136103645778924892e-02
2.978106336846375157e+01 1.112854202850349986e-02
3.003148440777084716e+01 1.085496057092808636e-02
3.028303386126418673e+01 1.059692323554775606e-02
3.053456493440382857e+01 1.031588103954937836e-02
3.078585183944906944e+01 1.018659215633628545e-02
3.103757946070165730e+01 9.887235008153588342e-03
3.128931656795834826e+01 9.733375204529277902e-03
3.154125974608096428e+01 9.529433752669232843e-03
3.179158626791808828e+01 9.300509220485931802e-03
3.204196438636942190e+01 9.103175392443429992e-03
3.229344668057169798e+01 8.963593560270384508e-03
3.254489998018084407e+01 8.724337214067132487e-03
3.279660140319880668e+01 8.546243863921568207e-03
3.304772754686901237e+01 8.360010553333309044e-03
3.329949953441923327e+01 8.198524778977330993e-03
3.355173249539067371e+01 8.035741271526107912e-03
3.380235474142784824e+01 7.831165171299980451e-03
3.405292218889088218e+01 7.722029898253480323e-03
3.430455901572810262e+01 7.597079462439465698e-03
3.455605119154291316e+01 7.422988709068780409e-03
3.480708698418615654e+01 7.292004392599232138e-03
3.505823042281740243e+01 7.177700800514939458e-03
3.530983122122644602e+01 7.023097437888892527e-03
3.556111974160763367e+01 6.870673583125159155e-03
3.581195885960364933e+01 6.701667285982892443e-03
3.606348577968052638e+01 6.615669346060605756e-03
3.631495136683125935e+01 6.482879634088774962e-03
3.656646781331610185e+01 6.379879853342795490e-03
3.681800948534306173e+01 6.248640941951109744e-03
3.706942350460822411e+01 6.122777857738570528e-03
3.732119977997001570e+01 5.996741343286421735e-03
3.757249197135423202e+01 5.885865704928989854e-03
3.782324055213251057e+01 5.777874870727216575e-03
3.807430609684078604e+01 5.674174328082167915e-03
3.832526519371521090e+01 5.592403405950091382e-03
3.857704530181875668e+01 5.478033998157189922e-03
3.882896255048217427e+01 5.429414967458966700e-03
3.907976684424035341e+01 5.312310667450617120e-03
3.933085588900704010e+01 5.217572312250346421e-03
3.958184533965361140e+01 5.120701524181269643e-03
3.983320492881626507e+01 5.036407542267813675e-03
4.008506787586624398e+01 4.976139566716633773e-03
4.033569471078550350e+01 4.871643559569443019e-03
4.058701345074587863e+01 4.794322877832078895e-03
4.083916815834436420e+01 4.687139163495617107e-03
4.108978611092747713e+01 4.621485938102312674e-03
4.134119394692694271e+01 4.570225268940932700e-03
4.159372926482761557e+01 4.482602966836006682e-03
4.184480996230068683e+01 4.413894429083753575e-03
4.209495048714620680e+01 4.330429215650757890e-03
4.234568601474854432e+01 4.231477132453258412e-03
4.259794184898333214e+01 4.177744787595145948e-03
4.284922176444433717e+01 4.163906796171033819e-03
4.309982534096671003e+01 4.085121143016907062e-03
4.335153475414617930e+01 4.025061659920516587e-03
4.360374984514007224e+01 3.941074793887749082e-03
4.385432838732079830e+01 3.905188189057481451e-03
4.410529766549178277e+01 3.797048809960646646e-03
4.435675536456894008e+01 3.735277089953640845e-03
4.460756668584335927e+01 3.691999242000409791e-03
4.485812369927145937e+01 3.640632865836990629e-03
4.510933196139897206e+01 3.627697068201623642e-03
4.536097672816924131e+01 3.500328361587665225e-03
4.561261869099184452e+01 3.459631040767479574e-03
4.586346064304911607e+01 3.475279727066297314e-03
4.611435299895526185e+01 3.370603574269792537e-03
4.636610302009028572e+01 3.324180562132455097e-03
4.661726081402038346e+01 3.257369693920863889e-03
4.686748045926628237e+01 3.245928185325693081e-03
4.712001000143001761e+01 3.159641354190731357e-03
4.737334269293729960e+01 3.144032107360453590e-03
4.762357272554871912e+01 3.077229728698679424e-03
4.787295862859781437e+01 3.041372707038716289e-03
4.812686710231834297e+01 3.050225050993666479e-03
4.837988354528783930e+01 2.931625875543551057e-03
4.862698975964909209e+01 2.905369561901899669e-03
4.887931961662670233e+01 2.865943222262660236e-03
4.913512531690142282e+01 2.888506251904555695e-03
4.938486646957150583e+01 2.825811408935298072e-03
4.963073103205424985e+01 2.761121468547753175e-03
4.988316058859187763e+01 2.742094124599380768e-03
5.013927392651110893e+01 2.655072360540100020e-03
5.038898445289544270e+01 2.638144500483617042e-03
5.063791314200675941e+01 2.627581672674839802e-03
5.089234515763529032e+01 2.596342557899366209e-03
5.114529266359630810e+01 2.543859320152086143e-03
5.138952878242714206e+01 2.611987873751937632e-03
5.163945178601188246e+01 2.486673490731150602e-03
5.190206698624180603e+01 2.460906459632311062e-03
5.215590084722179398e+01 2.467681942606516493e-03
5.238680673191466042e+01 2.379603895888542271e-03
5.263532591009818873e+01 2.373497348156083844e-03
5.290823119436031874e+01 2.258845675330574225e-03
5.316882575050344428e+01 2.337766690889962230e-03
5.338513341050097694e+01 2.272771881621532108e-03
5.363212510227822349e+01 2.214109047827907562e-03
5.391615723351310407e+01 2.249911145135121641e-03
5.419187693011466678e+01 2.230241557037580553e-03
5.439722241285236493e+01 2.215043006944067156e-03
5.462806064877949552e+01 2.013406215340649962e-03
5.491241494336609463e+01 2.296614113002726307e-03
5.519421446932921782e+01 1.614495601248390998e-03
5.543046826972861396e+01 4.787605012900594988e-03
5.561137265256709128e+01 1.242585718155609677e-03
