3.559856489878782115e-01 5.824975879242520023e+02
6.031648866026231293e-01 1.316897258481943425e+02
8.579160745827347778e-01 1.019618154220062820e+02
1.113464310595710716e+00 5.891256412892358441e+01
1.374039914321364408e+00 2.761833270009946872e+01
1.619154704570298309e+00 2.061493891891609920e+01
1.870686673430271840e+00 1.495209443341966526e+01
2.123290040706380832e+00 1.094914789012407930e+01
2.378144976376236119e+00 8.200943678903074741e+00
2.630489925835516996e+00 5.987807167518151452e+00
2.878653162679494670e+00 5.076715481493565107e+00
3.131144366275339319e+00 4.118524580439095750e+00
3.388159578333816313e+00 3.270915242365010744e+00
3.638741848210948149e+00 2.637422545805157004e+00
3.888315910732085268e+00 2.375491900554817626e+00
4.139052155837465996e+00 1.971644861097873180e+00
4.390305777018236988e+00 1.617092474710495775e+00
4.642172339120373081e+00 1.463130361152557235e+00
4.894678666149941293e+00 1.267849894128432409e+00
5.147269052361176378e+00 1.105400880376363970e+00
5.398003206656323272e+00 9.979894829476799734e-01
5.647798235368590269e+00 8.700709442438662178e-01
5.900534302989873581e+00 8.342930343898287138e-01
6.151460297009074374e+00 7.202690928475291576e-01
6.402630176204441526e+00 6.595053400532099319e-01
6.655964674748322096e+00 5.683864580293687130e-01
6.908782583105771202e+00 5.198227470192472444e-01
7.159060853508338873e+00 4.823693988162491286e-01
7.409414762591408632e+00 4.485329131028156224e-01
7.659227149364629561e+00 4.009657997335479007e-01
7.911559474606142395e+00 3.703373613540053011e-01
8.163750941790897997e+00 3.446419137958649515e-01
8.415757210439384295e+00 3.239773451698138018e-01
8.667638839289207198e+00 2.978845709091492711e-01
8.918801124864609520e+00 2.706217836471467852e-01
9.170480108345369530e+00 2.538766993974635455e-01
9.420566033467249412e+00 2.422538389422440319e-01
9.671642335271435797e+00 2.238575937817090800e-01
9.923426157758477473e+00 2.078832045465249800e-01
1.017396902749181820e+01 1.907945905732420233e-01
1.042533700753922155e+01 1.821070431870830120e-01
1.067702948358784276e+01 1.717409452757292787e-01
1.092969337256462303e+01 1.612087924586010357e-01
1.118211872033766419e+01 1.540187705151738473e-01
1.143346516925797296e+01 1.417699144341334760e-01
1.168350508557724687e+01 1.340379652853218306e-01
1.193379937775929100e+01 1.265214065901122675e-01
1.218553055762879112e+01 1.208597309918906515e-01
1.243711650801278878e+01 1.139093566912611072e-01
1.268867268647359303e+01 1.084476494617534759e-01
1.294075027177769144e+01 1.025243368151398937e-01
1.319267287020158363e+01 9.858970550754606044e-02
1.344470571782862756e+01 9.227618827659408995e-02
1.369480150283709641e+01 8.877606595008841195e-02
1.394591277066507828e+01 8.481778972470416234e-02
1.419764645764527167e+01 8.022329817913552430e-02
1.444766774168416212e+01 7.665177412482558628e-02
1.469906835825429070e+01 7.338035259915527686e-02
1.495059118111036511e+01 6.957593008589833816e-02
1.520261612590052991e+01 6.721642906957631114e-02
1.545415944503929495e+01 6.429215108311644999e-02
1.570456072545780124e+01 6.156754478082399756e-02
1.595705800128773966e+01 5.904643114566020951e-02
1.620829297830731619e+01 5.656227963802919895e-02
1.645966591028190962e+01 5.432885155310576003e-02
1.671125708846596325e+01 5.194590378479606307e-02
1.696160259490052624e+01 5.050339105673419537e-02
1.721370276108077135e+01 4.831727041844063181e-02
1.746543424102250341e+01 4.639043665648485970e-02
1.771598473288305442e+01 4.478780121145686799e-02
1.796653767411944003e+01 4.297911748465364085e-02
1.821765658501893270e+01 4.177227523343137600e-02
1.847053788120423334e+01 4.022758186396970664e-02
1.872257696809484173e+01 3.862464941561372794e-02
1.897394097105746269e+01 3.676508943936873663e-02
1.922542454726159988e+01 3.576275247910833816e-02
1.947607703355479103e+01 3.437758659579274317e-02
1.972678839839982601e+01 3.339633170714621097e-02
1.997802698857814363e+01 3.246306320657346700e-02
2.022863620534168660e+01 3.145352639071733597e-02
2.047969598507238231e+01 3.065569976336118135e-02
2.073250439107362553e+01 2.922891098719522518e-02
2.098435855211640089e+01 2.863549966748393100e-02
2.123502923393334640e+01 2.775084603372536540e-02
2.148629411178690773e+01 2.674831965839934503e-02
2.173831825513516591e+01 2.587882794893487520e-02
2.198972260956887226e+01 2.517958313429924377e-02
2.223974971000711420e+01 2.415079548353469066e-02
2.249141870643862973e+01 2.351188912353210231e-02
2.274404614890906373e+01 2.279675655323430694e-02
2.299521835768831579e+01 2.217900327835016158e-02
2.324620084136223852e+01 2.159907753079386497e-02
2.349757798664387209e+01 2.096986973872250887e-02
2.374870488118759937e+01 2.055025097554764868e-02
2.399988781917473091e+01 1.980363113608187703e-02
2.425071646049711305e+01 1.943083456568519066e-02
2.450187830577813841e+01 1.881243063872485577e-02
2.475391093216606109e+01 1.827196185651308591e-02
2.500524226975159792e+01 1.766063698371493976e-02
2.525610980153284402e+01 1.727542073081167126e-02
2.550801425092822328e+01 1.673250969825598386e-02
2.575943113325822864e+01 1.644183177912074065e-02
2.601074166866445125e+01 1.587478567471008184e-02
2.626234447079615464e+01 1.563892007376576840e-02
2.651347712943701751e+01 1.520754052506809000e-02
2.676474177984877656e+01 1.488664536299576062e-02
2.701628079430242479e+01 1.441743882740147836e-02
2.726734205837282232e+01 1.408050200447557784e-02
2.751837013544679422e+01 1.363396544835821129e-02
2.776937726815812724e+01 1.343651001765841686e-02
2.802070160973895341e+01 1.306895729934082727e-02
2.827249982643487058e+01 1.284535847800907793e-02
2.852407603869968966e+01 1.245753980896534448e-02
2.877567300468570721e+01 1.220471228404352432e-02
2.902733523039245256e+01 1.190057865560161139e-02
2.927861073083739996e+01 1.161972970601416605e-02
2.953003196193969160e+01 1.131221705062281438e-02
2.978106336846375157e+01 1.116105825798761886e-02
3.003148440777084716e+01 1.084410800152684103e-02
3.028303386126418673e+01 1.058991666397066968e-02
3.053456493440382857e+01 1.036618303135659371e-02
3.078585183944906944e+01 1.020398286968803025e-02
3.103757946070165730e+01 9.882181698938336326e-03
3.128931656795834826e+01 9.714172452873724717e-03
3.154125974608096428e+01 9.507063990361049738e-03
3.179158626791808828e+01 9.311313026910057397e-03
3.204196438636942190e+01 9.077519051296518288e-03
3.229344668057169798e+01 8.923675812944720925e-03
3.254489998018084407e+01 8.754185422417700910e-03
3.279660140319880668e+01 8.558054190625831795e-03
3.304772754686901237e+01 8.386199486452106458e-03
3.329949953441923327e+01 8.208010898200284941e-03
3.355173249539067371e+01 8.053449336925739763e-03
3.380235474142784824e+01 7.874945923435594866e-03
3.405292218889088218e+01 7.716436467475687629e-03
3.430455901572810262e+01 7.535882994164088550e-03
3.455605119154291316e+01 7.434569014342208224e-03
3.480708698418615654e+01 7.256448498672337342e-03
3.505823042281740243e+01 7.108726119809954599e-03
3.530983122122644602e+01 6.994524895753567034e-03
3.556111974160763367e+01 6.851847648626218160e-03
3.581195885960364933e+01 6.741495125504614640e-03
3.606348577968052638e+01 6.590103853369336934e-03
3.631495136683125935e+01 6.465375941987521607e-03
3.656646781331610185e+01 6.349682570828928119e-03
3.681800948534306173e+01 6.257835348963674584e-03
3.706942350460822411e+01 6.155003810937175954e-03
3.732119977997001570e+01 6.013922443782471379e-03
3.757249197135423202e+01 5.919271430761175248e-03
3.782324055213251057e+01 5.843450015875597744e-03
3.807430609684078604e+01 5.717779181690224588e-03
3.832526519371521090e+01 5.597888757238038415e-03
3.857704530181875668e+01 5.481232718870082329e-03
3.882896255048217427e+01 5.435755425112011145e-03
3.907976684424035341e+01 5.307248837263640884e-03
3.933085588900704010e+01 5.212121905938137123e-03
3.958184533965361140e+01 5.110966963485154280e-03
3.983320492881626507e+01 5.020388347740869714e-03
4.008506787586624398e+01 4.908220685635851510e-03
4.033569471078550350e+01 4.881981889043917992e-03
4.058701345074587863e+01 4.786944782619372528e-03
4.083916815834436420e+01 4.712625838367845432e-03
4.108978611092747713e+01 4.641970563366076483e-03
4.134119394692694271e+01 4.562273243561355482e-03
4.159372926482761557e+01 4.488495700245412334e-03
4.184480996230068683e+01 4.414090187304082688e-03
4.209495048714620680e+01 4.332810098457876707e-03
4.234568601474854432e+01 4.280576814794823971e-03
4.259794184898333214e+01 4.183618326450846449e-03
4.284922176444433717e+01 4.124456773956266566e-03
4.309982534096671003e+01 4.055508029509366508e-03
4.335153475414617930e+01 4.034204293199363661e-03
4.360374984514007224e+01 3.936626850612004805e-03
4.385432838732079830e+01 3.848465016042496457e-03
4.410529766549178277e+01 3.819470741931468242e-03
4.435675536456894008e+01 3.759211369004958683e-03
4.460756668584335927e+01 3.718719917717570878e-03
4.485812369927145937e+01 3.674322320412677558e-03
4.510933196139897206e+01 3.614302849990980171e-03
4.536097672816924131e+01 3.534779442548971907e-03
4.561261869099184452e+01 3.449238784289006439e-03
4.586346064304911607e+01 3.486352550054763310e-03
4.611435299895526185e+01 3.399479837592210823e-03
4.636610302009028572e+01 3.297057858251098168e-03
4.661726081402038346e+01 3.232342176142884594e-03
4.686748045926628237e+01 3.231298133927506741e-03
4.712001000143001761e+01 3.164645693072400904e-03
4.737334269293729960e+01 3.136324373295262119e-03
4.762357272554871912e+01 3.078139657921000368e-03
4.787295862859781437e+01 3.049359882751222998e-03
4.812686710231834297e+01 2.966819471130448336e-03
4.837988354528783930e+01 2.992050780042376616e-03
4.862698975964909209e+01 2.893330368561276931e-03
4.887931961662670233e+01 2.875559284204871630e-03
4.913512531690142282e+01 2.800252237655318638e-03
4.938486646957150583e+01 2.863344240036017410e-03
4.963073103205424985e+01 2.755198395290550228e-03
4.988316058859187763e+01 2.746630852993179467e-03
5.013927392651110893e+01 2.715068342528165722e-03
5.038898445289544270e+01 2.662774006735048413e-03
5.063791314200675941e+01 2.648844056792310029e-03
5.089234515763529032e+01 2.568688268670416604e-03
5.114529266359630810e+01 2.569201459535016933e-03
5.138952878242714206e+01 2.512340613013364522e-03
5.163945178601188246e+01 2.579072843034143758e-03
5.190206698624180603e+01 2.403040747337666528e-03
5.215590084722179398e+01 2.493659456072228661e-03
5.238680673191466042e+01 2.346505037229349843e-03
5.263532591009818873e+01 2.275463341872951961e-03
5.290823119436031874e+01 2.301138390402095515e-03
5.316882575050344428e+01 2.344025443819613454e-03
5.338513341050097694e+01 2.116760863882142119e-03
5.363212510227822349e+01 2.227297129895365775e-03
5.391615723351310407e+01 2.219059467304117933e-03
5.419187693011466678e+01 2.137081804284143502e-03
5.439722241285236493e+01 2.046899793549155234e-03
5.462806064877949552e+01 2.281207602837310826e-03
5.491241494336609463e+01 2.229802414084951136e-03
5.519421446932921782e+01 1.487660167953072697e-03
5.543046826972861396e+01 1.788095596448423816e-03
5.561137265256709128e+01 2.465052672929675219e-03
