3.559856489878782115e-01 8.298798319852664918e+02
6.031648866026231293e-01 2.139314376484813636e+02
8.579160745827347778e-01 8.025261351058288994e+01
1.113464310595710716e+00 5.030788246432059196e+01
1.374039914321364408e+00 2.771012914980686048e+01
1.619154704570298309e+00 2.075724125732637404e+01
1.870686673430271840e+00 1.466162853291360513e+01
2.123290040706380832e+00 1.046205029455365221e+01
2.378144976376236119e+00 8.315393950725713523e+00
2.630489925835516996e+00 6.413441715330240100e+00
2.878653162679494670e+00 5.425497172714248251e+00
3.131144366275339319e+00 4.046183629454022324e+00
3.388159578333816313e+00 3.241336018183201606e+00
3.638741848210948149e+00 2.701333985792420567e+00
3.888315910732085268e+00 2.388091581878595271e+00
4.139052155837465996e+00 1.982519179887932248e+00
4.390305777018236988e+00 1.622032178895757015e+00
4.642172339120373081e+00 1.452525742405605946e+00
4.894678666149941293e+00 1.304684802349692863e+00
5.147269052361176378e+00 1.157070499466782865e+00
5.398003206656323272e+00 1.022381936707386751e+00
5.647798235368590269e+00 8.915139004860914707e-01
5.900534302989873581e+00 7.950382362033746597e-01
6.151460297009074374e+00 7.281663852094319989e-01
6.402630176204441526e+00 6.410598428389376879e-01
6.655964674748322096e+00 5.856895014431779956e-01
6.908782583105771202e+00 5.394468681830439927e-01
7.159060853508338873e+00 4.852253836849145241e-01
7.409414762591408632e+00 4.436338139533078095e-01
7.659227149364629561e+00 4.068075910934582651e-01
7.911559474606142395e+00 3.760224956706415544e-01
8.163750941790897997e+00 3.508996139229347833e-01
8.415757210439384295e+00 3.136325923650474801e-01
8.667638839289207198e+00 2.911086861527882874e-01
8.918801124864609520e+00 2.756690713150697913e-01
9.170480108345369530e+00 2.519409810388745230e-01
9.420566033467249412e+00 2.356201185287361832e-01
9.671642335271435797e+00 2.192801528368675534e-01
9.923426157758477473e+00 2.034658890740662085e-01
1.017396902749181820e+01 1.942336171773828002e-01
1.042533700753922155e+01 1.817279005146327786e-01
1.067702948358784276e+01 1.727821368996156626e-01
1.092969337256462303e+01 1.583439024334275802e-01
1.118211872033766419e+01 1.514651241808397664e-01
1.143346516925797296e+01 1.420209203435882361e-01
1.168350508557724687e+01 1.361076804860380240e-01
1.193379937775929100e+01 1.291311123498113944e-01
1.218553055762879112e+01 1.206481803463970853e-01
1.243711650801278878e+01 1.140786463808000917e-01
1.268867268647359303e+01 1.083489761843037941e-01
1.294075027177769144e+01 1.023315937309249718e-01
1.319267287020158363e+01 9.724338252057647403e-02
1.344470571782862756e+01 9.461051290788125012e-02
1.369480150283709641e+01 8.870395038997935799e-02
1.394591277066507828e+01 8.459192697136515282e-02
1.419764645764527167e+01 8.042294597391726196e-02
1.444766774168416212e+01 7.657774240946313427e-02
1.469906835825429070e+01 7.376824898130347752e-02
1.495059118111036511e+01 7.032166444346299450e-02
1.520261612590052991e+01 6.716461221693591221e-02
1.545415944503929495e+01 6.429385062039832954e-02
1.570456072545780124e+01 6.177027604951096373e-02
1.595705800128773966e+01 5.830046821051343420e-02
1.620829297830731619e+01 5.591901715481594620e-02
1.645966591028190962e+01 5.416736468997034731e-02
1.671125708846596325e+01 5.212931097250030760e-02
1.696160259490052624e+01 5.044969058765900322e-02
1.721370276108077135e+01 4.859171532733585347e-02
1.746543424102250341e+01 4.675086983532644042e-02
1.771598473288305442e+01 4.471493116724827022e-02
1.796653767411944003e+01 4.267865781659657687e-02
1.821765658501893270e+01 4.147636420708283173e-02
1.847053788120423334e+01 3.995265312336458707e-02
1.872257696809484173e+01 3.877639112317012721e-02
1.897394097105746269e+01 3.724729599707937711e-02
1.922542454726159988e+01 3.608343168830791675e-02
1.947607703355479103e+01 3.473862688444175756e-02
1.972678839839982601e+01 3.343035773222841067e-02
1.997802698857814363e+01 3.235136430917191774e-02
2.022863620534168660e+01 3.128536792790562182e-02
2.047969598507238231e+01 3.054473892370162050e-02
2.073250439107362553e+01 2.916499857003190810e-02
2.098435855211640089e+01 2.836362227855914603e-02
2.123502923393334640e+01 2.766107769282671186e-02
2.148629411178690773e+01 2.663724640662631579e-02
2.173831825513516591e+01 2.573972909300904083e-02
2.198972260956887226e+01 2.507011130419760717e-02
2.223974971000711420e+01 2.431155566459155745e-02
2.249141870643862973e+01 2.359250195111490742e-02
2.274404614890906373e+01 2.284576287008070403e-02
2.299521835768831579e+01 2.216157641023572614e-02
2.324620084136223852e+01 2.168254445863909696e-02
2.349757798664387209e+01 2.110459999619576296e-02
2.374870488118759937e+01 2.057491373508899685e-02
2.399988781917473091e+01 1.975961168954542754e-02
2.425071646049711305e+01 1.934540363790127754e-02
2.450187830577813841e+01 1.881026092677767422e-02
2.475391093216606109e+01 1.832756702140983171e-02
2.500524226975159792e+01 1.778742251730029353e-02
2.525610980153284402e+01 1.732720612854312878e-02
2.550801425092822328e+01 1.673480735963320948e-02
2.575943113325822864e+01 1.644590848121596158e-02
2.601074166866445125e+01 1.593350614603252988e-02
2.626234447079615464e+01 1.559273148173968143e-02
2.651347712943701751e+01 1.516159546389370810e-02
2.676474177984877656e+01 1.469319230444762932e-02
2.701628079430242479e+01 1.451325783207782320e-02
2.726734205837282232e+01 1.408382259058186571e-02
2.751837013544679422e+01 1.376918754592249168e-02
2.776937726815812724e+01 1.344418588462239182e-02
2.802070160973895341e+01 1.306386651426689680e-02
2.827249982643487058e+01 1.275391070970165533e-02
2.852407603869968966e+01 1.246515242599208380e-02
2.877567300468570721e+01 1.222614678043336921e-02
2.902733523039245256e+01 1.188739359700270899e-02
2.927861073083739996e+01 1.157151950692166496e-02
2.953003196193969160e+01 1.134357915343502284e-02
2.978106336846375157e+01 1.109159559092177949e-02
3.003148440777084716e+01 1.082760605606958651e-02
3.028303386126418673e+01 1.061173348471058063e-02
3.053456493440382857e+01 1.032975113108014140e-02
3.078585183944906944e+01 1.009606309198903505e-02
3.103757946070165730e+01 9.896737012261083710e-03
3.128931656795834826e+01 9.718637477607452307e-03
3.154125974608096428e+01 9.546711519572865026e-03
3.179158626791808828e+01 9.264248835759058415e-03
3.204196438636942190e+01 9.130873908735787428e-03
3.229344668057169798e+01 8.950175029053587111e-03
3.254489998018084407e+01 8.703563023590616538e-03
3.279660140319880668e+01 8.559866110110487744e-03
3.304772754686901237e+01 8.386881368893936775e-03
3.329949953441923327e+01 8.215577149829993847e-03
3.355173249539067371e+01 8.063265597235740045e-03
3.380235474142784824e+01 7.888135238949949349e-03
3.405292218889088218e+01 7.716336676841188853e-03
3.430455901572810262e+01 7.542929356262437386e-03
3.455605119154291316e+01 7.449027460077277049e-03
3.480708698418615654e+01 7.277418930410774374e-03
3.505823042281740243e+01 7.142510485857092757e-03
3.530983122122644602e+01 6.989998503295718341e-03
3.556111974160763367e+01 6.859334512365054815e-03
3.581195885960364933e+01 6.712254698796131167e-03
3.606348577968052638e+01 6.570928212331930002e-03
3.631495136683125935e+01 6.491867494751603525e-03
3.656646781331610185e+01 6.363726046833359344e-03
3.681800948534306173e+01 6.225416515252588101e-03
3.706942350460822411e+01 6.095662807251994372e-03
3.732119977997001570e+01 6.020515111605443358e-03
3.757249197135423202e+01 5.920623399787341978e-03
3.782324055213251057e+01 5.789940399325323173e-03
3.807430609684078604e+01 5.678475586052462304e-03
3.832526519371521090e+01 5.597969399428537503e-03
3.857704530181875668e+01 5.514694897519666766e-03
3.882896255048217427e+01 5.394691198503696189e-03
3.907976684424035341e+01 5.266029401666121566e-03
3.933085588900704010e+01 5.221822382767385591e-03
3.958184533965361140e+01 5.110970665793187345e-03
3.983320492881626507e+01 5.047132545769966727e-03
4.008506787586624398e+01 4.971948612196995694e-03
4.033569471078550350e+01 4.863411940221402247e-03
4.058701345074587863e+01 4.764833643147449796e-03
4.083916815834436420e+01 4.685477226006838636e-03
4.108978611092747713e+01 4.618046445012268138e-03
4.134119394692694271e+01 4.576760822045317263e-03
4.159372926482761557e+01 4.478142741249962512e-03
4.184480996230068683e+01 4.436964982839399115e-03
4.209495048714620680e+01 4.309876339938814756e-03
4.234568601474854432e+01 4.282581654259549897e-03
4.259794184898333214e+01 4.183779570016384237e-03
4.284922176444433717e+01 4.148227824923844502e-03
4.309982534096671003e+01 4.076531418466156249e-03
4.335153475414617930e+01 4.014282752134609028e-03
4.360374984514007224e+01 3.934941749622856803e-03
4.385432838732079830e+01 3.880420182489482169e-03
4.410529766549178277e+01 3.828644491502850977e-03
4.435675536456894008e+01 3.743138543982812375e-03
4.460756668584335927e+01 3.684248825962928905e-03
4.485812369927145937e+01 3.654195527242323424e-03
4.510933196139897206e+01 3.562880928229146798e-03
4.536097672816924131e+01 3.532791132920723876e-03
4.561261869099184452e+01 3.499313810606188065e-03
4.586346064304911607e+01 3.401582887381937679e-03
4.611435299895526185e+01 3.367924813066357735e-03
4.636610302009028572e+01 3.353491805119513704e-03
4.661726081402038346e+01 3.252356444567768966e-03
4.686748045926628237e+01 3.216856280293599237e-03
4.712001000143001761e+01 3.164746435527847259e-03
4.737334269293729960e+01 3.099027586326934345e-03
4.762357272554871912e+01 3.071715240551901784e-03
4.787295862859781437e+01 3.015181030259907451e-03
4.812686710231834297e+01 3.008828602278180303e-03
4.837988354528783930e+01 2.993671815257160224e-03
4.862698975964909209e+01 2.896473098018049509e-03
4.887931961662670233e+01 2.895698026498141724e-03
4.913512531690142282e+01 2.904465635526762030e-03
4.938486646957150583e+01 2.782966665130956821e-03
4.963073103205424985e+01 2.713491333840891730e-03
4.988316058859187763e+01 2.727782455634688175e-03
5.013927392651110893e+01 2.681958817715395307e-03
5.038898445289544270e+01 2.675978667385059840e-03
5.063791314200675941e+01 2.645902212297390494e-03
5.089234515763529032e+01 2.604540184667564467e-03
5.114529266359630810e+01 2.497514111410855525e-03
5.138952878242714206e+01 2.412910902832398567e-03
5.163945178601188246e+01 2.503343736899356960e-03
5.190206698624180603e+01 2.467914515063725917e-03
5.215590084722179398e+01 2.361515981860782577e-03
5.238680673191466042e+01 2.441103548442259946e-03
5.263532591009818873e+01 2.447767808392938525e-03
5.290823119436031874e+01 2.399088121365579220e-03
5.316882575050344428e+01 2.357589933245429065e-03
5.338513341050097694e+01 2.233706709041399611e-03
5.363212510227822349e+01 2.268348850261071512e-03
5.391615723351310407e+01 2.273411322148781097e-03
5.419187693011466678e+01 2.018553739951896384e-03
5.439722241285236493e+01 1.977361821231585302e-03
5.462806064877949552e+01 2.022030588311702487e-03
5.491241494336609463e+01 2.005056036313184516e-03
5.519421446932921782e+01 1.993474472477754691e-03
5.543046826972861396e+01 1.857335091442291562e-03
5.561137265256709128e+01 2.405955918913966173e-03
