3.559856489878782115e-01 8.171508641521911613e+02
6.031648866026231293e-01 2.711021496888510569e+02
8.579160745827347778e-01 9.644753712614367203e+01
1.113464310595710716e+00 4.529825506095493637e+01
1.374039914321364408e+00 2.916226615929118537e+01
1.619154704570298309e+00 1.942269992628265740e+01
1.870686673430271840e+00 1.356788716982533671e+01
2.123290040706380832e+00 9.886074053287657648e+00
2.378144976376236119e+00 7.415889107370168709e+00
2.630489925835516996e+00 6.207167605685126155e+00
2.878653162679494670e+00 5.162750322883081111e+00
3.131144366275339319e+00 3.967479781486720203e+00
3.388159578333816313e+00 3.201297420138973226e+00
3.638741848210948149e+00 2.645637969873436024e+00
3.888315910732085268e+00 2.262254584675422731e+00
4.139052155837465996e+00 2.040017922729802979e+00
4.390305777018236988e+00 1.656631592822201071e+00
4.642172339120373081e+00 1.472482779970291089e+00
4.894678666149941293e+00 1.335006749585871733e+00
5.147269052361176378e+00 1.173378767623675767e+00
5.398003206656323272e+00 1.002896823961947348e+00
5.647798235368590269e+00 9.062968318396449341e-01
5.900534302989873581e+00 8.087901247169281271e-01
6.151460297009074374e+00 6.959207569429752827e-01
6.402630176204441526e+00 6.554057787847328287e-01
6.655964674748322096e+00 5.881019642602576258e-01
6.908782583105771202e+00 5.344510396610767655e-01
7.159060853508338873e+00 4.845169625223434973e-01
7.409414762591408632e+00 4.471106743910835957e-01
7.659227149364629561e+00 4.026293599375089793e-01
7.911559474606142395e+00 3.748379055102769586e-01
8.163750941790897997e+00 3.539424865300507816e-01
8.415757210439384295e+00 3.184021207619330274e-01
8.667638839289207198e+00 2.928305040450952523e-01
8.918801124864609520e+00 2.712276678861160750e-01
9.170480108345369530e+00 2.563476193586035623e-01
9.420566033467249412e+00 2.336994590972094887e-01
9.671642335271435797e+00 2.194896922100298131e-01
9.923426157758477473e+00 2.067656185882096598e-01
1.017396902749181820e+01 1.948768491446085382e-01
1.042533700753922155e+01 1.811282168837552997e-01
1.067702948358784276e+01 1.699332480398804968e-01
1.092969337256462303e+01 1.589165418458232948e-01
1.118211872033766419e+01 1.521459412266967237e-01
1.143346516925797296e+01 1.443518202925839489e-01
1.168350508557724687e+01 1.351455459064427045e-01
1.193379937775929100e+01 1.287869982963250337e-01
1.218553055762879112e+01 1.211093180062594865e-01
1.243711650801278878e+01 1.130365431822151628e-01
1.268867268647359303e+01 1.084374256624885263e-01
1.294075027177769144e+01 1.027591747270432121e-01
1.319267287020158363e+01 9.578771169756215842e-02
1.344470571782862756e+01 9.442760270841608905e-02
1.369480150283709641e+01 8.872992616209511574e-02
1.394591277066507828e+01 8.303885794296245182e-02
1.419764645764527167e+01 7.963890549362462323e-02
1.444766774168416212e+01 7.696923126807755922e-02
1.469906835825429070e+01 7.322201569679573363e-02
1.495059118111036511e+01 7.003478667583031003e-02
1.520261612590052991e+01 6.793939784355078337e-02
1.545415944503929495e+01 6.506306379574217091e-02
1.570456072545780124e+01 6.131501912808817040e-02
1.595705800128773966e+01 5.946810351793679894e-02
1.620829297830731619e+01 5.657671854159566222e-02
1.645966591028190962e+01 5.461927593846540446e-02
1.671125708846596325e+01 5.221991933725791263e-02
1.696160259490052624e+01 5.010234608605639711e-02
1.721370276108077135e+01 4.807950839255997061e-02
1.746543424102250341e+01 4.643718001687989483e-02
1.771598473288305442e+01 4.478442325894800569e-02
1.796653767411944003e+01 4.332531834676367488e-02
1.821765658501893270e+01 4.121809326218233566e-02
1.847053788120423334e+01 3.988679082405997833e-02
1.872257696809484173e+01 3.929865963176928934e-02
1.897394097105746269e+01 3.724209772797322515e-02
1.922542454726159988e+01 3.621820327002867740e-02
1.947607703355479103e+01 3.484140966416571922e-02
1.972678839839982601e+01 3.341657657199188780e-02
1.997802698857814363e+01 3.212679117569251785e-02
2.022863620534168660e+01 3.118640021751053690e-02
2.047969598507238231e+01 3.019740731606464224e-02
2.073250439107362553e+01 2.940259046418111297e-02
2.098435855211640089e+01 2.830776008355622916e-02
2.123502923393334640e+01 2.765197738079151063e-02
2.148629411178690773e+01 2.672878103973239799e-02
2.173831825513516591e+01 2.560276944001582330e-02
2.198972260956887226e+01 2.504398480198038665e-02
2.223974971000711420e+01 2.428991791701685596e-02
2.249141870643862973e+01 2.366535308202654536e-02
2.274404614890906373e+01 2.277482582408254380e-02
2.299521835768831579e+01 2.233131750661070114e-02
2.324620084136223852e+01 2.165729223226024042e-02
2.349757798664387209e+01 2.103100457250201005e-02
2.374870488118759937e+01 2.038491641373912575e-02
2.399988781917473091e+01 1.987279554827757824e-02
2.425071646049711305e+01 1.925946680512973658e-02
2.450187830577813841e+01 1.885956099496549632e-02
2.475391093216606109e+01 1.829650147952069372e-02
2.500524226975159792e+01 1.790196379097044183e-02
2.525610980153284402e+01 1.724501669698305997e-02
2.550801425092822328e+01 1.694374783958617695e-02
2.575943113325822864e+01 1.639229410595779979e-02
2.601074166866445125e+01 1.596568702294082903e-02
2.626234447079615464e+01 1.554564595350878958e-02
2.651347712943701751e+01 1.524696505785664430e-02
2.676474177984877656e+01 1.481244874466504727e-02
2.701628079430242479e+01 1.443516323940796132e-02
2.726734205837282232e+01 1.407075268756726241e-02
2.751837013544679422e+01 1.367753901656740614e-02
2.776937726815812724e+01 1.334468253200429486e-02
2.802070160973895341e+01 1.312083771702918233e-02
2.827249982643487058e+01 1.278612794113539487e-02
2.852407603869968966e+01 1.243496333872832690e-02
2.877567300468570721e+01 1.223630826461244089e-02
2.902733523039245256e+01 1.181237350231089354e-02
2.927861073083739996e+01 1.168109731426260171e-02
2.953003196193969160e+01 1.134802348375145431e-02
2.978106336846375157e+01 1.108309748184820726e-02
3.003148440777084716e+01 1.083571205435843524e-02
3.028303386126418673e+01 1.064242168731753015e-02
3.053456493440382857e+01 1.034186019032640007e-02
3.078585183944906944e+01 1.012123676568913756e-02
3.103757946070165730e+01 1.003827101254903265e-02
3.128931656795834826e+01 9.710608644355021510e-03
3.154125974608096428e+01 9.424418428634132039e-03
3.179158626791808828e+01 9.266538117840597902e-03
3.204196438636942190e+01 9.100282664558612469e-03
3.229344668057169798e+01 8.926325242725493062e-03
3.254489998018084407e+01 8.727368974720244726e-03
3.279660140319880668e+01 8.559317310980774432e-03
3.304772754686901237e+01 8.355171458431639650e-03
3.329949953441923327e+01 8.221669345452188582e-03
3.355173249539067371e+01 8.029462575778660224e-03
3.380235474142784824e+01 7.853310950955049580e-03
3.405292218889088218e+01 7.743852134212717182e-03
3.430455901572810262e+01 7.526871195662685789e-03
3.455605119154291316e+01 7.411460194294554327e-03
3.480708698418615654e+01 7.281070499104959348e-03
3.505823042281740243e+01 7.123555261985356317e-03
3.530983122122644602e+01 7.009787158733045767e-03
3.556111974160763367e+01 6.863003407819887568e-03
3.581195885960364933e+01 6.739133195691177254e-03
3.606348577968052638e+01 6.623898373812959345e-03
3.631495136683125935e+01 6.529551596418635591e-03
3.656646781331610185e+01 6.363870098090099181e-03
3.681800948534306173e+01 6.254201844515282389e-03
3.706942350460822411e+01 6.130852415400183004e-03
3.732119977997001570e+01 6.003157126745968172e-03
3.757249197135423202e+01 5.938573002123423775e-03
3.782324055213251057e+01 5.797851609758002470e-03
3.807430609684078604e+01 5.723153313752338267e-03
3.832526519371521090e+01 5.599285274789208601e-03
3.857704530181875668e+01 5.484768469990494548e-03
3.882896255048217427e+01 5.441347587650090939e-03
3.907976684424035341e+01 5.278596181253121869e-03
3.933085588900704010e+01 5.197500507579629232e-03
3.958184533965361140e+01 5.126268161352675809e-03
3.983320492881626507e+01 5.032159954221576345e-03
4.008506787586624398e+01 4.977673627381332816e-03
4.033569471078550350e+01 4.892989473369582613e-03
4.058701345074587863e+01 4.757657287035189225e-03
4.083916815834436420e+01 4.715596625601615501e-03
4.108978611092747713e+01 4.653641118219706621e-03
4.134119394692694271e+01 4.556474159313762297e-03
4.159372926482761557e+01 4.477206676901094272e-03
4.184480996230068683e+01 4.425082867957359951e-03
4.209495048714620680e+01 4.331396356415403645e-03
4.234568601474854432e+01 4.279002100508124892e-03
4.259794184898333214e+01 4.220239418519751602e-03
4.284922176444433717e+01 4.163274143731163050e-03
4.309982534096671003e+01 4.083261335306592743e-03
4.335153475414617930e+01 3.988195723253421497e-03
4.360374984514007224e+01 3.949535192622713464e-03
4.385432838732079830e+01 3.875467866134125854e-03
4.410529766549178277e+01 3.801430404518152655e-03
4.435675536456894008e+01 3.746761491412868225e-03
4.460756668584335927e+01 3.716991970070521959e-03
4.485812369927145937e+01 3.653426173645665971e-03
4.510933196139897206e+01 3.606882228053942107e-03
4.536097672816924131e+01 3.562465390833932828e-03
4.561261869099184452e+01 3.527198421404131260e-03
4.586346064304911607e+01 3.437392844956989844e-03
4.611435299895526185e+01 3.363724550156076739e-03
4.636610302009028572e+01 3.317832336769035995e-03
4.661726081402038346e+01 3.263294928392239305e-03
4.686748045926628237e+01 3.218427449321277067e-03
4.712001000143001761e+01 3.213955707812188745e-03
4.737334269293729960e+01 3.096056156401985789e-03
4.762357272554871912e+01 3.096884745293201555e-03
4.787295862859781437e+01 3.113085100946021318e-03
4.812686710231834297e+01 3.005260319148096888e-03
4.837988354528783930e+01 2.960288085096678557e-03
4.862698975964909209e+01 2.930458676268494697e-03
4.887931961662670233e+01 2.902649160431919687e-03
4.913512531690142282e+01 2.892121036135337012e-03
4.938486646957150583e+01 2.815103504775614326e-03
4.963073103205424985e+01 2.739941464989616767e-03
4.988316058859187763e+01 2.764411160803797399e-03
5.013927392651110893e+01 2.667807452938064997e-03
5.038898445289544270e+01 2.693229477188532721e-03
5.063791314200675941e+01 2.649504385378849934e-03
5.089234515763529032e+01 2.628327953521216159e-03
5.114529266359630810e+01 2.541501830457075766e-03
5.138952878242714206e+01 2.549394555868429377e-03
5.163945178601188246e+01 2.451302043890948423e-03
5.190206698624180603e+01 2.469028837553611383e-03
5.215590084722179398e+01 2.414149482835082662e-03
5.238680673191466042e+01 2.452208898029273332e-03
5.263532591009818873e+01 2.336234132616037042e-03
5.290823119436031874e+01 2.390546757895599048e-03
5.316882575050344428e+01 2.290732211234416862e-03
5.338513341050097694e+01 2.239815034259941273e-03
5.363212510227822349e+01 2.286583797031868474e-03
5.391615723351310407e+01 2.235077582020017495e-03
5.419187693011466678e+01 2.005723709259257716e-03
5.439722241285236493e+01 2.240612371502266349e-03
5.462806064877949552e+01 1.855312054809311623e-03
5.491241494336609463e+01 2.231941357661945072e-03
5.519421446932921782e+01 2.348877410833434629e-03
5.543046826972861396e+01 2.282488199443308274e-03
5.561137265256709128e+01 9.383049601065881389e-04
