3.559856489878782115e-01 5.658995393150614746e+02
6.031648866026231293e-01 1.672645864564451301e+02
8.579160745827347778e-01 9.986873308631987811e+01
1.113464310595710716e+00 4.072647088336498200e+01
1.374039914321364408e+00 2.808843403071294276e+01
1.619154704570298309e+00 1.971379905516980813e+01
1.870686673430271840e+00 1.450728330066473326e+01
2.123290040706380832e+00 9.601672436028175994e+00
2.378144976376236119e+00 8.062860634510752078e+00
2.630489925835516996e+00 6.571876086870553912e+00
2.878653162679494670e+00 4.861640322337165365e+00
3.131144366275339319e+00 4.139733965224928980e+00
3.388159578333816313e+00 3.084780564992455787e+00
3.638741848210948149e+00 2.675756232335724238e+00
3.888315910732085268e+00 2.260829925790003081e+00
4.139052155837465996e+00 1.962249591141107308e+00
4.390305777018236988e+00 1.762757124742871495e+00
4.642172339120373081e+00 1.489653730468813997e+00
4.894678666149941293e+00 1.273399616198502171e+00
5.147269052361176378e+00 1.157670373210027748e+00
5.398003206656323272e+00 9.897060135638728884e-01
5.647798235368590269e+00 8.972623969076390926e-01
5.900534302989873581e+00 7.983799685308137217e-01
6.151460297009074374e+00 7.142154216573586289e-01
6.402630176204441526e+00 6.245244846039654796e-01
6.655964674748322096e+00 5.827905575741960664e-01
6.908782583105771202e+00 5.292103084339646601e-01
7.159060853508338873e+00 4.868572454609609301e-01
7.409414762591408632e+00 4.385181781539369550e-01
7.659227149364629561e+00 4.070498191444322234e-01
7.911559474606142395e+00 3.669429623344960256e-01
8.163750941790897997e+00 3.481930937201230258e-01
8.415757210439384295e+00 3.236409885797999486e-01
8.667638839289207198e+00 2.888501155110315688e-01
8.918801124864609520e+00 2.716839823188375580e-01
9.170480108345369530e+00 2.509077009784602685e-01
9.420566033467249412e+00 2.383428765063621557e-01
9.671642335271435797e+00 2.208026638588751478e-01
9.923426157758477473e+00 2.103164785801256986e-01
1.017396902749181820e+01 1.913861530842901615e-01
1.042533700753922155e+01 1.803847355988001389e-01
1.067702948358784276e+01 1.718259236811099100e-01
1.092969337256462303e+01 1.602703553847580065e-01
1.118211872033766419e+01 1.544612478425630431e-01
1.143346516925797296e+01 1.446340629086586005e-01
1.168350508557724687e+01 1.359059921071995303e-01
1.193379937775929100e+01 1.280011836295585070e-01
1.218553055762879112e+01 1.222239102653518011e-01
1.243711650801278878e+01 1.154363854424703406e-01
1.268867268647359303e+01 1.092698662014659344e-01
1.294075027177769144e+01 1.020729383044048089e-01
1.319267287020158363e+01 9.748202677641179537e-02
1.344470571782862756e+01 9.192116477445273770e-02
1.369480150283709641e+01 8.957012706014748360e-02
1.394591277066507828e+01 8.415000726060919978e-02
1.419764645764527167e+01 8.095421733172708523e-02
1.444766774168416212e+01 7.670928128097460885e-02
1.469906835825429070e+01 7.313258511221855385e-02
1.495059118111036511e+01 7.028938123166632301e-02
1.520261612590052991e+01 6.624842884075944627e-02
1.545415944503929495e+01 6.403199746954472971e-02
1.570456072545780124e+01 6.132852363987890271e-02
1.595705800128773966e+01 5.880555369743413474e-02
1.620829297830731619e+01 5.673492316757854786e-02
1.645966591028190962e+01 5.440124566875215173e-02
1.671125708846596325e+01 5.259415970034490156e-02
1.696160259490052624e+01 5.031868270276988742e-02
1.721370276108077135e+01 4.770887957241295996e-02
1.746543424102250341e+01 4.647636701717933194e-02
1.771598473288305442e+01 4.476046809627712980e-02
1.796653767411944003e+01 4.315440313247669024e-02
1.821765658501893270e+01 4.158611865419327425e-02
1.847053788120423334e+01 4.009309705776564758e-02
1.872257696809484173e+01 3.849300821861628003e-02
1.897394097105746269e+01 3.769933574012219318e-02
1.922542454726159988e+01 3.570852581685045324e-02
1.947607703355479103e+01 3.498857395559711037e-02
1.972678839839982601e+01 3.362505698603095172e-02
1.997802698857814363e+01 3.248228301562320480e-02
2.022863620534168660e+01 3.158610703632198230e-02
2.047969598507238231e+01 3.020015509900864786e-02
2.073250439107362553e+01 2.914985678828169863e-02
2.098435855211640089e+01 2.835488549742495520e-02
2.123502923393334640e+01 2.735465552077186516e-02
2.148629411178690773e+01 2.684755419170735749e-02
2.173831825513516591e+01 2.592348516192906696e-02
2.198972260956887226e+01 2.515560950547878274e-02
2.223974971000711420e+01 2.449968830028482689e-02
2.249141870643862973e+01 2.366749242655446020e-02
2.274404614890906373e+01 2.286651757902698201e-02
2.299521835768831579e+01 2.229058153861776526e-02
2.324620084136223852e+01 2.163287423830079562e-02
2.349757798664387209e+01 2.097993699000174142e-02
2.374870488118759937e+01 2.044859272242280021e-02
2.399988781917473091e+01 1.977758621591848426e-02
2.425071646049711305e+01 1.936158978189434290e-02
2.450187830577813841e+01 1.872299028850837876e-02
2.475391093216606109e+01 1.817193605490284927e-02
2.500524226975159792e+01 1.777442670916510453e-02
2.525610980153284402e+01 1.737950916343442356e-02
2.550801425092822328e+01 1.665650532216609442e-02
2.575943113325822864e+01 1.639644840865181127e-02
2.601074166866445125e+01 1.601385428874899444e-02
2.626234447079615464e+01 1.552082839788770062e-02
2.651347712943701751e+01 1.515380094181861467e-02
2.676474177984877656e+01 1.479198061708326614e-02
2.701628079430242479e+01 1.439355466963113117e-02
2.726734205837282232e+01 1.409433425792205700e-02
2.751837013544679422e+01 1.382322900931566914e-02
2.776937726815812724e+01 1.343616737502888354e-02
2.802070160973895341e+01 1.311380304934820114e-02
2.827249982643487058e+01 1.268035429631702779e-02
2.852407603869968966e+01 1.244112373732367272e-02
2.877567300468570721e+01 1.214688591270161357e-02
2.902733523039245256e+01 1.184749711289012804e-02
2.927861073083739996e+01 1.159998077379599882e-02
2.953003196193969160e+01 1.133583011375902290e-02
2.978106336846375157e+01 1.113314764798978458e-02
3.003148440777084716e+01 1.088711513366808978e-02
3.028303386126418673e+01 1.061821953005056933e-02
3.053456493440382857e+01 1.041356122999434301e-02
3.078585183944906944e+01 1.016141878189826160e-02
3.103757946070165730e+01 9.890144388501677028e-03
3.128931656795834826e+01 9.683525931955407062e-03
3.154125974608096428e+01 9.469157483956831822e-03
3.179158626791808828e+01 9.344458412841738157e-03
3.204196438636942190e+01 9.115110693815101778e-03
3.229344668057169798e+01 8.924109131135561992e-03
3.254489998018084407e+01 8.732917235194688141e-03
3.279660140319880668e+01 8.563596825344434865e-03
3.304772754686901237e+01 8.334052388032494804e-03
3.329949953441923327e+01 8.255048633089371798e-03
3.355173249539067371e+01 8.030466654871559751e-03
3.380235474142784824e+01 7.886791539782164046e-03
3.405292218889088218e+01 7.748300033466057682e-03
3.430455901572810262e+01 7.567383377152039209e-03
3.455605119154291316e+01 7.428587215885235420e-03
3.480708698418615654e+01 7.236755556999402428e-03
3.505823042281740243e+01 7.093117897551365174e-03
3.530983122122644602e+01 6.972005781330955533e-03
3.556111974160763367e+01 6.889987961703826144e-03
3.581195885960364933e+01 6.763521197390248881e-03
3.606348577968052638e+01 6.622711072837668064e-03
3.631495136683125935e+01 6.499545141068719875e-03
3.656646781331610185e+01 6.355625659066660785e-03
3.681800948534306173e+01 6.227962580824023507e-03
3.706942350460822411e+01 6.129780102626014929e-03
3.732119977997001570e+01 5.986228485292777873e-03
3.757249197135423202e+01 5.892897265846581967e-03
3.782324055213251057e+01 5.806342495768103580e-03
3.807430609684078604e+01 5.697027516539977798e-03
3.832526519371521090e+01 5.600277324842166914e-03
3.857704530181875668e+01 5.495153323347253503e-03
3.882896255048217427e+01 5.435557851530611363e-03
3.907976684424035341e+01 5.321108224697385439e-03
3.933085588900704010e+01 5.218340211997486537e-03
3.958184533965361140e+01 5.155989384250853069e-03
3.983320492881626507e+01 5.042759122150824135e-03
4.008506787586624398e+01 4.981204916123091811e-03
4.033569471078550350e+01 4.885299583658873034e-03
4.058701345074587863e+01 4.778794202373568695e-03
4.083916815834436420e+01 4.738428306302240774e-03
4.108978611092747713e+01 4.592232321991459448e-03
4.134119394692694271e+01 4.589788969934757538e-03
4.159372926482761557e+01 4.497960987322692852e-03
4.184480996230068683e+01 4.402340945516852559e-03
4.209495048714620680e+01 4.326999632266556595e-03
4.234568601474854432e+01 4.252532346431288010e-03
4.259794184898333214e+01 4.228525211677112809e-03
4.284922176444433717e+01 4.139020922728674050e-03
4.309982534096671003e+01 4.069545387867604287e-03
4.335153475414617930e+01 3.983419608313980113e-03
4.360374984514007224e+01 3.925288939763949686e-03
4.385432838732079830e+01 3.852094070644382189e-03
4.410529766549178277e+01 3.835309641520542271e-03
4.435675536456894008e+01 3.752913972151989200e-03
4.460756668584335927e+01 3.707472951260976091e-03
4.485812369927145937e+01 3.622120092800502466e-03
4.510933196139897206e+01 3.593552641244330062e-03
4.536097672816924131e+01 3.520058828200982141e-03
4.561261869099184452e+01 3.461660509607843422e-03
4.586346064304911607e+01 3.449798369811734201e-03
4.611435299895526185e+01 3.411176168706796068e-03
4.636610302009028572e+01 3.341017995802176774e-03
4.661726081402038346e+01 3.279125413413091876e-03
4.686748045926628237e+01 3.253319990307158502e-03
4.712001000143001761e+01 3.176438223862262239e-03
4.737334269293729960e+01 3.182581012886037588e-03
4.762357272554871912e+01 3.103055455558773826e-03
4.787295862859781437e+01 3.031173119876543007e-03
4.812686710231834297e+01 3.020891415315349760e-03
4.837988354528783930e+01 3.039961260736177319e-03
4.862698975964909209e+01 2.997253110535901249e-03
4.887931961662670233e+01 2.894837319571112125e-03
4.913512531690142282e+01 2.841887003456834617e-03
4.938486646957150583e+01 2.808338397643554869e-03
4.963073103205424985e+01 2.790471432067181175e-03
4.988316058859187763e+01 2.701038074760092438e-03
5.013927392651110893e+01 2.636865342339447544e-03
5.038898445289544270e+01 2.695296222239550784e-03
5.063791314200675941e+01 2.589748321818724670e-03
5.089234515763529032e+01 2.571448462598933601e-03
5.114529266359630810e+01 2.594456794641791797e-03
5.138952878242714206e+01 2.462336674306626026e-03
5.163945178601188246e+01 2.522471321679137842e-03
5.190206698624180603e+01 2.417126977489981229e-03
5.215590084722179398e+01 2.426480586748256275e-03
5.238680673191466042e+01 2.320989670604654137e-03
5.263532591009818873e+01 2.331846905481388052e-03
5.290823119436031874e+01 2.349654476184538047e-03
5.316882575050344428e+01 2.317715424953821837e-03
5.338513341050097694e+01 2.327907537464981094e-03
5.363212510227822349e+01 2.219899638985568021e-03
5.391615723351310407e+01 2.275867270459109096e-03
5.419187693011466678e+01 2.273450802120014283e-03
5.439722241285236493e+01 2.295196891225119093e-03
5.462806064877949552e+01 2.271797564837826130e-03
5.491241494336609463e+01 1.996732624369070962e-03
5.519421446932921782e+01 2.592282593371183792e-03
5.543046826972861396e+01 2.374187262932796454e-03
5.561137265256709128e+01 3.158247384356539962e-03
