3.559856489878782115e-01 7.497145399516606403e+02
6.031648866026231293e-01 2.011795606903436067e+02
8.579160745827347778e-01 8.684202351026446820e+01
1.113464310595710716e+00 5.372152177726157873e+01
1.374039914321364408e+00 3.429868818568519373e+01
1.619154704570298309e+00 2.028694192591514067e+01
1.870686673430271840e+00 1.526840490996988642e+01
2.123290040706380832e+00 1.129237514357882510e+01
2.378144976376236119e+00 8.362926171626956062e+00
2.630489925835516996e+00 6.094472399115673511e+00
2.878653162679494670e+00 5.087220990258312092e+00
3.131144366275339319e+00 3.832486920621329229e+00
3.388159578333816313e+00 3.336576510561365616e+00
3.638741848210948149e+00 2.717228325508715070e+00
3.888315910732085268e+00 2.363196760691168130e+00
4.139052155837465996e+00 1.951443789984672827e+00
4.390305777018236988e+00 1.737448195665719508e+00
4.642172339120373081e+00 1.414916936805090231e+00
4.894678666149941293e+00 1.323207458435915695e+00
5.147269052361176378e+00 1.156632110421442095e+00
5.398003206656323272e+00 1.018312288055306825e+00
5.647798235368590269e+00 8.982992119306977274e-01
5.900534302989873581e+00 7.961925823872274544e-01
6.151460297009074374e+00 7.140040372969674864e-01
6.402630176204441526e+00 6.504167334328719852e-01
6.655964674748322096e+00 5.737115625590818446e-01
6.908782583105771202e+00 5.339918472686998596e-01
7.159060853508338873e+00 4.881537831560569529e-01
7.409414762591408632e+00 4.439280932531461388e-01
7.659227149364629561e+00 4.087223956224272925e-01
7.911559474606142395e+00 3.775329639383536162e-01
8.163750941790897997e+00 3.457169393728992679e-01
8.415757210439384295e+00 3.194786661871784061e-01
8.667638839289207198e+00 2.957573237050453718e-01
8.918801124864609520e+00 2.753376465050421107e-01
9.170480108345369530e+00 2.570001709084656638e-01
9.420566033467249412e+00 2.378885713040569949e-01
9.671642335271435797e+00 2.206931172095378535e-01
9.923426157758477473e+00 2.090657816066768260e-01
1.017396902749181820e+01 1.900208016985132642e-01
1.042533700753922155e+01 1.812832205689574872e-01
1.067702948358784276e+01 1.715289845118270762e-01
1.092969337256462303e+01 1.594499911298157546e-01
1.118211872033766419e+01 1.501868242151272737e-01
1.143346516925797296e+01 1.418807260576952223e-01
1.168350508557724687e+01 1.330211758429553637e-01
1.193379937775929100e+01 1.257113984321095723e-01
1.218553055762879112e+01 1.202871473192154567e-01
1.243711650801278878e+01 1.142141928379254850e-01
1.268867268647359303e+01 1.086219275108681048e-01
1.294075027177769144e+01 1.030742601696984784e-01
1.319267287020158363e+01 9.842398103809982257e-02
1.344470571782862756e+01 9.232131372736558650e-02
1.369480150283709641e+01 8.989507339702032529e-02
1.394591277066507828e+01 8.372872364326197636e-02
1.419764645764527167e+01 8.105485430347239562e-02
1.444766774168416212e+01 7.610206351152888626e-02
1.469906835825429070e+01 7.236138905119353371e-02
1.495059118111036511e+01 6.993184880891888111e-02
1.520261612590052991e+01 6.757402085053028362e-02
1.545415944503929495e+01 6.446797481312571687e-02
1.570456072545780124e+01 6.118984093214625830e-02
1.595705800128773966e+01 5.935197363670430271e-02
1.620829297830731619e+01 5.635045839727632899e-02
1.645966591028190962e+01 5.434300856683706160e-02
1.671125708846596325e+01 5.202714113313682692e-02
1.696160259490052624e+01 5.016428448415834879e-02
1.721370276108077135e+01 4.818382932725315260e-02
1.746543424102250341e+01 4.681952882966589069e-02
1.771598473288305442e+01 4.470180268507207427e-02
1.796653767411944003e+01 4.280665968705094082e-02
1.821765658501893270e+01 4.112940185564198381e-02
1.847053788120423334e+01 3.997967171761827865e-02
1.872257696809484173e+01 3.830447114492765981e-02
1.897394097105746269e+01 3.707336442740204185e-02
1.922542454726159988e+01 3.607385896173680856e-02
1.947607703355479103e+01 3.465365344817952081e-02
1.972678839839982601e+01 3.348536688585107557e-02
1.997802698857814363e+01 3.268531133043586084e-02
2.022863620534168660e+01 3.150811844848638160e-02
2.047969598507238231e+01 3.026416360743864817e-02
2.073250439107362553e+01 2.951729490736273998e-02
2.098435855211640089e+01 2.856633986617494042e-02
2.123502923393334640e+01 2.751835631279925948e-02
2.148629411178690773e+01 2.689117190730225954e-02
2.173831825513516591e+01 2.580014992306903579e-02
2.198972260956887226e+01 2.499697154439194796e-02
2.223974971000711420e+01 2.428528193044457439e-02
2.249141870643862973e+01 2.380666203248004570e-02
2.274404614890906373e+01 2.297202478119860988e-02
2.299521835768831579e+01 2.223188503197186597e-02
2.324620084136223852e+01 2.181768212533255133e-02
2.349757798664387209e+01 2.085741574481922433e-02
2.374870488118759937e+01 2.033181621091590535e-02
2.399988781917473091e+01 1.970670447517706980e-02
2.425071646049711305e+01 1.925194691865724644e-02
2.450187830577813841e+01 1.871195272794413250e-02
2.475391093216606109e+01 1.822948067061494828e-02
2.500524226975159792e+01 1.778415735955484259e-02
2.525610980153284402e+01 1.731680922631420247e-02
2.550801425092822328e+01 1.687947748209681076e-02
2.575943113325822864e+01 1.640085916991739293e-02
2.601074166866445125e+01 1.597270609244503745e-02
2.626234447079615464e+01 1.554145626959772646e-02
2.651347712943701751e+01 1.521343558829783144e-02
2.676474177984877656e+01 1.474911217373582779e-02
2.701628079430242479e+01 1.448010246725783129e-02
2.726734205837282232e+01 1.417290976859006575e-02
2.751837013544679422e+01 1.376043066179235760e-02
2.776937726815812724e+01 1.340952086740900689e-02
2.802070160973895341e+01 1.312057122861835096e-02
2.827249982643487058e+01 1.274438034603249219e-02
2.852407603869968966e+01 1.249182119312367174e-02
2.877567300468570721e+01 1.214505718616391144e-02
2.902733523039245256e+01 1.188180146225926125e-02
2.927861073083739996e+01 1.160491450608558926e-02
2.953003196193969160e+01 1.135000143391812037e-02
2.978106336846375157e+01 1.108170679855260791e-02
3.003148440777084716e+01 1.080693460711920628e-02
3.028303386126418673e+01 1.057839005585131317e-02
3.053456493440382857e+01 1.041101864274964796e-02
3.078585183944906944e+01 1.006446218948268793e-02
3.103757946070165730e+01 9.859650333758180132e-03
3.128931656795834826e+01 9.727097241518059545e-03
3.154125974608096428e+01 9.490813440007817361e-03
3.179158626791808828e+01 9.302012692069091399e-03
3.204196438636942190e+01 9.035981424228031397e-03
3.229344668057169798e+01 8.893385353187911388e-03
3.254489998018084407e+01 8.689075101727054828e-03
3.279660140319880668e+01 8.549506009372277379e-03
3.304772754686901237e+01 8.396589579862631311e-03
3.329949953441923327e+01 8.189089369497267942e-03
3.355173249539067371e+01 8.011327399746527925e-03
3.380235474142784824e+01 7.904646536561761583e-03
3.405292218889088218e+01 7.750980116213792258e-03
3.430455901572810262e+01 7.541798319053651285e-03
3.455605119154291316e+01 7.405749215273435028e-03
3.480708698418615654e+01 7.254291888239353114e-03
3.505823042281740243e+01 7.174785135958498296e-03
3.530983122122644602e+01 6.986711932154786135e-03
3.556111974160763367e+01 6.893813432373564407e-03
3.581195885960364933e+01 6.741274834228250940e-03
3.606348577968052638e+01 6.595725815633714413e-03
3.631495136683125935e+01 6.467779983182523132e-03
3.656646781331610185e+01 6.358787092255437090e-03
3.681800948534306173e+01 6.257369716059762305e-03
3.706942350460822411e+01 6.101105191136272504e-03
3.732119977997001570e+01 6.020002921036333131e-03
3.757249197135423202e+01 5.924653486272110463e-03
3.782324055213251057e+01 5.807723248702491639e-03
3.807430609684078604e+01 5.691954518378812035e-03
3.832526519371521090e+01 5.601345516541724953e-03
3.857704530181875668e+01 5.504857163438649920e-03
3.882896255048217427e+01 5.411200775083513555e-03
3.907976684424035341e+01 5.280266742133226873e-03
3.933085588900704010e+01 5.191139762527683353e-03
3.958184533965361140e+01 5.142655638806648520e-03
3.983320492881626507e+01 5.060621474595295745e-03
4.008506787586624398e+01 4.937482400813383333e-03
4.033569471078550350e+01 4.873608611886361651e-03
4.058701345074587863e+01 4.780116250310669813e-03
4.083916815834436420e+01 4.728233859349090240e-03
4.108978611092747713e+01 4.617150577053165221e-03
4.134119394692694271e+01 4.537971067606495941e-03
4.159372926482761557e+01 4.524690752422308102e-03
4.184480996230068683e+01 4.430884218656391121e-03
4.209495048714620680e+01 4.364968806870941909e-03
4.234568601474854432e+01 4.265684616190601637e-03
4.259794184898333214e+01 4.152136405208915748e-03
4.284922176444433717e+01 4.110295786998944233e-03
4.309982534096671003e+01 4.052010671016138474e-03
4.335153475414617930e+01 3.971756701789312324e-03
4.360374984514007224e+01 3.931424465930514860e-03
4.385432838732079830e+01 3.886690220491528618e-03
4.410529766549178277e+01 3.798994346851717035e-03
4.435675536456894008e+01 3.758001229605770991e-03
4.460756668584335927e+01 3.689583009091463011e-03
4.485812369927145937e+01 3.641190202299935796e-03
4.510933196139897206e+01 3.574813799313251040e-03
4.536097672816924131e+01 3.534875518138039675e-03
4.561261869099184452e+01 3.468018003277693016e-03
4.586346064304911607e+01 3.426114323189557651e-03
4.611435299895526185e+01 3.398309890238672675e-03
4.636610302009028572e+01 3.338816821789012367e-03
4.661726081402038346e+01 3.231380546046878997e-03
4.686748045926628237e+01 3.258251090703281894e-03
4.712001000143001761e+01 3.221735910388313223e-03
4.737334269293729960e+01 3.181094001445303274e-03
4.762357272554871912e+01 3.072667892696145150e-03
4.787295862859781437e+01 3.031854303513874683e-03
4.812686710231834297e+01 3.023895709063228240e-03
4.837988354528783930e+01 2.953218943236342840e-03
4.862698975964909209e+01 2.956132910563805984e-03
4.887931961662670233e+01 2.840764920773624410e-03
4.913512531690142282e+01 2.906434214742696989e-03
4.938486646957150583e+01 2.806566357458545758e-03
4.963073103205424985e+01 2.753843864815704034e-03
4.988316058859187763e+01 2.720056858722379005e-03
5.013927392651110893e+01 2.685977647004887583e-03
5.038898445289544270e+01 2.612900937520497898e-03
5.063791314200675941e+01 2.586548556308885822e-03
5.089234515763529032e+01 2.518146557323688254e-03
5.114529266359630810e+01 2.575230032779785364e-03
5.138952878242714206e+01 2.485943536316394514e-03
5.163945178601188246e+01 2.431142247539317888e-03
5.190206698624180603e+01 2.449658821431473579e-03
5.215590084722179398e+01 2.419734190642736614e-03
5.238680673191466042e+01 2.492351780723649646e-03
5.263532591009818873e+01 2.225380034160222720e-03
5.290823119436031874e+01 2.408969674251777628e-03
5.316882575050344428e+01 2.233481811791998041e-03
5.338513341050097694e+01 2.130881689699824864e-03
5.363212510227822349e+01 2.302865660717976718e-03
5.391615723351310407e+01 2.290696000703972088e-03
5.419187693011466678e+01 2.342968804629727824e-03
5.439722241285236493e+01 2.245744808858357502e-03
5.462806064877949552e+01 2.339464993839043480e-03
5.491241494336609463e+01 2.167522616666245263e-03
5.519421446932921782e+01 1.818082427644346528e-03
5.543046826972861396e+01 2.062611323699527904e-03
5.561137265256709128e+01 8.600702474551806921e-04
