3.559856489878782115e-01 4.202187486263321716e+02
6.031648866026231293e-01 1.894049600987383144e+02
8.579160745827347778e-01 9.461001933462537750e+01
1.113464310595710716e+00 6.043180751813563489e+01
1.374039914321364408e+00 2.723137600360995592e+01
1.619154704570298309e+00 2.159791202928192888e+01
1.870686673430271840e+00 1.338680444020373272e+01
2.123290040706380832e+00 1.098192951318511845e+01
2.378144976376236119e+00 7.596745659422665220e+00
2.630489925835516996e+00 6.376524430716522751e+00
2.878653162679494670e+00 4.901560558092969977e+00
3.131144366275339319e+00 4.203156309374607602e+00
3.388159578333816313e+00 3.142268272543065066e+00
3.638741848210948149e+00 2.726986186893396891e+00
3.888315910732085268e+00 2.268067242833869734e+00
4.139052155837465996e+00 1.936795687068883165e+00
4.390305777018236988e+00 1.688219572354935805e+00
4.642172339120373081e+00 1.439114022945467308e+00
4.894678666149941293e+00 1.259901938895854112e+00
5.147269052361176378e+00 1.133937371362671476e+00
5.398003206656323272e+00 1.018638552615470427e+00
5.647798235368590269e+00 8.943556868158727413e-01
5.900534302989873581e+00 8.317969244052185740e-01
6.151460297009074374e+00 7.344173708082122332e-01
6.402630176204441526e+00 6.447404801182454737e-01
6.655964674748322096e+00 5.708509972194941717e-01
6.908782583105771202e+00 5.284835228365485360e-01
7.159060853508338873e+00 4.822835412168602898e-01
7.409414762591408632e+00 4.446910256906402292e-01
7.659227149364629561e+00 3.941142857149776413e-01
7.911559474606142395e+00 3.765116395222751211e-01
8.163750941790897997e+00 3.412714174347070695e-01
8.415757210439384295e+00 3.233783810704292661e-01
8.667638839289207198e+00 2.933080399778816849e-01
8.918801124864609520e+00 2.703548615676881206e-01
9.170480108345369530e+00 2.590433609154915162e-01
9.420566033467249412e+00 2.338147538237221879e-01
9.671642335271435797e+00 2.212849304661425875e-01
9.923426157758477473e+00 2.083475333986965217e-01
1.017396902749181820e+01 1.918263732078805128e-01
1.042533700753922155e+01 1.841791005713302731e-01
1.067702948358784276e+01 1.719508550691243864e-01
1.092969337256462303e+01 1.602238646184474535e-01
1.118211872033766419e+01 1.514045744260293647e-01
1.143346516925797296e+01 1.427489361978098725e-01
1.168350508557724687e+01 1.330370755642315550e-01
1.193379937775929100e+01 1.269854294426619179e-01
1.218553055762879112e+01 1.194678264375790694e-01
1.243711650801278878e+01 1.134893726472613745e-01
1.268867268647359303e+01 1.070700176890774097e-01
1.294075027177769144e+01 1.025060697749032579e-01
1.319267287020158363e+01 9.736548771165882965e-02
1.344470571782862756e+01 9.297704215858944299e-02
1.369480150283709641e+01 8.888951923632897045e-02
1.394591277066507828e+01 8.409608949469202233e-02
1.419764645764527167e+01 8.135136980433292642e-02
1.444766774168416212e+01 7.665123120052129424e-02
1.469906835825429070e+01 7.306672369568636971e-02
1.495059118111036511e+01 6.937646429059408926e-02
1.520261612590052991e+01 6.721442967238856758e-02
1.545415944503929495e+01 6.440409121584514396e-02
1.570456072545780124e+01 6.128330378035719284e-02
1.595705800128773966e+01 5.843479872840050965e-02
1.620829297830731619e+01 5.623316237903168424e-02
1.645966591028190962e+01 5.404606939541481414e-02
1.671125708846596325e+01 5.194739427265376158e-02
1.696160259490052624e+01 4.934157043617461158e-02
1.721370276108077135e+01 4.853838888259597723e-02
1.746543424102250341e+01 4.671161554259121995e-02
1.771598473288305442e+01 4.441705651525023474e-02
1.796653767411944003e+01 4.295169894177462699e-02
1.821765658501893270e+01 4.167094105663758652e-02
1.847053788120423334e+01 4.017054065260819429e-02
1.872257696809484173e+01 3.853092066690519402e-02
1.897394097105746269e+01 3.751851866226387638e-02
1.922542454726159988e+01 3.587642198142314276e-02
1.947607703355479103e+01 3.462465088507746952e-02
1.972678839839982601e+01 3.358461181067873280e-02
1.997802698857814363e+01 3.258618623569294048e-02
2.022863620534168660e+01 3.117942809756700170e-02
2.047969598507238231e+01 3.052761281253578082e-02
2.073250439107362553e+01 2.924911760351815021e-02
2.098435855211640089e+01 2.833306853111642806e-02
2.123502923393334640e+01 2.754129477270842591e-02
2.148629411178690773e+01 2.658267747796165884e-02
2.173831825513516591e+01 2.581700119946849989e-02
2.198972260956887226e+01 2.510884976740603708e-02
2.223974971000711420e+01 2.426284178827540008e-02
2.249141870643862973e+01 2.367935581969856165e-02
2.274404614890906373e+01 2.306158261001983040e-02
2.299521835768831579e+01 2.221740858494752197e-02
2.324620084136223852e+01 2.155695112249779791e-02
2.349757798664387209e+01 2.082694874854900888e-02
2.374870488118759937e+01 2.027191289012216305e-02
2.399988781917473091e+01 1.994052125853518556e-02
2.425071646049711305e+01 1.932603143589264189e-02
2.450187830577813841e+01 1.863041261632158302e-02
2.475391093216606109e+01 1.825046324222263233e-02
2.500524226975159792e+01 1.785366941820871328e-02
2.525610980153284402e+01 1.727745758629395390e-02
2.550801425092822328e+01 1.691310570217068043e-02
2.575943113325822864e+01 1.643676761028076486e-02
2.601074166866445125e+01 1.603773748062959845e-02
2.626234447079615464e+01 1.551852823176704498e-02
2.651347712943701751e+01 1.523581592000932197e-02
2.676474177984877656e+01 1.475765867141733828e-02
2.701628079430242479e+01 1.446227501405381553e-02
2.726734205837282232e+01 1.412429802217862046e-02
2.751837013544679422e+01 1.362732554184714097e-02
2.776937726815812724e+01 1.339861905365275462e-02
2.802070160973895341e+01 1.307411379801820366e-02
2.827249982643487058e+01 1.278106002875146335e-02
2.852407603869968966e+01 1.249462724360906121e-02
2.877567300468570721e+01 1.219791488149348478e-02
2.902733523039245256e+01 1.189258468887883016e-02
2.927861073083739996e+01 1.153953076257294846e-02
2.953003196193969160e+01 1.141592761583886013e-02
2.978106336846375157e+01 1.110250885680420276e-02
3.003148440777084716e+01 1.081242693367923981e-02
3.028303386126418673e+01 1.057977720736980910e-02
3.053456493440382857e+01 1.033430726265119684e-02
3.078585183944906944e+01 1.018761002952299835e-02
3.103757946070165730e+01 9.900432630048958127e-03
3.128931656795834826e+01 9.661245257248067195e-03
3.154125974608096428e+01 9.499600345945187832e-03
3.179158626791808828e+01 9.243906459190785740e-03
3.204196438636942190e+01 9.079014365839280579e-03
3.229344668057169798e+01 8.961122918391300693e-03
3.254489998018084407e+01 8.747297590633853689e-03
3.279660140319880668e+01 8.507334778666891459e-03
3.304772754686901237e+01 8.372369494786200891e-03
3.329949953441923327e+01 8.219804662600962639e-03
3.355173249539067371e+01 7.999540027318074314e-03
3.380235474142784824e+01 7.920156706401240698e-03
3.405292218889088218e+01 7.715908826483333649e-03
3.430455901572810262e+01 7.545113735651946471e-03
3.455605119154291316e+01 7.404344575500673362e-03
3.480708698418615654e+01 7.273745758508850211e-03
3.505823042281740243e+01 7.122515238139676651e-03
3.530983122122644602e+01 6.997237807288094781e-03
3.556111974160763367e+01 6.881698411906105040e-03
3.581195885960364933e+01 6.713626767754623213e-03
3.606348577968052638e+01 6.623045526949563992e-03
3.631495136683125935e+01 6.487191348748157747e-03
3.656646781331610185e+01 6.351281082502193732e-03
3.681800948534306173e+01 6.258400111621567792e-03
3.706942350460822411e+01 6.166938444138488420e-03
3.732119977997001570e+01 6.015991932114480266e-03
3.757249197135423202e+01 5.883991529448202168e-03
3.782324055213251057e+01 5.752361710241122965e-03
3.807430609684078604e+01 5.693669102548423906e-03
3.832526519371521090e+01 5.576538309413642952e-03
3.857704530181875668e+01 5.457905665860202787e-03
3.882896255048217427e+01 5.423860311071607675e-03
3.907976684424035341e+01 5.311329058990577230e-03
3.933085588900704010e+01 5.224556634251515015e-03
3.958184533965361140e+01 5.150172654999994083e-03
3.983320492881626507e+01 5.013820940706539137e-03
4.008506787586624398e+01 4.943810711863820366e-03
4.033569471078550350e+01 4.867348757269575679e-03
4.058701345074587863e+01 4.792452432395031235e-03
4.083916815834436420e+01 4.725482004692227109e-03
4.108978611092747713e+01 4.641852250330353799e-03
4.134119394692694271e+01 4.562871893286012462e-03
4.159372926482761557e+01 4.481362524359138594e-03
4.184480996230068683e+01 4.402092348920512085e-03
4.209495048714620680e+01 4.339789680618997940e-03
4.234568601474854432e+01 4.250731992683628654e-03
4.259794184898333214e+01 4.185329669529569592e-03
4.284922176444433717e+01 4.091632364672803668e-03
4.309982534096671003e+01 4.056520529833645798e-03
4.335153475414617930e+01 4.000149174120969965e-03
4.360374984514007224e+01 3.913933620067882105e-03
4.385432838732079830e+01 3.827624163796965531e-03
4.410529766549178277e+01 3.793255054937476594e-03
4.435675536456894008e+01 3.734944679373465495e-03
4.460756668584335927e+01 3.675712961151815072e-03
4.485812369927145937e+01 3.688650862528949654e-03
4.510933196139897206e+01 3.576174960341955370e-03
4.536097672816924131e+01 3.547715196743130364e-03
4.561261869099184452e+01 3.440287854974212294e-03
4.586346064304911607e+01 3.427313593489550014e-03
4.611435299895526185e+01 3.382572008615201357e-03
4.636610302009028572e+01 3.356440119968516489e-03
4.661726081402038346e+01 3.289285774527632000e-03
4.686748045926628237e+01 3.279868701743654958e-03
4.712001000143001761e+01 3.175039356371374844e-03
4.737334269293729960e+01 3.164951898545171043e-03
4.762357272554871912e+01 3.078861659326552567e-03
4.787295862859781437e+01 3.081410359778662296e-03
4.812686710231834297e+01 2.944845703466885192e-03
4.837988354528783930e+01 2.973563170770535981e-03
4.862698975964909209e+01 2.900990083115872250e-03
4.887931961662670233e+01 2.854539713930757516e-03
4.913512531690142282e+01 2.866232940262905104e-03
4.938486646957150583e+01 2.761986399156947641e-03
4.963073103205424985e+01 2.764525114936235758e-03
4.988316058859187763e+01 2.741098419579836992e-03
5.013927392651110893e+01 2.711993135471520069e-03
5.038898445289544270e+01 2.650583266863769990e-03
5.063791314200675941e+01 2.686347876942835576e-03
5.089234515763529032e+01 2.599684495297465044e-03
5.114529266359630810e+01 2.631048603651002862e-03
5.138952878242714206e+01 2.511941730118979338e-03
5.163945178601188246e+01 2.514410798343526612e-03
5.190206698624180603e+01 2.416294260853241171e-03
5.215590084722179398e+01 2.474597265411356342e-03
5.238680673191466042e+01 2.358925011602065660e-03
5.263532591009818873e+01 2.409370092259417208e-03
5.290823119436031874e+01 2.323887719183978171e-03
5.316882575050344428e+01 2.273966920383944067e-03
5.338513341050097694e+01 2.189517016810179750e-03
5.363212510227822349e+01 2.236438240268147273e-03
5.391615723351310407e+01 2.097221714628091753e-03
5.419187693011466678e+01 2.294276845400700440e-03
5.439722241285236493e+01 2.259473175954506297e-03
5.462806064877949552e+01 2.149167847843219247e-03
5.491241494336609463e+01 2.219062061667034704e-03
5.519421446932921782e+01 2.180665019341779948e-03
5.543046826972861396e+01 1.849574774192905627e-03
5.561137265256709128e+01 3.055251314408232669e-03
