3.559856489878782115e-01 1.281701626611569054e+03
6.031648866026231293e-01 2.116441083330807658e+02
8.579160745827347778e-01 7.965548603169881403e+01
1.113464310595710716e+00 5.301243033158488061e+01
1.374039914321364408e+00 3.213461491640163814e+01
1.619154704570298309e+00 1.876260869351122196e+01
1.870686673430271840e+00 1.364040066545911145e+01
2.123290040706380832e+00 1.046410104812480668e+01
2.378144976376236119e+00 7.924704599832054441e+00
2.630489925835516996e+00 5.766945504039237669e+00
2.878653162679494670e+00 4.674867643183645782e+00
3.131144366275339319e+00 4.106487396892209318e+00
3.388159578333816313e+00 3.256437499997699270e+00
3.638741848210948149e+00 2.806924006673717109e+00
3.888315910732085268e+00 2.376950426665676019e+00
4.139052155837465996e+00 2.055363964260225274e+00
4.390305777018236988e+00 1.612773464956245517e+00
4.642172339120373081e+00 1.508103263554011253e+00
4.894678666149941293e+00 1.282137015235112365e+00
5.147269052361176378e+00 1.167500592339472565e+00
5.398003206656323272e+00 9.806562783803798311e-01
5.647798235368590269e+00 9.085077766181396397e-01
5.900534302989873581e+00 8.174595055454801917e-01
6.151460297009074374e+00 7.395150298647111820e-01
6.402630176204441526e+00 6.476427099249594255e-01
6.655964674748322096e+00 5.910880472261169638e-01
6.908782583105771202e+00 5.168397688209809271e-01
7.159060853508338873e+00 4.825778297532021255e-01
7.409414762591408632e+00 4.458711174681800338e-01
7.659227149364629561e+00 4.206888672140804974e-01
7.911559474606142395e+00 3.759616322426533874e-01
8.163750941790897997e+00 3.427906895586755320e-01
8.415757210439384295e+00 3.209394447934952876e-01
8.667638839289207198e+00 2.917195752337300441e-01
8.918801124864609520e+00 2.709502957516163324e-01
9.170480108345369530e+00 2.535070385717194119e-01
9.420566033467249412e+00 2.385465469787989845e-01
9.671642335271435797e+00 2.188234018381958745e-01
9.923426157758477473e+00 2.032780558647546143e-01
1.017396902749181820e+01 1.930259055508782573e-01
1.042533700753922155e+01 1.822949860381254672e-01
1.067702948358784276e+01 1.718623409079599595e-01
1.092969337256462303e+01 1.614201899965543585e-01
1.118211872033766419e+01 1.505622814291033007e-01
1.143346516925797296e+01 1.411504152290564140e-01
1.168350508557724687e+01 1.349385873985200490e-01
1.193379937775929100e+01 1.277423964367715159e-01
1.218553055762879112e+01 1.197726575376726332e-01
1.243711650801278878e+01 1.127895379802326958e-01
1.268867268647359303e+01 1.080480461932069453e-01
1.294075027177769144e+01 1.028287969281067721e-01
1.319267287020158363e+01 9.872453966582862839e-02
1.344470571782862756e+01 9.303949562069271928e-02
1.369480150283709641e+01 8.834797295055986377e-02
1.394591277066507828e+01 8.391349538965704735e-02
1.419764645764527167e+01 8.073308385619758221e-02
1.444766774168416212e+01 7.716236790644130650e-02
1.469906835825429070e+01 7.378696306167421837e-02
1.495059118111036511e+01 7.027096925869273647e-02
1.520261612590052991e+01 6.711658849691655437e-02
1.545415944503929495e+01 6.365360258016435069e-02
1.570456072545780124e+01 6.193421861255567207e-02
1.595705800128773966e+01 5.877460932814638356e-02
1.620829297830731619e+01 5.648083079849443300e-02
1.645966591028190962e+01 5.465527644308129651e-02
1.671125708846596325e+01 5.195882166217013348e-02
1.696160259490052624e+01 5.059119364916093986e-02
1.721370276108077135e+01 4.817360048796691385e-02
1.746543424102250341e+01 4.628503029672939584e-02
1.771598473288305442e+01 4.437491872384817515e-02
1.796653767411944003e+01 4.285906375316846095e-02
1.821765658501893270e+01 4.164818556746575223e-02
1.847053788120423334e+01 3.973304014172385906e-02
1.872257696809484173e+01 3.898776132723012072e-02
1.897394097105746269e+01 3.753349083761746419e-02
1.922542454726159988e+01 3.570934378074309273e-02
1.947607703355479103e+01 3.483926483437110172e-02
1.972678839839982601e+01 3.353689976507220893e-02
1.997802698857814363e+01 3.279830049499238287e-02
2.022863620534168660e+01 3.137387472172759734e-02
2.047969598507238231e+01 3.026473542168586772e-02
2.073250439107362553e+01 2.958340715276345373e-02
2.098435855211640089e+01 2.847003450837158264e-02
2.123502923393334640e+01 2.748463998578290490e-02
2.148629411178690773e+01 2.668138251909482270e-02
2.173831825513516591e+01 2.596129394369986465e-02
2.198972260956887226e+01 2.505366563758148341e-02
2.223974971000711420e+01 2.422871624995502973e-02
2.249141870643862973e+01 2.354103379838604418e-02
2.274404614890906373e+01 2.293844712575221836e-02
2.299521835768831579e+01 2.226016862234607430e-02
2.324620084136223852e+01 2.162055161453749555e-02
2.349757798664387209e+01 2.099171072100829843e-02
2.374870488118759937e+01 2.036524172336139082e-02
2.399988781917473091e+01 1.988993006785061066e-02
2.425071646049711305e+01 1.940537285730567843e-02
2.450187830577813841e+01 1.877974761618970284e-02
2.475391093216606109e+01 1.824176250740026928e-02
2.500524226975159792e+01 1.777642664681182427e-02
2.525610980153284402e+01 1.724750684603155657e-02
2.550801425092822328e+01 1.688556819099413728e-02
2.575943113325822864e+01 1.637098744157727478e-02
2.601074166866445125e+01 1.590794927939099754e-02
2.626234447079615464e+01 1.561489496673181508e-02
2.651347712943701751e+01 1.511943338146361400e-02
2.676474177984877656e+01 1.480992942968278187e-02
2.701628079430242479e+01 1.449261712909821059e-02
2.726734205837282232e+01 1.405996736335654758e-02
2.751837013544679422e+01 1.379677453129214693e-02
2.776937726815812724e+01 1.352120405081851801e-02
2.802070160973895341e+01 1.313054883925891120e-02
2.827249982643487058e+01 1.271654244445420863e-02
2.852407603869968966e+01 1.245538114606940978e-02
2.877567300468570721e+01 1.213702364630824850e-02
2.902733523039245256e+01 1.185773140497226735e-02
2.927861073083739996e+01 1.154954904955541109e-02
2.953003196193969160e+01 1.134319965538983614e-02
2.978106336846375157e+01 1.112525200705839941e-02
3.003148440777084716e+01 1.086126847960748772e-02
3.028303386126418673e+01 1.054462778032502768e-02
3.053456493440382857e+01 1.034221692192824511e-02
3.078585183944906944e+01 1.017666597665540552e-02
3.103757946070165730e+01 9.886890156723816825e-03
3.128931656795834826e+01 9.700601421605439464e-03
3.154125974608096428e+01 9.485879064596268451e-03
3.179158626791808828e+01 9.234786684732708070e-03
3.204196438636942190e+01 9.138708601969242409e-03
3.229344668057169798e+01 8.864324442855500349e-03
3.254489998018084407e+01 8.770850073616739614e-03
3.279660140319880668e+01 8.593031422009555012e-03
3.304772754686901237e+01 8.375452199308287132e-03
3.329949953441923327e+01 8.162382275993628269e-03
3.355173249539067371e+01 8.009554224155225957e-03
3.380235474142784824e+01 7.878722641695147869e-03
3.405292218889088218e+01 7.713522589759570607e-03
3.430455901572810262e+01 7.554184028596821338e-03
3.455605119154291316e+01 7.440353093639905969e-03
3.480708698418615654e+01 7.291163747319522048e-03
3.505823042281740243e+01 7.099001058348648578e-03
3.530983122122644602e+01 7.000294831027204304e-03
3.556111974160763367e+01 6.864801819266086631e-03
3.581195885960364933e+01 6.733442053453712016e-03
3.606348577968052638e+01 6.608318859454813919e-03
3.631495136683125935e+01 6.488956070809436157e-03
3.656646781331610185e+01 6.360156238904280529e-03
3.681800948534306173e+01 6.241627957573958087e-03
3.706942350460822411e+01 6.113901704127196364e-03
3.732119977997001570e+01 6.038457237876150747e-03
3.757249197135423202e+01 5.904858930025580661e-03
3.782324055213251057e+01 5.790666750716095060e-03
3.807430609684078604e+01 5.711948577831169743e-03
3.832526519371521090e+01 5.614538996092097341e-03
3.857704530181875668e+01 5.482889396541534323e-03
3.882896255048217427e+01 5.427918033910193556e-03
3.907976684424035341e+01 5.284244947157727690e-03
3.933085588900704010e+01 5.229813424584552235e-03
3.958184533965361140e+01 5.136685644357242252e-03
3.983320492881626507e+01 5.046505714273353746e-03
4.008506787586624398e+01 4.907082359090524787e-03
4.033569471078550350e+01 4.852555339270328560e-03
4.058701345074587863e+01 4.819051783733605335e-03
4.083916815834436420e+01 4.708371287578279156e-03
4.108978611092747713e+01 4.609664123814660210e-03
4.134119394692694271e+01 4.548613660383829180e-03
4.159372926482761557e+01 4.481967232492561556e-03
4.184480996230068683e+01 4.382966419709445442e-03
4.209495048714620680e+01 4.342863613622500660e-03
4.234568601474854432e+01 4.266538623701025996e-03
4.259794184898333214e+01 4.193675590418772907e-03
4.284922176444433717e+01 4.130943703677230835e-03
4.309982534096671003e+01 4.093132438258826993e-03
4.335153475414617930e+01 4.007093543588533327e-03
4.360374984514007224e+01 3.917342316909828114e-03
4.385432838732079830e+01 3.888709792972018086e-03
4.410529766549178277e+01 3.780137778840229976e-03
4.435675536456894008e+01 3.749676225002299742e-03
4.460756668584335927e+01 3.690919975934277807e-03
4.485812369927145937e+01 3.638640374399223706e-03
4.510933196139897206e+01 3.589616906773803080e-03
4.536097672816924131e+01 3.563666753147683164e-03
4.561261869099184452e+01 3.471083692281533989e-03
4.586346064304911607e+01 3.468599112616294489e-03
4.611435299895526185e+01 3.367649452895072910e-03
4.636610302009028572e+01 3.297562820437181710e-03
4.661726081402038346e+01 3.240410693102782191e-03
4.686748045926628237e+01 3.259391264379235455e-03
4.712001000143001761e+01 3.244466165678432882e-03
4.737334269293729960e+01 3.121008478225345811e-03
4.762357272554871912e+01 3.050053811154981778e-03
4.787295862859781437e+01 3.066527047001320252e-03
4.812686710231834297e+01 2.984517429121630490e-03
4.837988354528783930e+01 2.979117653427198077e-03
4.862698975964909209e+01 2.962332720866889865e-03
4.887931961662670233e+01 2.877570283891794489e-03
4.913512531690142282e+01 2.807024364996625349e-03
4.938486646957150583e+01 2.776573220377589069e-03
4.963073103205424985e+01 2.744176100408630276e-03
4.988316058859187763e+01 2.740704231556129362e-03
5.013927392651110893e+01 2.767972939574264799e-03
5.038898445289544270e+01 2.638413054676056694e-03
5.063791314200675941e+01 2.632178714624769725e-03
5.089234515763529032e+01 2.522354647150293078e-03
5.114529266359630810e+01 2.467304462772620596e-03
5.138952878242714206e+01 2.523269883426189700e-03
5.163945178601188246e+01 2.503490438724417181e-03
5.190206698624180603e+01 2.398265519318524067e-03
5.215590084722179398e+01 2.439275802516586468e-03
5.238680673191466042e+01 2.338236941318073882e-03
5.263532591009818873e+01 2.314769988244033856e-03
5.290823119436031874e+01 2.315187000082194902e-03
5.316882575050344428e+01 2.189569475136785969e-03
5.338513341050097694e+01 2.340286955286248992e-03
5.363212510227822349e+01 2.062908160563676953e-03
5.391615723351310407e+01 2.224845512879369217e-03
5.419187693011466678e+01 2.092024444517003555e-03
5.439722241285236493e+01 2.090096726454432688e-03
5.462806064877949552e+01 2.066602864504858174e-03
5.491241494336609463e+01 1.977020080735286418e-03
5.519421446932921782e+01 1.387127280751761400e-03
5.543046826972861396e+01 2.875532952560813735e-03
5.561137265256709128e+01 1.842426175268574266e-03
