3.559856489878782115e-01 1.226546770897854003e+03
6.031648866026231293e-01 2.094436199485597285e+02
8.579160745827347778e-01 9.347187227747494376e+01
1.113464310595710716e+00 4.719274407323157305e+01
1.374039914321364408e+00 3.110107807202304642e+01
1.619154704570298309e+00 2.014682859301684914e+01
1.870686673430271840e+00 1.459529949299677476e+01
2.123290040706380832e+00 1.061305340568550726e+01
2.378144976376236119e+00 8.126627860575295514e+00
2.630489925835516996e+00 6.150641785065544376e+00
2.878653162679494670e+00 5.081949441780951204e+00
3.131144366275339319e+00 4.269488729738581512e+00
3.388159578333816313e+00 3.166637776793431946e+00
3.638741848210948149e+00 2.745192770041396280e+00
3.888315910732085268e+00 2.348373485257972515e+00
4.139052155837465996e+00 1.988448374583245970e+00
4.390305777018236988e+00 1.699637731403333296e+00
4.642172339120373081e+00 1.531554318368849366e+00
4.894678666149941293e+00 1.301676409283182512e+00
5.147269052361176378e+00 1.128923081992710964e+00
5.398003206656323272e+00 9.882230690112268068e-01
5.647798235368590269e+00 8.893693656125772895e-01
5.900534302989873581e+00 8.114873973530287721e-01
6.151460297009074374e+00 7.279232218158945278e-01
6.402630176204441526e+00 6.626662274765408034e-01
6.655964674748322096e+00 6.010956292241579346e-01
6.908782583105771202e+00 5.460135520315541058e-01
7.159060853508338873e+00 4.824002229085243565e-01
7.409414762591408632e+00 4.514864788318334599e-01
7.659227149364629561e+00 4.091775825574653913e-01
7.911559474606142395e+00 3.737088933506765853e-01
8.163750941790897997e+00 3.438071917720727511e-01
8.415757210439384295e+00 3.251618547332048026e-01
8.667638839289207198e+00 2.916101896554970097e-01
8.918801124864609520e+00 2.662290459119518449e-01
9.170480108345369530e+00 2.562919615084069958e-01
9.420566033467249412e+00 2.364171239922381595e-01
9.671642335271435797e+00 2.232233151938072535e-01
9.923426157758477473e+00 2.062640457957237439e-01
1.017396902749181820e+01 1.969787292162745451e-01
1.042533700753922155e+01 1.790407168773369140e-01
1.067702948358784276e+01 1.699043399768131457e-01
1.092969337256462303e+01 1.603288558089363547e-01
1.118211872033766419e+01 1.512150711867263631e-01
1.143346516925797296e+01 1.435798173673703548e-01
1.168350508557724687e+01 1.340718003980834738e-01
1.193379937775929100e+01 1.274982172104185962e-01
1.218553055762879112e+01 1.215672535607181109e-01
1.243711650801278878e+01 1.138872544594876635e-01
1.268867268647359303e+01 1.089630572572040934e-01
1.294075027177769144e+01 1.024922405003381581e-01
1.319267287020158363e+01 9.789906441769276324e-02
1.344470571782862756e+01 9.427211800336512959e-02
1.369480150283709641e+01 8.826491394781348088e-02
1.394591277066507828e+01 8.438990663199924525e-02
1.419764645764527167e+01 8.002105743259377291e-02
1.444766774168416212e+01 7.634455834685467679e-02
1.469906835825429070e+01 7.370667693957462518e-02
1.495059118111036511e+01 7.038276232303619651e-02
1.520261612590052991e+01 6.724079818562531119e-02
1.545415944503929495e+01 6.430735994226952079e-02
1.570456072545780124e+01 6.124361943301483147e-02
1.595705800128773966e+01 5.916222601623676719e-02
1.620829297830731619e+01 5.683706208500262369e-02
1.645966591028190962e+01 5.406089340967070583e-02
1.671125708846596325e+01 5.187069056541611378e-02
1.696160259490052624e+01 5.042073661582102684e-02
1.721370276108077135e+01 4.831199863785020504e-02
1.746543424102250341e+01 4.643207874893158504e-02
1.771598473288305442e+01 4.436408602091295589e-02
1.796653767411944003e+01 4.312432568453779952e-02
1.821765658501893270e+01 4.101819001614478988e-02
1.847053788120423334e+01 3.948102479369527962e-02
1.872257696809484173e+01 3.864035777903825769e-02
1.897394097105746269e+01 3.742117180142392335e-02
1.922542454726159988e+01 3.614378486679384328e-02
1.947607703355479103e+01 3.473544300754081299e-02
1.972678839839982601e+01 3.357448799444427701e-02
1.997802698857814363e+01 3.248393751749061031e-02
2.022863620534168660e+01 3.123228355790061764e-02
2.047969598507238231e+01 3.046785929642083918e-02
2.073250439107362553e+01 2.942633378013443171e-02
2.098435855211640089e+01 2.850201860742959323e-02
2.123502923393334640e+01 2.749452304320092536e-02
2.148629411178690773e+01 2.662949135923084812e-02
2.173831825513516591e+01 2.600113888920724259e-02
2.198972260956887226e+01 2.509806482524901475e-02
2.223974971000711420e+01 2.436472310590376972e-02
2.249141870643862973e+01 2.360356784556253903e-02
2.274404614890906373e+01 2.265284717427059474e-02
2.299521835768831579e+01 2.207179956455699449e-02
2.324620084136223852e+01 2.162349647551221887e-02
2.349757798664387209e+01 2.084250959181771848e-02
2.374870488118759937e+01 2.041503735686931234e-02
2.399988781917473091e+01 1.992104162543117951e-02
2.425071646049711305e+01 1.913141247979743137e-02
2.450187830577813841e+01 1.873572296166537907e-02
2.475391093216606109e+01 1.822925201594084721e-02
2.500524226975159792e+01 1.769906134572901343e-02
2.525610980153284402e+01 1.726500155298398356e-02
2.550801425092822328e+01 1.690355305350424442e-02
2.575943113325822864e+01 1.647960574233464301e-02
2.601074166866445125e+01 1.603779543856350895e-02
2.626234447079615464e+01 1.563568361258337036e-02
2.651347712943701751e+01 1.508098177867089537e-02
2.676474177984877656e+01 1.478892573343264065e-02
2.701628079430242479e+01 1.437139549942031275e-02
2.726734205837282232e+01 1.411534316287657402e-02
2.751837013544679422e+01 1.362369648567535521e-02
2.776937726815812724e+01 1.337074398844778286e-02
2.802070160973895341e+01 1.311500601113971438e-02
2.827249982643487058e+01 1.279094147061901783e-02
2.852407603869968966e+01 1.243729476033564839e-02
2.877567300468570721e+01 1.218754436873415586e-02
2.902733523039245256e+01 1.181230302647509958e-02
2.927861073083739996e+01 1.164927550207934918e-02
2.953003196193969160e+01 1.135242522628799634e-02
2.978106336846375157e+01 1.112346805530861453e-02
3.003148440777084716e+01 1.073859448171148208e-02
3.028303386126418673e+01 1.057806589391782626e-02
3.053456493440382857e+01 1.033534927193644967e-02
3.078585183944906944e+01 1.016766873498687468e-02
3.103757946070165730e+01 9.956948945934176662e-03
3.128931656795834826e+01 9.706207697275684790e-03
3.154125974608096428e+01 9.532238062313812266e-03
3.179158626791808828e+01 9.274322257186599916e-03
3.204196438636942190e+01 9.098659920901492476e-03
3.229344668057169798e+01 8.896743310164241872e-03
3.254489998018084407e+01 8.741009678308139796e-03
3.279660140319880668e+01 8.486280254060589098e-03
3.304772754686901237e+01 8.374678801176788090e-03
3.329949953441923327e+01 8.138138229856593450e-03
3.355173249539067371e+01 8.050064812710651385e-03
3.380235474142784824e+01 7.836835313423454186e-03
3.405292218889088218e+01 7.695595037791885459e-03
3.430455901572810262e+01 7.572581743568444768e-03
3.455605119154291316e+01 7.432830852678396286e-03
3.480708698418615654e+01 7.262654206944275416e-03
3.505823042281740243e+01 7.087815354617558322e-03
3.530983122122644602e+01 6.984968135216514454e-03
3.556111974160763367e+01 6.845152086213634503e-03
3.581195885960364933e+01 6.766195472953741297e-03
3.606348577968052638e+01 6.614937423213871487e-03
3.631495136683125935e+01 6.459861411022984647e-03
3.656646781331610185e+01 6.370231802888371743e-03
3.681800948534306173e+01 6.237247829095431649e-03
3.706942350460822411e+01 6.161514729356726804e-03
3.732119977997001570e+01 6.007769132979148136e-03
3.757249197135423202e+01 5.948228846380674596e-03
3.782324055213251057e+01 5.794281514798316039e-03
3.807430609684078604e+01 5.713216515629310210e-03
3.832526519371521090e+01 5.614349934579883350e-03
3.857704530181875668e+01 5.483540322248388853e-03
3.882896255048217427e+01 5.409490281510108065e-03
3.907976684424035341e+01 5.309503313458596024e-03
3.933085588900704010e+01 5.198379053469571152e-03
3.958184533965361140e+01 5.105676096527528122e-03
3.983320492881626507e+01 5.029694975547668173e-03
4.008506787586624398e+01 4.985709622799880739e-03
4.033569471078550350e+01 4.872842114784839244e-03
4.058701345074587863e+01 4.796143441268510554e-03
4.083916815834436420e+01 4.725127380406783303e-03
4.108978611092747713e+01 4.620053850935123413e-03
4.134119394692694271e+01 4.591748635918980331e-03
4.159372926482761557e+01 4.468121184017014545e-03
4.184480996230068683e+01 4.389558792122843882e-03
4.209495048714620680e+01 4.302495761631208553e-03
4.234568601474854432e+01 4.279871255220268726e-03
4.259794184898333214e+01 4.177199992049037032e-03
4.284922176444433717e+01 4.121598893337125383e-03
4.309982534096671003e+01 4.067266649174739943e-03
4.335153475414617930e+01 3.992946615325141356e-03
4.360374984514007224e+01 3.921946625309700660e-03
4.385432838732079830e+01 3.871078678607943729e-03
4.410529766549178277e+01 3.846028941403461295e-03
4.435675536456894008e+01 3.772277336459144061e-03
4.460756668584335927e+01 3.670614730872328365e-03
4.485812369927145937e+01 3.632128481373830646e-03
4.510933196139897206e+01 3.562473844091942638e-03
4.536097672816924131e+01 3.535151126680765536e-03
4.561261869099184452e+01 3.469454503353476809e-03
4.586346064304911607e+01 3.446456448115460189e-03
4.611435299895526185e+01 3.390872234505451152e-03
4.636610302009028572e+01 3.354494981255827860e-03
4.661726081402038346e+01 3.277672386032590580e-03
4.686748045926628237e+01 3.260940567439038831e-03
4.712001000143001761e+01 3.235354310030745181e-03
4.737334269293729960e+01 3.166894540243908162e-03
4.762357272554871912e+01 3.051932990056763391e-03
4.787295862859781437e+01 3.073593068912310218e-03
4.812686710231834297e+01 2.973075235044070081e-03
4.837988354528783930e+01 2.930303568493833159e-03
4.862698975964909209e+01 2.948898897884410630e-03
4.887931961662670233e+01 2.887191854677164868e-03
4.913512531690142282e+01 2.828362514148318168e-03
4.938486646957150583e+01 2.801563617647146072e-03
4.963073103205424985e+01 2.646256497895913343e-03
4.988316058859187763e+01 2.684211231190113643e-03
5.013927392651110893e+01 2.687386406153890843e-03
5.038898445289544270e+01 2.701868670851574877e-03
5.063791314200675941e+01 2.612102309488283786e-03
5.089234515763529032e+01 2.578613417371783834e-03
5.114529266359630810e+01 2.538010342497286007e-03
5.138952878242714206e+01 2.524406851476115616e-03
5.163945178601188246e+01 2.389889460022375303e-03
5.190206698624180603e+01 2.471805946494144875e-03
5.215590084722179398e+01 2.410070253267618950e-03
5.238680673191466042e+01 2.410880646886281314e-03
5.263532591009818873e+01 2.349574486436082927e-03
5.290823119436031874e+01 2.250533601147723488e-03
5.316882575050344428e+01 2.235158120722728365e-03
5.338513341050097694e+01 2.303489087124955398e-03
5.363212510227822349e+01 2.235686398280241870e-03
5.391615723351310407e+01 2.321155793321056943e-03
5.419187693011466678e+01 2.067075512663130079e-03
5.439722241285236493e+01 2.236607120441775742e-03
5.462806064877949552e+01 2.051022370240878322e-03
5.491241494336609463e+01 2.101152171835122748e-03
5.519421446932921782e+01 2.096004217228917849e-03
5.543046826972861396e+01 8.943906971077672432e-04
5.561137265256709128e+01 3.691721827981219416e-03
