3.559856489878782115e-01 8.797779194115314567e+02
6.031648866026231293e-01 2.484025366965498165e+02
8.579160745827347778e-01 9.138129696224069676e+01
1.113464310595710716e+00 5.010980910038181690e+01
1.374039914321364408e+00 2.715124528070666443e+01
1.619154704570298309e+00 2.158740870047524396e+01
1.870686673430271840e+00 1.439769843398780758e+01
2.123290040706380832e+00 9.602482086848247889e+00
2.378144976376236119e+00 7.978222704845957303e+00
2.630489925835516996e+00 6.200783526423334635e+00
2.878653162679494670e+00 5.123441798041521444e+00
3.131144366275339319e+00 4.140554064967440162e+00
3.388159578333816313e+00 3.312199977668690121e+00
3.638741848210948149e+00 2.832236442823281575e+00
3.888315910732085268e+00 2.289552486994415936e+00
4.139052155837465996e+00 1.883413786275288215e+00
4.390305777018236988e+00 1.706990440370313333e+00
4.642172339120373081e+00 1.475401294009479836e+00
4.894678666149941293e+00 1.293676343259589689e+00
5.147269052361176378e+00 1.106945858276742634e+00
5.398003206656323272e+00 1.020313291089866903e+00
5.647798235368590269e+00 9.124997555814362560e-01
5.900534302989873581e+00 8.024906912463825037e-01
6.151460297009074374e+00 7.190465842956023090e-01
6.402630176204441526e+00 6.550495384092678286e-01
6.655964674748322096e+00 5.821345637757040503e-01
6.908782583105771202e+00 5.306463434958315073e-01
7.159060853508338873e+00 4.800817919213183349e-01
7.409414762591408632e+00 4.468153138763673038e-01
7.659227149364629561e+00 4.088052129952328140e-01
7.911559474606142395e+00 3.734503455659356486e-01
8.163750941790897997e+00 3.380088389653173597e-01
8.415757210439384295e+00 3.159109919540263878e-01
8.667638839289207198e+00 2.952844619417062666e-01
8.918801124864609520e+00 2.720680451295795499e-01
9.170480108345369530e+00 2.541953177253077345e-01
9.420566033467249412e+00 2.399147759613410313e-01
9.671642335271435797e+00 2.184794883707405766e-01
9.923426157758477473e+00 2.069646478630708941e-01
1.017396902749181820e+01 1.945397181316304014e-01
1.042533700753922155e+01 1.829289633173182827e-01
1.067702948358784276e+01 1.701772068931465265e-01
1.092969337256462303e+01 1.584052506626154877e-01
1.118211872033766419e+01 1.517393361981319300e-01
1.143346516925797296e+01 1.429683657697935484e-01
1.168350508557724687e+01 1.353682762116286131e-01
1.193379937775929100e+01 1.266087674365416471e-01
1.218553055762879112e+01 1.223405294538426474e-01
1.243711650801278878e+01 1.141263249310904421e-01
1.268867268647359303e+01 1.088832837364957506e-01
1.294075027177769144e+01 1.035712801305202768e-01
1.319267287020158363e+01 9.710156703160513492e-02
1.344470571782862756e+01 9.402282070057511876e-02
1.369480150283709641e+01 8.769455711796243780e-02
1.394591277066507828e+01 8.349770226964325914e-02
1.419764645764527167e+01 8.060480472281571218e-02
1.444766774168416212e+01 7.718776928305019769e-02
1.469906835825429070e+01 7.287623870324790032e-02
1.495059118111036511e+01 6.997537239448654856e-02
1.520261612590052991e+01 6.711792872897978657e-02
1.545415944503929495e+01 6.430861961721147380e-02
1.570456072545780124e+01 6.206765842852994541e-02
1.595705800128773966e+01 5.905045052060386990e-02
1.620829297830731619e+01 5.665242786676633058e-02
1.645966591028190962e+01 5.427865177992240164e-02
1.671125708846596325e+01 5.181593335518620141e-02
1.696160259490052624e+01 5.049589875426039459e-02
1.721370276108077135e+01 4.855102173337551980e-02
1.746543424102250341e+01 4.651254849852364676e-02
1.771598473288305442e+01 4.460317991850278052e-02
1.796653767411944003e+01 4.286497751633119857e-02
1.821765658501893270e+01 4.145867532197811817e-02
1.847053788120423334e+01 4.034817679211303437e-02
1.872257696809484173e+01 3.852514224505085294e-02
1.897394097105746269e+01 3.705042130089847979e-02
1.922542454726159988e+01 3.613380309612263669e-02
1.947607703355479103e+01 3.467600055510774992e-02
1.972678839839982601e+01 3.366117991609206272e-02
1.997802698857814363e+01 3.240295075700424382e-02
2.022863620534168660e+01 3.155749966041494770e-02
2.047969598507238231e+01 3.055170583676893731e-02
2.073250439107362553e+01 2.942526695660620251e-02
2.098435855211640089e+01 2.859013238552100128e-02
2.123502923393334640e+01 2.752206003211114457e-02
2.148629411178690773e+01 2.674256001218306561e-02
2.173831825513516591e+01 2.593384203777898689e-02
2.198972260956887226e+01 2.518694195077346779e-02
2.223974971000711420e+01 2.421774094940953859e-02
2.249141870643862973e+01 2.372758101553086932e-02
2.274404614890906373e+01 2.307877433246463897e-02
2.299521835768831579e+01 2.237758286777472710e-02
2.324620084136223852e+01 2.160896875845432288e-02
2.349757798664387209e+01 2.101590744686621798e-02
2.374870488118759937e+01 2.032568401887296233e-02
2.399988781917473091e+01 1.981011669609026790e-02
2.425071646049711305e+01 1.907135046700519573e-02
2.450187830577813841e+01 1.871084227990795629e-02
2.475391093216606109e+01 1.811305963714861245e-02
2.500524226975159792e+01 1.768647511609163642e-02
2.525610980153284402e+01 1.732445877028776504e-02
2.550801425092822328e+01 1.684970663558275558e-02
2.575943113325822864e+01 1.641825535547161707e-02
2.601074166866445125e+01 1.597905072733536366e-02
2.626234447079615464e+01 1.564002643758966374e-02
2.651347712943701751e+01 1.524158231414019481e-02
2.676474177984877656e+01 1.472408794514065526e-02
2.701628079430242479e+01 1.447908610163746793e-02
2.726734205837282232e+01 1.417410584068856498e-02
2.751837013544679422e+01 1.363706154599382027e-02
2.776937726815812724e+01 1.339945564992200619e-02
2.802070160973895341e+01 1.302195083296870705e-02
2.827249982643487058e+01 1.278330369704263302e-02
2.852407603869968966e+01 1.245814368372567642e-02
2.877567300468570721e+01 1.215893961484249344e-02
2.902733523039245256e+01 1.189170399026670891e-02
2.927861073083739996e+01 1.162617620157667397e-02
2.953003196193969160e+01 1.138484999354582965e-02
2.978106336846375157e+01 1.106894630800589301e-02
3.003148440777084716e+01 1.083439008492428739e-02
3.028303386126418673e+01 1.058620235762405305e-02
3.053456493440382857e+01 1.033767174241361983e-02
3.078585183944906944e+01 1.018855564713370444e-02
3.103757946070165730e+01 9.876403763670785207e-03
3.128931656795834826e+01 9.745582201533877290e-03
3.154125974608096428e+01 9.473196674011214596e-03
3.179158626791808828e+01 9.295890225526065934e-03
3.204196438636942190e+01 9.093601558806951868e-03
3.229344668057169798e+01 8.901250675191910502e-03
3.254489998018084407e+01 8.749740246851385461e-03
3.279660140319880668e+01 8.576667589912677359e-03
3.304772754686901237e+01 8.338869301683917920e-03
3.329949953441923327e+01 8.180783098244881479e-03
3.355173249539067371e+01 8.041661752186228529e-03
3.380235474142784824e+01 7.844618736212899054e-03
3.405292218889088218e+01 7.708090483383247399e-03
3.430455901572810262e+01 7.525561716018297660e-03
3.455605119154291316e+01 7.483196298549587948e-03
3.480708698418615654e+01 7.315293925058041942e-03
3.505823042281740243e+01 7.098212906795860200e-03
3.530983122122644602e+01 7.007138591434317748e-03
3.556111974160763367e+01 6.848503706596636813e-03
3.581195885960364933e+01 6.686326164362999154e-03
3.606348577968052638e+01 6.604303947089502046e-03
3.631495136683125935e+01 6.493660123575237773e-03
3.656646781331610185e+01 6.333421763677918315e-03
3.681800948534306173e+01 6.274543074438012659e-03
3.706942350460822411e+01 6.110404562417775381e-03
3.732119977997001570e+01 5.973673354291181119e-03
3.757249197135423202e+01 5.903936309628400429e-03
3.782324055213251057e+01 5.770935322712163890e-03
3.807430609684078604e+01 5.695330786668644472e-03
3.832526519371521090e+01 5.584448857512957012e-03
3.857704530181875668e+01 5.509599807882012597e-03
3.882896255048217427e+01 5.408380932491320230e-03
3.907976684424035341e+01 5.319159452277745156e-03
3.933085588900704010e+01 5.191356521681225397e-03
3.958184533965361140e+01 5.128973240570913229e-03
3.983320492881626507e+01 5.034866196664503947e-03
4.008506787586624398e+01 4.946682594070032739e-03
4.033569471078550350e+01 4.882626088125814959e-03
4.058701345074587863e+01 4.804763860661980142e-03
4.083916815834436420e+01 4.699876004036714940e-03
4.108978611092747713e+01 4.619887411171067285e-03
4.134119394692694271e+01 4.543621111430013078e-03
4.159372926482761557e+01 4.526966949892703880e-03
4.184480996230068683e+01 4.390218858946390995e-03
4.209495048714620680e+01 4.370360865277114933e-03
4.234568601474854432e+01 4.260863573828316611e-03
4.259794184898333214e+01 4.202857928127733469e-03
4.284922176444433717e+01 4.122125303047701438e-03
4.309982534096671003e+01 4.063710192945763425e-03
4.335153475414617930e+01 4.006967080464273433e-03
4.360374984514007224e+01 3.947964597312750464e-03
4.385432838732079830e+01 3.888344316676835971e-03
4.410529766549178277e+01 3.827269834933346316e-03
4.435675536456894008e+01 3.760319807214726733e-03
4.460756668584335927e+01 3.676365565307401599e-03
4.485812369927145937e+01 3.684506431978691685e-03
4.510933196139897206e+01 3.642666963978586324e-03
4.536097672816924131e+01 3.537478964243004603e-03
4.561261869099184452e+01 3.466621435972132119e-03
4.586346064304911607e+01 3.435754782924221613e-03
4.611435299895526185e+01 3.373854244074150997e-03
4.636610302009028572e+01 3.332600494827741514e-03
4.661726081402038346e+01 3.242491347061276109e-03
4.686748045926628237e+01 3.205712339017309769e-03
4.712001000143001761e+01 3.219936540107257161e-03
4.737334269293729960e+01 3.168595477405799533e-03
4.762357272554871912e+01 3.064911982293877339e-03
4.787295862859781437e+01 3.065269243009408409e-03
4.812686710231834297e+01 2.992058581408019082e-03
4.837988354528783930e+01 2.991012666470289037e-03
4.862698975964909209e+01 2.967657633785069846e-03
4.887931961662670233e+01 2.858244606912687443e-03
4.913512531690142282e+01 2.861079048387990108e-03
4.938486646957150583e+01 2.845767818579602020e-03
4.963073103205424985e+01 2.820064428646685151e-03
4.988316058859187763e+01 2.790145907502814167e-03
5.013927392651110893e+01 2.684966102061100892e-03
5.038898445289544270e+01 2.630987233530943711e-03
5.063791314200675941e+01 2.570018234961881417e-03
5.089234515763529032e+01 2.614396621674469016e-03
5.114529266359630810e+01 2.558453395613074013e-03
5.138952878242714206e+01 2.482170954476966337e-03
5.163945178601188246e+01 2.492424454931802327e-03
5.190206698624180603e+01 2.467805359882582501e-03
5.215590084722179398e+01 2.429495220089722754e-03
5.238680673191466042e+01 2.402136172485687653e-03
5.263532591009818873e+01 2.349729936813414223e-03
5.290823119436031874e+01 2.247859073750257258e-03
5.316882575050344428e+01 2.210635448104961848e-03
5.338513341050097694e+01 2.387539908799139830e-03
5.363212510227822349e+01 2.343385765728186933e-03
5.391615723351310407e+01 2.236840566756534421e-03
5.419187693011466678e+01 2.081560152177142509e-03
5.439722241285236493e+01 2.246172681828992410e-03
5.462806064877949552e+01 2.240473571091663747e-03
5.491241494336609463e+01 2.078081186342083542e-03
5.519421446932921782e+01 2.007552106860918239e-03
5.543046826972861396e+01 2.398797101695138677e-03
5.561137265256709128e+01 7.938649663790168761e-04
