3.559856489878782115e-01 4.671859919962682852e+02
6.031648866026231293e-01 2.503148397992544005e+02
8.579160745827347778e-01 9.692090044369921031e+01
1.113464310595710716e+00 4.489932080488581789e+01
1.374039914321364408e+00 2.897345480140709739e+01
1.619154704570298309e+00 1.879787928109333706e+01
1.870686673430271840e+00 1.478597925182667971e+01
2.123290040706380832e+00 1.046199634707062209e+01
2.378144976376236119e+00 8.059414641449068384e+00
2.630489925835516996e+00 5.589369965027783493e+00
2.878653162679494670e+00 4.860838526599671638e+00
3.131144366275339319e+00 3.961810628744884877e+00
3.388159578333816313e+00 3.157153909878972708e+00
3.638741848210948149e+00 2.910251837477369818e+00
3.888315910732085268e+00 2.410145146971994556e+00
4.139052155837465996e+00 2.016244850945920764e+00
4.390305777018236988e+00 1.677552867650818458e+00
4.642172339120373081e+00 1.464397286405679344e+00
4.894678666149941293e+00 1.309619295449264254e+00
5.147269052361176378e+00 1.085412467304115447e+00
5.398003206656323272e+00 1.032925171581310142e+00
5.647798235368590269e+00 8.776715530164356238e-01
5.900534302989873581e+00 7.806749821413354606e-01
6.151460297009074374e+00 7.225201149253214217e-01
6.402630176204441526e+00 6.525454091831526249e-01
6.655964674748322096e+00 5.857488384176237073e-01
6.908782583105771202e+00 5.265796018712923798e-01
7.159060853508338873e+00 4.809980526427279357e-01
7.409414762591408632e+00 4.391118183578862078e-01
7.659227149364629561e+00 4.077165062878318480e-01
7.911559474606142395e+00 3.721841836619197985e-01
8.163750941790897997e+00 3.507902713065795264e-01
8.415757210439384295e+00 3.180267743641076450e-01
8.667638839289207198e+00 2.909895782485012461e-01
8.918801124864609520e+00 2.685450965818684255e-01
9.170480108345369530e+00 2.528997317639271603e-01
9.420566033467249412e+00 2.390840784222500182e-01
9.671642335271435797e+00 2.214162253301078798e-01
9.923426157758477473e+00 2.060812285674072930e-01
1.017396902749181820e+01 1.949656435816143618e-01
1.042533700753922155e+01 1.786558248854197839e-01
1.067702948358784276e+01 1.736625418578451596e-01
1.092969337256462303e+01 1.586350327204469335e-01
1.118211872033766419e+01 1.504174533650929069e-01
1.143346516925797296e+01 1.405970910820596997e-01
1.168350508557724687e+01 1.373329631936477946e-01
1.193379937775929100e+01 1.270655970408807178e-01
1.218553055762879112e+01 1.175866809529143159e-01
1.243711650801278878e+01 1.160850966606566947e-01
1.268867268647359303e+01 1.111010870317650223e-01
1.294075027177769144e+01 1.032081594403162633e-01
1.319267287020158363e+01 9.776601697483333631e-02
1.344470571782862756e+01 9.181272401682315232e-02
1.369480150283709641e+01 8.945516651196795677e-02
1.394591277066507828e+01 8.420746760216241134e-02
1.419764645764527167e+01 8.069303934376392817e-02
1.444766774168416212e+01 7.595644741619703155e-02
1.469906835825429070e+01 7.274661776466646856e-02
1.495059118111036511e+01 6.967225691323904180e-02
1.520261612590052991e+01 6.669154855505830815e-02
1.545415944503929495e+01 6.510917433526595965e-02
1.570456072545780124e+01 6.234354072790045109e-02
1.595705800128773966e+01 5.875764235521061668e-02
1.620829297830731619e+01 5.650253940140026465e-02
1.645966591028190962e+01 5.418219314574779927e-02
1.671125708846596325e+01 5.211402090266533532e-02
1.696160259490052624e+01 5.045350086358488945e-02
1.721370276108077135e+01 4.792962350788610576e-02
1.746543424102250341e+01 4.648892680132719196e-02
1.771598473288305442e+01 4.480000225677893688e-02
1.796653767411944003e+01 4.282392071266796774e-02
1.821765658501893270e+01 4.174111250809298818e-02
1.847053788120423334e+01 3.978231549067492295e-02
1.872257696809484173e+01 3.841512058382992589e-02
1.897394097105746269e+01 3.728445460584891430e-02
1.922542454726159988e+01 3.582323872595435249e-02
1.947607703355479103e+01 3.482904370165094271e-02
1.972678839839982601e+01 3.355830723227046924e-02
1.997802698857814363e+01 3.248197717166800835e-02
2.022863620534168660e+01 3.155978999295611792e-02
2.047969598507238231e+01 3.038863020106668048e-02
2.073250439107362553e+01 2.939807751661204990e-02
2.098435855211640089e+01 2.859836709356093978e-02
2.123502923393334640e+01 2.755105378074453049e-02
2.148629411178690773e+01 2.659944833099488204e-02
2.173831825513516591e+01 2.588738743512760537e-02
2.198972260956887226e+01 2.513576749299547761e-02
2.223974971000711420e+01 2.443874474216586185e-02
2.249141870643862973e+01 2.362983610796706713e-02
2.274404614890906373e+01 2.287572455307290004e-02
2.299521835768831579e+01 2.227586861595795553e-02
2.324620084136223852e+01 2.172848668812341760e-02
2.349757798664387209e+01 2.085402364827119992e-02
2.374870488118759937e+01 2.030294328052018038e-02
2.399988781917473091e+01 1.989724868509787012e-02
2.425071646049711305e+01 1.936542687141259295e-02
2.450187830577813841e+01 1.886524136484174496e-02
2.475391093216606109e+01 1.823163905260156981e-02
2.500524226975159792e+01 1.763868326852454510e-02
2.525610980153284402e+01 1.728335394738671205e-02
2.550801425092822328e+01 1.669858901574178267e-02
2.575943113325822864e+01 1.640125562253233471e-02
2.601074166866445125e+01 1.603956504601808733e-02
2.626234447079615464e+01 1.560043288201849385e-02
2.651347712943701751e+01 1.519170918773518272e-02
2.676474177984877656e+01 1.476364855661901378e-02
2.701628079430242479e+01 1.442269756608339885e-02
2.726734205837282232e+01 1.400026986029133044e-02
2.751837013544679422e+01 1.371850608068886888e-02
2.776937726815812724e+01 1.343069619828315443e-02
2.802070160973895341e+01 1.307350500924218256e-02
2.827249982643487058e+01 1.275469435119035155e-02
2.852407603869968966e+01 1.255097076787210081e-02
2.877567300468570721e+01 1.221975858118659435e-02
2.902733523039245256e+01 1.187999400180065647e-02
2.927861073083739996e+01 1.154811473828725073e-02
2.953003196193969160e+01 1.137106952694529223e-02
2.978106336846375157e+01 1.110522942064260353e-02
3.003148440777084716e+01 1.081858209834853785e-02
3.028303386126418673e+01 1.052660973245578453e-02
3.053456493440382857e+01 1.038577176959550041e-02
3.078585183944906944e+01 1.012212695443535926e-02
3.103757946070165730e+01 9.945298048254969450e-03
3.128931656795834826e+01 9.723429489412830154e-03
3.154125974608096428e+01 9.513052909675894647e-03
3.179158626791808828e+01 9.318670580319630276e-03
3.204196438636942190e+01 9.037895014338392236e-03
3.229344668057169798e+01 8.895369502184957006e-03
3.254489998018084407e+01 8.731435621522936480e-03
3.279660140319880668e+01 8.591088806238388748e-03
3.304772754686901237e+01 8.350082020529640478e-03
3.329949953441923327e+01 8.186346007539575462e-03
3.355173249539067371e+01 8.032360256280401956e-03
3.380235474142784824e+01 7.849493043524367192e-03
3.405292218889088218e+01 7.720702423013467430e-03
3.430455901572810262e+01 7.561956681195393382e-03
3.455605119154291316e+01 7.368011700405296092e-03
3.480708698418615654e+01 7.252187706631673531e-03
3.505823042281740243e+01 7.129166660358566589e-03
3.530983122122644602e+01 7.036786024870238417e-03
3.556111974160763367e+01 6.878773906896263300e-03
3.581195885960364933e+01 6.709323506675003712e-03
3.606348577968052638e+01 6.604600629382569033e-03
3.631495136683125935e+01 6.457567293099422331e-03
3.656646781331610185e+01 6.348201464181992687e-03
3.681800948534306173e+01 6.276154476768706914e-03
3.706942350460822411e+01 6.115927980901633525e-03
3.732119977997001570e+01 5.992470640955543590e-03
3.757249197135423202e+01 5.884415815656808199e-03
3.782324055213251057e+01 5.804825280965057212e-03
3.807430609684078604e+01 5.684033347581467742e-03
3.832526519371521090e+01 5.601390526569061286e-03
3.857704530181875668e+01 5.496199470696241755e-03
3.882896255048217427e+01 5.429724174740900924e-03
3.907976684424035341e+01 5.277062216487557814e-03
3.933085588900704010e+01 5.214977164317351373e-03
3.958184533965361140e+01 5.088175786275479957e-03
3.983320492881626507e+01 5.027937290729343929e-03
4.008506787586624398e+01 4.963250449498914432e-03
4.033569471078550350e+01 4.838803477192426226e-03
4.058701345074587863e+01 4.785379869555233569e-03
4.083916815834436420e+01 4.728012953537837418e-03
4.108978611092747713e+01 4.642045521790953352e-03
4.134119394692694271e+01 4.564759909960153066e-03
4.159372926482761557e+01 4.497630274460908718e-03
4.184480996230068683e+01 4.401149969125495165e-03
4.209495048714620680e+01 4.337802184922506972e-03
4.234568601474854432e+01 4.265024031166735063e-03
4.259794184898333214e+01 4.250540803999810872e-03
4.284922176444433717e+01 4.158290983938102252e-03
4.309982534096671003e+01 4.047263969574577472e-03
4.335153475414617930e+01 4.010336991802572991e-03
4.360374984514007224e+01 3.929990702186074436e-03
4.385432838732079830e+01 3.884641912015580553e-03
4.410529766549178277e+01 3.812340866653834200e-03
4.435675536456894008e+01 3.774869000120026526e-03
4.460756668584335927e+01 3.684575152205913501e-03
4.485812369927145937e+01 3.684154176746599375e-03
4.510933196139897206e+01 3.609644846221890697e-03
4.536097672816924131e+01 3.555943073243245448e-03
4.561261869099184452e+01 3.479489948618354547e-03
4.586346064304911607e+01 3.425647091552830835e-03
4.611435299895526185e+01 3.415207272582375473e-03
4.636610302009028572e+01 3.346568786674803710e-03
4.661726081402038346e+01 3.261781353305744091e-03
4.686748045926628237e+01 3.265083993545722478e-03
4.712001000143001761e+01 3.201015830450821588e-03
4.737334269293729960e+01 3.149450385644783721e-03
4.762357272554871912e+01 3.100537458118674070e-03
4.787295862859781437e+01 3.047895108354164301e-03
4.812686710231834297e+01 3.041013862050991317e-03
4.837988354528783930e+01 2.967066770939229096e-03
4.862698975964909209e+01 2.929130229960999303e-03
4.887931961662670233e+01 2.832642349011135329e-03
4.913512531690142282e+01 2.853998269581785666e-03
4.938486646957150583e+01 2.752876494026433498e-03
4.963073103205424985e+01 2.771177637367734647e-03
4.988316058859187763e+01 2.763869687202802870e-03
5.013927392651110893e+01 2.685051331653595576e-03
5.038898445289544270e+01 2.554272804465496614e-03
5.063791314200675941e+01 2.619418321226297391e-03
5.089234515763529032e+01 2.609771208014211204e-03
5.114529266359630810e+01 2.538898104435713052e-03
5.138952878242714206e+01 2.572679332390882204e-03
5.163945178601188246e+01 2.566416822939906073e-03
5.190206698624180603e+01 2.379145413019716562e-03
5.215590084722179398e+01 2.321896500686496112e-03
5.238680673191466042e+01 2.425367344011007068e-03
5.263532591009818873e+01 2.394697841304103524e-03
5.290823119436031874e+01 2.319344751494180779e-03
5.316882575050344428e+01 2.307771203312683657e-03
5.338513341050097694e+01 2.291451085584760104e-03
5.363212510227822349e+01 2.197200496927557110e-03
5.391615723351310407e+01 2.096232624354123913e-03
5.419187693011466678e+01 1.997368847907333121e-03
5.439722241285236493e+01 1.942149240582564940e-03
5.462806064877949552e+01 2.107397742573765068e-03
5.491241494336609463e+01 1.875607128060232612e-03
5.519421446932921782e+01 1.781453332337196941e-03
5.543046826972861396e+01 1.602637154466244988e-03
5.561137265256709128e+01 1.494247731811542985e-03
