3.559856489878782115e-01 7.121910659824872027e+02
6.031648866026231293e-01 1.886690467011770238e+02
8.579160745827347778e-01 1.153186670444411135e+02
1.113464310595710716e+00 5.254857085770782987e+01
1.374039914321364408e+00 2.758810382114111093e+01
1.619154704570298309e+00 2.150857028716302821e+01
1.870686673430271840e+00 1.434921462192561314e+01
2.123290040706380832e+00 9.769131313990277121e+00
2.378144976376236119e+00 7.731410165329442918e+00
2.630489925835516996e+00 6.456234976513598234e+00
2.878653162679494670e+00 4.710272650840499509e+00
3.131144366275339319e+00 4.074653368068113402e+00
3.388159578333816313e+00 3.319443812065467458e+00
3.638741848210948149e+00 2.591487926176878620e+00
3.888315910732085268e+00 2.366876987774750862e+00
4.139052155837465996e+00 1.917384910072472692e+00
4.390305777018236988e+00 1.755456189235245823e+00
4.642172339120373081e+00 1.457674639752738477e+00
4.894678666149941293e+00 1.308504208092995169e+00
5.147269052361176378e+00 1.145717920641961429e+00
5.398003206656323272e+00 9.975605115020385050e-01
5.647798235368590269e+00 8.823989826428058070e-01
5.900534302989873581e+00 7.830493888206747632e-01
6.151460297009074374e+00 7.194809966844131210e-01
6.402630176204441526e+00 6.507225967567443758e-01
6.655964674748322096e+00 5.840982821877740427e-01
6.908782583105771202e+00 5.366539674118918635e-01
7.159060853508338873e+00 4.761560509942362462e-01
7.409414762591408632e+00 4.500705557879607355e-01
7.659227149364629561e+00 3.921551412685577720e-01
7.911559474606142395e+00 3.723552900722839065e-01
8.163750941790897997e+00 3.419411175147974991e-01
8.415757210439384295e+00 3.195545798393467085e-01
8.667638839289207198e+00 2.919518537756284338e-01
8.918801124864609520e+00 2.709947626410443844e-01
9.170480108345369530e+00 2.527356162973432574e-01
9.420566033467249412e+00 2.380846689547057304e-01
9.671642335271435797e+00 2.239857452050598163e-01
9.923426157758477473e+00 2.063315634505035190e-01
1.017396902749181820e+01 1.927811067135359602e-01
1.042533700753922155e+01 1.822143284434833144e-01
1.067702948358784276e+01 1.735947339702959280e-01
1.092969337256462303e+01 1.623571893213432704e-01
1.118211872033766419e+01 1.495909648093366184e-01
1.143346516925797296e+01 1.438199532592377705e-01
1.168350508557724687e+01 1.365041300097198929e-01
1.193379937775929100e+01 1.278479015814488751e-01
1.218553055762879112e+01 1.204816764557251341e-01
1.243711650801278878e+01 1.142752055446106252e-01
1.268867268647359303e+01 1.069891930530836727e-01
1.294075027177769144e+01 1.016856171639125839e-01
1.319267287020158363e+01 9.717210627068496864e-02
1.344470571782862756e+01 9.193161294203477940e-02
1.369480150283709641e+01 8.889072027003598608e-02
1.394591277066507828e+01 8.411002774624001810e-02
1.419764645764527167e+01 8.089447362296961486e-02
1.444766774168416212e+01 7.704166658666568301e-02
1.469906835825429070e+01 7.363198832757782142e-02
1.495059118111036511e+01 7.046769555070440949e-02
1.520261612590052991e+01 6.808776421861195693e-02
1.545415944503929495e+01 6.512909085137665033e-02
1.570456072545780124e+01 6.131050170510309039e-02
1.595705800128773966e+01 5.963495670563035561e-02
1.620829297830731619e+01 5.675460837691228416e-02
1.645966591028190962e+01 5.403446468318337526e-02
1.671125708846596325e+01 5.256317905893360953e-02
1.696160259490052624e+01 4.956368470876764548e-02
1.721370276108077135e+01 4.809813217046754463e-02
1.746543424102250341e+01 4.645983227910438496e-02
1.771598473288305442e+01 4.477107896881730997e-02
1.796653767411944003e+01 4.296197397725111389e-02
1.821765658501893270e+01 4.129368441556834080e-02
1.847053788120423334e+01 4.002023900292227265e-02
1.872257696809484173e+01 3.840914122173090528e-02
1.897394097105746269e+01 3.732191170059102198e-02
1.922542454726159988e+01 3.576725407864620593e-02
1.947607703355479103e+01 3.460056734604647494e-02
1.972678839839982601e+01 3.312512066073516198e-02
1.997802698857814363e+01 3.242564462385057883e-02
2.022863620534168660e+01 3.124713754009438710e-02
2.047969598507238231e+01 3.026944532386950312e-02
2.073250439107362553e+01 2.925844169477048728e-02
2.098435855211640089e+01 2.831179922172641014e-02
2.123502923393334640e+01 2.761115159575823139e-02
2.148629411178690773e+01 2.655471599468695737e-02
2.173831825513516591e+01 2.577874754353863193e-02
2.198972260956887226e+01 2.506697213782628497e-02
2.223974971000711420e+01 2.431190443707084356e-02
2.249141870643862973e+01 2.362763760159682438e-02
2.274404614890906373e+01 2.297104071219376042e-02
2.299521835768831579e+01 2.226473717702061317e-02
2.324620084136223852e+01 2.174416546861442784e-02
2.349757798664387209e+01 2.095513510904210494e-02
2.374870488118759937e+01 2.036889936411256583e-02
2.399988781917473091e+01 1.979479146541246112e-02
2.425071646049711305e+01 1.939712245431563301e-02
2.450187830577813841e+01 1.876236903537216796e-02
2.475391093216606109e+01 1.821852275098848756e-02
2.500524226975159792e+01 1.793112841604139682e-02
2.525610980153284402e+01 1.726003522943826349e-02
2.550801425092822328e+01 1.680038689719113784e-02
2.575943113325822864e+01 1.641571906392596744e-02
2.601074166866445125e+01 1.610441753443203963e-02
2.626234447079615464e+01 1.554729920789035651e-02
2.651347712943701751e+01 1.508446643269909307e-02
2.676474177984877656e+01 1.474481578866659870e-02
2.701628079430242479e+01 1.439261772631672716e-02
2.726734205837282232e+01 1.402909367314855542e-02
2.751837013544679422e+01 1.370576283337964461e-02
2.776937726815812724e+01 1.336431341567759397e-02
2.802070160973895341e+01 1.309636668366934500e-02
2.827249982643487058e+01 1.281674126963256756e-02
2.852407603869968966e+01 1.244618056279578160e-02
2.877567300468570721e+01 1.218249907122389945e-02
2.902733523039245256e+01 1.189467605751549396e-02
2.927861073083739996e+01 1.158097925343728150e-02
2.953003196193969160e+01 1.132200622718642496e-02
2.978106336846375157e+01 1.110168104987835705e-02
3.003148440777084716e+01 1.077952152310807099e-02
3.028303386126418673e+01 1.061807733391462172e-02
3.053456493440382857e+01 1.034082329815152503e-02
3.078585183944906944e+01 1.010898294721796278e-02
3.103757946070165730e+01 9.902480524730059713e-03
3.128931656795834826e+01 9.696092575571153144e-03
3.154125974608096428e+01 9.537013260032315559e-03
3.179158626791808828e+01 9.268809765619888050e-03
3.204196438636942190e+01 9.096391267496388433e-03
3.229344668057169798e+01 8.900174769109564510e-03
3.254489998018084407e+01 8.759128327341799206e-03
3.279660140319880668e+01 8.527825989740622087e-03
3.304772754686901237e+01 8.351135230907703530e-03
3.329949953441923327e+01 8.190589145000171448e-03
3.355173249539067371e+01 8.083299291037222487e-03
3.380235474142784824e+01 7.887831704420936174e-03
3.405292218889088218e+01 7.719871494775318484e-03
3.430455901572810262e+01 7.531158975286906393e-03
3.455605119154291316e+01 7.457890190083124593e-03
3.480708698418615654e+01 7.230306563596397562e-03
3.505823042281740243e+01 7.122548756621719518e-03
3.530983122122644602e+01 6.996772325966339919e-03
3.556111974160763367e+01 6.882954057066717826e-03
3.581195885960364933e+01 6.750853433894764971e-03
3.606348577968052638e+01 6.605218410012759361e-03
3.631495136683125935e+01 6.509171894426134947e-03
3.656646781331610185e+01 6.391974744281779357e-03
3.681800948534306173e+01 6.244612684099723997e-03
3.706942350460822411e+01 6.156423687221281894e-03
3.732119977997001570e+01 5.975657716953920381e-03
3.757249197135423202e+01 5.898176073438787803e-03
3.782324055213251057e+01 5.818377348523675642e-03
3.807430609684078604e+01 5.694143251964571203e-03
3.832526519371521090e+01 5.608310388766897178e-03
3.857704530181875668e+01 5.490327906898368610e-03
3.882896255048217427e+01 5.407709104720136335e-03
3.907976684424035341e+01 5.334549083927866454e-03
3.933085588900704010e+01 5.229037593577069189e-03
3.958184533965361140e+01 5.150246453051028801e-03
3.983320492881626507e+01 5.032291762933903054e-03
4.008506787586624398e+01 4.950651339196143752e-03
4.033569471078550350e+01 4.846719308907542108e-03
4.058701345074587863e+01 4.796219444982573361e-03
4.083916815834436420e+01 4.741856545011342502e-03
4.108978611092747713e+01 4.649806353541547851e-03
4.134119394692694271e+01 4.557752645887805897e-03
4.159372926482761557e+01 4.481137126667994290e-03
4.184480996230068683e+01 4.367514374326489368e-03
4.209495048714620680e+01 4.345307462367039263e-03
4.234568601474854432e+01 4.221967739286413418e-03
4.259794184898333214e+01 4.204444040171073822e-03
4.284922176444433717e+01 4.165362543313079133e-03
4.309982534096671003e+01 4.058423989171376992e-03
4.335153475414617930e+01 3.978790627202431762e-03
4.360374984514007224e+01 3.915724267091733046e-03
4.385432838732079830e+01 3.891370186532855900e-03
4.410529766549178277e+01 3.821530032670038615e-03
4.435675536456894008e+01 3.760806304616907871e-03
4.460756668584335927e+01 3.689030988371680333e-03
4.485812369927145937e+01 3.638138096489975260e-03
4.510933196139897206e+01 3.598091833805552690e-03
4.536097672816924131e+01 3.524664577531352871e-03
4.561261869099184452e+01 3.493855481040059486e-03
4.586346064304911607e+01 3.422883704305133574e-03
4.611435299895526185e+01 3.390078937926786946e-03
4.636610302009028572e+01 3.306241848667896936e-03
4.661726081402038346e+01 3.268720779545493827e-03
4.686748045926628237e+01 3.245238717722843513e-03
4.712001000143001761e+01 3.149173620810273317e-03
4.737334269293729960e+01 3.169485191338133803e-03
4.762357272554871912e+01 3.137352530481299449e-03
4.787295862859781437e+01 3.091806024488794567e-03
4.812686710231834297e+01 2.956310598755901818e-03
4.837988354528783930e+01 2.990511526077637133e-03
4.862698975964909209e+01 2.900672665461464551e-03
4.887931961662670233e+01 2.874760556178024284e-03
4.913512531690142282e+01 2.831791072554305181e-03
4.938486646957150583e+01 2.878569084238107902e-03
4.963073103205424985e+01 2.748528414946934968e-03
4.988316058859187763e+01 2.673792117160318262e-03
5.013927392651110893e+01 2.664280351703164195e-03
5.038898445289544270e+01 2.723058219531933853e-03
5.063791314200675941e+01 2.631014827187361238e-03
5.089234515763529032e+01 2.546221901789827696e-03
5.114529266359630810e+01 2.543769047754806164e-03
5.138952878242714206e+01 2.503498301292468673e-03
5.163945178601188246e+01 2.483291978931183395e-03
5.190206698624180603e+01 2.453101570782887167e-03
5.215590084722179398e+01 2.290510853811327137e-03
5.238680673191466042e+01 2.427967775726692576e-03
5.263532591009818873e+01 2.351697685455717175e-03
5.290823119436031874e+01 2.337986354659295652e-03
5.316882575050344428e+01 2.298826500721001028e-03
5.338513341050097694e+01 2.266701091936306964e-03
5.363212510227822349e+01 2.265883259172088958e-03
5.391615723351310407e+01 2.164690273974568223e-03
5.419187693011466678e+01 2.124987086784678458e-03
5.439722241285236493e+01 1.844770022687230050e-03
5.462806064877949552e+01 1.881560386089279691e-03
5.491241494336609463e+01 2.326600028666842620e-03
5.519421446932921782e+01 2.763730147441447339e-03
5.543046826972861396e+01 2.583729663250434929e-03
5.561137265256709128e+01 1.405210368633269145e-03
