3.559856489878782115e-01 1.191796203700199385e+03
6.031648866026231293e-01 1.867481346669645461e+02
8.579160745827347778e-01 1.024914162133480602e+02
1.113464310595710716e+00 5.723280527005545082e+01
1.374039914321364408e+00 3.357066590506055803e+01
1.619154704570298309e+00 2.114784593078442043e+01
1.870686673430271840e+00 1.362019406916060937e+01
2.123290040706380832e+00 1.069935708852671219e+01
2.378144976376236119e+00 7.672228706289477174e+00
2.630489925835516996e+00 6.224588437053915513e+00
2.878653162679494670e+00 5.100856008202285352e+00
3.131144366275339319e+00 3.876241874422786449e+00
3.388159578333816313e+00 3.087323123237174727e+00
3.638741848210948149e+00 2.757799210012792823e+00
3.888315910732085268e+00 2.279689014495523303e+00
4.139052155837465996e+00 1.958811609377660856e+00
4.390305777018236988e+00 1.684108218677919266e+00
4.642172339120373081e+00 1.500802068005996137e+00
4.894678666149941293e+00 1.316351195322609469e+00
5.147269052361176378e+00 1.128975146060859913e+00
5.398003206656323272e+00 1.040263580630922391e+00
5.647798235368590269e+00 8.712389527224748687e-01
5.900534302989873581e+00 7.899259829722588000e-01
6.151460297009074374e+00 7.173173744290709530e-01
6.402630176204441526e+00 6.298305612041072976e-01
6.655964674748322096e+00 5.912741704847018775e-01
6.908782583105771202e+00 5.266698373441548453e-01
7.159060853508338873e+00 4.819921614563905110e-01
7.409414762591408632e+00 4.387952610402460207e-01
7.659227149364629561e+00 4.153949664405630071e-01
7.911559474606142395e+00 3.820586125043383685e-01
8.163750941790897997e+00 3.491189895921250064e-01
8.415757210439384295e+00 3.199340893080273585e-01
8.667638839289207198e+00 2.932552773025891013e-01
8.918801124864609520e+00 2.768673073968052623e-01
9.170480108345369530e+00 2.590337804045425574e-01
9.420566033467249412e+00 2.416884521615071391e-01
9.671642335271435797e+00 2.206699815000730813e-01
9.923426157758477473e+00 2.085113427020839905e-01
1.017396902749181820e+01 1.950349811251121945e-01
1.042533700753922155e+01 1.816108454057702992e-01
1.067702948358784276e+01 1.692560468908712590e-01
1.092969337256462303e+01 1.618732643267116467e-01
1.118211872033766419e+01 1.497464633810139945e-01
1.143346516925797296e+01 1.433952466841854623e-01
1.168350508557724687e+01 1.351870845394172738e-01
1.193379937775929100e+01 1.255440128472792849e-01
1.218553055762879112e+01 1.207994047261169573e-01
1.243711650801278878e+01 1.142076045294897063e-01
1.268867268647359303e+01 1.075532195185540385e-01
1.294075027177769144e+01 1.025407968907822570e-01
1.319267287020158363e+01 9.806332265752018551e-02
1.344470571782862756e+01 9.273121185483530760e-02
1.369480150283709641e+01 8.949556613101339320e-02
1.394591277066507828e+01 8.567189201418129452e-02
1.419764645764527167e+01 8.068915736323414856e-02
1.444766774168416212e+01 7.715412641995546272e-02
1.469906835825429070e+01 7.268964660849969173e-02
1.495059118111036511e+01 6.895541760344672810e-02
1.520261612590052991e+01 6.735404732024835583e-02
1.545415944503929495e+01 6.437631510962388282e-02
1.570456072545780124e+01 6.149932237475097541e-02
1.595705800128773966e+01 5.923382886164887257e-02
1.620829297830731619e+01 5.674944183978201245e-02
1.645966591028190962e+01 5.419577095900837693e-02
1.671125708846596325e+01 5.245851843069446879e-02
1.696160259490052624e+01 5.038738201073552497e-02
1.721370276108077135e+01 4.782775025670951696e-02
1.746543424102250341e+01 4.656693964088482601e-02
1.771598473288305442e+01 4.467902483661912588e-02
1.796653767411944003e+01 4.332715143455790480e-02
1.821765658501893270e+01 4.197009446587311732e-02
1.847053788120423334e+01 4.000869690903487153e-02
1.872257696809484173e+01 3.875386534183941634e-02
1.897394097105746269e+01 3.681581504989522163e-02
1.922542454726159988e+01 3.597478627478688934e-02
1.947607703355479103e+01 3.467271403911187377e-02
1.972678839839982601e+01 3.351556870065065113e-02
1.997802698857814363e+01 3.255585618403825099e-02
2.022863620534168660e+01 3.143744468899965089e-02
2.047969598507238231e+01 3.049986225290905392e-02
2.073250439107362553e+01 2.924128126694507460e-02
2.098435855211640089e+01 2.820992379353485721e-02
2.123502923393334640e+01 2.749128904825787548e-02
2.148629411178690773e+01 2.670256770884188793e-02
2.173831825513516591e+01 2.574367426690806274e-02
2.198972260956887226e+01 2.499370248647393364e-02
2.223974971000711420e+01 2.452630131363606886e-02
2.249141870643862973e+01 2.349539979556364289e-02
2.274404614890906373e+01 2.287721305117085269e-02
2.299521835768831579e+01 2.223419241178975145e-02
2.324620084136223852e+01 2.162424556696626241e-02
2.349757798664387209e+01 2.113672158089622416e-02
2.374870488118759937e+01 2.045346133724028001e-02
2.399988781917473091e+01 1.990754263664093818e-02
2.425071646049711305e+01 1.928671724395398038e-02
2.450187830577813841e+01 1.873152584714739624e-02
2.475391093216606109e+01 1.813757051047150404e-02
2.500524226975159792e+01 1.788301721677862735e-02
2.525610980153284402e+01 1.729381170984519572e-02
2.550801425092822328e+01 1.684887886919747210e-02
2.575943113325822864e+01 1.639079981826302088e-02
2.601074166866445125e+01 1.588271690444657477e-02
2.626234447079615464e+01 1.564664722660657689e-02
2.651347712943701751e+01 1.524552534724669950e-02
2.676474177984877656e+01 1.475259285432666337e-02
2.701628079430242479e+01 1.441143081906288460e-02
2.726734205837282232e+01 1.411956452640519312e-02
2.751837013544679422e+01 1.368389235609742370e-02
2.776937726815812724e+01 1.342163975849355699e-02
2.802070160973895341e+01 1.304748010682282161e-02
2.827249982643487058e+01 1.280212385613747721e-02
2.852407603869968966e+01 1.249272306654217873e-02
2.877567300468570721e+01 1.214550879934102150e-02
2.902733523039245256e+01 1.186025356276445078e-02
2.927861073083739996e+01 1.154401202368855912e-02
2.953003196193969160e+01 1.141572386403036030e-02
2.978106336846375157e+01 1.111787937932963259e-02
3.003148440777084716e+01 1.078909911843208870e-02
3.028303386126418673e+01 1.055874985272859008e-02
3.053456493440382857e+01 1.036354335141563381e-02
3.078585183944906944e+01 1.015495068419634654e-02
3.103757946070165730e+01 9.890159808343483225e-03
3.128931656795834826e+01 9.720147302943049281e-03
3.154125974608096428e+01 9.534340480941575283e-03
3.179158626791808828e+01 9.281156325514424918e-03
3.204196438636942190e+01 9.081496563459360433e-03
3.229344668057169798e+01 8.928035253022340023e-03
3.254489998018084407e+01 8.728614016573038939e-03
3.279660140319880668e+01 8.563086146082790964e-03
3.304772754686901237e+01 8.445824542484702338e-03
3.329949953441923327e+01 8.217817222860298448e-03
3.355173249539067371e+01 8.023769832863856047e-03
3.380235474142784824e+01 7.825196335175473722e-03
3.405292218889088218e+01 7.703996690449755810e-03
3.430455901572810262e+01 7.539342957170628440e-03
3.455605119154291316e+01 7.405149127472737854e-03
3.480708698418615654e+01 7.302981550957997163e-03
3.505823042281740243e+01 7.119692281414403447e-03
3.530983122122644602e+01 6.990839776807944786e-03
3.556111974160763367e+01 6.874715909472715013e-03
3.581195885960364933e+01 6.740944349709257662e-03
3.606348577968052638e+01 6.611240606503743927e-03
3.631495136683125935e+01 6.475059478632679520e-03
3.656646781331610185e+01 6.361772898261003686e-03
3.681800948534306173e+01 6.253236162402680404e-03
3.706942350460822411e+01 6.137963463633690220e-03
3.732119977997001570e+01 6.027027168559557710e-03
3.757249197135423202e+01 5.909877162743942466e-03
3.782324055213251057e+01 5.855652317273854143e-03
3.807430609684078604e+01 5.706045148146099422e-03
3.832526519371521090e+01 5.574254876377974371e-03
3.857704530181875668e+01 5.499228844946728138e-03
3.882896255048217427e+01 5.407403703837554941e-03
3.907976684424035341e+01 5.337329007691595656e-03
3.933085588900704010e+01 5.225477348549348311e-03
3.958184533965361140e+01 5.100462308533559863e-03
3.983320492881626507e+01 5.026664703778379456e-03
4.008506787586624398e+01 4.952666667161641570e-03
4.033569471078550350e+01 4.881639744477994126e-03
4.058701345074587863e+01 4.822588009055990381e-03
4.083916815834436420e+01 4.710368565078316104e-03
4.108978611092747713e+01 4.654321668541737921e-03
4.134119394692694271e+01 4.546731535350484465e-03
4.159372926482761557e+01 4.473469115233394758e-03
4.184480996230068683e+01 4.392046518363876273e-03
4.209495048714620680e+01 4.318339098792631225e-03
4.234568601474854432e+01 4.266385228018614549e-03
4.259794184898333214e+01 4.243558212710728944e-03
4.284922176444433717e+01 4.167424780203979849e-03
4.309982534096671003e+01 4.068846143387555396e-03
4.335153475414617930e+01 4.011214151733655080e-03
4.360374984514007224e+01 3.892461393240816050e-03
4.385432838732079830e+01 3.883224062780978123e-03
4.410529766549178277e+01 3.836593623802269509e-03
4.435675536456894008e+01 3.747236845383169861e-03
4.460756668584335927e+01 3.703194014836095390e-03
4.485812369927145937e+01 3.642683978841769216e-03
4.510933196139897206e+01 3.602034512267484126e-03
4.536097672816924131e+01 3.510240029697498342e-03
4.561261869099184452e+01 3.519809212964559661e-03
4.586346064304911607e+01 3.449332326197531058e-03
4.611435299895526185e+01 3.429681441355550593e-03
4.636610302009028572e+01 3.305312628866668295e-03
4.661726081402038346e+01 3.284930258082758864e-03
4.686748045926628237e+01 3.290591991884945968e-03
4.712001000143001761e+01 3.186364283010410369e-03
4.737334269293729960e+01 3.129262341354453660e-03
4.762357272554871912e+01 3.090551754464475245e-03
4.787295862859781437e+01 3.075850587803792818e-03
4.812686710231834297e+01 2.966079429631532545e-03
4.837988354528783930e+01 2.959744454416531577e-03
4.862698975964909209e+01 2.951128488913045810e-03
4.887931961662670233e+01 2.896454388791206824e-03
4.913512531690142282e+01 2.865520466439054788e-03
4.938486646957150583e+01 2.786888290628169486e-03
4.963073103205424985e+01 2.757637848121539861e-03
4.988316058859187763e+01 2.677822680043241612e-03
5.013927392651110893e+01 2.672768913146525253e-03
5.038898445289544270e+01 2.750567351072227915e-03
5.063791314200675941e+01 2.626853862208240742e-03
5.089234515763529032e+01 2.559609210942396379e-03
5.114529266359630810e+01 2.502923035525126457e-03
5.138952878242714206e+01 2.539123714463482635e-03
5.163945178601188246e+01 2.541800941338842688e-03
5.190206698624180603e+01 2.488695444765888151e-03
5.215590084722179398e+01 2.384349896124164907e-03
5.238680673191466042e+01 2.347646532881394067e-03
5.263532591009818873e+01 2.372998513679538436e-03
5.290823119436031874e+01 2.302375717916137297e-03
5.316882575050344428e+01 2.394478958136834860e-03
5.338513341050097694e+01 2.331198491066616661e-03
5.363212510227822349e+01 2.295744333116773919e-03
5.391615723351310407e+01 1.965973631053651374e-03
5.419187693011466678e+01 2.390321348105188277e-03
5.439722241285236493e+01 2.329954381089818956e-03
5.462806064877949552e+01 2.305609672639960788e-03
5.491241494336609463e+01 2.100009279185543944e-03
5.519421446932921782e+01 1.901351390836588696e-03
5.543046826972861396e+01 1.416880068020438810e-03
5.561137265256709128e+01 2.903432159189790317e-03
