3.559856489878782115e-01 7.297854908860293790e+02
6.031648866026231293e-01 1.830215976655100576e+02
8.579160745827347778e-01 8.933050383850645915e+01
1.113464310595710716e+00 5.024634547037271659e+01
1.374039914321364408e+00 2.943156300426523586e+01
1.619154704570298309e+00 2.224471034356071897e+01
1.870686673430271840e+00 1.523006439985969784e+01
2.123290040706380832e+00 1.072338396980141262e+01
2.378144976376236119e+00 8.022628819443745840e+00
2.630489925835516996e+00 6.173781575332752070e+00
2.878653162679494670e+00 4.684997731057521264e+00
3.131144366275339319e+00 4.140814083642629484e+00
3.388159578333816313e+00 3.344723943695028012e+00
3.638741848210948149e+00 2.646942119876382282e+00
3.888315910732085268e+00 2.275175328392023300e+00
4.139052155837465996e+00 1.937841129108871963e+00
4.390305777018236988e+00 1.626439127045352429e+00
4.642172339120373081e+00 1.435695454321173736e+00
4.894678666149941293e+00 1.276115784837777767e+00
5.147269052361176378e+00 1.135955089849754351e+00
5.398003206656323272e+00 1.020682519477812189e+00
5.647798235368590269e+00 8.890436951828690759e-01
5.900534302989873581e+00 8.097633073560754902e-01
6.151460297009074374e+00 6.920391100218038494e-01
6.402630176204441526e+00 6.433920695527562961e-01
6.655964674748322096e+00 5.822753333863837089e-01
6.908782583105771202e+00 5.462285876967972742e-01
7.159060853508338873e+00 4.733866608045196878e-01
7.409414762591408632e+00 4.422199838716897591e-01
7.659227149364629561e+00 4.062395829985015472e-01
7.911559474606142395e+00 3.712317944696397753e-01
8.163750941790897997e+00 3.445686048399933532e-01
8.415757210439384295e+00 3.248824050177739342e-01
8.667638839289207198e+00 2.911644773256758523e-01
8.918801124864609520e+00 2.700913921122901074e-01
9.170480108345369530e+00 2.538260716449095011e-01
9.420566033467249412e+00 2.322306152529948209e-01
9.671642335271435797e+00 2.249574566222598826e-01
9.923426157758477473e+00 2.024788110803390218e-01
1.017396902749181820e+01 1.963587912775859312e-01
1.042533700753922155e+01 1.823325291170505014e-01
1.067702948358784276e+01 1.674434171433991925e-01
1.092969337256462303e+01 1.579986513176503404e-01
1.118211872033766419e+01 1.517298033832750193e-01
1.143346516925797296e+01 1.390642177275392410e-01
1.168350508557724687e+01 1.328606957178904979e-01
1.193379937775929100e+01 1.274966350617823818e-01
1.218553055762879112e+01 1.200890744968721863e-01
1.243711650801278878e+01 1.137532465720258457e-01
1.268867268647359303e+01 1.078911741797698026e-01
1.294075027177769144e+01 1.038235797674295774e-01
1.319267287020158363e+01 9.781607485233838328e-02
1.344470571782862756e+01 9.206366862437642684e-02
1.369480150283709641e+01 8.886105268659713619e-02
1.394591277066507828e+01 8.397037241355509440e-02
1.419764645764527167e+01 8.086630746206628639e-02
1.444766774168416212e+01 7.751259293953349783e-02
1.469906835825429070e+01 7.288912653624117499e-02
1.495059118111036511e+01 7.000367395120669911e-02
1.520261612590052991e+01 6.785002567093606496e-02
1.545415944503929495e+01 6.426536847676461717e-02
1.570456072545780124e+01 6.137292773071585661e-02
1.595705800128773966e+01 5.921173329488065712e-02
1.620829297830731619e+01 5.689606586810802558e-02
1.645966591028190962e+01 5.507446614928802192e-02
1.671125708846596325e+01 5.214418140228832543e-02
1.696160259490052624e+01 5.056126345777979536e-02
1.721370276108077135e+01 4.837019647716772619e-02
1.746543424102250341e+01 4.665019217754270281e-02
1.771598473288305442e+01 4.449901582870184613e-02
1.796653767411944003e+01 4.323191796100671336e-02
1.821765658501893270e+01 4.097618976511677863e-02
1.847053788120423334e+01 3.997495549487112970e-02
1.872257696809484173e+01 3.852310952685857048e-02
1.897394097105746269e+01 3.771517579949053983e-02
1.922542454726159988e+01 3.624019362460796645e-02
1.947607703355479103e+01 3.460818777970763038e-02
1.972678839839982601e+01 3.312935891144803968e-02
1.997802698857814363e+01 3.237915346223276675e-02
2.022863620534168660e+01 3.111047830639083328e-02
2.047969598507238231e+01 3.022356051567868032e-02
2.073250439107362553e+01 2.944110675135884134e-02
2.098435855211640089e+01 2.833823567010182107e-02
2.123502923393334640e+01 2.769834019152392357e-02
2.148629411178690773e+01 2.663711690024108542e-02
2.173831825513516591e+01 2.597302838277396053e-02
2.198972260956887226e+01 2.495427547492932302e-02
2.223974971000711420e+01 2.431652556705016233e-02
2.249141870643862973e+01 2.349867987366498906e-02
2.274404614890906373e+01 2.289491842407764127e-02
2.299521835768831579e+01 2.235000472933540774e-02
2.324620084136223852e+01 2.153687833256201153e-02
2.349757798664387209e+01 2.098227690250534586e-02
2.374870488118759937e+01 2.041831400529424759e-02
2.399988781917473091e+01 1.979829125548369581e-02
2.425071646049711305e+01 1.926048562975123807e-02
2.450187830577813841e+01 1.877444693372107287e-02
2.475391093216606109e+01 1.813371928179065284e-02
2.500524226975159792e+01 1.788678300579805980e-02
2.525610980153284402e+01 1.725647769018298985e-02
2.550801425092822328e+01 1.681244980877525177e-02
2.575943113325822864e+01 1.633869666931610926e-02
2.601074166866445125e+01 1.597460586613029879e-02
2.626234447079615464e+01 1.552633092057208869e-02
2.651347712943701751e+01 1.528725377026633921e-02
2.676474177984877656e+01 1.476736055314060124e-02
2.701628079430242479e+01 1.442541507813629303e-02
2.726734205837282232e+01 1.404500058719218222e-02
2.751837013544679422e+01 1.376601743921836672e-02
2.776937726815812724e+01 1.344004150185575119e-02
2.802070160973895341e+01 1.309226928115163856e-02
2.827249982643487058e+01 1.279368141226689196e-02
2.852407603869968966e+01 1.248618877510216524e-02
2.877567300468570721e+01 1.219003095115955317e-02
2.902733523039245256e+01 1.190516511796697700e-02
2.927861073083739996e+01 1.159291954680616472e-02
2.953003196193969160e+01 1.141151338661045359e-02
2.978106336846375157e+01 1.112032533559594201e-02
3.003148440777084716e+01 1.080993216436821301e-02
3.028303386126418673e+01 1.056541744474305024e-02
3.053456493440382857e+01 1.040468930078883823e-02
3.078585183944906944e+01 1.014662417646861048e-02
3.103757946070165730e+01 9.897031597742621603e-03
3.128931656795834826e+01 9.721712908514543519e-03
3.154125974608096428e+01 9.549086358869796759e-03
3.179158626791808828e+01 9.286133598786288149e-03
3.204196438636942190e+01 9.091111282515145636e-03
3.229344668057169798e+01 8.931225652757236386e-03
3.254489998018084407e+01 8.718687147164939227e-03
3.279660140319880668e+01 8.539129802965715957e-03
3.304772754686901237e+01 8.349532899014695808e-03
3.329949953441923327e+01 8.200444736620101163e-03
3.355173249539067371e+01 7.989398253468345257e-03
3.380235474142784824e+01 7.894969390879169255e-03
3.405292218889088218e+01 7.712496901209426638e-03
3.430455901572810262e+01 7.548524245025231907e-03
3.455605119154291316e+01 7.477039354583315395e-03
3.480708698418615654e+01 7.312360781341028723e-03
3.505823042281740243e+01 7.124693087131139628e-03
3.530983122122644602e+01 6.967032853449423718e-03
3.556111974160763367e+01 6.870169479825301642e-03
3.581195885960364933e+01 6.734500903568365129e-03
3.606348577968052638e+01 6.668364792450117221e-03
3.631495136683125935e+01 6.430467691902333645e-03
3.656646781331610185e+01 6.347737887833366718e-03
3.681800948534306173e+01 6.254678985453479730e-03
3.706942350460822411e+01 6.104760433423054265e-03
3.732119977997001570e+01 6.019460619114089771e-03
3.757249197135423202e+01 5.899054532459081096e-03
3.782324055213251057e+01 5.799333989621721641e-03
3.807430609684078604e+01 5.713376599390224131e-03
3.832526519371521090e+01 5.614486431367736799e-03
3.857704530181875668e+01 5.504165179345240147e-03
3.882896255048217427e+01 5.399799738210394121e-03
3.907976684424035341e+01 5.324721292809534573e-03
3.933085588900704010e+01 5.224334258578522058e-03
3.958184533965361140e+01 5.177484495863745456e-03
3.983320492881626507e+01 5.005166472713140462e-03
4.008506787586624398e+01 4.953149158735954509e-03
4.033569471078550350e+01 4.821935892612707122e-03
4.058701345074587863e+01 4.803101498289696555e-03
4.083916815834436420e+01 4.680534264782250896e-03
4.108978611092747713e+01 4.603016630873965620e-03
4.134119394692694271e+01 4.586374575659056714e-03
4.159372926482761557e+01 4.507614242500690600e-03
4.184480996230068683e+01 4.391509297395018371e-03
4.209495048714620680e+01 4.339603496873422651e-03
4.234568601474854432e+01 4.273886324084730584e-03
4.259794184898333214e+01 4.217847103112496235e-03
4.284922176444433717e+01 4.149415179740940061e-03
4.309982534096671003e+01 4.091487472303822343e-03
4.335153475414617930e+01 4.035532406242737895e-03
4.360374984514007224e+01 3.958668322299456477e-03
4.385432838732079830e+01 3.905251764220667426e-03
4.410529766549178277e+01 3.806378354760642756e-03
4.435675536456894008e+01 3.762045051547466702e-03
4.460756668584335927e+01 3.715958677128798019e-03
4.485812369927145937e+01 3.626696780158701963e-03
4.510933196139897206e+01 3.573674533739995551e-03
4.536097672816924131e+01 3.561975716359589914e-03
4.561261869099184452e+01 3.522318675695773182e-03
4.586346064304911607e+01 3.441308028916072789e-03
4.611435299895526185e+01 3.341325048608459729e-03
4.636610302009028572e+01 3.313993382766947798e-03
4.661726081402038346e+01 3.292242327781409999e-03
4.686748045926628237e+01 3.203399619676342361e-03
4.712001000143001761e+01 3.192951973079251587e-03
4.737334269293729960e+01 3.144083726840571445e-03
4.762357272554871912e+01 3.061549636650578825e-03
4.787295862859781437e+01 3.053010050138570911e-03
4.812686710231834297e+01 3.005846418450670767e-03
4.837988354528783930e+01 3.008268471036380613e-03
4.862698975964909209e+01 2.963841664155566959e-03
4.887931961662670233e+01 2.886593638726656866e-03
4.913512531690142282e+01 2.861516353689766857e-03
4.938486646957150583e+01 2.809386666417564449e-03
4.963073103205424985e+01 2.756642096324147997e-03
4.988316058859187763e+01 2.715669536236278454e-03
5.013927392651110893e+01 2.696770011150215977e-03
5.038898445289544270e+01 2.609467882393568666e-03
5.063791314200675941e+01 2.672935308470346036e-03
5.089234515763529032e+01 2.537413798179359060e-03
5.114529266359630810e+01 2.622921874499186887e-03
5.138952878242714206e+01 2.538285389204683173e-03
5.163945178601188246e+01 2.482313113613034226e-03
5.190206698624180603e+01 2.516065408809556141e-03
5.215590084722179398e+01 2.412646984780245259e-03
5.238680673191466042e+01 2.306621931819078947e-03
5.263532591009818873e+01 2.384297011259905400e-03
5.290823119436031874e+01 2.405695508097249399e-03
5.316882575050344428e+01 2.157061785939886137e-03
5.338513341050097694e+01 2.251327306729087457e-03
5.363212510227822349e+01 2.143849240415252565e-03
5.391615723351310407e+01 2.279141657689642483e-03
5.419187693011466678e+01 2.079586739661582872e-03
5.439722241285236493e+01 2.006619057677299419e-03
5.462806064877949552e+01 1.874700805938950103e-03
5.491241494336609463e+01 2.148130477767419642e-03
5.519421446932921782e+01 1.982896743119202942e-03
5.543046826972861396e+01 1.995992170045658362e-03
5.561137265256709128e+01 2.473874103630629723e-03
