3.559856489878782115e-01 5.899472342917284777e+02
6.031648866026231293e-01 2.385856535007481227e+02
8.579160745827347778e-01 9.338915768266289774e+01
1.113464310595710716e+00 4.815398762639530617e+01
1.374039914321364408e+00 2.980634863224578623e+01
1.619154704570298309e+00 2.150255763013911903e+01
1.870686673430271840e+00 1.622425531175286295e+01
2.123290040706380832e+00 1.070603961728807185e+01
2.378144976376236119e+00 7.988839136617383652e+00
2.630489925835516996e+00 6.074075808616665739e+00
2.878653162679494670e+00 5.069344792527855859e+00
3.131144366275339319e+00 4.029824322816964788e+00
3.388159578333816313e+00 3.501160427186449819e+00
3.638741848210948149e+00 2.722327116968657812e+00
3.888315910732085268e+00 2.375628847588510784e+00
4.139052155837465996e+00 2.058220687181608444e+00
4.390305777018236988e+00 1.691451041366866415e+00
4.642172339120373081e+00 1.442298729377618605e+00
4.894678666149941293e+00 1.306307560736478468e+00
5.147269052361176378e+00 1.143897556603991950e+00
5.398003206656323272e+00 1.014144801513147787e+00
5.647798235368590269e+00 8.762752603623782388e-01
5.900534302989873581e+00 7.891773223542637439e-01
6.151460297009074374e+00 7.119846442762258754e-01
6.402630176204441526e+00 6.474536653502819261e-01
6.655964674748322096e+00 5.805087356072781146e-01
6.908782583105771202e+00 5.274818301444317292e-01
7.159060853508338873e+00 4.887698356156113255e-01
7.409414762591408632e+00 4.376597182105755324e-01
7.659227149364629561e+00 3.990631968683424069e-01
7.911559474606142395e+00 3.788902467863632939e-01
8.163750941790897997e+00 3.405291247914402630e-01
8.415757210439384295e+00 3.243756975233930695e-01
8.667638839289207198e+00 2.943168072865353646e-01
8.918801124864609520e+00 2.732964774689332632e-01
9.170480108345369530e+00 2.544413172427473224e-01
9.420566033467249412e+00 2.382177985383922558e-01
9.671642335271435797e+00 2.206430891270773909e-01
9.923426157758477473e+00 2.034606898548370069e-01
1.017396902749181820e+01 1.942856477401299076e-01
1.042533700753922155e+01 1.799591443626230858e-01
1.067702948358784276e+01 1.681572124500810839e-01
1.092969337256462303e+01 1.593525981016811754e-01
1.118211872033766419e+01 1.510279767719265587e-01
1.143346516925797296e+01 1.436869517207180480e-01
1.168350508557724687e+01 1.349627595640513766e-01
1.193379937775929100e+01 1.284848261412799564e-01
1.218553055762879112e+01 1.195915362850960284e-01
1.243711650801278878e+01 1.148621513795486521e-01
1.268867268647359303e+01 1.069400788919752099e-01
1.294075027177769144e+01 1.027429075777684941e-01
1.319267287020158363e+01 9.733525580880296457e-02
1.344470571782862756e+01 9.358498620843529181e-02
1.369480150283709641e+01 8.909104701852851860e-02
1.394591277066507828e+01 8.478163015664312574e-02
1.419764645764527167e+01 7.996839187665252813e-02
1.444766774168416212e+01 7.670708908588404207e-02
1.469906835825429070e+01 7.305604883312964704e-02
1.495059118111036511e+01 6.974892526401078874e-02
1.520261612590052991e+01 6.761874763780252595e-02
1.545415944503929495e+01 6.473846139963908286e-02
1.570456072545780124e+01 6.207555499492850570e-02
1.595705800128773966e+01 5.908733351440109693e-02
1.620829297830731619e+01 5.635637192485443148e-02
1.645966591028190962e+01 5.456901199338325126e-02
1.671125708846596325e+01 5.245478483359796579e-02
1.696160259490052624e+01 5.020121006663136320e-02
1.721370276108077135e+01 4.837936777539458832e-02
1.746543424102250341e+01 4.635713657703064566e-02
1.771598473288305442e+01 4.464786802989700876e-02
1.796653767411944003e+01 4.295566256134788347e-02
1.821765658501893270e+01 4.141260936044637020e-02
1.847053788120423334e+01 3.970967593884745794e-02
1.872257696809484173e+01 3.840092454512938208e-02
1.897394097105746269e+01 3.724791012278302893e-02
1.922542454726159988e+01 3.559554767425101435e-02
1.947607703355479103e+01 3.489191980611095617e-02
1.972678839839982601e+01 3.358820964170526613e-02
1.997802698857814363e+01 3.248645782997036657e-02
2.022863620534168660e+01 3.152535260977813031e-02
2.047969598507238231e+01 3.054936834447203112e-02
2.073250439107362553e+01 2.935114968127177509e-02
2.098435855211640089e+01 2.827049004536833637e-02
2.123502923393334640e+01 2.746642222531945482e-02
2.148629411178690773e+01 2.661108122708068235e-02
2.173831825513516591e+01 2.608969136689725729e-02
2.198972260956887226e+01 2.509177336439278802e-02
2.223974971000711420e+01 2.449827061502466569e-02
2.249141870643862973e+01 2.369944821429215490e-02
2.274404614890906373e+01 2.303311791196190408e-02
2.299521835768831579e+01 2.231019472969642675e-02
2.324620084136223852e+01 2.166227159217415030e-02
2.349757798664387209e+01 2.111817597304936275e-02
2.374870488118759937e+01 2.028565790349216511e-02
2.399988781917473091e+01 1.977941859008100489e-02
2.425071646049711305e+01 1.940557669139997277e-02
2.450187830577813841e+01 1.882409962453945873e-02
2.475391093216606109e+01 1.843924296017833420e-02
2.500524226975159792e+01 1.775281023368093652e-02
2.525610980153284402e+01 1.744165601982014535e-02
2.550801425092822328e+01 1.689179311146619608e-02
2.575943113325822864e+01 1.645254006794159840e-02
2.601074166866445125e+01 1.600632618558655088e-02
2.626234447079615464e+01 1.564294335979802414e-02
2.651347712943701751e+01 1.520520333946513009e-02
2.676474177984877656e+01 1.474981380390333503e-02
2.701628079430242479e+01 1.441374232184696423e-02
2.726734205837282232e+01 1.416789245475708406e-02
2.751837013544679422e+01 1.371883694429553574e-02
2.776937726815812724e+01 1.335554346072059459e-02
2.802070160973895341e+01 1.309621494965439864e-02
2.827249982643487058e+01 1.276954811556021106e-02
2.852407603869968966e+01 1.243777410737848844e-02
2.877567300468570721e+01 1.209632920060995688e-02
2.902733523039245256e+01 1.180313322695056115e-02
2.927861073083739996e+01 1.169925758442995865e-02
2.953003196193969160e+01 1.135634054989140967e-02
2.978106336846375157e+01 1.107947256863687016e-02
3.003148440777084716e+01 1.080044376691884599e-02
3.028303386126418673e+01 1.065138911134165881e-02
3.053456493440382857e+01 1.034835820282968034e-02
3.078585183944906944e+01 1.018335579730358410e-02
3.103757946070165730e+01 9.905363035028679972e-03
3.128931656795834826e+01 9.727911789177907595e-03
3.154125974608096428e+01 9.492186302929516220e-03
3.179158626791808828e+01 9.277512614632429933e-03
3.204196438636942190e+01 9.106212244909796250e-03
3.229344668057169798e+01 8.911544146184320267e-03
3.254489998018084407e+01 8.742351537578723492e-03
3.279660140319880668e+01 8.582431940213809327e-03
3.304772754686901237e+01 8.357746196302964434e-03
3.329949953441923327e+01 8.218275418645363747e-03
3.355173249539067371e+01 8.028356439358456248e-03
3.380235474142784824e+01 7.860769362638067234e-03
3.405292218889088218e+01 7.724851346041265547e-03
3.430455901572810262e+01 7.563229177442706667e-03
3.455605119154291316e+01 7.439881624817277529e-03
3.480708698418615654e+01 7.282563685797034322e-03
3.505823042281740243e+01 7.138128287594872057e-03
3.530983122122644602e+01 6.990760332758257957e-03
3.556111974160763367e+01 6.859077215100303770e-03
3.581195885960364933e+01 6.726460054076491626e-03
3.606348577968052638e+01 6.627713115372207801e-03
3.631495136683125935e+01 6.512862684467878548e-03
3.656646781331610185e+01 6.349292219270325291e-03
3.681800948534306173e+01 6.242213930380356886e-03
3.706942350460822411e+01 6.116691675318554171e-03
3.732119977997001570e+01 5.965531166164818495e-03
3.757249197135423202e+01 5.888718842579829076e-03
3.782324055213251057e+01 5.808361151744161240e-03
3.807430609684078604e+01 5.722759359712021460e-03
3.832526519371521090e+01 5.603536510025810755e-03
3.857704530181875668e+01 5.494224440455021223e-03
3.882896255048217427e+01 5.424615383139624013e-03
3.907976684424035341e+01 5.310563609789698686e-03
3.933085588900704010e+01 5.200889097785184670e-03
3.958184533965361140e+01 5.088060033188034938e-03
3.983320492881626507e+01 5.029390643618543780e-03
4.008506787586624398e+01 4.914005782410935455e-03
4.033569471078550350e+01 4.870584937672016272e-03
4.058701345074587863e+01 4.819424348160669669e-03
4.083916815834436420e+01 4.693607173000577219e-03
4.108978611092747713e+01 4.631542675750424144e-03
4.134119394692694271e+01 4.540181595133862234e-03
4.159372926482761557e+01 4.471667276004300494e-03
4.184480996230068683e+01 4.404989708296317211e-03
4.209495048714620680e+01 4.335136562632325996e-03
4.234568601474854432e+01 4.266129914434218899e-03
4.259794184898333214e+01 4.178320454859129653e-03
4.284922176444433717e+01 4.157352823911073490e-03
4.309982534096671003e+01 4.035798124705124862e-03
4.335153475414617930e+01 4.030201778079287381e-03
4.360374984514007224e+01 3.935137086880381371e-03
4.385432838732079830e+01 3.867476275398583612e-03
4.410529766549178277e+01 3.845491955704118635e-03
4.435675536456894008e+01 3.783898981507726605e-03
4.460756668584335927e+01 3.705430106114444063e-03
4.485812369927145937e+01 3.649919391542141758e-03
4.510933196139897206e+01 3.572790965424621056e-03
4.536097672816924131e+01 3.559057786052160447e-03
4.561261869099184452e+01 3.487368286442199192e-03
4.586346064304911607e+01 3.460323093280156994e-03
4.611435299895526185e+01 3.363582920447197137e-03
4.636610302009028572e+01 3.353490512704300226e-03
4.661726081402038346e+01 3.302909014511717922e-03
4.686748045926628237e+01 3.210911100355710607e-03
4.712001000143001761e+01 3.156192714276820788e-03
4.737334269293729960e+01 3.153451501549606791e-03
4.762357272554871912e+01 3.046251449558532581e-03
4.787295862859781437e+01 3.074458518498412573e-03
4.812686710231834297e+01 2.975974966440096074e-03
4.837988354528783930e+01 2.991493428756526827e-03
4.862698975964909209e+01 2.924490682891601849e-03
4.887931961662670233e+01 2.900005712808384570e-03
4.913512531690142282e+01 2.882115882482072424e-03
4.938486646957150583e+01 2.788922030577328966e-03
4.963073103205424985e+01 2.778330632973600479e-03
4.988316058859187763e+01 2.724377926051700215e-03
5.013927392651110893e+01 2.712015662045108751e-03
5.038898445289544270e+01 2.646036304071859753e-03
5.063791314200675941e+01 2.591211739902032820e-03
5.089234515763529032e+01 2.560629041806376099e-03
5.114529266359630810e+01 2.545529251139360977e-03
5.138952878242714206e+01 2.469052800119207660e-03
5.163945178601188246e+01 2.527950859626278742e-03
5.190206698624180603e+01 2.431996602906499969e-03
5.215590084722179398e+01 2.432259550099926532e-03
5.238680673191466042e+01 2.371110409200936214e-03
5.263532591009818873e+01 2.305898573068224187e-03
5.290823119436031874e+01 2.265327761272135747e-03
5.316882575050344428e+01 2.358788415101580830e-03
5.338513341050097694e+01 2.244257191098230492e-03
5.363212510227822349e+01 2.086364578773358073e-03
5.391615723351310407e+01 2.247173421993346396e-03
5.419187693011466678e+01 2.078169691340074534e-03
5.439722241285236493e+01 2.079468182665419797e-03
5.462806064877949552e+01 2.302159053656444108e-03
5.491241494336609463e+01 1.885879483812734261e-03
5.519421446932921782e+01 2.391211649347417707e-03
5.543046826972861396e+01 1.370021594052942167e-03
5.561137265256709128e+01 1.255202237791838270e-03
