3.559856489878782115e-01 1.211868643642642155e+03
6.031648866026231293e-01 2.244423668008422794e+02
8.579160745827347778e-01 6.610862038875058033e+01
1.113464310595710716e+00 5.265192285617772683e+01
1.374039914321364408e+00 2.751196319475839402e+01
1.619154704570298309e+00 2.143367187171065780e+01
1.870686673430271840e+00 1.530073032237799779e+01
2.123290040706380832e+00 1.095657637635241954e+01
2.378144976376236119e+00 8.254591063434276066e+00
2.630489925835516996e+00 5.817175789255555785e+00
2.878653162679494670e+00 4.876185592030439331e+00
3.131144366275339319e+00 3.864811915583775903e+00
3.388159578333816313e+00 3.432642913973691812e+00
3.638741848210948149e+00 2.850028340959792850e+00
3.888315910732085268e+00 2.337741823321163537e+00
4.139052155837465996e+00 1.937413957388409491e+00
4.390305777018236988e+00 1.737364121253810456e+00
4.642172339120373081e+00 1.491034207529613687e+00
4.894678666149941293e+00 1.307457275454477541e+00
5.147269052361176378e+00 1.115228425158839354e+00
5.398003206656323272e+00 1.000640204550494516e+00
5.647798235368590269e+00 8.800634099106494634e-01
5.900534302989873581e+00 8.154802324533277913e-01
6.151460297009074374e+00 7.354886875369526233e-01
6.402630176204441526e+00 6.563987299470626091e-01
6.655964674748322096e+00 5.781814275737289233e-01
6.908782583105771202e+00 5.357960578102437532e-01
7.159060853508338873e+00 4.872053461356291026e-01
7.409414762591408632e+00 4.485471890000570783e-01
7.659227149364629561e+00 4.065846716423870966e-01
7.911559474606142395e+00 3.704794760399031661e-01
8.163750941790897997e+00 3.446910747938689568e-01
8.415757210439384295e+00 3.183407168643147545e-01
8.667638839289207198e+00 2.937125149573833194e-01
8.918801124864609520e+00 2.802203994910127949e-01
9.170480108345369530e+00 2.553397423179689096e-01
9.420566033467249412e+00 2.395645609614260041e-01
9.671642335271435797e+00 2.216877515666244858e-01
9.923426157758477473e+00 2.062003847622606856e-01
1.017396902749181820e+01 1.931913903487535167e-01
1.042533700753922155e+01 1.828962249342102886e-01
1.067702948358784276e+01 1.710273125844259390e-01
1.092969337256462303e+01 1.601984607976856267e-01
1.118211872033766419e+01 1.520489562352681789e-01
1.143346516925797296e+01 1.423434534412477415e-01
1.168350508557724687e+01 1.334593951054624805e-01
1.193379937775929100e+01 1.289181214769679340e-01
1.218553055762879112e+01 1.195567831867958841e-01
1.243711650801278878e+01 1.156893962081528976e-01
1.268867268647359303e+01 1.081255868221729921e-01
1.294075027177769144e+01 1.022020802883766566e-01
1.319267287020158363e+01 9.694428478212320510e-02
1.344470571782862756e+01 9.438317435076366835e-02
1.369480150283709641e+01 8.965017562285362840e-02
1.394591277066507828e+01 8.549011380999953225e-02
1.419764645764527167e+01 8.023097684744560920e-02
1.444766774168416212e+01 7.719651584916766007e-02
1.469906835825429070e+01 7.395772499649914955e-02
1.495059118111036511e+01 6.966851843741023176e-02
1.520261612590052991e+01 6.693940282556273824e-02
1.545415944503929495e+01 6.401887266127771758e-02
1.570456072545780124e+01 6.128681073197658064e-02
1.595705800128773966e+01 5.927079477914101030e-02
1.620829297830731619e+01 5.609626638183488889e-02
1.645966591028190962e+01 5.437004719027507121e-02
1.671125708846596325e+01 5.239490647019809377e-02
1.696160259490052624e+01 5.037808165393138637e-02
1.721370276108077135e+01 4.819245991592359390e-02
1.746543424102250341e+01 4.643658364004035755e-02
1.771598473288305442e+01 4.390400634981924538e-02
1.796653767411944003e+01 4.326819173705667709e-02
1.821765658501893270e+01 4.145837021377695580e-02
1.847053788120423334e+01 3.987070032178912510e-02
1.872257696809484173e+01 3.837836696569094097e-02
1.897394097105746269e+01 3.719616022436598307e-02
1.922542454726159988e+01 3.586883803705221557e-02
1.947607703355479103e+01 3.461532091843890629e-02
1.972678839839982601e+01 3.337370805142538671e-02
1.997802698857814363e+01 3.259392577090797910e-02
2.022863620534168660e+01 3.121121892145378371e-02
2.047969598507238231e+01 3.026516146127183893e-02
2.073250439107362553e+01 2.938896694731588793e-02
2.098435855211640089e+01 2.826513607486262278e-02
2.123502923393334640e+01 2.773019283851528918e-02
2.148629411178690773e+01 2.683266554475650933e-02
2.173831825513516591e+01 2.589417375864220064e-02
2.198972260956887226e+01 2.506399256659319272e-02
2.223974971000711420e+01 2.426330646175758193e-02
2.249141870643862973e+01 2.354517317466757464e-02
2.274404614890906373e+01 2.296627619234909573e-02
2.299521835768831579e+01 2.227779869867915763e-02
2.324620084136223852e+01 2.164117880317047507e-02
2.349757798664387209e+01 2.093054791172007170e-02
2.374870488118759937e+01 2.053162774332127974e-02
2.399988781917473091e+01 1.994950935414511323e-02
2.425071646049711305e+01 1.931147674356826008e-02
2.450187830577813841e+01 1.875708532238976739e-02
2.475391093216606109e+01 1.827533033748011959e-02
2.500524226975159792e+01 1.785078243117422039e-02
2.525610980153284402e+01 1.719537702825713055e-02
2.550801425092822328e+01 1.686644112949533397e-02
2.575943113325822864e+01 1.628552855981936498e-02
2.601074166866445125e+01 1.597998062071090408e-02
2.626234447079615464e+01 1.547747311899799055e-02
2.651347712943701751e+01 1.516253552495905668e-02
2.676474177984877656e+01 1.473857083138969265e-02
2.701628079430242479e+01 1.443462927458666160e-02
2.726734205837282232e+01 1.407071585547107519e-02
2.751837013544679422e+01 1.364385926222254353e-02
2.776937726815812724e+01 1.336539580845587903e-02
2.802070160973895341e+01 1.310127533719117332e-02
2.827249982643487058e+01 1.272531033335460617e-02
2.852407603869968966e+01 1.244457021831643119e-02
2.877567300468570721e+01 1.218950338135132982e-02
2.902733523039245256e+01 1.192731363891958232e-02
2.927861073083739996e+01 1.159028981632751094e-02
2.953003196193969160e+01 1.130216940918899772e-02
2.978106336846375157e+01 1.110252427474818331e-02
3.003148440777084716e+01 1.091275982375194617e-02
3.028303386126418673e+01 1.059553886358116995e-02
3.053456493440382857e+01 1.035490175163865725e-02
3.078585183944906944e+01 1.012328571730301829e-02
3.103757946070165730e+01 9.938743597924369622e-03
3.128931656795834826e+01 9.711543053214923352e-03
3.154125974608096428e+01 9.504318637896304670e-03
3.179158626791808828e+01 9.264813409428520816e-03
3.204196438636942190e+01 9.115729785888171746e-03
3.229344668057169798e+01 8.924211083511308581e-03
3.254489998018084407e+01 8.716990797790351991e-03
3.279660140319880668e+01 8.519974947366374188e-03
3.304772754686901237e+01 8.389050130424275872e-03
3.329949953441923327e+01 8.210741763561400439e-03
3.355173249539067371e+01 8.055780534117040759e-03
3.380235474142784824e+01 7.882169867877849082e-03
3.405292218889088218e+01 7.710166365620030847e-03
3.430455901572810262e+01 7.568359734861544209e-03
3.455605119154291316e+01 7.407316190274288240e-03
3.480708698418615654e+01 7.308486138685987496e-03
3.505823042281740243e+01 7.151223034679063395e-03
3.530983122122644602e+01 6.975888818416544138e-03
3.556111974160763367e+01 6.830285052660162864e-03
3.581195885960364933e+01 6.725980422705335471e-03
3.606348577968052638e+01 6.587182306554892168e-03
3.631495136683125935e+01 6.484866507567892818e-03
3.656646781331610185e+01 6.342198712064805836e-03
3.681800948534306173e+01 6.266115503609698267e-03
3.706942350460822411e+01 6.086254774223933371e-03
3.732119977997001570e+01 5.988091451594876151e-03
3.757249197135423202e+01 5.922092435598763985e-03
3.782324055213251057e+01 5.807737463419652794e-03
3.807430609684078604e+01 5.666002454560680607e-03
3.832526519371521090e+01 5.561523770396738231e-03
3.857704530181875668e+01 5.494160385111222962e-03
3.882896255048217427e+01 5.416618690717722381e-03
3.907976684424035341e+01 5.303059964014556274e-03
3.933085588900704010e+01 5.193909230551269074e-03
3.958184533965361140e+01 5.133367567762679544e-03
3.983320492881626507e+01 5.070468550880278744e-03
4.008506787586624398e+01 4.906658608299081618e-03
4.033569471078550350e+01 4.861103851477244046e-03
4.058701345074587863e+01 4.766546198869086107e-03
4.083916815834436420e+01 4.696407007572784946e-03
4.108978611092747713e+01 4.630909349196155392e-03
4.134119394692694271e+01 4.572523150336818727e-03
4.159372926482761557e+01 4.484197622245775401e-03
4.184480996230068683e+01 4.423162334836375220e-03
4.209495048714620680e+01 4.308235281614124917e-03
4.234568601474854432e+01 4.279371887422263841e-03
4.259794184898333214e+01 4.210118677708874803e-03
4.284922176444433717e+01 4.126648367511674860e-03
4.309982534096671003e+01 4.105711760431103238e-03
4.335153475414617930e+01 3.984355379868241218e-03
4.360374984514007224e+01 3.971979615494592407e-03
4.385432838732079830e+01 3.915555714360126859e-03
4.410529766549178277e+01 3.834819220265780603e-03
4.435675536456894008e+01 3.741098619228151820e-03
4.460756668584335927e+01 3.702823657685912293e-03
4.485812369927145937e+01 3.650924422152047964e-03
4.510933196139897206e+01 3.600374864672449462e-03
4.536097672816924131e+01 3.550819979555577908e-03
4.561261869099184452e+01 3.469483997283630012e-03
4.586346064304911607e+01 3.413526482963594524e-03
4.611435299895526185e+01 3.413478008702064415e-03
4.636610302009028572e+01 3.374123467157051463e-03
4.661726081402038346e+01 3.278269807338592134e-03
4.686748045926628237e+01 3.259975953712207757e-03
4.712001000143001761e+01 3.188736174927237366e-03
4.737334269293729960e+01 3.145065871742472319e-03
4.762357272554871912e+01 3.085373871475138342e-03
4.787295862859781437e+01 3.108249186721591308e-03
4.812686710231834297e+01 3.006762324604949754e-03
4.837988354528783930e+01 2.968079831768222210e-03
4.862698975964909209e+01 2.940573490227344974e-03
4.887931961662670233e+01 2.909306176283399728e-03
4.913512531690142282e+01 2.887231842395098207e-03
4.938486646957150583e+01 2.749340866279556192e-03
4.963073103205424985e+01 2.778589929579405784e-03
4.988316058859187763e+01 2.732278366837685973e-03
5.013927392651110893e+01 2.666050923543414157e-03
5.038898445289544270e+01 2.693488462975517691e-03
5.063791314200675941e+01 2.675118977255350194e-03
5.089234515763529032e+01 2.630921739659972634e-03
5.114529266359630810e+01 2.458126199857010863e-03
5.138952878242714206e+01 2.562028243501511104e-03
5.163945178601188246e+01 2.468908948841450849e-03
5.190206698624180603e+01 2.352065115721480547e-03
5.215590084722179398e+01 2.431088630024345280e-03
5.238680673191466042e+01 2.428791427782105335e-03
5.263532591009818873e+01 2.304654766178308029e-03
5.290823119436031874e+01 2.291740989240027577e-03
5.316882575050344428e+01 2.210622547758645928e-03
5.338513341050097694e+01 2.186487356084102721e-03
5.363212510227822349e+01 2.089315339314210852e-03
5.391615723351310407e+01 2.170278616758799725e-03
5.419187693011466678e+01 2.089214176649263621e-03
5.439722241285236493e+01 1.881592915780170953e-03
5.462806064877949552e+01 2.080407472182079290e-03
5.491241494336609463e+01 2.092800741026410935e-03
5.519421446932921782e+01 2.198226604944021698e-03
5.543046826972861396e+01 1.619997189876035875e-03
5.561137265256709128e+01 3.226439392669389408e-03
