3.559856489878782115e-01 5.611248096909769174e+02
6.031648866026231293e-01 1.568099389803639667e+02
8.579160745827347778e-01 8.597569939639231507e+01
1.113464310595710716e+00 5.059327203705118592e+01
1.374039914321364408e+00 2.984422572054609546e+01
1.619154704570298309e+00 1.815872890892092073e+01
1.870686673430271840e+00 1.398136189841143207e+01
2.123290040706380832e+00 9.992681038559380724e+00
2.378144976376236119e+00 8.224653441585543234e+00
2.630489925835516996e+00 6.103704193159531499e+00
2.878653162679494670e+00 4.959616188983980045e+00
3.131144366275339319e+00 4.236373768878022972e+00
3.388159578333816313e+00 3.210493344044696329e+00
3.638741848210948149e+00 2.677540081975927855e+00
3.888315910732085268e+00 2.325017031187609273e+00
4.139052155837465996e+00 1.977942630933346546e+00
4.390305777018236988e+00 1.715267641068813242e+00
4.642172339120373081e+00 1.419477545890670100e+00
4.894678666149941293e+00 1.251619482116186344e+00
5.147269052361176378e+00 1.135793252258113117e+00
5.398003206656323272e+00 9.728627556997472281e-01
5.647798235368590269e+00 9.283642930302129503e-01
5.900534302989873581e+00 7.977927414533287909e-01
6.151460297009074374e+00 7.157245877961869729e-01
6.402630176204441526e+00 6.428348708161015779e-01
6.655964674748322096e+00 5.850408920457312867e-01
6.908782583105771202e+00 5.248911719265358933e-01
7.159060853508338873e+00 4.908085926641544972e-01
7.409414762591408632e+00 4.460944582416283555e-01
7.659227149364629561e+00 4.025325856902207122e-01
7.911559474606142395e+00 3.754982680592246491e-01
8.163750941790897997e+00 3.444350655656103766e-01
8.415757210439384295e+00 3.198357927882122254e-01
8.667638839289207198e+00 2.983401515459092046e-01
8.918801124864609520e+00 2.804854801384488172e-01
9.170480108345369530e+00 2.534256871120414423e-01
9.420566033467249412e+00 2.362293910251483942e-01
9.671642335271435797e+00 2.182493330601918136e-01
9.923426157758477473e+00 2.107978827493424134e-01
1.017396902749181820e+01 1.912882664414983780e-01
1.042533700753922155e+01 1.816059664948539987e-01
1.067702948358784276e+01 1.705504150271814623e-01
1.092969337256462303e+01 1.608703046176831186e-01
1.118211872033766419e+01 1.509604779541889596e-01
1.143346516925797296e+01 1.431772097750463879e-01
1.168350508557724687e+01 1.341348370493352371e-01
1.193379937775929100e+01 1.278720307312914140e-01
1.218553055762879112e+01 1.177567964112503363e-01
1.243711650801278878e+01 1.157290125958437971e-01
1.268867268647359303e+01 1.095519376688426638e-01
1.294075027177769144e+01 1.024068956825115173e-01
1.319267287020158363e+01 9.693989207883983716e-02
1.344470571782862756e+01 9.239546347864825704e-02
1.369480150283709641e+01 8.801727603111872411e-02
1.394591277066507828e+01 8.439336370899812312e-02
1.419764645764527167e+01 8.010198513100659501e-02
1.444766774168416212e+01 7.661164657730892835e-02
1.469906835825429070e+01 7.363959515551427026e-02
1.495059118111036511e+01 6.997031786515006679e-02
1.520261612590052991e+01 6.743541758656233787e-02
1.545415944503929495e+01 6.404608207318668311e-02
1.570456072545780124e+01 6.161306405194102997e-02
1.595705800128773966e+01 5.916954345859572195e-02
1.620829297830731619e+01 5.710660024990681094e-02
1.645966591028190962e+01 5.365057372441083688e-02
1.671125708846596325e+01 5.240429254452066282e-02
1.696160259490052624e+01 5.046351472678538286e-02
1.721370276108077135e+01 4.821474734158192471e-02
1.746543424102250341e+01 4.675554558896927171e-02
1.771598473288305442e+01 4.452282420588908607e-02
1.796653767411944003e+01 4.322599648185079801e-02
1.821765658501893270e+01 4.161273276019530898e-02
1.847053788120423334e+01 4.012773102387647700e-02
1.872257696809484173e+01 3.852739453326166352e-02
1.897394097105746269e+01 3.718249427818476338e-02
1.922542454726159988e+01 3.568018445026911040e-02
1.947607703355479103e+01 3.486907909785278564e-02
1.972678839839982601e+01 3.357779140907477672e-02
1.997802698857814363e+01 3.248999826024941834e-02
2.022863620534168660e+01 3.143207366451770263e-02
2.047969598507238231e+01 3.021641287670170234e-02
2.073250439107362553e+01 2.928638490250522891e-02
2.098435855211640089e+01 2.859536781568631017e-02
2.123502923393334640e+01 2.736676660633803604e-02
2.148629411178690773e+01 2.677284353358502789e-02
2.173831825513516591e+01 2.577536466681784599e-02
2.198972260956887226e+01 2.508346204943568206e-02
2.223974971000711420e+01 2.440986439359674881e-02
2.249141870643862973e+01 2.377772874667331490e-02
2.274404614890906373e+01 2.298682176226921753e-02
2.299521835768831579e+01 2.214691089570174770e-02
2.324620084136223852e+01 2.137795516715870758e-02
2.349757798664387209e+01 2.103377062871130201e-02
2.374870488118759937e+01 2.042277303644914402e-02
2.399988781917473091e+01 1.985646738518744361e-02
2.425071646049711305e+01 1.927071706666152323e-02
2.450187830577813841e+01 1.872508818485968743e-02
2.475391093216606109e+01 1.838213566709551855e-02
2.500524226975159792e+01 1.780835519837192099e-02
2.525610980153284402e+01 1.729956726842774711e-02
2.550801425092822328e+01 1.686549283424460671e-02
2.575943113325822864e+01 1.642836500127983421e-02
2.601074166866445125e+01 1.605567224298554141e-02
2.626234447079615464e+01 1.555093475195114608e-02
2.651347712943701751e+01 1.517878820416562746e-02
2.676474177984877656e+01 1.482870535709399952e-02
2.701628079430242479e+01 1.441697941738716293e-02
2.726734205837282232e+01 1.403936165630308500e-02
2.751837013544679422e+01 1.376773224657293175e-02
2.776937726815812724e+01 1.337887310270147352e-02
2.802070160973895341e+01 1.310239807685500274e-02
2.827249982643487058e+01 1.272624491401309031e-02
2.852407603869968966e+01 1.246980305621850707e-02
2.877567300468570721e+01 1.210010145331710980e-02
2.902733523039245256e+01 1.188414454052268664e-02
2.927861073083739996e+01 1.157735924830887060e-02
2.953003196193969160e+01 1.133507536302638327e-02
2.978106336846375157e+01 1.113260298494004805e-02
3.003148440777084716e+01 1.085303517819557681e-02
3.028303386126418673e+01 1.059257750328503229e-02
3.053456493440382857e+01 1.038800504149574311e-02
3.078585183944906944e+01 1.016890022492997897e-02
3.103757946070165730e+01 9.921866311830042362e-03
3.128931656795834826e+01 9.733121674157921288e-03
3.154125974608096428e+01 9.490368232433096102e-03
3.179158626791808828e+01 9.298374242285004435e-03
3.204196438636942190e+01 9.174760575099336762e-03
3.229344668057169798e+01 8.921593364278045460e-03
3.254489998018084407e+01 8.750910723028035645e-03
3.279660140319880668e+01 8.506719060534283575e-03
3.304772754686901237e+01 8.369296705238475284e-03
3.329949953441923327e+01 8.179438088743844551e-03
3.355173249539067371e+01 8.058116948571633284e-03
3.380235474142784824e+01 7.854525045446055995e-03
3.405292218889088218e+01 7.737807815705092206e-03
3.430455901572810262e+01 7.586425017263551639e-03
3.455605119154291316e+01 7.415439017285840526e-03
3.480708698418615654e+01 7.245656701820861467e-03
3.505823042281740243e+01 7.083264814144282079e-03
3.530983122122644602e+01 6.955592322487509811e-03
3.556111974160763367e+01 6.873302709894960061e-03
3.581195885960364933e+01 6.755154251475410133e-03
3.606348577968052638e+01 6.588630931080795630e-03
3.631495136683125935e+01 6.480829947880148954e-03
3.656646781331610185e+01 6.348661258556983350e-03
3.681800948534306173e+01 6.233283102940628297e-03
3.706942350460822411e+01 6.112950493203409344e-03
3.732119977997001570e+01 6.016186259800445670e-03
3.757249197135423202e+01 5.928997339896109608e-03
3.782324055213251057e+01 5.808427004804658095e-03
3.807430609684078604e+01 5.703062640758993669e-03
3.832526519371521090e+01 5.599811093583149588e-03
3.857704530181875668e+01 5.500234674898985335e-03
3.882896255048217427e+01 5.396053766205699195e-03
3.907976684424035341e+01 5.286504980661176425e-03
3.933085588900704010e+01 5.224035801023407463e-03
3.958184533965361140e+01 5.142874372183722613e-03
3.983320492881626507e+01 5.060067386463040946e-03
4.008506787586624398e+01 4.969215102814704584e-03
4.033569471078550350e+01 4.844366631763821936e-03
4.058701345074587863e+01 4.771827108823716718e-03
4.083916815834436420e+01 4.659054698544090774e-03
4.108978611092747713e+01 4.599504378549769575e-03
4.134119394692694271e+01 4.551714459885313098e-03
4.159372926482761557e+01 4.513932624343022608e-03
4.184480996230068683e+01 4.435428530701058560e-03
4.209495048714620680e+01 4.343546174855204313e-03
4.234568601474854432e+01 4.234379595022142589e-03
4.259794184898333214e+01 4.196906257651754346e-03
4.284922176444433717e+01 4.142877190623940782e-03
4.309982534096671003e+01 4.066145943357686414e-03
4.335153475414617930e+01 4.009358762367648370e-03
4.360374984514007224e+01 3.966331434463519004e-03
4.385432838732079830e+01 3.886191786472663681e-03
4.410529766549178277e+01 3.809557011931571056e-03
4.435675536456894008e+01 3.767557158484412597e-03
4.460756668584335927e+01 3.665213992406114382e-03
4.485812369927145937e+01 3.623956023105291344e-03
4.510933196139897206e+01 3.571948753641343479e-03
4.536097672816924131e+01 3.541383488283131754e-03
4.561261869099184452e+01 3.484224596208538877e-03
4.586346064304911607e+01 3.448170625257858911e-03
4.611435299895526185e+01 3.343304727801251191e-03
4.636610302009028572e+01 3.302721546213514738e-03
4.661726081402038346e+01 3.326512376291863339e-03
4.686748045926628237e+01 3.259980194700260250e-03
4.712001000143001761e+01 3.187850965520961678e-03
4.737334269293729960e+01 3.161932868346668552e-03
4.762357272554871912e+01 3.112245064357984248e-03
4.787295862859781437e+01 3.100269287487280624e-03
4.812686710231834297e+01 2.985888000014261506e-03
4.837988354528783930e+01 3.003674409818675537e-03
4.862698975964909209e+01 2.945507121193464972e-03
4.887931961662670233e+01 2.885042493400028288e-03
4.913512531690142282e+01 2.787645597570344389e-03
4.938486646957150583e+01 2.800880676411686594e-03
4.963073103205424985e+01 2.785824014820578037e-03
4.988316058859187763e+01 2.699302866237364602e-03
5.013927392651110893e+01 2.714061424924153407e-03
5.038898445289544270e+01 2.665774231035761797e-03
5.063791314200675941e+01 2.612137517059449996e-03
5.089234515763529032e+01 2.564331830911040049e-03
5.114529266359630810e+01 2.487763358835977899e-03
5.138952878242714206e+01 2.468351944752456527e-03
5.163945178601188246e+01 2.427098764932615876e-03
5.190206698624180603e+01 2.457514892464244052e-03
5.215590084722179398e+01 2.383078642329536194e-03
5.238680673191466042e+01 2.351842696691241411e-03
5.263532591009818873e+01 2.324395541470739273e-03
5.290823119436031874e+01 2.293012126527617899e-03
5.316882575050344428e+01 2.359566934401047863e-03
5.338513341050097694e+01 2.341079344299870114e-03
5.363212510227822349e+01 2.214115060854161560e-03
5.391615723351310407e+01 2.118575329335927165e-03
5.419187693011466678e+01 2.064495700903860951e-03
5.439722241285236493e+01 2.008460308520588090e-03
5.462806064877949552e+01 2.062577597126415488e-03
5.491241494336609463e+01 2.157769898094105514e-03
5.519421446932921782e+01 1.930595477877549392e-03
5.543046826972861396e+01 3.599181542306343403e-03
5.561137265256709128e+01 1.136392968062919498e-03
