3.559856489878782115e-01 5.460536505665845652e+02
6.031648866026231293e-01 1.892218129833803175e+02
8.579160745827347778e-01 1.087564234005302239e+02
1.113464310595710716e+00 5.146334767424695400e+01
1.374039914321364408e+00 3.210710060194022475e+01
1.619154704570298309e+00 2.092105369240659130e+01
1.870686673430271840e+00 1.298849205772469517e+01
2.123290040706380832e+00 1.099833891353160809e+01
2.378144976376236119e+00 7.282121194346063753e+00
2.630489925835516996e+00 6.337412876910898163e+00
2.878653162679494670e+00 5.113823178149901949e+00
3.131144366275339319e+00 4.085102537577469661e+00
3.388159578333816313e+00 3.319957431001599346e+00
3.638741848210948149e+00 2.767389726936155814e+00
3.888315910732085268e+00 2.280129208309163324e+00
4.139052155837465996e+00 1.986433273260975074e+00
4.390305777018236988e+00 1.675697523440313308e+00
4.642172339120373081e+00 1.466889174844024923e+00
4.894678666149941293e+00 1.342563761712532333e+00
5.147269052361176378e+00 1.143047272237736056e+00
5.398003206656323272e+00 1.015327032452546296e+00
5.647798235368590269e+00 8.953639627870128015e-01
5.900534302989873581e+00 8.039176895314533722e-01
6.151460297009074374e+00 7.039872749683732112e-01
6.402630176204441526e+00 6.490525391730026517e-01
6.655964674748322096e+00 5.926664192961615951e-01
6.908782583105771202e+00 5.381219593652859512e-01
7.159060853508338873e+00 4.758644968514183504e-01
7.409414762591408632e+00 4.435435054668549482e-01
7.659227149364629561e+00 4.062885647147201351e-01
7.911559474606142395e+00 3.622815914840801788e-01
8.163750941790897997e+00 3.480629513605825176e-01
8.415757210439384295e+00 3.153164442542240598e-01
8.667638839289207198e+00 2.969363947842563189e-01
8.918801124864609520e+00 2.723369832441657201e-01
9.170480108345369530e+00 2.535108555747806469e-01
9.420566033467249412e+00 2.366239890991595207e-01
9.671642335271435797e+00 2.238985574301709802e-01
9.923426157758477473e+00 2.082683754664970133e-01
1.017396902749181820e+01 1.905971035332336694e-01
1.042533700753922155e+01 1.807306597770328982e-01
1.067702948358784276e+01 1.687397330358151593e-01
1.092969337256462303e+01 1.612125233038528838e-01
1.118211872033766419e+01 1.513488319626156986e-01
1.143346516925797296e+01 1.416521109373030940e-01
1.168350508557724687e+01 1.354223872092553405e-01
1.193379937775929100e+01 1.266898882748276056e-01
1.218553055762879112e+01 1.205657615389570392e-01
1.243711650801278878e+01 1.149809974052123929e-01
1.268867268647359303e+01 1.091865438912627551e-01
1.294075027177769144e+01 1.027545965666797206e-01
1.319267287020158363e+01 9.803721170492808723e-02
1.344470571782862756e+01 9.331442990289265382e-02
1.369480150283709641e+01 8.810902084561801628e-02
1.394591277066507828e+01 8.534231269962749833e-02
1.419764645764527167e+01 8.075264398303100277e-02
1.444766774168416212e+01 7.596979726861950721e-02
1.469906835825429070e+01 7.363385021969652555e-02
1.495059118111036511e+01 7.008763465751792487e-02
1.520261612590052991e+01 6.698258285914013288e-02
1.545415944503929495e+01 6.398174847705186130e-02
1.570456072545780124e+01 6.162206085031807223e-02
1.595705800128773966e+01 5.823782648332958417e-02
1.620829297830731619e+01 5.674863993573023291e-02
1.645966591028190962e+01 5.460550629422214475e-02
1.671125708846596325e+01 5.192089616170681571e-02
1.696160259490052624e+01 5.027141972645196577e-02
1.721370276108077135e+01 4.758912958031056434e-02
1.746543424102250341e+01 4.605224915565828830e-02
1.771598473288305442e+01 4.484759438830138167e-02
1.796653767411944003e+01 4.272836709311830100e-02
1.821765658501893270e+01 4.173867647864443892e-02
1.847053788120423334e+01 4.025905129207062866e-02
1.872257696809484173e+01 3.834893133933400811e-02
1.897394097105746269e+01 3.734542280478833631e-02
1.922542454726159988e+01 3.580017306397994398e-02
1.947607703355479103e+01 3.470835650508762027e-02
1.972678839839982601e+01 3.362369888268559176e-02
1.997802698857814363e+01 3.234696182760755240e-02
2.022863620534168660e+01 3.130932033773934503e-02
2.047969598507238231e+01 3.026612002526301443e-02
2.073250439107362553e+01 2.928502358984369849e-02
2.098435855211640089e+01 2.860835534744309364e-02
2.123502923393334640e+01 2.780629654598038708e-02
2.148629411178690773e+01 2.674581550761827298e-02
2.173831825513516591e+01 2.601059822960640963e-02
2.198972260956887226e+01 2.501555767472602582e-02
2.223974971000711420e+01 2.439671843873046642e-02
2.249141870643862973e+01 2.376667556949602772e-02
2.274404614890906373e+01 2.307189950143550411e-02
2.299521835768831579e+01 2.220102064300268074e-02
2.324620084136223852e+01 2.160140199013317608e-02
2.349757798664387209e+01 2.085613487841619929e-02
2.374870488118759937e+01 2.047254889747944159e-02
2.399988781917473091e+01 1.981829010994681783e-02
2.425071646049711305e+01 1.937042313094558196e-02
2.450187830577813841e+01 1.875379663276867392e-02
2.475391093216606109e+01 1.814426738255229057e-02
2.500524226975159792e+01 1.776242113216474142e-02
2.525610980153284402e+01 1.728224911389228402e-02
2.550801425092822328e+01 1.681667561554265472e-02
2.575943113325822864e+01 1.635156363380159406e-02
2.601074166866445125e+01 1.605598422231461694e-02
2.626234447079615464e+01 1.550787430886317077e-02
2.651347712943701751e+01 1.520398081442294810e-02
2.676474177984877656e+01 1.480340910897272669e-02
2.701628079430242479e+01 1.440781532651587253e-02
2.726734205837282232e+01 1.406529573312723623e-02
2.751837013544679422e+01 1.368064681583427110e-02
2.776937726815812724e+01 1.343763875194705325e-02
2.802070160973895341e+01 1.309405419173404958e-02
2.827249982643487058e+01 1.275771860050654329e-02
2.852407603869968966e+01 1.241781973263530840e-02
2.877567300468570721e+01 1.216874863713471831e-02
2.902733523039245256e+01 1.187759248542613610e-02
2.927861073083739996e+01 1.159336109174446093e-02
2.953003196193969160e+01 1.135595248963072040e-02
2.978106336846375157e+01 1.111019271939723760e-02
3.003148440777084716e+01 1.083408388754373251e-02
3.028303386126418673e+01 1.057852029776785475e-02
3.053456493440382857e+01 1.038854642544304908e-02
3.078585183944906944e+01 1.013980200222632834e-02
3.103757946070165730e+01 9.934964707749925628e-03
3.128931656795834826e+01 9.721342422007077724e-03
3.154125974608096428e+01 9.472814767463514155e-03
3.179158626791808828e+01 9.314364352114560056e-03
3.204196438636942190e+01 9.115549433733339743e-03
3.229344668057169798e+01 8.927450359083169418e-03
3.254489998018084407e+01 8.737716079930303234e-03
3.279660140319880668e+01 8.537615080320835187e-03
3.304772754686901237e+01 8.383419642761902324e-03
3.329949953441923327e+01 8.207104263821197315e-03
3.355173249539067371e+01 8.036471592101728650e-03
3.380235474142784824e+01 7.893084490320896596e-03
3.405292218889088218e+01 7.733084419345064194e-03
3.430455901572810262e+01 7.537673749838299901e-03
3.455605119154291316e+01 7.362994480320687180e-03
3.480708698418615654e+01 7.273343513761965085e-03
3.505823042281740243e+01 7.130014567162877050e-03
3.530983122122644602e+01 6.959974579608388910e-03
3.556111974160763367e+01 6.871614057468914891e-03
3.581195885960364933e+01 6.750298267932813151e-03
3.606348577968052638e+01 6.626794319730238032e-03
3.631495136683125935e+01 6.496340467429610396e-03
3.656646781331610185e+01 6.389442418654153397e-03
3.681800948534306173e+01 6.248066766197669583e-03
3.706942350460822411e+01 6.099195129468261596e-03
3.732119977997001570e+01 5.997068060665758371e-03
3.757249197135423202e+01 5.924986127945307268e-03
3.782324055213251057e+01 5.804987735697835285e-03
3.807430609684078604e+01 5.678019292486819782e-03
3.832526519371521090e+01 5.570605443788590252e-03
3.857704530181875668e+01 5.507098130604756378e-03
3.882896255048217427e+01 5.390827526955018628e-03
3.907976684424035341e+01 5.307755725500832959e-03
3.933085588900704010e+01 5.234272772444402595e-03
3.958184533965361140e+01 5.144054508127717321e-03
3.983320492881626507e+01 5.063043681219217031e-03
4.008506787586624398e+01 4.959218936831186891e-03
4.033569471078550350e+01 4.877929733975112925e-03
4.058701345074587863e+01 4.773045054276830491e-03
4.083916815834436420e+01 4.733790615591328653e-03
4.108978611092747713e+01 4.610793769772430876e-03
4.134119394692694271e+01 4.560065650612703768e-03
4.159372926482761557e+01 4.484849661293556326e-03
4.184480996230068683e+01 4.433442654446935124e-03
4.209495048714620680e+01 4.333874759635975363e-03
4.234568601474854432e+01 4.266095076805228974e-03
4.259794184898333214e+01 4.209876470762256850e-03
4.284922176444433717e+01 4.088770070262164394e-03
4.309982534096671003e+01 4.071802076709703060e-03
4.335153475414617930e+01 4.023309053860247946e-03
4.360374984514007224e+01 3.916765838424006441e-03
4.385432838732079830e+01 3.897052413187377783e-03
4.410529766549178277e+01 3.821397590285874682e-03
4.435675536456894008e+01 3.768113577904192834e-03
4.460756668584335927e+01 3.677723048932751877e-03
4.485812369927145937e+01 3.650472032296052643e-03
4.510933196139897206e+01 3.583831559928758303e-03
4.536097672816924131e+01 3.564975735543231966e-03
4.561261869099184452e+01 3.480884603114661573e-03
4.586346064304911607e+01 3.406719449375142459e-03
4.611435299895526185e+01 3.384308624829377842e-03
4.636610302009028572e+01 3.338342232631546624e-03
4.661726081402038346e+01 3.205421992705278621e-03
4.686748045926628237e+01 3.224818642114396765e-03
4.712001000143001761e+01 3.169207509042645549e-03
4.737334269293729960e+01 3.083028701927818631e-03
4.762357272554871912e+01 3.082457566703022869e-03
4.787295862859781437e+01 2.984577255562834760e-03
4.812686710231834297e+01 2.990463299709535030e-03
4.837988354528783930e+01 2.955600572502958302e-03
4.862698975964909209e+01 2.881989732048514854e-03
4.887931961662670233e+01 2.854174563885244608e-03
4.913512531690142282e+01 2.851456663454659743e-03
4.938486646957150583e+01 2.880586709134140815e-03
4.963073103205424985e+01 2.792502738595804401e-03
4.988316058859187763e+01 2.736688612276409402e-03
5.013927392651110893e+01 2.677115360371190664e-03
5.038898445289544270e+01 2.641057069817793080e-03
5.063791314200675941e+01 2.666482714571120557e-03
5.089234515763529032e+01 2.512781186736007255e-03
5.114529266359630810e+01 2.519119922475925727e-03
5.138952878242714206e+01 2.540044895968652551e-03
5.163945178601188246e+01 2.451966254699979725e-03
5.190206698624180603e+01 2.442081569964046038e-03
5.215590084722179398e+01 2.479403708728694037e-03
5.238680673191466042e+01 2.275233640701790003e-03
5.263532591009818873e+01 2.300586654759721999e-03
5.290823119436031874e+01 2.369587237100569035e-03
5.316882575050344428e+01 2.225405223660830486e-03
5.338513341050097694e+01 2.308611715164866039e-03
5.363212510227822349e+01 2.111826817351747723e-03
5.391615723351310407e+01 2.193865258043859855e-03
5.419187693011466678e+01 2.086986738536857414e-03
5.439722241285236493e+01 1.985071668812434832e-03
5.462806064877949552e+01 2.123035841522392681e-03
5.491241494336609463e+01 1.903697647374789394e-03
5.519421446932921782e+01 2.172124578223474847e-03
5.543046826972861396e+01 3.101199130742513400e-03
5.561137265256709128e+01 2.850676262349857455e-03
