3.559856489878782115e-01 8.540167327009164637e+02
6.031648866026231293e-01 2.262712545662605521e+02
8.579160745827347778e-01 1.006615399219383420e+02
1.113464310595710716e+00 5.121197007263855028e+01
1.374039914321364408e+00 3.035669460450690949e+01
1.619154704570298309e+00 1.905536029932310527e+01
1.870686673430271840e+00 1.317178684958897783e+01
2.123290040706380832e+00 1.064153251470477812e+01
2.378144976376236119e+00 8.108999453776480237e+00
2.630489925835516996e+00 5.899601005531833309e+00
2.878653162679494670e+00 4.740395504464380849e+00
3.131144366275339319e+00 3.844671479021446014e+00
3.388159578333816313e+00 3.184594179679850257e+00
3.638741848210948149e+00 2.866046222152283551e+00
3.888315910732085268e+00 2.382973595267070088e+00
4.139052155837465996e+00 1.953286982999608679e+00
4.390305777018236988e+00 1.727402933884539360e+00
4.642172339120373081e+00 1.491117644846758017e+00
4.894678666149941293e+00 1.266131848115899405e+00
5.147269052361176378e+00 1.168318520287072060e+00
5.398003206656323272e+00 9.952655375493204559e-01
5.647798235368590269e+00 8.944326890901128646e-01
5.900534302989873581e+00 7.777919863526627786e-01
6.151460297009074374e+00 7.157359571509387397e-01
6.402630176204441526e+00 6.664047678465511160e-01
6.655964674748322096e+00 5.892293648583277754e-01
6.908782583105771202e+00 5.288272464134778916e-01
7.159060853508338873e+00 4.923041677196666188e-01
7.409414762591408632e+00 4.402175814938491527e-01
7.659227149364629561e+00 4.092952760686712210e-01
7.911559474606142395e+00 3.701182022845350694e-01
8.163750941790897997e+00 3.397024839329866874e-01
8.415757210439384295e+00 3.168937470831663106e-01
8.667638839289207198e+00 2.945017354178407487e-01
8.918801124864609520e+00 2.772455604386412920e-01
9.170480108345369530e+00 2.523536935391003655e-01
9.420566033467249412e+00 2.343945324183667467e-01
9.671642335271435797e+00 2.237519075588211837e-01
9.923426157758477473e+00 2.112612050348291193e-01
1.017396902749181820e+01 1.941923158901988355e-01
1.042533700753922155e+01 1.822175157439041571e-01
1.067702948358784276e+01 1.715956491459333932e-01
1.092969337256462303e+01 1.643790186574554946e-01
1.118211872033766419e+01 1.504748089069563310e-01
1.143346516925797296e+01 1.410567035782475942e-01
1.168350508557724687e+01 1.339169762643165340e-01
1.193379937775929100e+01 1.258876475535110062e-01
1.218553055762879112e+01 1.203172821220762911e-01
1.243711650801278878e+01 1.129885615063011134e-01
1.268867268647359303e+01 1.086181467661558875e-01
1.294075027177769144e+01 1.032147563577791305e-01
1.319267287020158363e+01 9.767961085600267157e-02
1.344470571782862756e+01 9.163003940572611583e-02
1.369480150283709641e+01 8.942057064194644522e-02
1.394591277066507828e+01 8.411582980191455172e-02
1.419764645764527167e+01 8.085942780866085811e-02
1.444766774168416212e+01 7.675511959160118136e-02
1.469906835825429070e+01 7.233464807196385293e-02
1.495059118111036511e+01 6.942050011659006703e-02
1.520261612590052991e+01 6.712846123880800153e-02
1.545415944503929495e+01 6.454770549293310788e-02
1.570456072545780124e+01 6.108746888321588131e-02
1.595705800128773966e+01 5.948404655051985762e-02
1.620829297830731619e+01 5.700445475632754527e-02
1.645966591028190962e+01 5.396958352559180772e-02
1.671125708846596325e+01 5.232468299826519009e-02
1.696160259490052624e+01 5.031442116846842477e-02
1.721370276108077135e+01 4.817383392828875066e-02
1.746543424102250341e+01 4.657874586528990002e-02
1.771598473288305442e+01 4.533279424617456949e-02
1.796653767411944003e+01 4.315444795971625641e-02
1.821765658501893270e+01 4.123575188801414243e-02
1.847053788120423334e+01 4.012503560472301806e-02
1.872257696809484173e+01 3.867560908065970082e-02
1.897394097105746269e+01 3.703028880756523838e-02
1.922542454726159988e+01 3.587884789591013618e-02
1.947607703355479103e+01 3.477111586266853210e-02
1.972678839839982601e+01 3.344244656287333195e-02
1.997802698857814363e+01 3.228431360943274930e-02
2.022863620534168660e+01 3.128462534677370344e-02
2.047969598507238231e+01 3.029607617256180677e-02
2.073250439107362553e+01 2.952036424282384122e-02
2.098435855211640089e+01 2.821771591943801963e-02
2.123502923393334640e+01 2.725882407683761013e-02
2.148629411178690773e+01 2.677662080050442761e-02
2.173831825513516591e+01 2.581754600861218760e-02
2.198972260956887226e+01 2.469582083352153332e-02
2.223974971000711420e+01 2.424108635416132376e-02
2.249141870643862973e+01 2.340951259035313134e-02
2.274404614890906373e+01 2.276918987391753080e-02
2.299521835768831579e+01 2.232515547711146769e-02
2.324620084136223852e+01 2.157264299611917277e-02
2.349757798664387209e+01 2.090825008002605498e-02
2.374870488118759937e+01 2.031975963201556809e-02
2.399988781917473091e+01 1.981077657096174879e-02
2.425071646049711305e+01 1.916981696112461317e-02
2.450187830577813841e+01 1.878269789040853954e-02
2.475391093216606109e+01 1.830190643642133630e-02
2.500524226975159792e+01 1.781418102729756536e-02
2.525610980153284402e+01 1.735830161592095272e-02
2.550801425092822328e+01 1.695904540026299534e-02
2.575943113325822864e+01 1.648808459609600249e-02
2.601074166866445125e+01 1.587637255801151517e-02
2.626234447079615464e+01 1.563132506940758185e-02
2.651347712943701751e+01 1.515762881725024949e-02
2.676474177984877656e+01 1.482777748781204802e-02
2.701628079430242479e+01 1.447561646072529316e-02
2.726734205837282232e+01 1.401431442055228217e-02
2.751837013544679422e+01 1.371755339137931823e-02
2.776937726815812724e+01 1.336432806055564033e-02
2.802070160973895341e+01 1.303788737436757141e-02
2.827249982643487058e+01 1.277437083111089208e-02
2.852407603869968966e+01 1.247894952880566552e-02
2.877567300468570721e+01 1.211644393127133540e-02
2.902733523039245256e+01 1.191430306238577472e-02
2.927861073083739996e+01 1.161183573989880632e-02
2.953003196193969160e+01 1.142263565920115763e-02
2.978106336846375157e+01 1.105745491281784516e-02
3.003148440777084716e+01 1.085047513833145051e-02
3.028303386126418673e+01 1.058075813789338335e-02
3.053456493440382857e+01 1.037944280183185179e-02
3.078585183944906944e+01 1.012888777896946320e-02
3.103757946070165730e+01 9.946314069050861753e-03
3.128931656795834826e+01 9.682314250998205751e-03
3.154125974608096428e+01 9.508907640895250535e-03
3.179158626791808828e+01 9.287892017831238939e-03
3.204196438636942190e+01 9.056435886145380865e-03
3.229344668057169798e+01 8.979787443923623047e-03
3.254489998018084407e+01 8.709712188978516526e-03
3.279660140319880668e+01 8.569042437061665310e-03
3.304772754686901237e+01 8.390751837038731842e-03
3.329949953441923327e+01 8.212459656705885930e-03
3.355173249539067371e+01 8.070526925316132485e-03
3.380235474142784824e+01 7.823791972851233678e-03
3.405292218889088218e+01 7.726725448298924284e-03
3.430455901572810262e+01 7.583126968325168242e-03
3.455605119154291316e+01 7.415450172189865310e-03
3.480708698418615654e+01 7.278552379269094194e-03
3.505823042281740243e+01 7.127938042943114672e-03
3.530983122122644602e+01 6.976229123872597533e-03
3.556111974160763367e+01 6.865991961147434319e-03
3.581195885960364933e+01 6.736530504508834137e-03
3.606348577968052638e+01 6.582166602068079825e-03
3.631495136683125935e+01 6.490524570000988369e-03
3.656646781331610185e+01 6.350887000454208224e-03
3.681800948534306173e+01 6.233132849063218774e-03
3.706942350460822411e+01 6.178611930519052088e-03
3.732119977997001570e+01 6.017607448728855626e-03
3.757249197135423202e+01 5.940403584966578131e-03
3.782324055213251057e+01 5.796308321913135921e-03
3.807430609684078604e+01 5.683352964121168339e-03
3.832526519371521090e+01 5.603547942817554452e-03
3.857704530181875668e+01 5.506879280698303257e-03
3.882896255048217427e+01 5.406143256939752000e-03
3.907976684424035341e+01 5.313516340769976372e-03
3.933085588900704010e+01 5.203811608460738418e-03
3.958184533965361140e+01 5.128140916099261336e-03
3.983320492881626507e+01 5.056353923746712345e-03
4.008506787586624398e+01 5.010266619579839022e-03
4.033569471078550350e+01 4.848437983215678725e-03
4.058701345074587863e+01 4.763761602331129455e-03
4.083916815834436420e+01 4.715423308795227073e-03
4.108978611092747713e+01 4.633961824463335953e-03
4.134119394692694271e+01 4.573019333491874956e-03
4.159372926482761557e+01 4.484177653741598830e-03
4.184480996230068683e+01 4.419576322114208283e-03
4.209495048714620680e+01 4.310708286329993470e-03
4.234568601474854432e+01 4.259983523385493104e-03
4.259794184898333214e+01 4.249509923556905704e-03
4.284922176444433717e+01 4.130065977091881835e-03
4.309982534096671003e+01 4.037909986715033581e-03
4.335153475414617930e+01 3.995103477806154733e-03
4.360374984514007224e+01 3.943468891046297831e-03
4.385432838732079830e+01 3.916147700733276990e-03
4.410529766549178277e+01 3.835840786735666714e-03
4.435675536456894008e+01 3.779432341801068455e-03
4.460756668584335927e+01 3.706432989305423996e-03
4.485812369927145937e+01 3.605458765270893717e-03
4.510933196139897206e+01 3.576199061270489074e-03
4.536097672816924131e+01 3.498384222133990237e-03
4.561261869099184452e+01 3.469411634662843483e-03
4.586346064304911607e+01 3.483535534734284907e-03
4.611435299895526185e+01 3.415499502996245142e-03
4.636610302009028572e+01 3.309494067505831284e-03
4.661726081402038346e+01 3.273448463898542826e-03
4.686748045926628237e+01 3.230602899481578583e-03
4.712001000143001761e+01 3.200851837521168086e-03
4.737334269293729960e+01 3.120551105614377107e-03
4.762357272554871912e+01 3.065241732557453733e-03
4.787295862859781437e+01 3.043829505767796199e-03
4.812686710231834297e+01 3.044049716526299725e-03
4.837988354528783930e+01 3.033265680460103895e-03
4.862698975964909209e+01 2.907479746489655386e-03
4.887931961662670233e+01 2.885930393870892591e-03
4.913512531690142282e+01 2.782284286958526705e-03
4.938486646957150583e+01 2.801369904947599229e-03
4.963073103205424985e+01 2.768557244639360034e-03
4.988316058859187763e+01 2.768849575995856790e-03
5.013927392651110893e+01 2.681834946318960387e-03
5.038898445289544270e+01 2.657459274488407734e-03
5.063791314200675941e+01 2.625391657546240036e-03
5.089234515763529032e+01 2.583228739453669216e-03
5.114529266359630810e+01 2.448587189994905992e-03
5.138952878242714206e+01 2.492937109823453474e-03
5.163945178601188246e+01 2.416647922806737341e-03
5.190206698624180603e+01 2.440582495333777201e-03
5.215590084722179398e+01 2.475223197414967539e-03
5.238680673191466042e+01 2.329280900213902966e-03
5.263532591009818873e+01 2.406178421260591217e-03
5.290823119436031874e+01 2.348819704877129141e-03
5.316882575050344428e+01 2.233442424984818150e-03
5.338513341050097694e+01 2.194261865264384749e-03
5.363212510227822349e+01 2.333038910535514127e-03
5.391615723351310407e+01 2.195679181784826635e-03
5.419187693011466678e+01 2.248721364887013800e-03
5.439722241285236493e+01 2.241560674901095594e-03
5.462806064877949552e+01 2.163164751361928810e-03
5.491241494336609463e+01 2.484262581740014336e-03
5.519421446932921782e+01 2.001316255042394701e-03
5.543046826972861396e+01 1.666698628476601801e-03
5.561137265256709128e+01 2.080620103853032983e-03
