3.559856489878782115e-01 9.320976731904064536e+02
6.031648866026231293e-01 1.973065371503652159e+02
8.579160745827347778e-01 1.040086036602107811e+02
1.113464310595710716e+00 5.179678064124621528e+01
1.374039914321364408e+00 2.995547126562891904e+01
1.619154704570298309e+00 2.157144127582283488e+01
1.870686673430271840e+00 1.302278854693387444e+01
2.123290040706380832e+00 8.962954124255331223e+00
2.378144976376236119e+00 8.321931420103652499e+00
2.630489925835516996e+00 6.226032307049609749e+00
2.878653162679494670e+00 4.747218882100729509e+00
3.131144366275339319e+00 4.142386972497942743e+00
3.388159578333816313e+00 3.320945041821010246e+00
3.638741848210948149e+00 2.834933492264881671e+00
3.888315910732085268e+00 2.257134854044783090e+00
4.139052155837465996e+00 2.039054449645725686e+00
4.390305777018236988e+00 1.621231045276532168e+00
4.642172339120373081e+00 1.447890866219725625e+00
4.894678666149941293e+00 1.330898837557565884e+00
5.147269052361176378e+00 1.148304310040670240e+00
5.398003206656323272e+00 9.947112695772176716e-01
5.647798235368590269e+00 9.013911324896712873e-01
5.900534302989873581e+00 8.004889919326390046e-01
6.151460297009074374e+00 7.182515945398850743e-01
6.402630176204441526e+00 6.488456175324248676e-01
6.655964674748322096e+00 5.885384820336979628e-01
6.908782583105771202e+00 5.299869051853497437e-01
7.159060853508338873e+00 4.840535980071397071e-01
7.409414762591408632e+00 4.383650102466092879e-01
7.659227149364629561e+00 4.017249448958579161e-01
7.911559474606142395e+00 3.760103793109018100e-01
8.163750941790897997e+00 3.369777306878904977e-01
8.415757210439384295e+00 3.203249592553933378e-01
8.667638839289207198e+00 2.913477661403342522e-01
8.918801124864609520e+00 2.708397340478378990e-01
9.170480108345369530e+00 2.578397704411177216e-01
9.420566033467249412e+00 2.364950461465631371e-01
9.671642335271435797e+00 2.214231152353450249e-01
9.923426157758477473e+00 2.073068102225791853e-01
1.017396902749181820e+01 1.940765612456439304e-01
1.042533700753922155e+01 1.844233864414228374e-01
1.067702948358784276e+01 1.677333468141193884e-01
1.092969337256462303e+01 1.607289634294402358e-01
1.118211872033766419e+01 1.538138885354483065e-01
1.143346516925797296e+01 1.448016874742524274e-01
1.168350508557724687e+01 1.355179169981305387e-01
1.193379937775929100e+01 1.279498553672484829e-01
1.218553055762879112e+01 1.189664729026513046e-01
1.243711650801278878e+01 1.121349419639285916e-01
1.268867268647359303e+01 1.071967222321638658e-01
1.294075027177769144e+01 1.024716662504788628e-01
1.319267287020158363e+01 9.751110540559815298e-02
1.344470571782862756e+01 9.368373485923640887e-02
1.369480150283709641e+01 8.931050216499782091e-02
1.394591277066507828e+01 8.480286183044886961e-02
1.419764645764527167e+01 8.124048533041149101e-02
1.444766774168416212e+01 7.680895913549272425e-02
1.469906835825429070e+01 7.333115004110915547e-02
1.495059118111036511e+01 7.041573820121259375e-02
1.520261612590052991e+01 6.778925826441151159e-02
1.545415944503929495e+01 6.426851903254117426e-02
1.570456072545780124e+01 6.138762723520416881e-02
1.595705800128773966e+01 5.940250777942424759e-02
1.620829297830731619e+01 5.618560059201594542e-02
1.645966591028190962e+01 5.523544115342689242e-02
1.671125708846596325e+01 5.180385512035549922e-02
1.696160259490052624e+01 5.002989057493135994e-02
1.721370276108077135e+01 4.847006396668430278e-02
1.746543424102250341e+01 4.660346095267093453e-02
1.771598473288305442e+01 4.474063867526578003e-02
1.796653767411944003e+01 4.299977486508194113e-02
1.821765658501893270e+01 4.133028692253669367e-02
1.847053788120423334e+01 4.007077812784756721e-02
1.872257696809484173e+01 3.822031232653097521e-02
1.897394097105746269e+01 3.719563399668884829e-02
1.922542454726159988e+01 3.600741123825725032e-02
1.947607703355479103e+01 3.490034704496976226e-02
1.972678839839982601e+01 3.365161431319656921e-02
1.997802698857814363e+01 3.254070968038953043e-02
2.022863620534168660e+01 3.141871813151848880e-02
2.047969598507238231e+01 3.050001911152997250e-02
2.073250439107362553e+01 2.924548067743476185e-02
2.098435855211640089e+01 2.825491743192438260e-02
2.123502923393334640e+01 2.753301952370966477e-02
2.148629411178690773e+01 2.646920151213352432e-02
2.173831825513516591e+01 2.593007092902731986e-02
2.198972260956887226e+01 2.527486222292016360e-02
2.223974971000711420e+01 2.425934200992836340e-02
2.249141870643862973e+01 2.392815821270517437e-02
2.274404614890906373e+01 2.293126422295550457e-02
2.299521835768831579e+01 2.235453121732635176e-02
2.324620084136223852e+01 2.160302475700976235e-02
2.349757798664387209e+01 2.106109071220229820e-02
2.374870488118759937e+01 2.044055284860119351e-02
2.399988781917473091e+01 1.979530569151860542e-02
2.425071646049711305e+01 1.928060588686906010e-02
2.450187830577813841e+01 1.880097962206417339e-02
2.475391093216606109e+01 1.822293617167898214e-02
2.500524226975159792e+01 1.758915233170022310e-02
2.525610980153284402e+01 1.726144460179181508e-02
2.550801425092822328e+01 1.682678114568926520e-02
2.575943113325822864e+01 1.639352083502269505e-02
2.601074166866445125e+01 1.600797171352934950e-02
2.626234447079615464e+01 1.555977681560082905e-02
2.651347712943701751e+01 1.515791500008786818e-02
2.676474177984877656e+01 1.484133980467631543e-02
2.701628079430242479e+01 1.436662774257730681e-02
2.726734205837282232e+01 1.411875599746331700e-02
2.751837013544679422e+01 1.372336923127718752e-02
2.776937726815812724e+01 1.335708879799600568e-02
2.802070160973895341e+01 1.305031943162872875e-02
2.827249982643487058e+01 1.279315891228823519e-02
2.852407603869968966e+01 1.246875632921061981e-02
2.877567300468570721e+01 1.211199173678717718e-02
2.902733523039245256e+01 1.191188115255697663e-02
2.927861073083739996e+01 1.165110856357591540e-02
2.953003196193969160e+01 1.133569220191752921e-02
2.978106336846375157e+01 1.104024988498626507e-02
3.003148440777084716e+01 1.082578413322862580e-02
3.028303386126418673e+01 1.058112266391365505e-02
3.053456493440382857e+01 1.043907761045981784e-02
3.078585183944906944e+01 1.019933934383673337e-02
3.103757946070165730e+01 9.863016398388615991e-03
3.128931656795834826e+01 9.740826827001987029e-03
3.154125974608096428e+01 9.541086050248009584e-03
3.179158626791808828e+01 9.322337576365581982e-03
3.204196438636942190e+01 9.104102402977544764e-03
3.229344668057169798e+01 8.914293236807695198e-03
3.254489998018084407e+01 8.725046715747973233e-03
3.279660140319880668e+01 8.518918175518794267e-03
3.304772754686901237e+01 8.369346379804593755e-03
3.329949953441923327e+01 8.249365687411440093e-03
3.355173249539067371e+01 8.076156070983967969e-03
3.380235474142784824e+01 7.895564338809463872e-03
3.405292218889088218e+01 7.727666710519617323e-03
3.430455901572810262e+01 7.562307761364844318e-03
3.455605119154291316e+01 7.395575885359211878e-03
3.480708698418615654e+01 7.276057127109187596e-03
3.505823042281740243e+01 7.142434387061804071e-03
3.530983122122644602e+01 7.000470838576727979e-03
3.556111974160763367e+01 6.842470013925933126e-03
3.581195885960364933e+01 6.727661138105651278e-03
3.606348577968052638e+01 6.593732687828460573e-03
3.631495136683125935e+01 6.474434685810736591e-03
3.656646781331610185e+01 6.358995945056960739e-03
3.681800948534306173e+01 6.277862862389265407e-03
3.706942350460822411e+01 6.170864295410935160e-03
3.732119977997001570e+01 6.013353594828163215e-03
3.757249197135423202e+01 5.922408142125244399e-03
3.782324055213251057e+01 5.825065600882896322e-03
3.807430609684078604e+01 5.700214438594089321e-03
3.832526519371521090e+01 5.555313564974823093e-03
3.857704530181875668e+01 5.456551179509233455e-03
3.882896255048217427e+01 5.363412227862273882e-03
3.907976684424035341e+01 5.295086817977774987e-03
3.933085588900704010e+01 5.236149945921714059e-03
3.958184533965361140e+01 5.104584647469028597e-03
3.983320492881626507e+01 5.004775274522906513e-03
4.008506787586624398e+01 4.965889812420192992e-03
4.033569471078550350e+01 4.891230633710749558e-03
4.058701345074587863e+01 4.823020725948860832e-03
4.083916815834436420e+01 4.672360182428682805e-03
4.108978611092747713e+01 4.638082359132760825e-03
4.134119394692694271e+01 4.542852220073390936e-03
4.159372926482761557e+01 4.464177549153515792e-03
4.184480996230068683e+01 4.416722288415029368e-03
4.209495048714620680e+01 4.383661123320560862e-03
4.234568601474854432e+01 4.302213715333827806e-03
4.259794184898333214e+01 4.171110502522351431e-03
4.284922176444433717e+01 4.125387822029819539e-03
4.309982534096671003e+01 4.084500093254774152e-03
4.335153475414617930e+01 3.998506456716551492e-03
4.360374984514007224e+01 3.892518267865519455e-03
4.385432838732079830e+01 3.862352392450274421e-03
4.410529766549178277e+01 3.810904940019838819e-03
4.435675536456894008e+01 3.785817706914437059e-03
4.460756668584335927e+01 3.703859613089922898e-03
4.485812369927145937e+01 3.660001108397350957e-03
4.510933196139897206e+01 3.586133114458290531e-03
4.536097672816924131e+01 3.535800650420957078e-03
4.561261869099184452e+01 3.467176378976140599e-03
4.586346064304911607e+01 3.434636066554779075e-03
4.611435299895526185e+01 3.405401929549259354e-03
4.636610302009028572e+01 3.329059690958699209e-03
4.661726081402038346e+01 3.315537656583296758e-03
4.686748045926628237e+01 3.231050134195078295e-03
4.712001000143001761e+01 3.210200377710976504e-03
4.737334269293729960e+01 3.153283873951291758e-03
4.762357272554871912e+01 3.078154715373258941e-03
4.787295862859781437e+01 3.047382267392129661e-03
4.812686710231834297e+01 3.028782671331728751e-03
4.837988354528783930e+01 2.927776978918728620e-03
4.862698975964909209e+01 2.943311133589104726e-03
4.887931961662670233e+01 2.893793544716648063e-03
4.913512531690142282e+01 2.873606211319122694e-03
4.938486646957150583e+01 2.792327799384286460e-03
4.963073103205424985e+01 2.751548966858586177e-03
4.988316058859187763e+01 2.747737540190598512e-03
5.013927392651110893e+01 2.689969015560485146e-03
5.038898445289544270e+01 2.727745157523439341e-03
5.063791314200675941e+01 2.606522802611717544e-03
5.089234515763529032e+01 2.624271669480469828e-03
5.114529266359630810e+01 2.528937456832336048e-03
5.138952878242714206e+01 2.499261750985009439e-03
5.163945178601188246e+01 2.404648698069393204e-03
5.190206698624180603e+01 2.424357337712615065e-03
5.215590084722179398e+01 2.420964939402539540e-03
5.238680673191466042e+01 2.381956047308057822e-03
5.263532591009818873e+01 2.402918052573411751e-03
5.290823119436031874e+01 2.292254508629420779e-03
5.316882575050344428e+01 2.283713819293191599e-03
5.338513341050097694e+01 2.280738550991420928e-03
5.363212510227822349e+01 2.143656340623836289e-03
5.391615723351310407e+01 2.211399312055310588e-03
5.419187693011466678e+01 2.048941643930495601e-03
5.439722241285236493e+01 1.941599560153815926e-03
5.462806064877949552e+01 2.106611856855084269e-03
5.491241494336609463e+01 1.829440788292504075e-03
5.519421446932921782e+01 1.771044933017004632e-03
5.543046826972861396e+01 2.203606397939272560e-03
5.561137265256709128e+01 6.629642539946870895e-04
