3.559856489878782115e-01 5.030853763684511932e+02
6.031648866026231293e-01 2.202102740007753141e+02
8.579160745827347778e-01 1.218601538985088126e+02
1.113464310595710716e+00 5.184010489538406574e+01
1.374039914321364408e+00 2.954447860101139867e+01
1.619154704570298309e+00 2.001503534965760167e+01
1.870686673430271840e+00 1.368873676802771477e+01
2.123290040706380832e+00 1.089234534876422344e+01
2.378144976376236119e+00 8.400164791125702024e+00
2.630489925835516996e+00 6.327772958309532569e+00
2.878653162679494670e+00 4.821323606346902935e+00
3.131144366275339319e+00 3.769737118425979805e+00
3.388159578333816313e+00 3.383388763088451157e+00
3.638741848210948149e+00 2.839484798466867410e+00
3.888315910732085268e+00 2.323036027310343421e+00
4.139052155837465996e+00 1.908003510506949718e+00
4.390305777018236988e+00 1.660862016019582610e+00
4.642172339120373081e+00 1.441330763641342161e+00
4.894678666149941293e+00 1.321090882541152478e+00
5.147269052361176378e+00 1.164270358841712261e+00
5.398003206656323272e+00 1.023480754085723365e+00
5.647798235368590269e+00 8.818117980346856788e-01
5.900534302989873581e+00 8.019802019164113949e-01
6.151460297009074374e+00 7.275834861393641884e-01
6.402630176204441526e+00 6.509366881192044652e-01
6.655964674748322096e+00 5.873800383789281598e-01
6.908782583105771202e+00 5.312585595157880425e-01
7.159060853508338873e+00 4.898072644987179203e-01
7.409414762591408632e+00 4.397347801385749766e-01
7.659227149364629561e+00 4.046842926260047490e-01
7.911559474606142395e+00 3.762540259359948291e-01
8.163750941790897997e+00 3.403914567531476920e-01
8.415757210439384295e+00 3.144796073445382811e-01
8.667638839289207198e+00 3.005206484349567941e-01
8.918801124864609520e+00 2.707100914517687751e-01
9.170480108345369530e+00 2.585434027126830570e-01
9.420566033467249412e+00 2.365144507015321806e-01
9.671642335271435797e+00 2.246883274517920415e-01
9.923426157758477473e+00 2.078970741280671553e-01
1.017396902749181820e+01 1.934013051631814084e-01
1.042533700753922155e+01 1.811303867785469535e-01
1.067702948358784276e+01 1.731260936473222323e-01
1.092969337256462303e+01 1.593233613477387511e-01
1.118211872033766419e+01 1.503006638198465528e-01
1.143346516925797296e+01 1.420236236278784869e-01
1.168350508557724687e+01 1.331797191585105677e-01
1.193379937775929100e+01 1.282726085897814561e-01
1.218553055762879112e+01 1.202773366232953445e-01
1.243711650801278878e+01 1.148820239274169902e-01
1.268867268647359303e+01 1.092727141779422512e-01
1.294075027177769144e+01 1.013766607273523523e-01
1.319267287020158363e+01 9.616374972930324949e-02
1.344470571782862756e+01 9.294942342108818145e-02
1.369480150283709641e+01 8.795997202863244102e-02
1.394591277066507828e+01 8.349037069442559467e-02
1.419764645764527167e+01 8.105455039641239201e-02
1.444766774168416212e+01 7.749607592142042367e-02
1.469906835825429070e+01 7.289229582779602201e-02
1.495059118111036511e+01 7.058271467367269181e-02
1.520261612590052991e+01 6.797628344597927974e-02
1.545415944503929495e+01 6.411113054518044474e-02
1.570456072545780124e+01 6.187717271077690373e-02
1.595705800128773966e+01 5.878262455708870016e-02
1.620829297830731619e+01 5.666400382606584518e-02
1.645966591028190962e+01 5.445066069447732776e-02
1.671125708846596325e+01 5.184185331240741962e-02
1.696160259490052624e+01 5.017772069438344862e-02
1.721370276108077135e+01 4.818543978847857068e-02
1.746543424102250341e+01 4.670117725567948103e-02
1.771598473288305442e+01 4.448675662126226615e-02
1.796653767411944003e+01 4.316711845436321110e-02
1.821765658501893270e+01 4.174702271684627847e-02
1.847053788120423334e+01 3.980839512251931056e-02
1.872257696809484173e+01 3.868553643533542696e-02
1.897394097105746269e+01 3.748063217018197946e-02
1.922542454726159988e+01 3.614711386397347764e-02
1.947607703355479103e+01 3.472217931344014075e-02
1.972678839839982601e+01 3.368272407458913764e-02
1.997802698857814363e+01 3.233333767234516237e-02
2.022863620534168660e+01 3.129440104292412900e-02
2.047969598507238231e+01 3.032288844435951022e-02
2.073250439107362553e+01 2.941331532417406150e-02
2.098435855211640089e+01 2.845327975104667423e-02
2.123502923393334640e+01 2.745395634056929310e-02
2.148629411178690773e+01 2.674309410501413478e-02
2.173831825513516591e+01 2.591548534884195731e-02
2.198972260956887226e+01 2.519849410246342847e-02
2.223974971000711420e+01 2.437610689743274425e-02
2.249141870643862973e+01 2.361688880268595497e-02
2.274404614890906373e+01 2.288134374574333357e-02
2.299521835768831579e+01 2.209783808276780462e-02
2.324620084136223852e+01 2.150614920881966166e-02
2.349757798664387209e+01 2.085568037622439683e-02
2.374870488118759937e+01 2.049814259901728414e-02
2.399988781917473091e+01 1.983599400629720150e-02
2.425071646049711305e+01 1.917485650144337347e-02
2.450187830577813841e+01 1.885245305225573265e-02
2.475391093216606109e+01 1.824727292203237247e-02
2.500524226975159792e+01 1.780989588534778040e-02
2.525610980153284402e+01 1.718871708915990434e-02
2.550801425092822328e+01 1.693021603431652672e-02
2.575943113325822864e+01 1.644899420389517308e-02
2.601074166866445125e+01 1.585646601424462246e-02
2.626234447079615464e+01 1.559427786171990217e-02
2.651347712943701751e+01 1.525019750716170332e-02
2.676474177984877656e+01 1.474568741197570566e-02
2.701628079430242479e+01 1.449943929235660359e-02
2.726734205837282232e+01 1.414511985360563349e-02
2.751837013544679422e+01 1.371154823887279356e-02
2.776937726815812724e+01 1.340967955063530545e-02
2.802070160973895341e+01 1.309860448887198436e-02
2.827249982643487058e+01 1.275126187552487120e-02
2.852407603869968966e+01 1.254061876519861445e-02
2.877567300468570721e+01 1.211418787165908888e-02
2.902733523039245256e+01 1.192789382469614315e-02
2.927861073083739996e+01 1.163054044726088282e-02
2.953003196193969160e+01 1.134669030238533681e-02
2.978106336846375157e+01 1.115228085136803389e-02
3.003148440777084716e+01 1.079502504071630856e-02
3.028303386126418673e+01 1.059995619095373265e-02
3.053456493440382857e+01 1.037774601342041775e-02
3.078585183944906944e+01 1.012798738830163713e-02
3.103757946070165730e+01 9.919286029548113337e-03
3.128931656795834826e+01 9.777006120282772869e-03
3.154125974608096428e+01 9.484840070600606549e-03
3.179158626791808828e+01 9.301364995186462217e-03
3.204196438636942190e+01 9.143671768818627602e-03
3.229344668057169798e+01 8.889109553278099624e-03
3.254489998018084407e+01 8.752235564406156063e-03
3.279660140319880668e+01 8.512492170457401641e-03
3.304772754686901237e+01 8.312242874529219075e-03
3.329949953441923327e+01 8.191614693665678557e-03
3.355173249539067371e+01 8.022664063889975439e-03
3.380235474142784824e+01 7.900578287753109649e-03
3.405292218889088218e+01 7.754786189306768669e-03
3.430455901572810262e+01 7.590610124157850906e-03
3.455605119154291316e+01 7.409363227756673304e-03
3.480708698418615654e+01 7.294578400150531980e-03
3.505823042281740243e+01 7.099672632733452886e-03
3.530983122122644602e+01 6.989245098403722503e-03
3.556111974160763367e+01 6.892770847002191795e-03
3.581195885960364933e+01 6.725130093976833430e-03
3.606348577968052638e+01 6.635266234327624919e-03
3.631495136683125935e+01 6.532055065290469364e-03
3.656646781331610185e+01 6.366841052162171104e-03
3.681800948534306173e+01 6.278864295222884653e-03
3.706942350460822411e+01 6.119781487018461502e-03
3.732119977997001570e+01 6.052062709652285266e-03
3.757249197135423202e+01 5.922966303751709544e-03
3.782324055213251057e+01 5.807893231248134093e-03
3.807430609684078604e+01 5.693801613064637321e-03
3.832526519371521090e+01 5.594277370975853265e-03
3.857704530181875668e+01 5.490603407039795249e-03
3.882896255048217427e+01 5.379727548026532954e-03
3.907976684424035341e+01 5.290593067050188870e-03
3.933085588900704010e+01 5.220731811493175764e-03
3.958184533965361140e+01 5.100763243474702550e-03
3.983320492881626507e+01 5.016407990733623250e-03
4.008506787586624398e+01 4.945591996510556414e-03
4.033569471078550350e+01 4.862288204597417333e-03
4.058701345074587863e+01 4.790641752360345028e-03
4.083916815834436420e+01 4.702769311861740298e-03
4.108978611092747713e+01 4.588044072093741023e-03
4.134119394692694271e+01 4.587929161575924654e-03
4.159372926482761557e+01 4.490643897394442502e-03
4.184480996230068683e+01 4.460098799525857860e-03
4.209495048714620680e+01 4.308219766851520936e-03
4.234568601474854432e+01 4.251213545685574198e-03
4.259794184898333214e+01 4.164520349678155903e-03
4.284922176444433717e+01 4.158792261967584475e-03
4.309982534096671003e+01 4.054307819883941170e-03
4.335153475414617930e+01 4.029199196140148195e-03
4.360374984514007224e+01 3.925082000902078636e-03
4.385432838732079830e+01 3.878997657531971059e-03
4.410529766549178277e+01 3.819519583325508942e-03
4.435675536456894008e+01 3.762755335875286357e-03
4.460756668584335927e+01 3.688471803898607862e-03
4.485812369927145937e+01 3.656035234204639377e-03
4.510933196139897206e+01 3.560976971879360395e-03
4.536097672816924131e+01 3.553699289837933175e-03
4.561261869099184452e+01 3.467571920611180625e-03
4.586346064304911607e+01 3.452691547774772510e-03
4.611435299895526185e+01 3.355894772826357921e-03
4.636610302009028572e+01 3.323995896830641596e-03
4.661726081402038346e+01 3.231468201115961052e-03
4.686748045926628237e+01 3.233275554632065833e-03
4.712001000143001761e+01 3.184770340762616871e-03
4.737334269293729960e+01 3.168381037737993348e-03
4.762357272554871912e+01 3.013000282832626296e-03
4.787295862859781437e+01 2.976888851970444731e-03
4.812686710231834297e+01 2.987013642478645106e-03
4.837988354528783930e+01 3.000348162258137386e-03
4.862698975964909209e+01 2.987585286363629491e-03
4.887931961662670233e+01 2.862079695451097330e-03
4.913512531690142282e+01 2.803283245247113580e-03
4.938486646957150583e+01 2.820371860848112748e-03
4.963073103205424985e+01 2.724182950471021238e-03
4.988316058859187763e+01 2.831638999692982078e-03
5.013927392651110893e+01 2.694023601234454401e-03
5.038898445289544270e+01 2.687975606651622166e-03
5.063791314200675941e+01 2.584304082314765622e-03
5.089234515763529032e+01 2.577747681807895323e-03
5.114529266359630810e+01 2.526085304134291498e-03
5.138952878242714206e+01 2.500930724844193081e-03
5.163945178601188246e+01 2.492968002584749175e-03
5.190206698624180603e+01 2.445171206330266564e-03
5.215590084722179398e+01 2.432238963790857213e-03
5.238680673191466042e+01 2.515848901154954260e-03
5.263532591009818873e+01 2.350945322004949298e-03
5.290823119436031874e+01 2.338687633315867948e-03
5.316882575050344428e+01 2.343650244355150770e-03
5.338513341050097694e+01 2.225251226989472930e-03
5.363212510227822349e+01 2.216831028695803816e-03
5.391615723351310407e+01 2.135699881291764409e-03
5.419187693011466678e+01 2.256116422647894398e-03
5.439722241285236493e+01 1.915050028856780853e-03
5.462806064877949552e+01 2.275314269846393563e-03
5.491241494336609463e+01 2.144586015961969135e-03
5.519421446932921782e+01 2.256017861850445529e-03
5.543046826972861396e+01 2.309977168134871861e-03
5.561137265256709128e+01 5.285497971223779897e-04
