3.559856489878782115e-01 5.564901575880300015e+02
6.031648866026231293e-01 2.710884896216932134e+02
8.579160745827347778e-01 9.877483044295355796e+01
1.113464310595710716e+00 5.093855736598736428e+01
1.374039914321364408e+00 2.998070410923571316e+01
1.619154704570298309e+00 2.143257061841350364e+01
1.870686673430271840e+00 1.416738597027295299e+01
2.123290040706380832e+00 1.016927308994721457e+01
2.378144976376236119e+00 7.647055222350055637e+00
2.630489925835516996e+00 6.053648882059714076e+00
2.878653162679494670e+00 4.883331479825101518e+00
3.131144366275339319e+00 4.037838682194033524e+00
3.388159578333816313e+00 3.238984488523633409e+00
3.638741848210948149e+00 2.817248489294941649e+00
3.888315910732085268e+00 2.345294795002182298e+00
4.139052155837465996e+00 1.984101478806090224e+00
4.390305777018236988e+00 1.686417456082483834e+00
4.642172339120373081e+00 1.458433969182586942e+00
4.894678666149941293e+00 1.255875125705327555e+00
5.147269052361176378e+00 1.115932312957205186e+00
5.398003206656323272e+00 1.015038431831206456e+00
5.647798235368590269e+00 8.935324843893089897e-01
5.900534302989873581e+00 7.978989613546513260e-01
6.151460297009074374e+00 7.385469352745510641e-01
6.402630176204441526e+00 6.325683158849270127e-01
6.655964674748322096e+00 5.831885629938298177e-01
6.908782583105771202e+00 5.414365602376727260e-01
7.159060853508338873e+00 4.779584183776136030e-01
7.409414762591408632e+00 4.484074608892772429e-01
7.659227149364629561e+00 3.982388230613835289e-01
7.911559474606142395e+00 3.719620001727612091e-01
8.163750941790897997e+00 3.397934610745809159e-01
8.415757210439384295e+00 3.206795742297539609e-01
8.667638839289207198e+00 2.951890541273402557e-01
8.918801124864609520e+00 2.763696983768821891e-01
9.170480108345369530e+00 2.503721033813488539e-01
9.420566033467249412e+00 2.435778081058848910e-01
9.671642335271435797e+00 2.211259257257384148e-01
9.923426157758477473e+00 2.057222333530771274e-01
1.017396902749181820e+01 1.940252948566945357e-01
1.042533700753922155e+01 1.825146007191787989e-01
1.067702948358784276e+01 1.705990323683874432e-01
1.092969337256462303e+01 1.634777392492529624e-01
1.118211872033766419e+01 1.513738780469076894e-01
1.143346516925797296e+01 1.432707738768203842e-01
1.168350508557724687e+01 1.348490009454323402e-01
1.193379937775929100e+01 1.259063677371500267e-01
1.218553055762879112e+01 1.195854603206284034e-01
1.243711650801278878e+01 1.152198675780723436e-01
1.268867268647359303e+01 1.093402881828616363e-01
1.294075027177769144e+01 1.021350612360659299e-01
1.319267287020158363e+01 9.679071268564372332e-02
1.344470571782862756e+01 9.219345973157846985e-02
1.369480150283709641e+01 8.855256472937143852e-02
1.394591277066507828e+01 8.492321551910481103e-02
1.419764645764527167e+01 7.970955890277325873e-02
1.444766774168416212e+01 7.695696502280126305e-02
1.469906835825429070e+01 7.376929779269415788e-02
1.495059118111036511e+01 7.049766884199701322e-02
1.520261612590052991e+01 6.737202648040216402e-02
1.545415944503929495e+01 6.367398117497023724e-02
1.570456072545780124e+01 6.220913474898406154e-02
1.595705800128773966e+01 5.913644840939388109e-02
1.620829297830731619e+01 5.663080092122091402e-02
1.645966591028190962e+01 5.452678105631551808e-02
1.671125708846596325e+01 5.179833918788054326e-02
1.696160259490052624e+01 5.048758215340512501e-02
1.721370276108077135e+01 4.850759728585660874e-02
1.746543424102250341e+01 4.626481191541249177e-02
1.771598473288305442e+01 4.443820798212673451e-02
1.796653767411944003e+01 4.304484908383514330e-02
1.821765658501893270e+01 4.137572809005395091e-02
1.847053788120423334e+01 3.983475572320771541e-02
1.872257696809484173e+01 3.854607578292085224e-02
1.897394097105746269e+01 3.739633341847499459e-02
1.922542454726159988e+01 3.595272151917056763e-02
1.947607703355479103e+01 3.458291716088884860e-02
1.972678839839982601e+01 3.354820106791792794e-02
1.997802698857814363e+01 3.256935884360209754e-02
2.022863620534168660e+01 3.122474259236234645e-02
2.047969598507238231e+01 3.059393656676356529e-02
2.073250439107362553e+01 2.910734221446797249e-02
2.098435855211640089e+01 2.850954580210799880e-02
2.123502923393334640e+01 2.773837434511054398e-02
2.148629411178690773e+01 2.677984438023767871e-02
2.173831825513516591e+01 2.575665062418758255e-02
2.198972260956887226e+01 2.513196630786050656e-02
2.223974971000711420e+01 2.424236938128046179e-02
2.249141870643862973e+01 2.384062960340163281e-02
2.274404614890906373e+01 2.289906480440723896e-02
2.299521835768831579e+01 2.247944427661927036e-02
2.324620084136223852e+01 2.157368740200022936e-02
2.349757798664387209e+01 2.103415174021652095e-02
2.374870488118759937e+01 2.041868193726648073e-02
2.399988781917473091e+01 1.994324520524434763e-02
2.425071646049711305e+01 1.930175412167716917e-02
2.450187830577813841e+01 1.880487778288983738e-02
2.475391093216606109e+01 1.827525068989685822e-02
2.500524226975159792e+01 1.776106337559060083e-02
2.525610980153284402e+01 1.737122324333159953e-02
2.550801425092822328e+01 1.690450394126654862e-02
2.575943113325822864e+01 1.646119100214332373e-02
2.601074166866445125e+01 1.602780267376170339e-02
2.626234447079615464e+01 1.550639729145471095e-02
2.651347712943701751e+01 1.526239088966620250e-02
2.676474177984877656e+01 1.474402037315499653e-02
2.701628079430242479e+01 1.441896464051098566e-02
2.726734205837282232e+01 1.404755793143894031e-02
2.751837013544679422e+01 1.376108434666407920e-02
2.776937726815812724e+01 1.341642955430631667e-02
2.802070160973895341e+01 1.313073196797494117e-02
2.827249982643487058e+01 1.274906776297927112e-02
2.852407603869968966e+01 1.236339803921709599e-02
2.877567300468570721e+01 1.217712581493206846e-02
2.902733523039245256e+01 1.192967358126004879e-02
2.927861073083739996e+01 1.160175993350771005e-02
2.953003196193969160e+01 1.133658768704727364e-02
2.978106336846375157e+01 1.111694216406953865e-02
3.003148440777084716e+01 1.087515103424714115e-02
3.028303386126418673e+01 1.055838122787861218e-02
3.053456493440382857e+01 1.035137066090202444e-02
3.078585183944906944e+01 1.012380417097122516e-02
3.103757946070165730e+01 9.954416100856290986e-03
3.128931656795834826e+01 9.728719064635814318e-03
3.154125974608096428e+01 9.488029635746115728e-03
3.179158626791808828e+01 9.333658151494877292e-03
3.204196438636942190e+01 9.109129881504200027e-03
3.229344668057169798e+01 8.922688191748200451e-03
3.254489998018084407e+01 8.753200483778315194e-03
3.279660140319880668e+01 8.567614438770661603e-03
3.304772754686901237e+01 8.344160101070540597e-03
3.329949953441923327e+01 8.215037610879870680e-03
3.355173249539067371e+01 8.039473759023085808e-03
3.380235474142784824e+01 7.816095465661171415e-03
3.405292218889088218e+01 7.679119289428597284e-03
3.430455901572810262e+01 7.567847236841633053e-03
3.455605119154291316e+01 7.400458229884555351e-03
3.480708698418615654e+01 7.263906050955320354e-03
3.505823042281740243e+01 7.125992570839696089e-03
3.530983122122644602e+01 7.025253940638439935e-03
3.556111974160763367e+01 6.878097462527235813e-03
3.581195885960364933e+01 6.739114620467742331e-03
3.606348577968052638e+01 6.597143556275593922e-03
3.631495136683125935e+01 6.456515391321316841e-03
3.656646781331610185e+01 6.343623109172740783e-03
3.681800948534306173e+01 6.281248391556573316e-03
3.706942350460822411e+01 6.123145622371347144e-03
3.732119977997001570e+01 6.049653416585427934e-03
3.757249197135423202e+01 5.936878117488554943e-03
3.782324055213251057e+01 5.807714380503433728e-03
3.807430609684078604e+01 5.717164653722461853e-03
3.832526519371521090e+01 5.568928651229412309e-03
3.857704530181875668e+01 5.518508124955317888e-03
3.882896255048217427e+01 5.397954297851350301e-03
3.907976684424035341e+01 5.325652585827798761e-03
3.933085588900704010e+01 5.236795763234465030e-03
3.958184533965361140e+01 5.144628334785082517e-03
3.983320492881626507e+01 5.057148298832933250e-03
4.008506787586624398e+01 4.969502163265686334e-03
4.033569471078550350e+01 4.868882883162153376e-03
4.058701345074587863e+01 4.792064698964486509e-03
4.083916815834436420e+01 4.676921859967470181e-03
4.108978611092747713e+01 4.611171223491815178e-03
4.134119394692694271e+01 4.573077561808542441e-03
4.159372926482761557e+01 4.499280207677854547e-03
4.184480996230068683e+01 4.414118297537392155e-03
4.209495048714620680e+01 4.313220047664292206e-03
4.234568601474854432e+01 4.253111492786454395e-03
4.259794184898333214e+01 4.200331599575769966e-03
4.284922176444433717e+01 4.142150051692780957e-03
4.309982534096671003e+01 4.058460467180485115e-03
4.335153475414617930e+01 3.989751341465028710e-03
4.360374984514007224e+01 3.931848875529204632e-03
4.385432838732079830e+01 3.872853849817213881e-03
4.410529766549178277e+01 3.868903745369388966e-03
4.435675536456894008e+01 3.748283145735091353e-03
4.460756668584335927e+01 3.685165803548878707e-03
4.485812369927145937e+01 3.631725957571967176e-03
4.510933196139897206e+01 3.603509977579933202e-03
4.536097672816924131e+01 3.550941185543009075e-03
4.561261869099184452e+01 3.516693147290257671e-03
4.586346064304911607e+01 3.456814337376290427e-03
4.611435299895526185e+01 3.413536292102647193e-03
4.636610302009028572e+01 3.329474706522742456e-03
4.661726081402038346e+01 3.300311060787315502e-03
4.686748045926628237e+01 3.275412220033655907e-03
4.712001000143001761e+01 3.170457899313779918e-03
4.737334269293729960e+01 3.109050638563033101e-03
4.762357272554871912e+01 3.125359096427100542e-03
4.787295862859781437e+01 3.060702000187942758e-03
4.812686710231834297e+01 3.095176895791747467e-03
4.837988354528783930e+01 2.975951128859342151e-03
4.862698975964909209e+01 2.898060739840249873e-03
4.887931961662670233e+01 2.895901542711982329e-03
4.913512531690142282e+01 2.829852899908413735e-03
4.938486646957150583e+01 2.818895099638293791e-03
4.963073103205424985e+01 2.771207143704547751e-03
4.988316058859187763e+01 2.723357175297356960e-03
5.013927392651110893e+01 2.680202445886247214e-03
5.038898445289544270e+01 2.661313899445107590e-03
5.063791314200675941e+01 2.669894275831183328e-03
5.089234515763529032e+01 2.535522696437198398e-03
5.114529266359630810e+01 2.606560834134726522e-03
5.138952878242714206e+01 2.554858906363502175e-03
5.163945178601188246e+01 2.412114170901264419e-03
5.190206698624180603e+01 2.481817948498004842e-03
5.215590084722179398e+01 2.415093181988479942e-03
5.238680673191466042e+01 2.358632497290093048e-03
5.263532591009818873e+01 2.238226041082175700e-03
5.290823119436031874e+01 2.273546895347054730e-03
5.316882575050344428e+01 2.245095983534129477e-03
5.338513341050097694e+01 2.205044810718433546e-03
5.363212510227822349e+01 2.184105403015942654e-03
5.391615723351310407e+01 2.223026235735997905e-03
5.419187693011466678e+01 2.152759326676193657e-03
5.439722241285236493e+01 2.227053361610365455e-03
5.462806064877949552e+01 2.183495314159144152e-03
5.491241494336609463e+01 2.067881991735041891e-03
5.519421446932921782e+01 2.440591327223894449e-03
5.543046826972861396e+01 2.949559063182297970e-03
5.561137265256709128e+01 3.962166455334406936e-03
