3.559856489878782115e-01 6.203180534716705097e+02
6.031648866026231293e-01 2.392042577478579233e+02
8.579160745827347778e-01 8.275268058312545350e+01
1.113464310595710716e+00 5.112955300634824596e+01
1.374039914321364408e+00 3.021171758543161801e+01
1.619154704570298309e+00 2.142386046398006982e+01
1.870686673430271840e+00 1.492524583580391884e+01
2.123290040706380832e+00 1.068290742707233854e+01
2.378144976376236119e+00 8.247295101742126988e+00
2.630489925835516996e+00 6.303785448310259554e+00
2.878653162679494670e+00 4.874758738818225190e+00
3.131144366275339319e+00 4.168257800898388155e+00
3.388159578333816313e+00 3.392027090973851688e+00
3.638741848210948149e+00 2.723922331842031141e+00
3.888315910732085268e+00 2.324365384207943475e+00
4.139052155837465996e+00 1.907850401792553052e+00
4.390305777018236988e+00 1.705538316495699425e+00
4.642172339120373081e+00 1.485098901624058110e+00
4.894678666149941293e+00 1.306274041667005559e+00
5.147269052361176378e+00 1.139884632940828313e+00
5.398003206656323272e+00 9.900590529129248418e-01
5.647798235368590269e+00 9.080810127931306930e-01
5.900534302989873581e+00 8.022899221463252184e-01
6.151460297009074374e+00 7.077736326141135237e-01
6.402630176204441526e+00 6.409117550675472730e-01
6.655964674748322096e+00 5.870178505617059672e-01
6.908782583105771202e+00 5.313978722643192265e-01
7.159060853508338873e+00 4.699920017924936189e-01
7.409414762591408632e+00 4.402185550854596507e-01
7.659227149364629561e+00 4.054154916336983328e-01
7.911559474606142395e+00 3.703548754662306375e-01
8.163750941790897997e+00 3.450775931281974684e-01
8.415757210439384295e+00 3.197831734770472667e-01
8.667638839289207198e+00 2.905176724902041041e-01
8.918801124864609520e+00 2.739216501896085676e-01
9.170480108345369530e+00 2.531575871128221578e-01
9.420566033467249412e+00 2.348369411900911308e-01
9.671642335271435797e+00 2.206411393177194480e-01
9.923426157758477473e+00 2.060478736390284060e-01
1.017396902749181820e+01 1.964585435668754487e-01
1.042533700753922155e+01 1.802587030165380133e-01
1.067702948358784276e+01 1.710519567534351526e-01
1.092969337256462303e+01 1.601511931598646188e-01
1.118211872033766419e+01 1.525523777122349822e-01
1.143346516925797296e+01 1.440836888804103988e-01
1.168350508557724687e+01 1.364822866712476213e-01
1.193379937775929100e+01 1.275705726520066363e-01
1.218553055762879112e+01 1.211442921794211869e-01
1.243711650801278878e+01 1.149810332338870311e-01
1.268867268647359303e+01 1.092644888852095375e-01
1.294075027177769144e+01 1.027677143529927978e-01
1.319267287020158363e+01 9.650561943130361864e-02
1.344470571782862756e+01 9.365632127774124738e-02
1.369480150283709641e+01 8.886647231853724016e-02
1.394591277066507828e+01 8.460642795158140883e-02
1.419764645764527167e+01 7.991351500224205817e-02
1.444766774168416212e+01 7.711945770166253600e-02
1.469906835825429070e+01 7.377009555503072358e-02
1.495059118111036511e+01 7.025736246334778057e-02
1.520261612590052991e+01 6.734596337752331296e-02
1.545415944503929495e+01 6.499512722665749809e-02
1.570456072545780124e+01 6.215751978908889974e-02
1.595705800128773966e+01 5.912049742490844279e-02
1.620829297830731619e+01 5.636687567566168316e-02
1.645966591028190962e+01 5.432911113534007880e-02
1.671125708846596325e+01 5.237865651578685333e-02
1.696160259490052624e+01 5.100415088885135173e-02
1.721370276108077135e+01 4.789167413301758519e-02
1.746543424102250341e+01 4.660014216781703522e-02
1.771598473288305442e+01 4.501154800924205696e-02
1.796653767411944003e+01 4.304136626300390789e-02
1.821765658501893270e+01 4.134716162596357297e-02
1.847053788120423334e+01 3.956573615215233652e-02
1.872257696809484173e+01 3.833940400705036777e-02
1.897394097105746269e+01 3.698997470017748035e-02
1.922542454726159988e+01 3.549811346610736579e-02
1.947607703355479103e+01 3.498407355077766401e-02
1.972678839839982601e+01 3.353593111323214387e-02
1.997802698857814363e+01 3.251406531794556048e-02
2.022863620534168660e+01 3.124827625139084061e-02
2.047969598507238231e+01 3.039746695053589451e-02
2.073250439107362553e+01 2.948252668893244430e-02
2.098435855211640089e+01 2.841506750377435081e-02
2.123502923393334640e+01 2.745856783858150602e-02
2.148629411178690773e+01 2.639465366342416339e-02
2.173831825513516591e+01 2.592820102228663229e-02
2.198972260956887226e+01 2.507419167835742146e-02
2.223974971000711420e+01 2.435575527300284926e-02
2.249141870643862973e+01 2.388151990078198061e-02
2.274404614890906373e+01 2.308407152253448905e-02
2.299521835768831579e+01 2.218634852580294442e-02
2.324620084136223852e+01 2.166890647013724330e-02
2.349757798664387209e+01 2.100480290032496686e-02
2.374870488118759937e+01 2.049480930716214913e-02
2.399988781917473091e+01 1.987537989811718683e-02
2.425071646049711305e+01 1.930992745390987600e-02
2.450187830577813841e+01 1.870825513864143516e-02
2.475391093216606109e+01 1.823500079624809297e-02
2.500524226975159792e+01 1.786549463552438571e-02
2.525610980153284402e+01 1.719570914771878511e-02
2.550801425092822328e+01 1.685576508020990641e-02
2.575943113325822864e+01 1.641439180396531139e-02
2.601074166866445125e+01 1.597960084270811862e-02
2.626234447079615464e+01 1.561135703504343449e-02
2.651347712943701751e+01 1.524849911397973753e-02
2.676474177984877656e+01 1.476817622770315586e-02
2.701628079430242479e+01 1.449368651676818248e-02
2.726734205837282232e+01 1.395249154459752595e-02
2.751837013544679422e+01 1.365512089440396731e-02
2.776937726815812724e+01 1.336849091853038914e-02
2.802070160973895341e+01 1.304586908806390326e-02
2.827249982643487058e+01 1.276056191672924819e-02
2.852407603869968966e+01 1.241356726470217546e-02
2.877567300468570721e+01 1.212681254163781516e-02
2.902733523039245256e+01 1.185976821303562009e-02
2.927861073083739996e+01 1.157748545391977871e-02
2.953003196193969160e+01 1.133788335407154464e-02
2.978106336846375157e+01 1.107783914745659459e-02
3.003148440777084716e+01 1.084200913666069459e-02
3.028303386126418673e+01 1.054477075607800768e-02
3.053456493440382857e+01 1.037596921133272267e-02
3.078585183944906944e+01 1.015721079289126985e-02
3.103757946070165730e+01 9.890818338978799029e-03
3.128931656795834826e+01 9.725334084245336810e-03
3.154125974608096428e+01 9.507366470440939410e-03
3.179158626791808828e+01 9.306243953128264315e-03
3.204196438636942190e+01 9.048328462094213168e-03
3.229344668057169798e+01 8.904177707030452513e-03
3.254489998018084407e+01 8.708055222694738653e-03
3.279660140319880668e+01 8.541759990911505090e-03
3.304772754686901237e+01 8.363971041879077889e-03
3.329949953441923327e+01 8.211142974017765148e-03
3.355173249539067371e+01 8.036993226701968918e-03
3.380235474142784824e+01 7.882867772794526287e-03
3.405292218889088218e+01 7.718263987700414892e-03
3.430455901572810262e+01 7.590710498576191262e-03
3.455605119154291316e+01 7.423471898912794090e-03
3.480708698418615654e+01 7.266134174433946068e-03
3.505823042281740243e+01 7.170197822563801476e-03
3.530983122122644602e+01 6.990964720851025258e-03
3.556111974160763367e+01 6.922194188511400503e-03
3.581195885960364933e+01 6.790102259848405063e-03
3.606348577968052638e+01 6.589833307601398148e-03
3.631495136683125935e+01 6.528100331939631386e-03
3.656646781331610185e+01 6.354721052951520580e-03
3.681800948534306173e+01 6.265374139790576453e-03
3.706942350460822411e+01 6.133556982445482683e-03
3.732119977997001570e+01 6.021062688724473921e-03
3.757249197135423202e+01 5.910363732766056241e-03
3.782324055213251057e+01 5.811389538139108066e-03
3.807430609684078604e+01 5.680424252614564573e-03
3.832526519371521090e+01 5.608622063992632981e-03
3.857704530181875668e+01 5.479127779182618903e-03
3.882896255048217427e+01 5.393430166570272605e-03
3.907976684424035341e+01 5.326236960264183092e-03
3.933085588900704010e+01 5.197827976435856132e-03
3.958184533965361140e+01 5.119068365613654858e-03
3.983320492881626507e+01 5.007309292928937769e-03
4.008506787586624398e+01 4.939628642313948284e-03
4.033569471078550350e+01 4.836073767467090508e-03
4.058701345074587863e+01 4.785613248882004608e-03
4.083916815834436420e+01 4.704743351777280862e-03
4.108978611092747713e+01 4.646148673423717082e-03
4.134119394692694271e+01 4.594106707724485497e-03
4.159372926482761557e+01 4.501377171121853649e-03
4.184480996230068683e+01 4.390098951798613279e-03
4.209495048714620680e+01 4.322200687071555900e-03
4.234568601474854432e+01 4.290146654495809002e-03
4.259794184898333214e+01 4.206957800678028103e-03
4.284922176444433717e+01 4.139900167421815304e-03
4.309982534096671003e+01 4.080020986387222943e-03
4.335153475414617930e+01 4.010481848784888496e-03
4.360374984514007224e+01 3.939625147829190280e-03
4.385432838732079830e+01 3.877633650497966811e-03
4.410529766549178277e+01 3.832564649950554857e-03
4.435675536456894008e+01 3.797423105412946892e-03
4.460756668584335927e+01 3.732824852020000597e-03
4.485812369927145937e+01 3.621486700977706585e-03
4.510933196139897206e+01 3.560452836799788724e-03
4.536097672816924131e+01 3.522558375801009087e-03
4.561261869099184452e+01 3.509479558644194950e-03
4.586346064304911607e+01 3.453048353673997001e-03
4.611435299895526185e+01 3.371426560820442887e-03
4.636610302009028572e+01 3.308394167505395930e-03
4.661726081402038346e+01 3.291828372821391929e-03
4.686748045926628237e+01 3.258779537750336290e-03
4.712001000143001761e+01 3.176731437154803155e-03
4.737334269293729960e+01 3.189086848686603030e-03
4.762357272554871912e+01 3.103591718522941828e-03
4.787295862859781437e+01 3.023748401123395498e-03
4.812686710231834297e+01 2.981269173176983537e-03
4.837988354528783930e+01 2.964805374594002996e-03
4.862698975964909209e+01 2.936825140964082100e-03
4.887931961662670233e+01 2.918292374714830627e-03
4.913512531690142282e+01 2.849025169520839462e-03
4.938486646957150583e+01 2.784989748635080878e-03
4.963073103205424985e+01 2.788831451010634517e-03
4.988316058859187763e+01 2.736316392001777748e-03
5.013927392651110893e+01 2.677416170741160097e-03
5.038898445289544270e+01 2.590673491623614582e-03
5.063791314200675941e+01 2.583452537354850257e-03
5.089234515763529032e+01 2.523032828225566394e-03
5.114529266359630810e+01 2.580621251836311743e-03
5.138952878242714206e+01 2.541718365303691045e-03
5.163945178601188246e+01 2.457957327008954834e-03
5.190206698624180603e+01 2.399674613095874060e-03
5.215590084722179398e+01 2.444229254998428209e-03
5.238680673191466042e+01 2.343393010304590553e-03
5.263532591009818873e+01 2.368039065075018892e-03
5.290823119436031874e+01 2.245424974283880774e-03
5.316882575050344428e+01 2.383376711418103231e-03
5.338513341050097694e+01 2.390731984975836676e-03
5.363212510227822349e+01 2.168899077149318358e-03
5.391615723351310407e+01 2.264394098484623970e-03
5.419187693011466678e+01 2.107701031709026483e-03
5.439722241285236493e+01 2.123107828181366747e-03
5.462806064877949552e+01 2.443117015993328481e-03
5.491241494336609463e+01 2.068822981344113285e-03
5.519421446932921782e+01 1.867312847131152214e-03
5.543046826972861396e+01 3.402102417643826371e-03
5.561137265256709128e+01 2.596937640523958642e-03
