3.559856489878782115e-01 1.010865301104320793e+03
6.031648866026231293e-01 1.742159597397048003e+02
8.579160745827347778e-01 8.100340345159632705e+01
1.113464310595710716e+00 5.734549372892513475e+01
1.374039914321364408e+00 2.934694215807942186e+01
1.619154704570298309e+00 2.159407670460440443e+01
1.870686673430271840e+00 1.483539710721632510e+01
2.123290040706380832e+00 1.062836555915269443e+01
2.378144976376236119e+00 7.972495451048236426e+00
2.630489925835516996e+00 6.543926703506789622e+00
2.878653162679494670e+00 5.025825378076039129e+00
3.131144366275339319e+00 3.938997194083529774e+00
3.388159578333816313e+00 3.065032610095400845e+00
3.638741848210948149e+00 2.716530168572388604e+00
3.888315910732085268e+00 2.273939016585286854e+00
4.139052155837465996e+00 2.081126458861482398e+00
4.390305777018236988e+00 1.729853659903038299e+00
4.642172339120373081e+00 1.464788326774309590e+00
4.894678666149941293e+00 1.335959804183317612e+00
5.147269052361176378e+00 1.158530784859277851e+00
5.398003206656323272e+00 9.977055918285935299e-01
5.647798235368590269e+00 8.905552952476792905e-01
5.900534302989873581e+00 7.651047298817965636e-01
6.151460297009074374e+00 7.343452571253858974e-01
6.402630176204441526e+00 6.409541247581104217e-01
6.655964674748322096e+00 5.811985427494159584e-01
6.908782583105771202e+00 5.132821454025260355e-01
7.159060853508338873e+00 4.829717845478360139e-01
7.409414762591408632e+00 4.336347286777643140e-01
7.659227149364629561e+00 4.088034168379976463e-01
7.911559474606142395e+00 3.746863241556044888e-01
8.163750941790897997e+00 3.438980349167630735e-01
8.415757210439384295e+00 3.132104825174457097e-01
8.667638839289207198e+00 2.981187459732041467e-01
8.918801124864609520e+00 2.740306889765961040e-01
9.170480108345369530e+00 2.544686948069901922e-01
9.420566033467249412e+00 2.386673629938842744e-01
9.671642335271435797e+00 2.181617419355773857e-01
9.923426157758477473e+00 2.066298451624577759e-01
1.017396902749181820e+01 1.967956874363811226e-01
1.042533700753922155e+01 1.788615062414732060e-01
1.067702948358784276e+01 1.709913788137391311e-01
1.092969337256462303e+01 1.621951489320125339e-01
1.118211872033766419e+01 1.496095337358633870e-01
1.143346516925797296e+01 1.428621533904421703e-01
1.168350508557724687e+01 1.342406199188124760e-01
1.193379937775929100e+01 1.286810983817332776e-01
1.218553055762879112e+01 1.171206520835133408e-01
1.243711650801278878e+01 1.122153824805273564e-01
1.268867268647359303e+01 1.076294891296177558e-01
1.294075027177769144e+01 1.040154641788638562e-01
1.319267287020158363e+01 9.795369960421200506e-02
1.344470571782862756e+01 9.314276679839603168e-02
1.369480150283709641e+01 8.845978608970765655e-02
1.394591277066507828e+01 8.405219598711421991e-02
1.419764645764527167e+01 8.121882750718759092e-02
1.444766774168416212e+01 7.656377577317828587e-02
1.469906835825429070e+01 7.330260065221795573e-02
1.495059118111036511e+01 7.004674226770520040e-02
1.520261612590052991e+01 6.699995892210180992e-02
1.545415944503929495e+01 6.372026278061168614e-02
1.570456072545780124e+01 6.179947855449793859e-02
1.595705800128773966e+01 5.861340451771449023e-02
1.620829297830731619e+01 5.663178548807014379e-02
1.645966591028190962e+01 5.459692474466962264e-02
1.671125708846596325e+01 5.227326387826378151e-02
1.696160259490052624e+01 4.983382792097150460e-02
1.721370276108077135e+01 4.812539707758160812e-02
1.746543424102250341e+01 4.607268978519706015e-02
1.771598473288305442e+01 4.447694633341339049e-02
1.796653767411944003e+01 4.320720373881354465e-02
1.821765658501893270e+01 4.149401369843661730e-02
1.847053788120423334e+01 3.991645771810625049e-02
1.872257696809484173e+01 3.850956358234320503e-02
1.897394097105746269e+01 3.720019235654677126e-02
1.922542454726159988e+01 3.567677620304141040e-02
1.947607703355479103e+01 3.541056449982146054e-02
1.972678839839982601e+01 3.386460291898461816e-02
1.997802698857814363e+01 3.236283679764275639e-02
2.022863620534168660e+01 3.132673818076132238e-02
2.047969598507238231e+01 3.033547318090345016e-02
2.073250439107362553e+01 2.939072088856496678e-02
2.098435855211640089e+01 2.846164437831181365e-02
2.123502923393334640e+01 2.761926258449368468e-02
2.148629411178690773e+01 2.687235302179307589e-02
2.173831825513516591e+01 2.570687628994699700e-02
2.198972260956887226e+01 2.525097434073750313e-02
2.223974971000711420e+01 2.432955149203118797e-02
2.249141870643862973e+01 2.358208630783287935e-02
2.274404614890906373e+01 2.299799576636798321e-02
2.299521835768831579e+01 2.229492656805354828e-02
2.324620084136223852e+01 2.176537743632090544e-02
2.349757798664387209e+01 2.093807655570449622e-02
2.374870488118759937e+01 2.055200562268246281e-02
2.399988781917473091e+01 1.998425349141718516e-02
2.425071646049711305e+01 1.924244040618523083e-02
2.450187830577813841e+01 1.869560728266998414e-02
2.475391093216606109e+01 1.823185448908669001e-02
2.500524226975159792e+01 1.767287298231787554e-02
2.525610980153284402e+01 1.736152107344354767e-02
2.550801425092822328e+01 1.674178015234303180e-02
2.575943113325822864e+01 1.638731058493159143e-02
2.601074166866445125e+01 1.607053016223842709e-02
2.626234447079615464e+01 1.551972482723503778e-02
2.651347712943701751e+01 1.518870735523330379e-02
2.676474177984877656e+01 1.480648747028929200e-02
2.701628079430242479e+01 1.435702188852000516e-02
2.726734205837282232e+01 1.398612613777228987e-02
2.751837013544679422e+01 1.357332806353191319e-02
2.776937726815812724e+01 1.351008900701275786e-02
2.802070160973895341e+01 1.308865236865464077e-02
2.827249982643487058e+01 1.273956326008637667e-02
2.852407603869968966e+01 1.241403943258763062e-02
2.877567300468570721e+01 1.215925937461445616e-02
2.902733523039245256e+01 1.186601868459470285e-02
2.927861073083739996e+01 1.162716124473551181e-02
2.953003196193969160e+01 1.132589608617577681e-02
2.978106336846375157e+01 1.112082916952538726e-02
3.003148440777084716e+01 1.086581245794122214e-02
3.028303386126418673e+01 1.063937037056541038e-02
3.053456493440382857e+01 1.034805862088124598e-02
3.078585183944906944e+01 1.015966727840516594e-02
3.103757946070165730e+01 9.876690518322319562e-03
3.128931656795834826e+01 9.755683708005559798e-03
3.154125974608096428e+01 9.487299860079581593e-03
3.179158626791808828e+01 9.286199379085677968e-03
3.204196438636942190e+01 9.112392948135643322e-03
3.229344668057169798e+01 8.930842377458524106e-03
3.254489998018084407e+01 8.712079654445002708e-03
3.279660140319880668e+01 8.532876876303628622e-03
3.304772754686901237e+01 8.321458574302314365e-03
3.329949953441923327e+01 8.183468097434710639e-03
3.355173249539067371e+01 8.005327670687092251e-03
3.380235474142784824e+01 7.892991731082715443e-03
3.405292218889088218e+01 7.760195951247490613e-03
3.430455901572810262e+01 7.528759000411778569e-03
3.455605119154291316e+01 7.414137593534326186e-03
3.480708698418615654e+01 7.302058122139225976e-03
3.505823042281740243e+01 7.131527123123340868e-03
3.530983122122644602e+01 6.988297868351486287e-03
3.556111974160763367e+01 6.838787465933553709e-03
3.581195885960364933e+01 6.738212003686148976e-03
3.606348577968052638e+01 6.618247371803958126e-03
3.631495136683125935e+01 6.470132734375621912e-03
3.656646781331610185e+01 6.387979142305422013e-03
3.681800948534306173e+01 6.224007822349879315e-03
3.706942350460822411e+01 6.163090620138047225e-03
3.732119977997001570e+01 6.024471697222292046e-03
3.757249197135423202e+01 5.882504404331461746e-03
3.782324055213251057e+01 5.767131281110461291e-03
3.807430609684078604e+01 5.673055054802905901e-03
3.832526519371521090e+01 5.580866872216061828e-03
3.857704530181875668e+01 5.537851375176246725e-03
3.882896255048217427e+01 5.401431708359482123e-03
3.907976684424035341e+01 5.301318806196907152e-03
3.933085588900704010e+01 5.199332048162116741e-03
3.958184533965361140e+01 5.130922093002923505e-03
3.983320492881626507e+01 5.054705717719281191e-03
4.008506787586624398e+01 4.977826452686876998e-03
4.033569471078550350e+01 4.876998986385489357e-03
4.058701345074587863e+01 4.790166548038920884e-03
4.083916815834436420e+01 4.731646560979340180e-03
4.108978611092747713e+01 4.614844243173750991e-03
4.134119394692694271e+01 4.570694408399656253e-03
4.159372926482761557e+01 4.513989957289069564e-03
4.184480996230068683e+01 4.437956326329737383e-03
4.209495048714620680e+01 4.319485320781807879e-03
4.234568601474854432e+01 4.262995101358699537e-03
4.259794184898333214e+01 4.225341614985150991e-03
4.284922176444433717e+01 4.115668532185330804e-03
4.309982534096671003e+01 4.055489228888250162e-03
4.335153475414617930e+01 4.000337117105458654e-03
4.360374984514007224e+01 3.896438640242915440e-03
4.385432838732079830e+01 3.892430931793212142e-03
4.410529766549178277e+01 3.822967601230300820e-03
4.435675536456894008e+01 3.759090017626859695e-03
4.460756668584335927e+01 3.692894787435438853e-03
4.485812369927145937e+01 3.573801999074362884e-03
4.510933196139897206e+01 3.593460267687285242e-03
4.536097672816924131e+01 3.553466474239204247e-03
4.561261869099184452e+01 3.480944832347877826e-03
4.586346064304911607e+01 3.446446407783922226e-03
4.611435299895526185e+01 3.380208389271001281e-03
4.636610302009028572e+01 3.351248478038948951e-03
4.661726081402038346e+01 3.259352614653934169e-03
4.686748045926628237e+01 3.263824099999340211e-03
4.712001000143001761e+01 3.177185375913714558e-03
4.737334269293729960e+01 3.177331401199237713e-03
4.762357272554871912e+01 3.083614099297885165e-03
4.787295862859781437e+01 3.052998304234320805e-03
4.812686710231834297e+01 2.996032012386129050e-03
4.837988354528783930e+01 2.959486466288702416e-03
4.862698975964909209e+01 2.906925520914758684e-03
4.887931961662670233e+01 2.896149772103317251e-03
4.913512531690142282e+01 2.855704038599431518e-03
4.938486646957150583e+01 2.817019911631099636e-03
4.963073103205424985e+01 2.813660948508379857e-03
4.988316058859187763e+01 2.731255813853971336e-03
5.013927392651110893e+01 2.689169174333472506e-03
5.038898445289544270e+01 2.652368752453220391e-03
5.063791314200675941e+01 2.625318517266011023e-03
5.089234515763529032e+01 2.613770361539644645e-03
5.114529266359630810e+01 2.524000399295372142e-03
5.138952878242714206e+01 2.582789084288968865e-03
5.163945178601188246e+01 2.479660387762727593e-03
5.190206698624180603e+01 2.489977254108215361e-03
5.215590084722179398e+01 2.479975469063069350e-03
5.238680673191466042e+01 2.423539384962699467e-03
5.263532591009818873e+01 2.350961307956032573e-03
5.290823119436031874e+01 2.272030438892065022e-03
5.316882575050344428e+01 2.306451493306418445e-03
5.338513341050097694e+01 2.293697757115091031e-03
5.363212510227822349e+01 2.232226406799633391e-03
5.391615723351310407e+01 2.263027778320636160e-03
5.419187693011466678e+01 2.016148818564079959e-03
5.439722241285236493e+01 2.127486210833279268e-03
5.462806064877949552e+01 2.275828040139674276e-03
5.491241494336609463e+01 2.321046136581017549e-03
5.519421446932921782e+01 1.825260666797845878e-03
5.543046826972861396e+01 1.186800393297683491e-03
5.561137265256709128e+01 1.692316711755981326e-03
