3.559856489878782115e-01 9.007810558798388456e+02
6.031648866026231293e-01 2.317901533404422025e+02
8.579160745827347778e-01 7.675096963602553046e+01
1.113464310595710716e+00 5.594066193134467824e+01
1.374039914321364408e+00 2.871024131387685685e+01
1.619154704570298309e+00 2.056299636905876937e+01
1.870686673430271840e+00 1.429698994086200159e+01
2.123290040706380832e+00 1.097482212623429199e+01
2.378144976376236119e+00 7.947728176424421420e+00
2.630489925835516996e+00 6.002754411495294207e+00
2.878653162679494670e+00 4.900350230706825627e+00
3.131144366275339319e+00 4.102982640230377953e+00
3.388159578333816313e+00 3.273777726147689915e+00
3.638741848210948149e+00 2.747521938723715085e+00
3.888315910732085268e+00 2.335175007459009411e+00
4.139052155837465996e+00 1.957504628775257327e+00
4.390305777018236988e+00 1.773825541834866737e+00
4.642172339120373081e+00 1.498062463977871905e+00
4.894678666149941293e+00 1.247183524034772617e+00
5.147269052361176378e+00 1.133843461393281959e+00
5.398003206656323272e+00 1.022258286228879598e+00
5.647798235368590269e+00 8.801433387947156239e-01
5.900534302989873581e+00 8.241011369218020910e-01
6.151460297009074374e+00 7.315471272004840930e-01
6.402630176204441526e+00 6.469069414056568545e-01
6.655964674748322096e+00 5.828168662275965417e-01
6.908782583105771202e+00 5.233248200135172112e-01
7.159060853508338873e+00 4.718154546863369547e-01
7.409414762591408632e+00 4.508629071160905055e-01
7.659227149364629561e+00 4.032336227396681183e-01
7.911559474606142395e+00 3.733144264048558481e-01
8.163750941790897997e+00 3.428898192601377848e-01
8.415757210439384295e+00 3.128014582541370769e-01
8.667638839289207198e+00 2.953707711626415433e-01
8.918801124864609520e+00 2.726277825957116319e-01
9.170480108345369530e+00 2.507278104138775943e-01
9.420566033467249412e+00 2.394484159724139527e-01
9.671642335271435797e+00 2.218866426004603154e-01
9.923426157758477473e+00 2.068005280783415667e-01
1.017396902749181820e+01 1.918222371713994290e-01
1.042533700753922155e+01 1.829650294410246625e-01
1.067702948358784276e+01 1.686686479028252639e-01
1.092969337256462303e+01 1.606503333538398526e-01
1.118211872033766419e+01 1.503202223693140271e-01
1.143346516925797296e+01 1.423716769551156003e-01
1.168350508557724687e+01 1.356200736046962452e-01
1.193379937775929100e+01 1.265320785468319331e-01
1.218553055762879112e+01 1.200632520428687872e-01
1.243711650801278878e+01 1.132931910470294928e-01
1.268867268647359303e+01 1.083630608278590562e-01
1.294075027177769144e+01 1.024162214608185656e-01
1.319267287020158363e+01 9.763848923036498595e-02
1.344470571782862756e+01 9.340347449198291296e-02
1.369480150283709641e+01 8.861214724028138034e-02
1.394591277066507828e+01 8.431262431287901704e-02
1.419764645764527167e+01 7.982306081212074689e-02
1.444766774168416212e+01 7.663313583916647742e-02
1.469906835825429070e+01 7.349147222306681715e-02
1.495059118111036511e+01 6.974570501180944737e-02
1.520261612590052991e+01 6.708190501180669174e-02
1.545415944503929495e+01 6.430157115794947476e-02
1.570456072545780124e+01 6.115971465291853565e-02
1.595705800128773966e+01 5.850402560807196201e-02
1.620829297830731619e+01 5.648807086270603295e-02
1.645966591028190962e+01 5.421314009695450686e-02
1.671125708846596325e+01 5.241881763085187718e-02
1.696160259490052624e+01 5.045098562813188359e-02
1.721370276108077135e+01 4.868149763535604274e-02
1.746543424102250341e+01 4.656622478770110207e-02
1.771598473288305442e+01 4.521233564106137692e-02
1.796653767411944003e+01 4.332124997581471293e-02
1.821765658501893270e+01 4.189354826245667018e-02
1.847053788120423334e+01 3.994871171019358236e-02
1.872257696809484173e+01 3.861182202408772191e-02
1.897394097105746269e+01 3.711509588384521302e-02
1.922542454726159988e+01 3.646784738737063325e-02
1.947607703355479103e+01 3.503314474741205803e-02
1.972678839839982601e+01 3.325971847477243726e-02
1.997802698857814363e+01 3.252352501837341148e-02
2.022863620534168660e+01 3.115914400282645061e-02
2.047969598507238231e+01 3.033788132526592934e-02
2.073250439107362553e+01 2.927423199317842270e-02
2.098435855211640089e+01 2.833678598574282392e-02
2.123502923393334640e+01 2.773617887049513453e-02
2.148629411178690773e+01 2.655950608674925023e-02
2.173831825513516591e+01 2.601060652646461704e-02
2.198972260956887226e+01 2.513085558770366407e-02
2.223974971000711420e+01 2.420823334121890991e-02
2.249141870643862973e+01 2.367954551631760995e-02
2.274404614890906373e+01 2.297466571832589358e-02
2.299521835768831579e+01 2.221212044796707502e-02
2.324620084136223852e+01 2.169528687873141168e-02
2.349757798664387209e+01 2.107902415255939743e-02
2.374870488118759937e+01 2.031216202374673194e-02
2.399988781917473091e+01 1.966905643661586919e-02
2.425071646049711305e+01 1.922238735108863436e-02
2.450187830577813841e+01 1.881906293317170756e-02
2.475391093216606109e+01 1.830429020409119964e-02
2.500524226975159792e+01 1.762964175615257256e-02
2.525610980153284402e+01 1.727198306083749593e-02
2.550801425092822328e+01 1.674430386573786539e-02
2.575943113325822864e+01 1.627953017755172718e-02
2.601074166866445125e+01 1.591853851062116285e-02
2.626234447079615464e+01 1.559611919080152072e-02
2.651347712943701751e+01 1.513834309322766893e-02
2.676474177984877656e+01 1.483060699389047304e-02
2.701628079430242479e+01 1.439868703776889074e-02
2.726734205837282232e+01 1.412165951140429906e-02
2.751837013544679422e+01 1.374708991543111165e-02
2.776937726815812724e+01 1.346687535750087580e-02
2.802070160973895341e+01 1.306752399470796459e-02
2.827249982643487058e+01 1.280925432603765950e-02
2.852407603869968966e+01 1.246013814268608078e-02
2.877567300468570721e+01 1.222114603497787000e-02
2.902733523039245256e+01 1.190956313501849786e-02
2.927861073083739996e+01 1.160650115198808008e-02
2.953003196193969160e+01 1.143374740459583531e-02
2.978106336846375157e+01 1.105327943910580472e-02
3.003148440777084716e+01 1.082368622787651009e-02
3.028303386126418673e+01 1.057306055346777379e-02
3.053456493440382857e+01 1.040041999885790540e-02
3.078585183944906944e+01 1.014173142678519331e-02
3.103757946070165730e+01 9.904336533215781987e-03
3.128931656795834826e+01 9.656397168648800378e-03
3.154125974608096428e+01 9.469037851783594639e-03
3.179158626791808828e+01 9.300176106952611974e-03
3.204196438636942190e+01 9.045554204046971081e-03
3.229344668057169798e+01 8.888853335069788267e-03
3.254489998018084407e+01 8.719979273821464733e-03
3.279660140319880668e+01 8.571448877608469144e-03
3.304772754686901237e+01 8.377876816099374957e-03
3.329949953441923327e+01 8.196008385679205005e-03
3.355173249539067371e+01 8.017548165043240568e-03
3.380235474142784824e+01 7.865212495510410379e-03
3.405292218889088218e+01 7.705539467858234758e-03
3.430455901572810262e+01 7.561670510591588477e-03
3.455605119154291316e+01 7.433052996681785603e-03
3.480708698418615654e+01 7.315904505931979281e-03
3.505823042281740243e+01 7.107263339172437480e-03
3.530983122122644602e+01 6.957829230684176199e-03
3.556111974160763367e+01 6.899705861510133965e-03
3.581195885960364933e+01 6.749850395961520463e-03
3.606348577968052638e+01 6.598550226651816140e-03
3.631495136683125935e+01 6.462733902403245898e-03
3.656646781331610185e+01 6.380746500285179243e-03
3.681800948534306173e+01 6.259847901667767167e-03
3.706942350460822411e+01 6.105593622569585599e-03
3.732119977997001570e+01 6.025800666656710297e-03
3.757249197135423202e+01 5.931258959307194462e-03
3.782324055213251057e+01 5.799932608468016254e-03
3.807430609684078604e+01 5.692424669939716297e-03
3.832526519371521090e+01 5.600269776721123784e-03
3.857704530181875668e+01 5.510209509431163340e-03
3.882896255048217427e+01 5.391435492308685115e-03
3.907976684424035341e+01 5.319482303142680606e-03
3.933085588900704010e+01 5.184106825590219410e-03
3.958184533965361140e+01 5.113399279659987251e-03
3.983320492881626507e+01 5.032463188871599824e-03
4.008506787586624398e+01 4.954368310087280299e-03
4.033569471078550350e+01 4.884334346602183310e-03
4.058701345074587863e+01 4.798726138010319872e-03
4.083916815834436420e+01 4.711859169461331785e-03
4.108978611092747713e+01 4.633716180760205812e-03
4.134119394692694271e+01 4.532883640937925701e-03
4.159372926482761557e+01 4.467856311126049487e-03
4.184480996230068683e+01 4.431292038553641052e-03
4.209495048714620680e+01 4.307440837798425307e-03
4.234568601474854432e+01 4.277095255591569466e-03
4.259794184898333214e+01 4.184143330057975285e-03
4.284922176444433717e+01 4.151921937239204906e-03
4.309982534096671003e+01 4.033516867762646473e-03
4.335153475414617930e+01 3.967757086906638711e-03
4.360374984514007224e+01 3.924903748088340825e-03
4.385432838732079830e+01 3.893504821534905531e-03
4.410529766549178277e+01 3.796327652791108443e-03
4.435675536456894008e+01 3.742947622710456057e-03
4.460756668584335927e+01 3.701137194035167017e-03
4.485812369927145937e+01 3.622681186012612423e-03
4.510933196139897206e+01 3.621848844943817165e-03
4.536097672816924131e+01 3.555169635261707338e-03
4.561261869099184452e+01 3.452860701111582723e-03
4.586346064304911607e+01 3.421533093113510865e-03
4.611435299895526185e+01 3.334245643803558645e-03
4.636610302009028572e+01 3.352256575805531800e-03
4.661726081402038346e+01 3.268326518557088979e-03
4.686748045926628237e+01 3.234598608171366553e-03
4.712001000143001761e+01 3.196330252433004452e-03
4.737334269293729960e+01 3.126153482842954860e-03
4.762357272554871912e+01 3.063724838407844327e-03
4.787295862859781437e+01 3.002915790279511634e-03
4.812686710231834297e+01 3.010794495044825676e-03
4.837988354528783930e+01 2.971638267047030293e-03
4.862698975964909209e+01 2.932205580172616340e-03
4.887931961662670233e+01 2.847301375054251977e-03
4.913512531690142282e+01 2.819829228944705033e-03
4.938486646957150583e+01 2.875217617181170544e-03
4.963073103205424985e+01 2.788774254400359226e-03
4.988316058859187763e+01 2.722443132337664870e-03
5.013927392651110893e+01 2.673092308198274803e-03
5.038898445289544270e+01 2.657153693476417122e-03
5.063791314200675941e+01 2.601092105571257192e-03
5.089234515763529032e+01 2.669887140049934451e-03
5.114529266359630810e+01 2.554801793189942320e-03
5.138952878242714206e+01 2.447158759749746247e-03
5.163945178601188246e+01 2.471769340637628744e-03
5.190206698624180603e+01 2.384922800354336882e-03
5.215590084722179398e+01 2.447118734953256103e-03
5.238680673191466042e+01 2.433315268949572813e-03
5.263532591009818873e+01 2.441007220420938258e-03
5.290823119436031874e+01 2.398865389648203918e-03
5.316882575050344428e+01 2.254223632068723393e-03
5.338513341050097694e+01 2.178819209092128402e-03
5.363212510227822349e+01 2.136857299937858223e-03
5.391615723351310407e+01 2.042069202299832357e-03
5.419187693011466678e+01 2.283600297390053335e-03
5.439722241285236493e+01 2.279828238019743041e-03
5.462806064877949552e+01 2.093490722891329196e-03
5.491241494336609463e+01 2.239663377158008194e-03
5.519421446932921782e+01 2.370667426379134170e-03
5.543046826972861396e+01 1.625601850311543355e-03
5.561137265256709128e+01 2.293437205879873212e-03
