3.559856489878782115e-01 1.333929020649454287e+03
6.031648866026231293e-01 1.740747194553190411e+02
8.579160745827347778e-01 8.291932620383987285e+01
1.113464310595710716e+00 4.814914259098871696e+01
1.374039914321364408e+00 3.567881687457396112e+01
1.619154704570298309e+00 1.988883581481784546e+01
1.870686673430271840e+00 1.439996423365306200e+01
2.123290040706380832e+00 1.108302573972319927e+01
2.378144976376236119e+00 8.509005094583576678e+00
2.630489925835516996e+00 6.317207148136259498e+00
2.878653162679494670e+00 5.063197590154683958e+00
3.131144366275339319e+00 3.677829335980911551e+00
3.388159578333816313e+00 3.446650096741055158e+00
3.638741848210948149e+00 2.707941153709218174e+00
3.888315910732085268e+00 2.402021027260878405e+00
4.139052155837465996e+00 1.925549793192089743e+00
4.390305777018236988e+00 1.662272675302957081e+00
4.642172339120373081e+00 1.451564751740600512e+00
4.894678666149941293e+00 1.301064229809338002e+00
5.147269052361176378e+00 1.138952429824858337e+00
5.398003206656323272e+00 9.783326714873601393e-01
5.647798235368590269e+00 8.806417327808625517e-01
5.900534302989873581e+00 7.688353331402303370e-01
6.151460297009074374e+00 7.168394753904447914e-01
6.402630176204441526e+00 6.400801991372504496e-01
6.655964674748322096e+00 5.910043722403605093e-01
6.908782583105771202e+00 5.332931517182151193e-01
7.159060853508338873e+00 4.728768271663893463e-01
7.409414762591408632e+00 4.418513794628896041e-01
7.659227149364629561e+00 4.030225146068843189e-01
7.911559474606142395e+00 3.820360630223657572e-01
8.163750941790897997e+00 3.521003882282878750e-01
8.415757210439384295e+00 3.237038457193217589e-01
8.667638839289207198e+00 2.913219847428565323e-01
8.918801124864609520e+00 2.720178546725001700e-01
9.170480108345369530e+00 2.576927243063978912e-01
9.420566033467249412e+00 2.366296655794408177e-01
9.671642335271435797e+00 2.193920422278331506e-01
9.923426157758477473e+00 2.077530549474571608e-01
1.017396902749181820e+01 1.951379942867340622e-01
1.042533700753922155e+01 1.820671674795743267e-01
1.067702948358784276e+01 1.715877755741539445e-01
1.092969337256462303e+01 1.597201356521933957e-01
1.118211872033766419e+01 1.492462453472260808e-01
1.143346516925797296e+01 1.420987600078329749e-01
1.168350508557724687e+01 1.340053662797917045e-01
1.193379937775929100e+01 1.282374513166091301e-01
1.218553055762879112e+01 1.202930463010546125e-01
1.243711650801278878e+01 1.135277374974037190e-01
1.268867268647359303e+01 1.082434287344474916e-01
1.294075027177769144e+01 1.041898380629189547e-01
1.319267287020158363e+01 9.792139378798027372e-02
1.344470571782862756e+01 9.268476961070817866e-02
1.369480150283709641e+01 8.919358065032069460e-02
1.394591277066507828e+01 8.448978759236121239e-02
1.419764645764527167e+01 8.007264507576154766e-02
1.444766774168416212e+01 7.724489745071233537e-02
1.469906835825429070e+01 7.295484759515537265e-02
1.495059118111036511e+01 6.958865617336396081e-02
1.520261612590052991e+01 6.650738764165110839e-02
1.545415944503929495e+01 6.410904099793744704e-02
1.570456072545780124e+01 6.190018469022483261e-02
1.595705800128773966e+01 5.897010267921228704e-02
1.620829297830731619e+01 5.712747170577516659e-02
1.645966591028190962e+01 5.452367488092647874e-02
1.671125708846596325e+01 5.175476519450451091e-02
1.696160259490052624e+01 5.033776801359730185e-02
1.721370276108077135e+01 4.851145675969970039e-02
1.746543424102250341e+01 4.627685517578946500e-02
1.771598473288305442e+01 4.448649369980044871e-02
1.796653767411944003e+01 4.275292225445201377e-02
1.821765658501893270e+01 4.178554621705167504e-02
1.847053788120423334e+01 3.996866716863448771e-02
1.872257696809484173e+01 3.877946547048699566e-02
1.897394097105746269e+01 3.730045472927477623e-02
1.922542454726159988e+01 3.623457358283811020e-02
1.947607703355479103e+01 3.450946297921411027e-02
1.972678839839982601e+01 3.380149255008773473e-02
1.997802698857814363e+01 3.211612628171034434e-02
2.022863620534168660e+01 3.117962634290020324e-02
2.047969598507238231e+01 3.025715270250881050e-02
2.073250439107362553e+01 2.939323450262907797e-02
2.098435855211640089e+01 2.853873008359834873e-02
2.123502923393334640e+01 2.759217132000970490e-02
2.148629411178690773e+01 2.685511500756361525e-02
2.173831825513516591e+01 2.590057294035758018e-02
2.198972260956887226e+01 2.501767095134751692e-02
2.223974971000711420e+01 2.449255027117400868e-02
2.249141870643862973e+01 2.358688104680406114e-02
2.274404614890906373e+01 2.301378960758040243e-02
2.299521835768831579e+01 2.231366336261601108e-02
2.324620084136223852e+01 2.157065315705100281e-02
2.349757798664387209e+01 2.097884314863392510e-02
2.374870488118759937e+01 2.048173910303196371e-02
2.399988781917473091e+01 1.989186134881509860e-02
2.425071646049711305e+01 1.920867999726407621e-02
2.450187830577813841e+01 1.865809571948165088e-02
2.475391093216606109e+01 1.823033475892929176e-02
2.500524226975159792e+01 1.777814960621719106e-02
2.525610980153284402e+01 1.723024375442543110e-02
2.550801425092822328e+01 1.672654029515282734e-02
2.575943113325822864e+01 1.636858354399161122e-02
2.601074166866445125e+01 1.594077109325998248e-02
2.626234447079615464e+01 1.561780837348108152e-02
2.651347712943701751e+01 1.515297549092820516e-02
2.676474177984877656e+01 1.481361418749080686e-02
2.701628079430242479e+01 1.433954641473195527e-02
2.726734205837282232e+01 1.397251254328266828e-02
2.751837013544679422e+01 1.366891926476380623e-02
2.776937726815812724e+01 1.338588794687561694e-02
2.802070160973895341e+01 1.312576301786092491e-02
2.827249982643487058e+01 1.268569794082793911e-02
2.852407603869968966e+01 1.237181125796149757e-02
2.877567300468570721e+01 1.215676952543501797e-02
2.902733523039245256e+01 1.188375938101422606e-02
2.927861073083739996e+01 1.164135307392038902e-02
2.953003196193969160e+01 1.131071048887180922e-02
2.978106336846375157e+01 1.110954980706769721e-02
3.003148440777084716e+01 1.084465344215605927e-02
3.028303386126418673e+01 1.057194994154314616e-02
3.053456493440382857e+01 1.040062517852521559e-02
3.078585183944906944e+01 1.016055780218586696e-02
3.103757946070165730e+01 9.910802104134103924e-03
3.128931656795834826e+01 9.690589940711723249e-03
3.154125974608096428e+01 9.492308128700652214e-03
3.179158626791808828e+01 9.376118655142139449e-03
3.204196438636942190e+01 9.089361245572998363e-03
3.229344668057169798e+01 8.907825959478570671e-03
3.254489998018084407e+01 8.725573947279366416e-03
3.279660140319880668e+01 8.494624493130410736e-03
3.304772754686901237e+01 8.404344804890457460e-03
3.329949953441923327e+01 8.171260792790291383e-03
3.355173249539067371e+01 7.995475852093387320e-03
3.380235474142784824e+01 7.905921785990827760e-03
3.405292218889088218e+01 7.751977559189403288e-03
3.430455901572810262e+01 7.576139851284760529e-03
3.455605119154291316e+01 7.408413416245958685e-03
3.480708698418615654e+01 7.239149455157261985e-03
3.505823042281740243e+01 7.116724342746635380e-03
3.530983122122644602e+01 7.004052473127412443e-03
3.556111974160763367e+01 6.884827561847486552e-03
3.581195885960364933e+01 6.751694461129023779e-03
3.606348577968052638e+01 6.603352528934301573e-03
3.631495136683125935e+01 6.463175704283372763e-03
3.656646781331610185e+01 6.374015227087363039e-03
3.681800948534306173e+01 6.235174475668706258e-03
3.706942350460822411e+01 6.142394748202940381e-03
3.732119977997001570e+01 6.033442512338758196e-03
3.757249197135423202e+01 5.925041918359822898e-03
3.782324055213251057e+01 5.787243726188664832e-03
3.807430609684078604e+01 5.688690076160752770e-03
3.832526519371521090e+01 5.605239276855573764e-03
3.857704530181875668e+01 5.485976669202116511e-03
3.882896255048217427e+01 5.399072681552295923e-03
3.907976684424035341e+01 5.300131413306487585e-03
3.933085588900704010e+01 5.207759300145977689e-03
3.958184533965361140e+01 5.132895661891757715e-03
3.983320492881626507e+01 5.048634741517172946e-03
4.008506787586624398e+01 4.969020165047379617e-03
4.033569471078550350e+01 4.866889177269519487e-03
4.058701345074587863e+01 4.816114559407080366e-03
4.083916815834436420e+01 4.698870593554008851e-03
4.108978611092747713e+01 4.603506165670560868e-03
4.134119394692694271e+01 4.571158292623225643e-03
4.159372926482761557e+01 4.503196029866362096e-03
4.184480996230068683e+01 4.406056243652209728e-03
4.209495048714620680e+01 4.302130303962719941e-03
4.234568601474854432e+01 4.260449264489861790e-03
4.259794184898333214e+01 4.197321857418288664e-03
4.284922176444433717e+01 4.150279025818185037e-03
4.309982534096671003e+01 4.055997710002113947e-03
4.335153475414617930e+01 3.983984983976059796e-03
4.360374984514007224e+01 3.927120002234345611e-03
4.385432838732079830e+01 3.842919921263834946e-03
4.410529766549178277e+01 3.803793886643504901e-03
4.435675536456894008e+01 3.769414826786776206e-03
4.460756668584335927e+01 3.741556423563690247e-03
4.485812369927145937e+01 3.687031175351491909e-03
4.510933196139897206e+01 3.585611774556086637e-03
4.536097672816924131e+01 3.545587713827597076e-03
4.561261869099184452e+01 3.489429354326205584e-03
4.586346064304911607e+01 3.441601012966096808e-03
4.611435299895526185e+01 3.371335882081826028e-03
4.636610302009028572e+01 3.320543578577952494e-03
4.661726081402038346e+01 3.306266371764181918e-03
4.686748045926628237e+01 3.280836904315318457e-03
4.712001000143001761e+01 3.200693030429441199e-03
4.737334269293729960e+01 3.168614164702549495e-03
4.762357272554871912e+01 3.125898283108482188e-03
4.787295862859781437e+01 3.037573032351849073e-03
4.812686710231834297e+01 2.984481486711684176e-03
4.837988354528783930e+01 2.997451957602257841e-03
4.862698975964909209e+01 2.871096035163437331e-03
4.887931961662670233e+01 2.872274071616709272e-03
4.913512531690142282e+01 2.854003916078079635e-03
4.938486646957150583e+01 2.783123016727289886e-03
4.963073103205424985e+01 2.703882606116410001e-03
4.988316058859187763e+01 2.704135487863860727e-03
5.013927392651110893e+01 2.657712144054157500e-03
5.038898445289544270e+01 2.684351566449829068e-03
5.063791314200675941e+01 2.593007550001168778e-03
5.089234515763529032e+01 2.507309543897038185e-03
5.114529266359630810e+01 2.556253475585032377e-03
5.138952878242714206e+01 2.562837439902628748e-03
5.163945178601188246e+01 2.465562872619058744e-03
5.190206698624180603e+01 2.499055797746298300e-03
5.215590084722179398e+01 2.465018718180085524e-03
5.238680673191466042e+01 2.408070362359749413e-03
5.263532591009818873e+01 2.422681750284115965e-03
5.290823119436031874e+01 2.252405363548298962e-03
5.316882575050344428e+01 2.371309881316804088e-03
5.338513341050097694e+01 2.325786594695442890e-03
5.363212510227822349e+01 2.166437317772131749e-03
5.391615723351310407e+01 2.419983707708852575e-03
5.419187693011466678e+01 2.149593537404420867e-03
5.439722241285236493e+01 2.439458495363653560e-03
5.462806064877949552e+01 1.900517307421959855e-03
5.491241494336609463e+01 2.165580547442027756e-03
5.519421446932921782e+01 2.386380963162656414e-03
5.543046826972861396e+01 1.272232857513539003e-03
5.561137265256709128e+01 1.477534750233219047e-03
