3.559856489878782115e-01 2.943640538766364898e+02
6.031648866026231293e-01 1.903258547348933121e+02
8.579160745827347778e-01 8.190162935063929694e+01
1.113464310595710716e+00 5.105653122006059164e+01
1.374039914321364408e+00 3.015450482647353425e+01
1.619154704570298309e+00 2.121737272721900780e+01
1.870686673430271840e+00 1.573917348273876371e+01
2.123290040706380832e+00 1.056570807915396060e+01
2.378144976376236119e+00 8.068680912519807791e+00
2.630489925835516996e+00 6.142854371573811534e+00
2.878653162679494670e+00 4.961321358892520017e+00
3.131144366275339319e+00 4.151824590026425454e+00
3.388159578333816313e+00 3.228372367541485488e+00
3.638741848210948149e+00 2.794742574151150016e+00
3.888315910732085268e+00 2.273903296990579470e+00
4.139052155837465996e+00 2.110230692662192098e+00
4.390305777018236988e+00 1.704631414084539998e+00
4.642172339120373081e+00 1.466935060500237142e+00
4.894678666149941293e+00 1.246915385069266913e+00
5.147269052361176378e+00 1.110515234900477655e+00
5.398003206656323272e+00 1.016309405120627174e+00
5.647798235368590269e+00 9.114444710422878737e-01
5.900534302989873581e+00 7.995623546764278888e-01
6.151460297009074374e+00 7.189882003405094757e-01
6.402630176204441526e+00 6.485365865443865063e-01
6.655964674748322096e+00 5.965437408203431158e-01
6.908782583105771202e+00 5.367506521161701238e-01
7.159060853508338873e+00 4.831136759762724164e-01
7.409414762591408632e+00 4.393321736750451789e-01
7.659227149364629561e+00 4.035387002516769850e-01
7.911559474606142395e+00 3.730767011117439025e-01
8.163750941790897997e+00 3.419501509306429043e-01
8.415757210439384295e+00 3.174283222724822440e-01
8.667638839289207198e+00 2.964410845455703325e-01
8.918801124864609520e+00 2.717160860246907728e-01
9.170480108345369530e+00 2.529295302652022071e-01
9.420566033467249412e+00 2.342572904168650494e-01
9.671642335271435797e+00 2.230874497244413890e-01
9.923426157758477473e+00 2.089060324230097299e-01
1.017396902749181820e+01 1.925935213256750045e-01
1.042533700753922155e+01 1.827975746220465436e-01
1.067702948358784276e+01 1.692964347756782117e-01
1.092969337256462303e+01 1.598771661241568942e-01
1.118211872033766419e+01 1.532802437607034551e-01
1.143346516925797296e+01 1.454214635278479051e-01
1.168350508557724687e+01 1.349567794696446277e-01
1.193379937775929100e+01 1.277549508139439738e-01
1.218553055762879112e+01 1.196251754092668013e-01
1.243711650801278878e+01 1.149187119638787336e-01
1.268867268647359303e+01 1.079637657809444096e-01
1.294075027177769144e+01 1.021643833137053786e-01
1.319267287020158363e+01 9.766180082689837616e-02
1.344470571782862756e+01 9.407249731688135941e-02
1.369480150283709641e+01 8.747507032228193924e-02
1.394591277066507828e+01 8.415719048618634790e-02
1.419764645764527167e+01 8.071343444457387828e-02
1.444766774168416212e+01 7.675636353864158379e-02
1.469906835825429070e+01 7.389234371449707184e-02
1.495059118111036511e+01 7.005857710055839183e-02
1.520261612590052991e+01 6.699864033984473388e-02
1.545415944503929495e+01 6.458278278809431727e-02
1.570456072545780124e+01 6.112436358797961045e-02
1.595705800128773966e+01 5.915928308031029315e-02
1.620829297830731619e+01 5.662397837231002845e-02
1.645966591028190962e+01 5.445743912221714944e-02
1.671125708846596325e+01 5.192353821867084357e-02
1.696160259490052624e+01 4.987639411421661284e-02
1.721370276108077135e+01 4.829538711929617922e-02
1.746543424102250341e+01 4.626604182160895529e-02
1.771598473288305442e+01 4.506962887283118974e-02
1.796653767411944003e+01 4.313650732088737672e-02
1.821765658501893270e+01 4.152458761398180459e-02
1.847053788120423334e+01 4.019371745968524506e-02
1.872257696809484173e+01 3.841394530841669985e-02
1.897394097105746269e+01 3.731809318538893000e-02
1.922542454726159988e+01 3.606909648830187304e-02
1.947607703355479103e+01 3.486461711536403829e-02
1.972678839839982601e+01 3.333641562181552387e-02
1.997802698857814363e+01 3.252688505595222046e-02
2.022863620534168660e+01 3.141413245633036672e-02
2.047969598507238231e+01 3.037933869435924250e-02
2.073250439107362553e+01 2.931973387281049809e-02
2.098435855211640089e+01 2.840599175691545589e-02
2.123502923393334640e+01 2.750910998173841313e-02
2.148629411178690773e+01 2.690166276847025251e-02
2.173831825513516591e+01 2.598148083322213142e-02
2.198972260956887226e+01 2.493741244437118476e-02
2.223974971000711420e+01 2.431188257525410470e-02
2.249141870643862973e+01 2.371320430421080053e-02
2.274404614890906373e+01 2.299389215096242847e-02
2.299521835768831579e+01 2.231393947813392620e-02
2.324620084136223852e+01 2.168216875974649308e-02
2.349757798664387209e+01 2.109704279482178466e-02
2.374870488118759937e+01 2.041289677587546092e-02
2.399988781917473091e+01 1.984076756654855334e-02
2.425071646049711305e+01 1.933680356861358987e-02
2.450187830577813841e+01 1.872730907108434775e-02
2.475391093216606109e+01 1.827881902169903316e-02
2.500524226975159792e+01 1.779951387659487946e-02
2.525610980153284402e+01 1.744203911888171990e-02
2.550801425092822328e+01 1.676685655603815314e-02
2.575943113325822864e+01 1.652826280754816565e-02
2.601074166866445125e+01 1.591209343527942230e-02
2.626234447079615464e+01 1.553516558353911295e-02
2.651347712943701751e+01 1.520000204376837326e-02
2.676474177984877656e+01 1.482255554894051919e-02
2.701628079430242479e+01 1.454319981868773537e-02
2.726734205837282232e+01 1.399680914860498490e-02
2.751837013544679422e+01 1.373079759161363600e-02
2.776937726815812724e+01 1.341547396940159613e-02
2.802070160973895341e+01 1.316570648340736026e-02
2.827249982643487058e+01 1.274714501042094501e-02
2.852407603869968966e+01 1.246603185759019745e-02
2.877567300468570721e+01 1.213892664400438234e-02
2.902733523039245256e+01 1.196799058166178945e-02
2.927861073083739996e+01 1.155884464156160286e-02
2.953003196193969160e+01 1.131436704451216531e-02
2.978106336846375157e+01 1.108911650444423941e-02
3.003148440777084716e+01 1.081807171033487627e-02
3.028303386126418673e+01 1.061390064149248490e-02
3.053456493440382857e+01 1.041582488535702095e-02
3.078585183944906944e+01 1.012336716634070974e-02
3.103757946070165730e+01 9.900489607202462086e-03
3.128931656795834826e+01 9.727784519701255725e-03
3.154125974608096428e+01 9.455597782234382784e-03
3.179158626791808828e+01 9.274428631039603743e-03
3.204196438636942190e+01 9.124067967743390226e-03
3.229344668057169798e+01 8.910494280323609517e-03
3.254489998018084407e+01 8.755222045658756294e-03
3.279660140319880668e+01 8.560778346566474961e-03
3.304772754686901237e+01 8.324146565311680429e-03
3.329949953441923327e+01 8.235688737393121947e-03
3.355173249539067371e+01 8.025582120056821978e-03
3.380235474142784824e+01 7.855266636908999137e-03
3.405292218889088218e+01 7.679732868104460590e-03
3.430455901572810262e+01 7.592705408769200720e-03
3.455605119154291316e+01 7.456320536395249186e-03
3.480708698418615654e+01 7.292015399572527624e-03
3.505823042281740243e+01 7.115374757446022401e-03
3.530983122122644602e+01 6.995094267608625675e-03
3.556111974160763367e+01 6.897871522637066301e-03
3.581195885960364933e+01 6.738053644290220058e-03
3.606348577968052638e+01 6.583797971374444162e-03
3.631495136683125935e+01 6.477945196933189952e-03
3.656646781331610185e+01 6.397686401275039757e-03
3.681800948534306173e+01 6.232811993103651825e-03
3.706942350460822411e+01 6.129906270231978357e-03
3.732119977997001570e+01 6.054339595656003416e-03
3.757249197135423202e+01 5.927827625624334552e-03
3.782324055213251057e+01 5.783474983478191500e-03
3.807430609684078604e+01 5.742190667446666827e-03
3.832526519371521090e+01 5.584179083744144310e-03
3.857704530181875668e+01 5.513509969850884269e-03
3.882896255048217427e+01 5.375039132538513009e-03
3.907976684424035341e+01 5.291762269970741277e-03
3.933085588900704010e+01 5.237782172783138346e-03
3.958184533965361140e+01 5.110678957364020100e-03
3.983320492881626507e+01 5.061387630099568533e-03
4.008506787586624398e+01 4.942920331079229089e-03
4.033569471078550350e+01 4.845458677346359093e-03
4.058701345074587863e+01 4.831750879283168952e-03
4.083916815834436420e+01 4.713822608822238608e-03
4.108978611092747713e+01 4.606906683561108780e-03
4.134119394692694271e+01 4.528087618921363029e-03
4.159372926482761557e+01 4.477106203039814790e-03
4.184480996230068683e+01 4.426694789242412859e-03
4.209495048714620680e+01 4.312456507715311735e-03
4.234568601474854432e+01 4.255901020735728540e-03
4.259794184898333214e+01 4.188245713391254219e-03
4.284922176444433717e+01 4.119779981574222573e-03
4.309982534096671003e+01 4.032709087426559688e-03
4.335153475414617930e+01 4.010714524659564351e-03
4.360374984514007224e+01 3.930106667588664955e-03
4.385432838732079830e+01 3.888114074813006291e-03
4.410529766549178277e+01 3.844148470430814885e-03
4.435675536456894008e+01 3.734230054053614724e-03
4.460756668584335927e+01 3.714900557178942454e-03
4.485812369927145937e+01 3.662895091336682788e-03
4.510933196139897206e+01 3.576728808706154065e-03
4.536097672816924131e+01 3.466711162899167170e-03
4.561261869099184452e+01 3.486090914237236112e-03
4.586346064304911607e+01 3.406085572480376140e-03
4.611435299895526185e+01 3.357656088433789033e-03
4.636610302009028572e+01 3.319215069409272526e-03
4.661726081402038346e+01 3.290637806332661133e-03
4.686748045926628237e+01 3.203691728306571132e-03
4.712001000143001761e+01 3.216269477396088271e-03
4.737334269293729960e+01 3.140957813725460922e-03
4.762357272554871912e+01 3.068809032631624866e-03
4.787295862859781437e+01 3.011415920497555708e-03
4.812686710231834297e+01 2.993678405636996265e-03
4.837988354528783930e+01 2.946940844396608080e-03
4.862698975964909209e+01 2.915010225126487761e-03
4.887931961662670233e+01 2.932731054851186146e-03
4.913512531690142282e+01 2.797873565717319978e-03
4.938486646957150583e+01 2.828428640185333149e-03
4.963073103205424985e+01 2.807868164079240902e-03
4.988316058859187763e+01 2.686099338109778842e-03
5.013927392651110893e+01 2.695058148616323417e-03
5.038898445289544270e+01 2.674176570077682006e-03
5.063791314200675941e+01 2.616566485663638503e-03
5.089234515763529032e+01 2.536083244566323096e-03
5.114529266359630810e+01 2.480976711834903710e-03
5.138952878242714206e+01 2.547539513534658948e-03
5.163945178601188246e+01 2.405971069887323163e-03
5.190206698624180603e+01 2.418861693050449509e-03
5.215590084722179398e+01 2.411139825075676261e-03
5.238680673191466042e+01 2.432175465602902549e-03
5.263532591009818873e+01 2.388156726558532741e-03
5.290823119436031874e+01 2.314516287516018775e-03
5.316882575050344428e+01 2.182784453922847773e-03
5.338513341050097694e+01 2.464419287466460169e-03
5.363212510227822349e+01 2.377249487221511949e-03
5.391615723351310407e+01 2.188406620453994117e-03
5.419187693011466678e+01 2.128856984285200371e-03
5.439722241285236493e+01 2.218828209498659686e-03
5.462806064877949552e+01 2.192362879173849824e-03
5.491241494336609463e+01 1.916456119303747195e-03
5.519421446932921782e+01 2.161176385045680565e-03
5.543046826972861396e+01 2.422969694478746289e-03
5.561137265256709128e+01 2.332293484229969530e-03
