3.559856489878782115e-01 7.114331885307140055e+02
6.031648866026231293e-01 2.047348180660700905e+02
8.579160745827347778e-01 9.386254874042518281e+01
1.113464310595710716e+00 5.589373190931832625e+01
1.374039914321364408e+00 2.784731799027826327e+01
1.619154704570298309e+00 2.101131238690624770e+01
1.870686673430271840e+00 1.422118117501160306e+01
2.123290040706380832e+00 1.036299374540248408e+01
2.378144976376236119e+00 8.066143678237990500e+00
2.630489925835516996e+00 5.756545881659061337e+00
2.878653162679494670e+00 4.839010235093986978e+00
3.131144366275339319e+00 3.866975904866039926e+00
3.388159578333816313e+00 3.399988710325115626e+00
3.638741848210948149e+00 2.737845739329548778e+00
3.888315910732085268e+00 2.367133547276495165e+00
4.139052155837465996e+00 1.981937173017082277e+00
4.390305777018236988e+00 1.674311464835206653e+00
4.642172339120373081e+00 1.506204281651157162e+00
4.894678666149941293e+00 1.283421733419345179e+00
5.147269052361176378e+00 1.163907325720720864e+00
5.398003206656323272e+00 1.014179486764764215e+00
5.647798235368590269e+00 8.841012955243293669e-01
5.900534302989873581e+00 8.158401052854566959e-01
6.151460297009074374e+00 7.411406418936975493e-01
6.402630176204441526e+00 6.470467762604760198e-01
6.655964674748322096e+00 5.701359744219661740e-01
6.908782583105771202e+00 5.242828608126115508e-01
7.159060853508338873e+00 4.892941008172775330e-01
7.409414762591408632e+00 4.415206747951573862e-01
7.659227149364629561e+00 4.041565612079344172e-01
7.911559474606142395e+00 3.735533163044273408e-01
8.163750941790897997e+00 3.503601993235093137e-01
8.415757210439384295e+00 3.171259220528681588e-01
8.667638839289207198e+00 2.960045148215027511e-01
8.918801124864609520e+00 2.799574296217854363e-01
9.170480108345369530e+00 2.533116952480760631e-01
9.420566033467249412e+00 2.371104185640859896e-01
9.671642335271435797e+00 2.203742388364200999e-01
9.923426157758477473e+00 2.073311489085932213e-01
1.017396902749181820e+01 1.929914705852101842e-01
1.042533700753922155e+01 1.811870077205945395e-01
1.067702948358784276e+01 1.718224490380288183e-01
1.092969337256462303e+01 1.608347373135649017e-01
1.118211872033766419e+01 1.515921803189464734e-01
1.143346516925797296e+01 1.429072003703205918e-01
1.168350508557724687e+01 1.334100314434300272e-01
1.193379937775929100e+01 1.259564034703048174e-01
1.218553055762879112e+01 1.213410567094349995e-01
1.243711650801278878e+01 1.144868798919350394e-01
1.268867268647359303e+01 1.101568317138085229e-01
1.294075027177769144e+01 1.030825840453207937e-01
1.319267287020158363e+01 9.807562960674226504e-02
1.344470571782862756e+01 9.454080599606527746e-02
1.369480150283709641e+01 8.842354014684365715e-02
1.394591277066507828e+01 8.411617599808293710e-02
1.419764645764527167e+01 7.972636981887784580e-02
1.444766774168416212e+01 7.674160826659912060e-02
1.469906835825429070e+01 7.264152233303708406e-02
1.495059118111036511e+01 7.069812848367544589e-02
1.520261612590052991e+01 6.815821693007609317e-02
1.545415944503929495e+01 6.378557510931542884e-02
1.570456072545780124e+01 6.184732204879891948e-02
1.595705800128773966e+01 5.890813018817991908e-02
1.620829297830731619e+01 5.635238296362804489e-02
1.645966591028190962e+01 5.371958558471106454e-02
1.671125708846596325e+01 5.182498247690509041e-02
1.696160259490052624e+01 5.023705098172440847e-02
1.721370276108077135e+01 4.863255005587465568e-02
1.746543424102250341e+01 4.651733377947483983e-02
1.771598473288305442e+01 4.514650732768026031e-02
1.796653767411944003e+01 4.291348682157763300e-02
1.821765658501893270e+01 4.169033304266524936e-02
1.847053788120423334e+01 4.000378351739884014e-02
1.872257696809484173e+01 3.858894116258558549e-02
1.897394097105746269e+01 3.700507255486290559e-02
1.922542454726159988e+01 3.607990808352907336e-02
1.947607703355479103e+01 3.493426284321076575e-02
1.972678839839982601e+01 3.345460187555358150e-02
1.997802698857814363e+01 3.237721089519188244e-02
2.022863620534168660e+01 3.135719642429732334e-02
2.047969598507238231e+01 3.032865787756358622e-02
2.073250439107362553e+01 2.924352880375189617e-02
2.098435855211640089e+01 2.857843672974036409e-02
2.123502923393334640e+01 2.745004917101840844e-02
2.148629411178690773e+01 2.680082697045546233e-02
2.173831825513516591e+01 2.589130906449808867e-02
2.198972260956887226e+01 2.520291088110735919e-02
2.223974971000711420e+01 2.442149545139588387e-02
2.249141870643862973e+01 2.348241265017778773e-02
2.274404614890906373e+01 2.290197932728092051e-02
2.299521835768831579e+01 2.198365186846849839e-02
2.324620084136223852e+01 2.165193154370141648e-02
2.349757798664387209e+01 2.104104213013114136e-02
2.374870488118759937e+01 2.039960745922603236e-02
2.399988781917473091e+01 1.990786007735968061e-02
2.425071646049711305e+01 1.923721851539345398e-02
2.450187830577813841e+01 1.863293229988955205e-02
2.475391093216606109e+01 1.826302580511028964e-02
2.500524226975159792e+01 1.777406927098203193e-02
2.525610980153284402e+01 1.737171053849457733e-02
2.550801425092822328e+01 1.682155081534007432e-02
2.575943113325822864e+01 1.635434579393294993e-02
2.601074166866445125e+01 1.596539569326800578e-02
2.626234447079615464e+01 1.553224767015914248e-02
2.651347712943701751e+01 1.529872305002290440e-02
2.676474177984877656e+01 1.488394770769074608e-02
2.701628079430242479e+01 1.450893471797242394e-02
2.726734205837282232e+01 1.407324106707725717e-02
2.751837013544679422e+01 1.371722778554109595e-02
2.776937726815812724e+01 1.334785684447961987e-02
2.802070160973895341e+01 1.304865330939854531e-02
2.827249982643487058e+01 1.278901676673046238e-02
2.852407603869968966e+01 1.239093083889625073e-02
2.877567300468570721e+01 1.221444844165515964e-02
2.902733523039245256e+01 1.189233609650868113e-02
2.927861073083739996e+01 1.162513765152458321e-02
2.953003196193969160e+01 1.131265194222633511e-02
2.978106336846375157e+01 1.105108690721358193e-02
3.003148440777084716e+01 1.080319673296598407e-02
3.028303386126418673e+01 1.056702100219831901e-02
3.053456493440382857e+01 1.032427721392856386e-02
3.078585183944906944e+01 1.015269744033302397e-02
3.103757946070165730e+01 9.930578634275353395e-03
3.128931656795834826e+01 9.695610783869889476e-03
3.154125974608096428e+01 9.478255691305947916e-03
3.179158626791808828e+01 9.269101765906829354e-03
3.204196438636942190e+01 9.089950707724548523e-03
3.229344668057169798e+01 8.894281321534254492e-03
3.254489998018084407e+01 8.751791424407531772e-03
3.279660140319880668e+01 8.634461485186702839e-03
3.304772754686901237e+01 8.362014258528673374e-03
3.329949953441923327e+01 8.260145603192015420e-03
3.355173249539067371e+01 8.058954368856252951e-03
3.380235474142784824e+01 7.859123609926969151e-03
3.405292218889088218e+01 7.680004663764203147e-03
3.430455901572810262e+01 7.569658957680458315e-03
3.455605119154291316e+01 7.392408387130607571e-03
3.480708698418615654e+01 7.304003466528581276e-03
3.505823042281740243e+01 7.153331398770106098e-03
3.530983122122644602e+01 7.019767543238091337e-03
3.556111974160763367e+01 6.887096759358784723e-03
3.581195885960364933e+01 6.721359434329773203e-03
3.606348577968052638e+01 6.666204415302977998e-03
3.631495136683125935e+01 6.480136365669048049e-03
3.656646781331610185e+01 6.368360305464405499e-03
3.681800948534306173e+01 6.232621332115685468e-03
3.706942350460822411e+01 6.120223061360002305e-03
3.732119977997001570e+01 6.030351363235640985e-03
3.757249197135423202e+01 5.909774420177852164e-03
3.782324055213251057e+01 5.807540865551017936e-03
3.807430609684078604e+01 5.693081956116075211e-03
3.832526519371521090e+01 5.579235443954761071e-03
3.857704530181875668e+01 5.515897207040263914e-03
3.882896255048217427e+01 5.386927612023427285e-03
3.907976684424035341e+01 5.345951822762685067e-03
3.933085588900704010e+01 5.256185917675906642e-03
3.958184533965361140e+01 5.140434355450254449e-03
3.983320492881626507e+01 5.067968320743647739e-03
4.008506787586624398e+01 4.958700944126613608e-03
4.033569471078550350e+01 4.864839645333421392e-03
4.058701345074587863e+01 4.816887656218415276e-03
4.083916815834436420e+01 4.713756424761930859e-03
4.108978611092747713e+01 4.618242264589498582e-03
4.134119394692694271e+01 4.568689121254162003e-03
4.159372926482761557e+01 4.470043539124061299e-03
4.184480996230068683e+01 4.406360945792752067e-03
4.209495048714620680e+01 4.325430432136685710e-03
4.234568601474854432e+01 4.278399180195092792e-03
4.259794184898333214e+01 4.191833869312127335e-03
4.284922176444433717e+01 4.137091243986671871e-03
4.309982534096671003e+01 4.081454653855920781e-03
4.335153475414617930e+01 3.984156429269808050e-03
4.360374984514007224e+01 3.924027847502462377e-03
4.385432838732079830e+01 3.870469133959997688e-03
4.410529766549178277e+01 3.827889836925521191e-03
4.435675536456894008e+01 3.790512479337113626e-03
4.460756668584335927e+01 3.691176692387644620e-03
4.485812369927145937e+01 3.680325644491821372e-03
4.510933196139897206e+01 3.555305565987708447e-03
4.536097672816924131e+01 3.527060036699312690e-03
4.561261869099184452e+01 3.530123970301292467e-03
4.586346064304911607e+01 3.445663552909766000e-03
4.611435299895526185e+01 3.359186645785831177e-03
4.636610302009028572e+01 3.328966397357165010e-03
4.661726081402038346e+01 3.243516436145004334e-03
4.686748045926628237e+01 3.254935653177708568e-03
4.712001000143001761e+01 3.187395496858921613e-03
4.737334269293729960e+01 3.151505017160729193e-03
4.762357272554871912e+01 3.121779871362008029e-03
4.787295862859781437e+01 3.053434326730264207e-03
4.812686710231834297e+01 2.983942815459169218e-03
4.837988354528783930e+01 2.951993526714992346e-03
4.862698975964909209e+01 2.898985225492542363e-03
4.887931961662670233e+01 2.925194069711150799e-03
4.913512531690142282e+01 2.817891528890761801e-03
4.938486646957150583e+01 2.781430606963358580e-03
4.963073103205424985e+01 2.688726541723324408e-03
4.988316058859187763e+01 2.728596498742484611e-03
5.013927392651110893e+01 2.646675692903509552e-03
5.038898445289544270e+01 2.671431742134124272e-03
5.063791314200675941e+01 2.544973059299068547e-03
5.089234515763529032e+01 2.592288284338065563e-03
5.114529266359630810e+01 2.568536435226315227e-03
5.138952878242714206e+01 2.562583883291094135e-03
5.163945178601188246e+01 2.523659828485574127e-03
5.190206698624180603e+01 2.528039856371747541e-03
5.215590084722179398e+01 2.372206507365661604e-03
5.238680673191466042e+01 2.407024637111443259e-03
5.263532591009818873e+01 2.313888598984931589e-03
5.290823119436031874e+01 2.297887578877127850e-03
5.316882575050344428e+01 2.261466858624575256e-03
5.338513341050097694e+01 2.342633505677922494e-03
5.363212510227822349e+01 2.213024719620281834e-03
5.391615723351310407e+01 2.195700517460208879e-03
5.419187693011466678e+01 2.146510176913407879e-03
5.439722241285236493e+01 2.210246262357216159e-03
5.462806064877949552e+01 2.198151263423351025e-03
5.491241494336609463e+01 1.972710758960951726e-03
5.519421446932921782e+01 2.300218595752154347e-03
5.543046826972861396e+01 1.388271048947992093e-03
5.561137265256709128e+01 8.710870211527914223e-04
