3.559856489878782115e-01 4.243880568166466674e+02
6.031648866026231293e-01 1.789175605360932195e+02
8.579160745827347778e-01 9.194580199460366998e+01
1.113464310595710716e+00 5.125812879345829032e+01
1.374039914321364408e+00 2.986250653196621840e+01
1.619154704570298309e+00 2.053904158097587285e+01
1.870686673430271840e+00 1.477958940820047218e+01
2.123290040706380832e+00 1.170799635002488692e+01
2.378144976376236119e+00 7.906214567979898078e+00
2.630489925835516996e+00 6.077863497313085617e+00
2.878653162679494670e+00 4.970130022943109793e+00
3.131144366275339319e+00 3.968767170908740205e+00
3.388159578333816313e+00 3.297215805398623356e+00
3.638741848210948149e+00 2.657534217125767650e+00
3.888315910732085268e+00 2.472755532671511602e+00
4.139052155837465996e+00 1.958195112364051971e+00
4.390305777018236988e+00 1.624456273887868285e+00
4.642172339120373081e+00 1.472392673534437257e+00
4.894678666149941293e+00 1.286907750685870155e+00
5.147269052361176378e+00 1.101229614867394790e+00
5.398003206656323272e+00 9.947107576664424577e-01
5.647798235368590269e+00 8.919581138982614066e-01
5.900534302989873581e+00 8.197893042121727758e-01
6.151460297009074374e+00 7.193470762554804443e-01
6.402630176204441526e+00 6.502685814393539543e-01
6.655964674748322096e+00 5.835681727305159772e-01
6.908782583105771202e+00 5.251881476325040987e-01
7.159060853508338873e+00 4.888267292783264328e-01
7.409414762591408632e+00 4.520797429359257880e-01
7.659227149364629561e+00 4.059667501054212702e-01
7.911559474606142395e+00 3.724847385614186157e-01
8.163750941790897997e+00 3.424160887625850025e-01
8.415757210439384295e+00 3.171491837681844062e-01
8.667638839289207198e+00 2.911857535646285577e-01
8.918801124864609520e+00 2.767827389602842691e-01
9.170480108345369530e+00 2.541694414788169265e-01
9.420566033467249412e+00 2.378951405219871529e-01
9.671642335271435797e+00 2.203624281290054443e-01
9.923426157758477473e+00 2.053456329570933214e-01
1.017396902749181820e+01 1.952144187445044865e-01
1.042533700753922155e+01 1.829885649111166190e-01
1.067702948358784276e+01 1.694937577919857219e-01
1.092969337256462303e+01 1.588103713358490765e-01
1.118211872033766419e+01 1.508321194375152330e-01
1.143346516925797296e+01 1.425400933697144878e-01
1.168350508557724687e+01 1.347697104774234211e-01
1.193379937775929100e+01 1.261382655834757394e-01
1.218553055762879112e+01 1.215061946902336737e-01
1.243711650801278878e+01 1.151365216169135952e-01
1.268867268647359303e+01 1.086405670614310759e-01
1.294075027177769144e+01 1.026004813681811040e-01
1.319267287020158363e+01 9.676484641566478195e-02
1.344470571782862756e+01 9.292633479601251911e-02
1.369480150283709641e+01 8.801818552897505699e-02
1.394591277066507828e+01 8.356034051355171188e-02
1.419764645764527167e+01 8.096415043452806493e-02
1.444766774168416212e+01 7.709828249606426320e-02
1.469906835825429070e+01 7.357132847703340417e-02
1.495059118111036511e+01 6.981532633158890611e-02
1.520261612590052991e+01 6.714972584354611529e-02
1.545415944503929495e+01 6.457073379551914183e-02
1.570456072545780124e+01 6.175800599620289572e-02
1.595705800128773966e+01 5.899902273615905551e-02
1.620829297830731619e+01 5.608848689112472946e-02
1.645966591028190962e+01 5.345502988447770748e-02
1.671125708846596325e+01 5.246692415649625157e-02
1.696160259490052624e+01 5.079557712091384986e-02
1.721370276108077135e+01 4.852416833430181486e-02
1.746543424102250341e+01 4.658953699180081592e-02
1.771598473288305442e+01 4.470891310981325861e-02
1.796653767411944003e+01 4.312868014411638806e-02
1.821765658501893270e+01 4.162245994316120246e-02
1.847053788120423334e+01 3.979178962438988804e-02
1.872257696809484173e+01 3.868806328965841701e-02
1.897394097105746269e+01 3.759085203824789889e-02
1.922542454726159988e+01 3.596220676573392422e-02
1.947607703355479103e+01 3.496507218597867672e-02
1.972678839839982601e+01 3.335221859511796477e-02
1.997802698857814363e+01 3.262124098303097880e-02
2.022863620534168660e+01 3.126174600015022703e-02
2.047969598507238231e+01 3.046281487679185565e-02
2.073250439107362553e+01 2.924557519722968679e-02
2.098435855211640089e+01 2.866735243015798920e-02
2.123502923393334640e+01 2.769121635107200594e-02
2.148629411178690773e+01 2.654428096605779622e-02
2.173831825513516591e+01 2.563775566366909356e-02
2.198972260956887226e+01 2.514654541156754672e-02
2.223974971000711420e+01 2.449554841725858426e-02
2.249141870643862973e+01 2.359620854426335013e-02
2.274404614890906373e+01 2.297685752627364256e-02
2.299521835768831579e+01 2.231780744550972834e-02
2.324620084136223852e+01 2.168592307176594666e-02
2.349757798664387209e+01 2.108352322557017697e-02
2.374870488118759937e+01 2.046926231200424384e-02
2.399988781917473091e+01 1.984488718059972817e-02
2.425071646049711305e+01 1.923905733193990650e-02
2.450187830577813841e+01 1.866657924160027016e-02
2.475391093216606109e+01 1.827160293231622906e-02
2.500524226975159792e+01 1.769839148683727270e-02
2.525610980153284402e+01 1.733434117821177831e-02
2.550801425092822328e+01 1.684848810327577162e-02
2.575943113325822864e+01 1.642477982944787543e-02
2.601074166866445125e+01 1.603494813783598594e-02
2.626234447079615464e+01 1.558150464258766660e-02
2.651347712943701751e+01 1.518012336616630757e-02
2.676474177984877656e+01 1.474472561905318217e-02
2.701628079430242479e+01 1.440053335983493624e-02
2.726734205837282232e+01 1.404711985792210342e-02
2.751837013544679422e+01 1.374067775600008000e-02
2.776937726815812724e+01 1.334466546170260705e-02
2.802070160973895341e+01 1.306592945911624025e-02
2.827249982643487058e+01 1.273125386681712642e-02
2.852407603869968966e+01 1.245342611775656673e-02
2.877567300468570721e+01 1.219675206727020671e-02
2.902733523039245256e+01 1.188420655390302373e-02
2.927861073083739996e+01 1.158949333760558170e-02
2.953003196193969160e+01 1.136260693616695898e-02
2.978106336846375157e+01 1.111832671034690065e-02
3.003148440777084716e+01 1.088589588039534130e-02
3.028303386126418673e+01 1.057692038753669725e-02
3.053456493440382857e+01 1.043450211457226835e-02
3.078585183944906944e+01 1.013378832163212492e-02
3.103757946070165730e+01 9.912056675029388975e-03
3.128931656795834826e+01 9.674256194452734298e-03
3.154125974608096428e+01 9.464200609434423803e-03
3.179158626791808828e+01 9.288732115565787040e-03
3.204196438636942190e+01 9.129394229673199607e-03
3.229344668057169798e+01 8.924445444033313191e-03
3.254489998018084407e+01 8.709686532270777271e-03
3.279660140319880668e+01 8.486117740736428411e-03
3.304772754686901237e+01 8.366341799902228885e-03
3.329949953441923327e+01 8.234665718748897592e-03
3.355173249539067371e+01 8.068576041913980146e-03
3.380235474142784824e+01 7.854550560726479211e-03
3.405292218889088218e+01 7.723196775619823456e-03
3.430455901572810262e+01 7.551498093876455459e-03
3.455605119154291316e+01 7.421668884159805454e-03
3.480708698418615654e+01 7.296350765364748199e-03
3.505823042281740243e+01 7.120806708774567173e-03
3.530983122122644602e+01 7.007659511983954648e-03
3.556111974160763367e+01 6.851846411131603566e-03
3.581195885960364933e+01 6.734907961537955207e-03
3.606348577968052638e+01 6.588106096706695426e-03
3.631495136683125935e+01 6.493334675035786728e-03
3.656646781331610185e+01 6.337777338188849488e-03
3.681800948534306173e+01 6.259184789553718514e-03
3.706942350460822411e+01 6.150370755232580956e-03
3.732119977997001570e+01 6.024400808957140058e-03
3.757249197135423202e+01 5.916071419900563282e-03
3.782324055213251057e+01 5.805851152253788464e-03
3.807430609684078604e+01 5.712407920270562087e-03
3.832526519371521090e+01 5.599774297032624262e-03
3.857704530181875668e+01 5.471525253342519358e-03
3.882896255048217427e+01 5.380796776667915067e-03
3.907976684424035341e+01 5.313111163911444015e-03
3.933085588900704010e+01 5.236549862211097722e-03
3.958184533965361140e+01 5.158599842694721986e-03
3.983320492881626507e+01 5.031307392903472397e-03
4.008506787586624398e+01 4.940422231417947174e-03
4.033569471078550350e+01 4.883155561621904499e-03
4.058701345074587863e+01 4.793629272110201331e-03
4.083916815834436420e+01 4.709004464600495370e-03
4.108978611092747713e+01 4.662323260870228532e-03
4.134119394692694271e+01 4.564441300915834596e-03
4.159372926482761557e+01 4.507080683552057085e-03
4.184480996230068683e+01 4.397412227908233801e-03
4.209495048714620680e+01 4.336559457437850866e-03
4.234568601474854432e+01 4.255724034187032337e-03
4.259794184898333214e+01 4.207783759450833480e-03
4.284922176444433717e+01 4.120199967679642750e-03
4.309982534096671003e+01 4.052549615370645841e-03
4.335153475414617930e+01 4.009683779941283430e-03
4.360374984514007224e+01 3.942689368083932347e-03
4.385432838732079830e+01 3.895969796108103914e-03
4.410529766549178277e+01 3.799599708142631198e-03
4.435675536456894008e+01 3.796950286153811041e-03
4.460756668584335927e+01 3.699749545141824050e-03
4.485812369927145937e+01 3.640562131942046229e-03
4.510933196139897206e+01 3.600622433471300891e-03
4.536097672816924131e+01 3.523228720786635449e-03
4.561261869099184452e+01 3.478322355085620033e-03
4.586346064304911607e+01 3.420550783372702276e-03
4.611435299895526185e+01 3.405111616927204796e-03
4.636610302009028572e+01 3.332917063319294597e-03
4.661726081402038346e+01 3.234731403525174451e-03
4.686748045926628237e+01 3.182492259086406716e-03
4.712001000143001761e+01 3.198909755320266616e-03
4.737334269293729960e+01 3.167390317682127528e-03
4.762357272554871912e+01 3.082517969144516704e-03
4.787295862859781437e+01 3.040969066477560573e-03
4.812686710231834297e+01 3.006861688876647561e-03
4.837988354528783930e+01 2.961648238521972891e-03
4.862698975964909209e+01 2.912373798709390511e-03
4.887931961662670233e+01 2.863812340989571950e-03
4.913512531690142282e+01 2.850888100271785873e-03
4.938486646957150583e+01 2.823507995117859916e-03
4.963073103205424985e+01 2.763774736806240678e-03
4.988316058859187763e+01 2.751201356756116830e-03
5.013927392651110893e+01 2.749306728456453984e-03
5.038898445289544270e+01 2.653664735422697155e-03
5.063791314200675941e+01 2.536724777381432414e-03
5.089234515763529032e+01 2.576056748606636061e-03
5.114529266359630810e+01 2.585456033991521702e-03
5.138952878242714206e+01 2.399886426283471576e-03
5.163945178601188246e+01 2.499250896081614895e-03
5.190206698624180603e+01 2.547067981272415401e-03
5.215590084722179398e+01 2.448741625220639956e-03
5.238680673191466042e+01 2.351347898920207093e-03
5.263532591009818873e+01 2.345830882648219408e-03
5.290823119436031874e+01 2.267492501305974455e-03
5.316882575050344428e+01 2.375164109981899377e-03
5.338513341050097694e+01 2.319985268874234178e-03
5.363212510227822349e+01 2.423738817725442848e-03
5.391615723351310407e+01 2.205166818480618508e-03
5.419187693011466678e+01 2.181270266200323413e-03
5.439722241285236493e+01 1.994114774713539803e-03
5.462806064877949552e+01 1.903075582068399288e-03
5.491241494336609463e+01 2.314409264639934009e-03
5.519421446932921782e+01 2.870516656858808704e-03
5.543046826972861396e+01 1.122059516322993812e-03
5.561137265256709128e+01 2.581135952450146556e-03
