3.559856489878782115e-01 4.161229855185924862e+02
6.031648866026231293e-01 1.933026942687050678e+02
8.579160745827347778e-01 7.343496084277276736e+01
1.113464310595710716e+00 5.552075589650007004e+01
1.374039914321364408e+00 3.273321267359560949e+01
1.619154704570298309e+00 2.235844741819517267e+01
1.870686673430271840e+00 1.371723253530058351e+01
2.123290040706380832e+00 1.081726030016283069e+01
2.378144976376236119e+00 7.667242745609073040e+00
2.630489925835516996e+00 6.218603252428366090e+00
2.878653162679494670e+00 4.944885293279186911e+00
3.131144366275339319e+00 3.953705829020990770e+00
3.388159578333816313e+00 3.176902528736562203e+00
3.638741848210948149e+00 2.829627883348014628e+00
3.888315910732085268e+00 2.192059830298735523e+00
4.139052155837465996e+00 1.933012676945283559e+00
4.390305777018236988e+00 1.708148288034017082e+00
4.642172339120373081e+00 1.495736090805617202e+00
4.894678666149941293e+00 1.279841254752913882e+00
5.147269052361176378e+00 1.139546860771894821e+00
5.398003206656323272e+00 1.008285772416501302e+00
5.647798235368590269e+00 9.107646434818975623e-01
5.900534302989873581e+00 7.689832435873230621e-01
6.151460297009074374e+00 7.215916770704834393e-01
6.402630176204441526e+00 6.519558068331444689e-01
6.655964674748322096e+00 5.917089949455914821e-01
6.908782583105771202e+00 5.256323536611988700e-01
7.159060853508338873e+00 4.871831204788288350e-01
7.409414762591408632e+00 4.421058696202820326e-01
7.659227149364629561e+00 3.989880311057043549e-01
7.911559474606142395e+00 3.747103335398161428e-01
8.163750941790897997e+00 3.436486795471492828e-01
8.415757210439384295e+00 3.129729095661337723e-01
8.667638839289207198e+00 2.928535333479994618e-01
8.918801124864609520e+00 2.778085649045901051e-01
9.170480108345369530e+00 2.578953884570102106e-01
9.420566033467249412e+00 2.377428643355332105e-01
9.671642335271435797e+00 2.213756213539806728e-01
9.923426157758477473e+00 2.071813143615466035e-01
1.017396902749181820e+01 1.934476157004864638e-01
1.042533700753922155e+01 1.818401371017828450e-01
1.067702948358784276e+01 1.677994778222749173e-01
1.092969337256462303e+01 1.583285966176057602e-01
1.118211872033766419e+01 1.499792134784737607e-01
1.143346516925797296e+01 1.438891502588690308e-01
1.168350508557724687e+01 1.353969817598242031e-01
1.193379937775929100e+01 1.286219151211073219e-01
1.218553055762879112e+01 1.201732742957280914e-01
1.243711650801278878e+01 1.138440454789120260e-01
1.268867268647359303e+01 1.094316758271501600e-01
1.294075027177769144e+01 1.026123550429874492e-01
1.319267287020158363e+01 9.819134151891271978e-02
1.344470571782862756e+01 9.146743335245874351e-02
1.369480150283709641e+01 8.811672708047674218e-02
1.394591277066507828e+01 8.406056726198583851e-02
1.419764645764527167e+01 8.067580869878929195e-02
1.444766774168416212e+01 7.736088035832199006e-02
1.469906835825429070e+01 7.459294962734359935e-02
1.495059118111036511e+01 7.042730198980266809e-02
1.520261612590052991e+01 6.775648089696620358e-02
1.545415944503929495e+01 6.429331118953646174e-02
1.570456072545780124e+01 6.240919108285901407e-02
1.595705800128773966e+01 5.973109695306926675e-02
1.620829297830731619e+01 5.677808904574729171e-02
1.645966591028190962e+01 5.441342636184121062e-02
1.671125708846596325e+01 5.171318703554456803e-02
1.696160259490052624e+01 4.998096103559764719e-02
1.721370276108077135e+01 4.831315771495174605e-02
1.746543424102250341e+01 4.651677585203718712e-02
1.771598473288305442e+01 4.501463620869590454e-02
1.796653767411944003e+01 4.348841244736476042e-02
1.821765658501893270e+01 4.144275324359484453e-02
1.847053788120423334e+01 3.991780539953670992e-02
1.872257696809484173e+01 3.882577479380389801e-02
1.897394097105746269e+01 3.694801281424896916e-02
1.922542454726159988e+01 3.610296458237471223e-02
1.947607703355479103e+01 3.463225508781722639e-02
1.972678839839982601e+01 3.368202694935090030e-02
1.997802698857814363e+01 3.257113297963597220e-02
2.022863620534168660e+01 3.130565678491298298e-02
2.047969598507238231e+01 3.013675945400036763e-02
2.073250439107362553e+01 2.943625591852510465e-02
2.098435855211640089e+01 2.841011036327435041e-02
2.123502923393334640e+01 2.767790642273186552e-02
2.148629411178690773e+01 2.676828051036730938e-02
2.173831825513516591e+01 2.570344846447156217e-02
2.198972260956887226e+01 2.505379944409728485e-02
2.223974971000711420e+01 2.428342570172827009e-02
2.249141870643862973e+01 2.361539879392729468e-02
2.274404614890906373e+01 2.283744134758602592e-02
2.299521835768831579e+01 2.207541262435961521e-02
2.324620084136223852e+01 2.156682948429569299e-02
2.349757798664387209e+01 2.115888285104080072e-02
2.374870488118759937e+01 2.044308189380874066e-02
2.399988781917473091e+01 1.990858911301272502e-02
2.425071646049711305e+01 1.919328000089890948e-02
2.450187830577813841e+01 1.880244701840494762e-02
2.475391093216606109e+01 1.819787552936010661e-02
2.500524226975159792e+01 1.768656382660569251e-02
2.525610980153284402e+01 1.728301944725349829e-02
2.550801425092822328e+01 1.690760078492865165e-02
2.575943113325822864e+01 1.645799964424100523e-02
2.601074166866445125e+01 1.609940622475616173e-02
2.626234447079615464e+01 1.557923518850886160e-02
2.651347712943701751e+01 1.527249226453828053e-02
2.676474177984877656e+01 1.482512956154840612e-02
2.701628079430242479e+01 1.449786102055004161e-02
2.726734205837282232e+01 1.414472649097597845e-02
2.751837013544679422e+01 1.383689402888927354e-02
2.776937726815812724e+01 1.339081637945560739e-02
2.802070160973895341e+01 1.309640992252571884e-02
2.827249982643487058e+01 1.278703772318722474e-02
2.852407603869968966e+01 1.246489676382144494e-02
2.877567300468570721e+01 1.212853190589781305e-02
2.902733523039245256e+01 1.189633059014020763e-02
2.927861073083739996e+01 1.159119605973380103e-02
2.953003196193969160e+01 1.138536514895138567e-02
2.978106336846375157e+01 1.106275997043496342e-02
3.003148440777084716e+01 1.082353562352610966e-02
3.028303386126418673e+01 1.061080443644254849e-02
3.053456493440382857e+01 1.038135200375016852e-02
3.078585183944906944e+01 1.014822194746741596e-02
3.103757946070165730e+01 9.927971642572763072e-03
3.128931656795834826e+01 9.677647794705646067e-03
3.154125974608096428e+01 9.513313850886389797e-03
3.179158626791808828e+01 9.309660868993353822e-03
3.204196438636942190e+01 9.119214354217418037e-03
3.229344668057169798e+01 8.918314903998398810e-03
3.254489998018084407e+01 8.708054258721103363e-03
3.279660140319880668e+01 8.575616150146070371e-03
3.304772754686901237e+01 8.365824196725943698e-03
3.329949953441923327e+01 8.187241655525995948e-03
3.355173249539067371e+01 8.009706419383085668e-03
3.380235474142784824e+01 7.878843205133195110e-03
3.405292218889088218e+01 7.756810378028283423e-03
3.430455901572810262e+01 7.532223424707202783e-03
3.455605119154291316e+01 7.421118733908521614e-03
3.480708698418615654e+01 7.287574755905855926e-03
3.505823042281740243e+01 7.097866477074060362e-03
3.530983122122644602e+01 6.970897020595686819e-03
3.556111974160763367e+01 6.883265649715026094e-03
3.581195885960364933e+01 6.721903594930985111e-03
3.606348577968052638e+01 6.604032548981318869e-03
3.631495136683125935e+01 6.482492870231656122e-03
3.656646781331610185e+01 6.358300593470303172e-03
3.681800948534306173e+01 6.264646131639936381e-03
3.706942350460822411e+01 6.131299862285547429e-03
3.732119977997001570e+01 6.009590656772425057e-03
3.757249197135423202e+01 5.914711171143068047e-03
3.782324055213251057e+01 5.811609019604403736e-03
3.807430609684078604e+01 5.689248055005453365e-03
3.832526519371521090e+01 5.592959631790558016e-03
3.857704530181875668e+01 5.519586790599304710e-03
3.882896255048217427e+01 5.375933564402804281e-03
3.907976684424035341e+01 5.314090037947753926e-03
3.933085588900704010e+01 5.193155766497320990e-03
3.958184533965361140e+01 5.139456680270061348e-03
3.983320492881626507e+01 5.028351527872718975e-03
4.008506787586624398e+01 4.915567901608900413e-03
4.033569471078550350e+01 4.862679295941015577e-03
4.058701345074587863e+01 4.787258701775807569e-03
4.083916815834436420e+01 4.675295134358345948e-03
4.108978611092747713e+01 4.646159871758655246e-03
4.134119394692694271e+01 4.549749342585784027e-03
4.159372926482761557e+01 4.521607095129283327e-03
4.184480996230068683e+01 4.421660219909625232e-03
4.209495048714620680e+01 4.362634038771161411e-03
4.234568601474854432e+01 4.271440602609742100e-03
4.259794184898333214e+01 4.227598672012691967e-03
4.284922176444433717e+01 4.108484267736180369e-03
4.309982534096671003e+01 4.083933401707175864e-03
4.335153475414617930e+01 4.018804023919486136e-03
4.360374984514007224e+01 3.908601561400141047e-03
4.385432838732079830e+01 3.929117007408751763e-03
4.410529766549178277e+01 3.781144670909825263e-03
4.435675536456894008e+01 3.761604289179893996e-03
4.460756668584335927e+01 3.685719097109129393e-03
4.485812369927145937e+01 3.654558923983943202e-03
4.510933196139897206e+01 3.596707355884497855e-03
4.536097672816924131e+01 3.515686691051545919e-03
4.561261869099184452e+01 3.508308194961833049e-03
4.586346064304911607e+01 3.401904946752877350e-03
4.611435299895526185e+01 3.434116082883469697e-03
4.636610302009028572e+01 3.349920727317491544e-03
4.661726081402038346e+01 3.261343091494634666e-03
4.686748045926628237e+01 3.227990182653352538e-03
4.712001000143001761e+01 3.217104139612419859e-03
4.737334269293729960e+01 3.118831370533663942e-03
4.762357272554871912e+01 3.076382913085567560e-03
4.787295862859781437e+01 3.007401953688294393e-03
4.812686710231834297e+01 3.032599162904938642e-03
4.837988354528783930e+01 3.031568957590869990e-03
4.862698975964909209e+01 2.964546865726662862e-03
4.887931961662670233e+01 2.854415796179925278e-03
4.913512531690142282e+01 2.879257572991912682e-03
4.938486646957150583e+01 2.805777871644555329e-03
4.963073103205424985e+01 2.771963458867411634e-03
4.988316058859187763e+01 2.745312442832555100e-03
5.013927392651110893e+01 2.712981850938433592e-03
5.038898445289544270e+01 2.648382224866612216e-03
5.063791314200675941e+01 2.657582855831880104e-03
5.089234515763529032e+01 2.474960394091285220e-03
5.114529266359630810e+01 2.443156817528739297e-03
5.138952878242714206e+01 2.561615854315944102e-03
5.163945178601188246e+01 2.491251617699844715e-03
5.190206698624180603e+01 2.515458640666315068e-03
5.215590084722179398e+01 2.459260773774030098e-03
5.238680673191466042e+01 2.381569874194878426e-03
5.263532591009818873e+01 2.437386457890332141e-03
5.290823119436031874e+01 2.234910555423202331e-03
5.316882575050344428e+01 2.232147873950028096e-03
5.338513341050097694e+01 2.166278447061726828e-03
5.363212510227822349e+01 2.204647651907188938e-03
5.391615723351310407e+01 2.070616935612361407e-03
5.419187693011466678e+01 2.061031913960257797e-03
5.439722241285236493e+01 2.452128021729612500e-03
5.462806064877949552e+01 2.171728416742669827e-03
5.491241494336609463e+01 2.471497911907703012e-03
5.519421446932921782e+01 2.284379813516812085e-03
5.543046826972861396e+01 1.870754697970899256e-03
5.561137265256709128e+01 1.110787204324353893e-03
