3.559856489878782115e-01 7.240501148267244389e+02
6.031648866026231293e-01 1.938219613868944009e+02
8.579160745827347778e-01 8.593518831549540948e+01
1.113464310595710716e+00 5.380680656018970609e+01
1.374039914321364408e+00 3.461366350735724495e+01
1.619154704570298309e+00 2.086132958390393455e+01
1.870686673430271840e+00 1.530745616840646228e+01
2.123290040706380832e+00 1.040528645477665926e+01
2.378144976376236119e+00 8.160989452860215820e+00
2.630489925835516996e+00 6.124759323012540335e+00
2.878653162679494670e+00 4.928323571554883209e+00
3.131144366275339319e+00 3.956630303013964234e+00
3.388159578333816313e+00 3.436035828639668832e+00
3.638741848210948149e+00 2.791070093052375523e+00
3.888315910732085268e+00 2.299673206529787350e+00
4.139052155837465996e+00 2.018114236806530570e+00
4.390305777018236988e+00 1.644382853324489968e+00
4.642172339120373081e+00 1.411100046928770002e+00
4.894678666149941293e+00 1.267645729108678898e+00
5.147269052361176378e+00 1.146295159844942235e+00
5.398003206656323272e+00 1.013810833613665974e+00
5.647798235368590269e+00 8.801937073523513622e-01
5.900534302989873581e+00 7.944803038413262852e-01
6.151460297009074374e+00 7.001594615559501023e-01
6.402630176204441526e+00 6.522194214871416262e-01
6.655964674748322096e+00 5.953439279008899687e-01
6.908782583105771202e+00 5.440085386237244469e-01
7.159060853508338873e+00 4.904386771586449201e-01
7.409414762591408632e+00 4.464677256151041718e-01
7.659227149364629561e+00 4.090520442203975926e-01
7.911559474606142395e+00 3.799238916275654576e-01
8.163750941790897997e+00 3.518526280525789973e-01
8.415757210439384295e+00 3.185371920297605519e-01
8.667638839289207198e+00 2.969847928047170682e-01
8.918801124864609520e+00 2.776096844539628350e-01
9.170480108345369530e+00 2.541272411666944397e-01
9.420566033467249412e+00 2.332217992575022769e-01
9.671642335271435797e+00 2.206410261107865645e-01
9.923426157758477473e+00 2.120910103188368701e-01
1.017396902749181820e+01 1.952046189535993903e-01
1.042533700753922155e+01 1.815946427817275444e-01
1.067702948358784276e+01 1.698037516801264302e-01
1.092969337256462303e+01 1.611165485265968478e-01
1.118211872033766419e+01 1.508070862688703495e-01
1.143346516925797296e+01 1.415092285957686158e-01
1.168350508557724687e+01 1.347609941851791449e-01
1.193379937775929100e+01 1.260892041703459698e-01
1.218553055762879112e+01 1.223601271088541331e-01
1.243711650801278878e+01 1.136651098588446207e-01
1.268867268647359303e+01 1.067318644926212451e-01
1.294075027177769144e+01 1.025508973116732031e-01
1.319267287020158363e+01 9.685682696203047615e-02
1.344470571782862756e+01 9.363264045237568167e-02
1.369480150283709641e+01 8.764905866752878416e-02
1.394591277066507828e+01 8.409529098258133883e-02
1.419764645764527167e+01 8.037182440194894084e-02
1.444766774168416212e+01 7.674436379527836694e-02
1.469906835825429070e+01 7.321310205069436750e-02
1.495059118111036511e+01 7.070976364998490804e-02
1.520261612590052991e+01 6.719928228241593693e-02
1.545415944503929495e+01 6.433185468867320955e-02
1.570456072545780124e+01 6.186952714790088653e-02
1.595705800128773966e+01 5.916038691227557683e-02
1.620829297830731619e+01 5.686105935132969996e-02
1.645966591028190962e+01 5.503570479660706283e-02
1.671125708846596325e+01 5.140351912051080441e-02
1.696160259490052624e+01 4.983651335816311617e-02
1.721370276108077135e+01 4.832140268969069979e-02
1.746543424102250341e+01 4.639248998840354160e-02
1.771598473288305442e+01 4.482888108907063379e-02
1.796653767411944003e+01 4.350989190368023674e-02
1.821765658501893270e+01 4.168107127653634947e-02
1.847053788120423334e+01 4.028872077847574229e-02
1.872257696809484173e+01 3.878689678409375646e-02
1.897394097105746269e+01 3.738400518939417883e-02
1.922542454726159988e+01 3.586223092696941284e-02
1.947607703355479103e+01 3.446207375710087090e-02
1.972678839839982601e+01 3.333458616138172681e-02
1.997802698857814363e+01 3.257446225532533574e-02
2.022863620534168660e+01 3.127666714731484193e-02
2.047969598507238231e+01 3.036188653398560339e-02
2.073250439107362553e+01 2.923449265289175189e-02
2.098435855211640089e+01 2.863823192983190255e-02
2.123502923393334640e+01 2.744066070316548284e-02
2.148629411178690773e+01 2.661983810063060438e-02
2.173831825513516591e+01 2.585631243045431044e-02
2.198972260956887226e+01 2.519194139356780576e-02
2.223974971000711420e+01 2.430774102528744998e-02
2.249141870643862973e+01 2.357958619172958320e-02
2.274404614890906373e+01 2.296447583824299393e-02
2.299521835768831579e+01 2.211259769291730459e-02
2.324620084136223852e+01 2.167527319102735550e-02
2.349757798664387209e+01 2.109506547031496024e-02
2.374870488118759937e+01 2.024656979351780600e-02
2.399988781917473091e+01 1.993748498078450754e-02
2.425071646049711305e+01 1.936429572785643149e-02
2.450187830577813841e+01 1.893693349153372299e-02
2.475391093216606109e+01 1.821274511158918474e-02
2.500524226975159792e+01 1.765158174552331968e-02
2.525610980153284402e+01 1.728803357170802940e-02
2.550801425092822328e+01 1.687588026471456212e-02
2.575943113325822864e+01 1.644275864965411005e-02
2.601074166866445125e+01 1.595494953684686856e-02
2.626234447079615464e+01 1.557825862324943231e-02
2.651347712943701751e+01 1.516805974414830831e-02
2.676474177984877656e+01 1.476389721895852124e-02
2.701628079430242479e+01 1.448444574038352563e-02
2.726734205837282232e+01 1.412734770710538310e-02
2.751837013544679422e+01 1.370779674468683949e-02
2.776937726815812724e+01 1.339344389795920666e-02
2.802070160973895341e+01 1.306782691747672073e-02
2.827249982643487058e+01 1.273332720625318208e-02
2.852407603869968966e+01 1.248697778307925749e-02
2.877567300468570721e+01 1.220344254319507410e-02
2.902733523039245256e+01 1.187139777968572799e-02
2.927861073083739996e+01 1.158677875216219261e-02
2.953003196193969160e+01 1.131982498573718895e-02
2.978106336846375157e+01 1.114914062454313778e-02
3.003148440777084716e+01 1.084629961394953379e-02
3.028303386126418673e+01 1.060699579311141783e-02
3.053456493440382857e+01 1.036476917305815398e-02
3.078585183944906944e+01 1.016159879389626729e-02
3.103757946070165730e+01 9.946495550825981691e-03
3.128931656795834826e+01 9.759803823215647614e-03
3.154125974608096428e+01 9.505454527877944468e-03
3.179158626791808828e+01 9.264776518302979269e-03
3.204196438636942190e+01 9.086742847514135343e-03
3.229344668057169798e+01 8.884617038224823515e-03
3.254489998018084407e+01 8.731034558154457045e-03
3.279660140319880668e+01 8.559458841859376305e-03
3.304772754686901237e+01 8.365330477541505286e-03
3.329949953441923327e+01 8.193590389553542797e-03
3.355173249539067371e+01 8.056069618634855919e-03
3.380235474142784824e+01 7.863457607438562036e-03
3.405292218889088218e+01 7.722749410548196240e-03
3.430455901572810262e+01 7.589255948549884952e-03
3.455605119154291316e+01 7.384076836065844862e-03
3.480708698418615654e+01 7.280505134236758477e-03
3.505823042281740243e+01 7.110296859226111592e-03
3.530983122122644602e+01 6.987586794307605424e-03
3.556111974160763367e+01 6.839220531273093248e-03
3.581195885960364933e+01 6.724791547424256895e-03
3.606348577968052638e+01 6.622214735954299637e-03
3.631495136683125935e+01 6.449950132176008287e-03
3.656646781331610185e+01 6.329949593023455508e-03
3.681800948534306173e+01 6.234342516155977690e-03
3.706942350460822411e+01 6.131438682236641652e-03
3.732119977997001570e+01 5.998153685788213535e-03
3.757249197135423202e+01 5.945561343595287887e-03
3.782324055213251057e+01 5.818216466440196549e-03
3.807430609684078604e+01 5.663102215428088282e-03
3.832526519371521090e+01 5.600245555609325264e-03
3.857704530181875668e+01 5.514173679914981772e-03
3.882896255048217427e+01 5.406191333225458806e-03
3.907976684424035341e+01 5.307473915318558846e-03
3.933085588900704010e+01 5.208523361305178977e-03
3.958184533965361140e+01 5.120865547277424386e-03
3.983320492881626507e+01 5.040718895737096930e-03
4.008506787586624398e+01 4.952447399057019646e-03
4.033569471078550350e+01 4.873742855127601893e-03
4.058701345074587863e+01 4.820292089645107636e-03
4.083916815834436420e+01 4.695297467496752433e-03
4.108978611092747713e+01 4.630999973099350457e-03
4.134119394692694271e+01 4.562541130118034222e-03
4.159372926482761557e+01 4.468168623470687197e-03
4.184480996230068683e+01 4.357290580659939176e-03
4.209495048714620680e+01 4.326723489558283002e-03
4.234568601474854432e+01 4.240592643122348404e-03
4.259794184898333214e+01 4.163158362935421436e-03
4.284922176444433717e+01 4.132662442716530590e-03
4.309982534096671003e+01 4.094354450395866138e-03
4.335153475414617930e+01 4.022774734576219959e-03
4.360374984514007224e+01 3.968897895600008094e-03
4.385432838732079830e+01 3.851583131605247536e-03
4.410529766549178277e+01 3.804858135050419570e-03
4.435675536456894008e+01 3.728274766867003664e-03
4.460756668584335927e+01 3.692282638263321391e-03
4.485812369927145937e+01 3.645936631373879622e-03
4.510933196139897206e+01 3.604631169432951678e-03
4.536097672816924131e+01 3.537027507364352667e-03
4.561261869099184452e+01 3.491634740658400033e-03
4.586346064304911607e+01 3.414390699408678329e-03
4.611435299895526185e+01 3.354831066169536823e-03
4.636610302009028572e+01 3.297210221206557917e-03
4.661726081402038346e+01 3.276218229706466100e-03
4.686748045926628237e+01 3.240663733326801157e-03
4.712001000143001761e+01 3.166200412344658075e-03
4.737334269293729960e+01 3.143129984027983378e-03
4.762357272554871912e+01 3.114089025073575601e-03
4.787295862859781437e+01 3.074665924196300082e-03
4.812686710231834297e+01 2.973937236878236925e-03
4.837988354528783930e+01 2.971930223665483501e-03
4.862698975964909209e+01 2.884408532724284588e-03
4.887931961662670233e+01 2.920359006005886736e-03
4.913512531690142282e+01 2.828885036168821577e-03
4.938486646957150583e+01 2.791096364321666440e-03
4.963073103205424985e+01 2.767280008413625699e-03
4.988316058859187763e+01 2.754225088522587166e-03
5.013927392651110893e+01 2.642753029924465973e-03
5.038898445289544270e+01 2.656551944209724347e-03
5.063791314200675941e+01 2.614488175760810735e-03
5.089234515763529032e+01 2.602821311570728807e-03
5.114529266359630810e+01 2.487633971223411535e-03
5.138952878242714206e+01 2.466089046538585787e-03
5.163945178601188246e+01 2.543297265632429166e-03
5.190206698624180603e+01 2.427509900927509682e-03
5.215590084722179398e+01 2.457849007346270091e-03
5.238680673191466042e+01 2.284874413549408800e-03
5.263532591009818873e+01 2.448283251620790926e-03
5.290823119436031874e+01 2.295257268864801282e-03
5.316882575050344428e+01 2.294284881541350501e-03
5.338513341050097694e+01 2.227679736262499523e-03
5.363212510227822349e+01 2.287108532046293677e-03
5.391615723351310407e+01 2.082638706037229920e-03
5.419187693011466678e+01 2.089791959484501964e-03
5.439722241285236493e+01 2.165686205785716592e-03
5.462806064877949552e+01 2.370020717153442126e-03
5.491241494336609463e+01 1.735825625182634913e-03
5.519421446932921782e+01 2.149779235429988538e-03
5.543046826972861396e+01 1.600253693042747371e-03
5.561137265256709128e+01 6.174044114550913519e-04
