3.559856489878782115e-01 7.779288406274990848e+02
6.031648866026231293e-01 2.863924864689806213e+02
8.579160745827347778e-01 8.741357234573779067e+01
1.113464310595710716e+00 5.129958817484816080e+01
1.374039914321364408e+00 2.685639941438547496e+01
1.619154704570298309e+00 2.139356711603414496e+01
1.870686673430271840e+00 1.379820321432719687e+01
2.123290040706380832e+00 1.000707663124932623e+01
2.378144976376236119e+00 7.721042760702482965e+00
2.630489925835516996e+00 6.185378142133160395e+00
2.878653162679494670e+00 5.248172695670187515e+00
3.131144366275339319e+00 4.057932010059241534e+00
3.388159578333816313e+00 3.352687815798390591e+00
3.638741848210948149e+00 2.710256383182007234e+00
3.888315910732085268e+00 2.307635778657844305e+00
4.139052155837465996e+00 1.953074017767411075e+00
4.390305777018236988e+00 1.755341302210569498e+00
4.642172339120373081e+00 1.457252128086909293e+00
4.894678666149941293e+00 1.296855537706814943e+00
5.147269052361176378e+00 1.146471747346208270e+00
5.398003206656323272e+00 9.888631959975464625e-01
5.647798235368590269e+00 8.890723955197227246e-01
5.900534302989873581e+00 7.961249028398387217e-01
6.151460297009074374e+00 7.188277273612454499e-01
6.402630176204441526e+00 6.427108907424282647e-01
6.655964674748322096e+00 5.808442633314743198e-01
6.908782583105771202e+00 5.323046983442097924e-01
7.159060853508338873e+00 4.763760790827069047e-01
7.409414762591408632e+00 4.464421896261291378e-01
7.659227149364629561e+00 4.009142570474529821e-01
7.911559474606142395e+00 3.711587374061671163e-01
8.163750941790897997e+00 3.422566116629728317e-01
8.415757210439384295e+00 3.198491737929694545e-01
8.667638839289207198e+00 2.893717994459138465e-01
8.918801124864609520e+00 2.751868210368093592e-01
9.170480108345369530e+00 2.555646461785086587e-01
9.420566033467249412e+00 2.420564577577470899e-01
9.671642335271435797e+00 2.214258067782156059e-01
9.923426157758477473e+00 2.067141865661904498e-01
1.017396902749181820e+01 1.934665315487424375e-01
1.042533700753922155e+01 1.803773287307172124e-01
1.067702948358784276e+01 1.711371033076075077e-01
1.092969337256462303e+01 1.587632619606234585e-01
1.118211872033766419e+01 1.526772278459186394e-01
1.143346516925797296e+01 1.424621747760520529e-01
1.168350508557724687e+01 1.347469195469473968e-01
1.193379937775929100e+01 1.271294213734383283e-01
1.218553055762879112e+01 1.194119805225022646e-01
1.243711650801278878e+01 1.145344061780481232e-01
1.268867268647359303e+01 1.085203537008443686e-01
1.294075027177769144e+01 1.032801992915748091e-01
1.319267287020158363e+01 9.707086071030207597e-02
1.344470571782862756e+01 9.308363945307203402e-02
1.369480150283709641e+01 8.792655860087433828e-02
1.394591277066507828e+01 8.506624595743819683e-02
1.419764645764527167e+01 8.077186188200466410e-02
1.444766774168416212e+01 7.731983585624556399e-02
1.469906835825429070e+01 7.349164393359969294e-02
1.495059118111036511e+01 7.041870247189727094e-02
1.520261612590052991e+01 6.756663843710743189e-02
1.545415944503929495e+01 6.420951660208237821e-02
1.570456072545780124e+01 6.141833990574097069e-02
1.595705800128773966e+01 5.910470950036526144e-02
1.620829297830731619e+01 5.687410434069088694e-02
1.645966591028190962e+01 5.398172169776729173e-02
1.671125708846596325e+01 5.235073689292089189e-02
1.696160259490052624e+01 4.965711041675192200e-02
1.721370276108077135e+01 4.835853467487402635e-02
1.746543424102250341e+01 4.653440074895485307e-02
1.771598473288305442e+01 4.548558253504603188e-02
1.796653767411944003e+01 4.265801063040089436e-02
1.821765658501893270e+01 4.147747741669575994e-02
1.847053788120423334e+01 3.981995390246572536e-02
1.872257696809484173e+01 3.879185230119745753e-02
1.897394097105746269e+01 3.709996236035865980e-02
1.922542454726159988e+01 3.601484955291878870e-02
1.947607703355479103e+01 3.484929833089246004e-02
1.972678839839982601e+01 3.363515999096820808e-02
1.997802698857814363e+01 3.245580769984759278e-02
2.022863620534168660e+01 3.163954542222935373e-02
2.047969598507238231e+01 3.038004180531486687e-02
2.073250439107362553e+01 2.935025711721608171e-02
2.098435855211640089e+01 2.820426537423036811e-02
2.123502923393334640e+01 2.759824295401475114e-02
2.148629411178690773e+01 2.666802637033490256e-02
2.173831825513516591e+01 2.608261575589456566e-02
2.198972260956887226e+01 2.521396526841043415e-02
2.223974971000711420e+01 2.439906076231684526e-02
2.249141870643862973e+01 2.367217179385549750e-02
2.274404614890906373e+01 2.298514924333431436e-02
2.299521835768831579e+01 2.212160921779295769e-02
2.324620084136223852e+01 2.174728765036533853e-02
2.349757798664387209e+01 2.109125400390983104e-02
2.374870488118759937e+01 2.018587479070501484e-02
2.399988781917473091e+01 1.990784676526365093e-02
2.425071646049711305e+01 1.916624068998571545e-02
2.450187830577813841e+01 1.870437630291060804e-02
2.475391093216606109e+01 1.833464481920229344e-02
2.500524226975159792e+01 1.769452618090688184e-02
2.525610980153284402e+01 1.728027550806952167e-02
2.550801425092822328e+01 1.684839738395012623e-02
2.575943113325822864e+01 1.626160328128465477e-02
2.601074166866445125e+01 1.587069020819392023e-02
2.626234447079615464e+01 1.553921788852179360e-02
2.651347712943701751e+01 1.519771372488265201e-02
2.676474177984877656e+01 1.482110964062808602e-02
2.701628079430242479e+01 1.438052570263146507e-02
2.726734205837282232e+01 1.405656029360021972e-02
2.751837013544679422e+01 1.369294514144658859e-02
2.776937726815812724e+01 1.339450549030965325e-02
2.802070160973895341e+01 1.308080274122764772e-02
2.827249982643487058e+01 1.273975230557218910e-02
2.852407603869968966e+01 1.246284789471454289e-02
2.877567300468570721e+01 1.217175719401267404e-02
2.902733523039245256e+01 1.187437730093351962e-02
2.927861073083739996e+01 1.155438929044438900e-02
2.953003196193969160e+01 1.134387690109735225e-02
2.978106336846375157e+01 1.108142480175428220e-02
3.003148440777084716e+01 1.083637948424201643e-02
3.028303386126418673e+01 1.062568657207123811e-02
3.053456493440382857e+01 1.039532482655563389e-02
3.078585183944906944e+01 1.011999232690157825e-02
3.103757946070165730e+01 9.917336952225288757e-03
3.128931656795834826e+01 9.782818774750783042e-03
3.154125974608096428e+01 9.553034643094822365e-03
3.179158626791808828e+01 9.345166777711511746e-03
3.204196438636942190e+01 9.113730542726362557e-03
3.229344668057169798e+01 8.915324862742048453e-03
3.254489998018084407e+01 8.695209919608612101e-03
3.279660140319880668e+01 8.542235099230931217e-03
3.304772754686901237e+01 8.377665406369963139e-03
3.329949953441923327e+01 8.202917726709169077e-03
3.355173249539067371e+01 8.001313003408668661e-03
3.380235474142784824e+01 7.897319874971825762e-03
3.405292218889088218e+01 7.698818537404366301e-03
3.430455901572810262e+01 7.554289293202691782e-03
3.455605119154291316e+01 7.425182414018498961e-03
3.480708698418615654e+01 7.286614883272717405e-03
3.505823042281740243e+01 7.121633806824794952e-03
3.530983122122644602e+01 6.962622156012996701e-03
3.556111974160763367e+01 6.854063508285912140e-03
3.581195885960364933e+01 6.729694841503410831e-03
3.606348577968052638e+01 6.603301148472243837e-03
3.631495136683125935e+01 6.490488343665255094e-03
3.656646781331610185e+01 6.330573914738351834e-03
3.681800948534306173e+01 6.264672080963260177e-03
3.706942350460822411e+01 6.142854184294900197e-03
3.732119977997001570e+01 6.025930796673416127e-03
3.757249197135423202e+01 5.960822700724201055e-03
3.782324055213251057e+01 5.841272093933736441e-03
3.807430609684078604e+01 5.677975593801219169e-03
3.832526519371521090e+01 5.581367960951111491e-03
3.857704530181875668e+01 5.551612402893794755e-03
3.882896255048217427e+01 5.400987620914387069e-03
3.907976684424035341e+01 5.353721689370109262e-03
3.933085588900704010e+01 5.197117703895820333e-03
3.958184533965361140e+01 5.119377407293644600e-03
3.983320492881626507e+01 5.039788240778616570e-03
4.008506787586624398e+01 4.946349770666113449e-03
4.033569471078550350e+01 4.879310603706004008e-03
4.058701345074587863e+01 4.790403060226362461e-03
4.083916815834436420e+01 4.690820752914079232e-03
4.108978611092747713e+01 4.606451073506384261e-03
4.134119394692694271e+01 4.571776047626377286e-03
4.159372926482761557e+01 4.487226088717642149e-03
4.184480996230068683e+01 4.418651801453856408e-03
4.209495048714620680e+01 4.323395068619671419e-03
4.234568601474854432e+01 4.305640291858974823e-03
4.259794184898333214e+01 4.204485674838189663e-03
4.284922176444433717e+01 4.142963606435537578e-03
4.309982534096671003e+01 4.049597948986615251e-03
4.335153475414617930e+01 3.993970311408748079e-03
4.360374984514007224e+01 3.932587931255486328e-03
4.385432838732079830e+01 3.882482381295970092e-03
4.410529766549178277e+01 3.845635605002652602e-03
4.435675536456894008e+01 3.783931771440641328e-03
4.460756668584335927e+01 3.682938206529071373e-03
4.485812369927145937e+01 3.613780518854216132e-03
4.510933196139897206e+01 3.618626971497385363e-03
4.536097672816924131e+01 3.498869333124588615e-03
4.561261869099184452e+01 3.510746182677462485e-03
4.586346064304911607e+01 3.416297728222759435e-03
4.611435299895526185e+01 3.374542261040026740e-03
4.636610302009028572e+01 3.307756035842704910e-03
4.661726081402038346e+01 3.288458654136718062e-03
4.686748045926628237e+01 3.206275633310294148e-03
4.712001000143001761e+01 3.186290245618985696e-03
4.737334269293729960e+01 3.126810121389632120e-03
4.762357272554871912e+01 3.115624565462764284e-03
4.787295862859781437e+01 3.113582756603031250e-03
4.812686710231834297e+01 3.025884893809517237e-03
4.837988354528783930e+01 2.935286430934906741e-03
4.862698975964909209e+01 2.940114031947205480e-03
4.887931961662670233e+01 2.843312699472663567e-03
4.913512531690142282e+01 2.871889861671660972e-03
4.938486646957150583e+01 2.817594067816623065e-03
4.963073103205424985e+01 2.753009405917173410e-03
4.988316058859187763e+01 2.759343854612815884e-03
5.013927392651110893e+01 2.719455592325740936e-03
5.038898445289544270e+01 2.689220757221958292e-03
5.063791314200675941e+01 2.651187695658509258e-03
5.089234515763529032e+01 2.578202678391215957e-03
5.114529266359630810e+01 2.541965489343620509e-03
5.138952878242714206e+01 2.448657204479843131e-03
5.163945178601188246e+01 2.449607136658604918e-03
5.190206698624180603e+01 2.350651836334672565e-03
5.215590084722179398e+01 2.469523212460559940e-03
5.238680673191466042e+01 2.272486600591911918e-03
5.263532591009818873e+01 2.443448047351651654e-03
5.290823119436031874e+01 2.277150019575810511e-03
5.316882575050344428e+01 2.320583807610952700e-03
5.338513341050097694e+01 2.117661800410067068e-03
5.363212510227822349e+01 2.201861434873359814e-03
5.391615723351310407e+01 2.216487078191453370e-03
5.419187693011466678e+01 2.237169480315724917e-03
5.439722241285236493e+01 2.354213702768089347e-03
5.462806064877949552e+01 2.104612568213561335e-03
5.491241494336609463e+01 2.056697699087289052e-03
5.519421446932921782e+01 1.580819768474856900e-03
5.543046826972861396e+01 2.863644526117855704e-03
5.561137265256709128e+01 1.813292058420633117e-03
