3.559856489878782115e-01 7.259334251844044275e+02
6.031648866026231293e-01 2.215368343988407958e+02
8.579160745827347778e-01 1.027085343358036624e+02
1.113464310595710716e+00 4.702225205038460132e+01
1.374039914321364408e+00 3.220743712543136184e+01
1.619154704570298309e+00 1.921906867937518371e+01
1.870686673430271840e+00 1.564748425546111754e+01
2.123290040706380832e+00 1.077055029160735522e+01
2.378144976376236119e+00 7.900640617245542785e+00
2.630489925835516996e+00 5.601803713368176396e+00
2.878653162679494670e+00 5.130740328504865388e+00
3.131144366275339319e+00 4.071508383387958396e+00
3.388159578333816313e+00 3.286638257873794267e+00
3.638741848210948149e+00 2.767616174556773334e+00
3.888315910732085268e+00 2.206274071779304347e+00
4.139052155837465996e+00 2.026001163890822188e+00
4.390305777018236988e+00 1.718872177439427773e+00
4.642172339120373081e+00 1.487557829452496927e+00
4.894678666149941293e+00 1.330412282558633530e+00
5.147269052361176378e+00 1.107475599738610983e+00
5.398003206656323272e+00 1.044760178013379948e+00
5.647798235368590269e+00 9.179373497837790552e-01
5.900534302989873581e+00 7.932729213966853710e-01
6.151460297009074374e+00 7.028345057417633157e-01
6.402630176204441526e+00 6.443193749505583545e-01
6.655964674748322096e+00 5.801538279609989024e-01
6.908782583105771202e+00 5.283163058766868758e-01
7.159060853508338873e+00 4.867780278618779044e-01
7.409414762591408632e+00 4.426439487046022192e-01
7.659227149364629561e+00 4.043184851040736993e-01
7.911559474606142395e+00 3.690009811280678953e-01
8.163750941790897997e+00 3.457049860138630137e-01
8.415757210439384295e+00 3.207960545504717209e-01
8.667638839289207198e+00 2.933247283857088883e-01
8.918801124864609520e+00 2.722790531355679944e-01
9.170480108345369530e+00 2.555832760160210992e-01
9.420566033467249412e+00 2.385739005621311526e-01
9.671642335271435797e+00 2.238819881038363602e-01
9.923426157758477473e+00 2.044410488107963053e-01
1.017396902749181820e+01 1.917523495437574443e-01
1.042533700753922155e+01 1.847688556764975898e-01
1.067702948358784276e+01 1.692554419045218250e-01
1.092969337256462303e+01 1.603411798454933146e-01
1.118211872033766419e+01 1.527457430023631824e-01
1.143346516925797296e+01 1.392154625249823197e-01
1.168350508557724687e+01 1.348932150827781562e-01
1.193379937775929100e+01 1.288988612967883751e-01
1.218553055762879112e+01 1.196803595431830958e-01
1.243711650801278878e+01 1.136314556531111825e-01
1.268867268647359303e+01 1.078665579621868598e-01
1.294075027177769144e+01 1.018925860273480061e-01
1.319267287020158363e+01 9.679300583261879476e-02
1.344470571782862756e+01 9.291226576011349381e-02
1.369480150283709641e+01 8.950322112216985149e-02
1.394591277066507828e+01 8.337063351613346884e-02
1.419764645764527167e+01 8.137128149856200088e-02
1.444766774168416212e+01 7.720498664802225020e-02
1.469906835825429070e+01 7.341380690398707776e-02
1.495059118111036511e+01 6.975228316731145461e-02
1.520261612590052991e+01 6.691396203705596291e-02
1.545415944503929495e+01 6.456909131540765345e-02
1.570456072545780124e+01 6.154539414085932747e-02
1.595705800128773966e+01 5.850697879388806061e-02
1.620829297830731619e+01 5.677771888012259766e-02
1.645966591028190962e+01 5.394057452373016148e-02
1.671125708846596325e+01 5.267690822678428725e-02
1.696160259490052624e+01 5.067113337214480123e-02
1.721370276108077135e+01 4.790665539536563544e-02
1.746543424102250341e+01 4.635478088960237608e-02
1.771598473288305442e+01 4.468988358638560643e-02
1.796653767411944003e+01 4.279448817631379548e-02
1.821765658501893270e+01 4.107167758968301163e-02
1.847053788120423334e+01 3.984667884551258699e-02
1.872257696809484173e+01 3.804304580011465264e-02
1.897394097105746269e+01 3.732063790047048663e-02
1.922542454726159988e+01 3.589754755221399168e-02
1.947607703355479103e+01 3.510695176061897488e-02
1.972678839839982601e+01 3.359045157764214973e-02
1.997802698857814363e+01 3.255211716533779748e-02
2.022863620534168660e+01 3.147654712886395478e-02
2.047969598507238231e+01 3.000110766198210710e-02
2.073250439107362553e+01 2.964646686841279632e-02
2.098435855211640089e+01 2.851873374489768270e-02
2.123502923393334640e+01 2.742118975367788952e-02
2.148629411178690773e+01 2.654976720614963398e-02
2.173831825513516591e+01 2.577868465990120969e-02
2.198972260956887226e+01 2.513449078846968082e-02
2.223974971000711420e+01 2.414238660578232540e-02
2.249141870643862973e+01 2.342291620421349529e-02
2.274404614890906373e+01 2.306801653058811880e-02
2.299521835768831579e+01 2.236467132337017355e-02
2.324620084136223852e+01 2.181049413504437123e-02
2.349757798664387209e+01 2.101509282355759969e-02
2.374870488118759937e+01 2.040751855003718890e-02
2.399988781917473091e+01 1.985524922744434650e-02
2.425071646049711305e+01 1.919425093227045132e-02
2.450187830577813841e+01 1.878870484450000100e-02
2.475391093216606109e+01 1.834859656731963051e-02
2.500524226975159792e+01 1.776027272453397851e-02
2.525610980153284402e+01 1.724902579992857246e-02
2.550801425092822328e+01 1.683607069487687291e-02
2.575943113325822864e+01 1.648174837551768038e-02
2.601074166866445125e+01 1.595276801842291509e-02
2.626234447079615464e+01 1.550148580467309092e-02
2.651347712943701751e+01 1.525996137284083877e-02
2.676474177984877656e+01 1.477310867519523313e-02
2.701628079430242479e+01 1.442424240116325050e-02
2.726734205837282232e+01 1.412684015843033124e-02
2.751837013544679422e+01 1.377123532534136989e-02
2.776937726815812724e+01 1.340329864730291018e-02
2.802070160973895341e+01 1.300200755486013299e-02
2.827249982643487058e+01 1.272961296213846911e-02
2.852407603869968966e+01 1.244085623094829188e-02
2.877567300468570721e+01 1.216576608042453482e-02
2.902733523039245256e+01 1.192514167617105166e-02
2.927861073083739996e+01 1.153598825538404253e-02
2.953003196193969160e+01 1.137801119437164415e-02
2.978106336846375157e+01 1.108349241636004574e-02
3.003148440777084716e+01 1.084669701115904654e-02
3.028303386126418673e+01 1.065987624487025297e-02
3.053456493440382857e+01 1.038758986847788598e-02
3.078585183944906944e+01 1.017376964281043773e-02
3.103757946070165730e+01 9.957739999294995883e-03
3.128931656795834826e+01 9.645935860577900187e-03
3.154125974608096428e+01 9.445372057381396999e-03
3.179158626791808828e+01 9.306146158057910026e-03
3.204196438636942190e+01 9.053312265803149447e-03
3.229344668057169798e+01 8.860452889937274479e-03
3.254489998018084407e+01 8.710605625577556507e-03
3.279660140319880668e+01 8.527814721633478548e-03
3.304772754686901237e+01 8.356284653157354872e-03
3.329949953441923327e+01 8.231259441867358126e-03
3.355173249539067371e+01 8.051247227780751817e-03
3.380235474142784824e+01 7.855943902437241902e-03
3.405292218889088218e+01 7.725891517399814321e-03
3.430455901572810262e+01 7.557801834744862918e-03
3.455605119154291316e+01 7.410272749155615880e-03
3.480708698418615654e+01 7.256091587600008684e-03
3.505823042281740243e+01 7.133782545314659718e-03
3.530983122122644602e+01 6.982529349837659181e-03
3.556111974160763367e+01 6.848261433722805519e-03
3.581195885960364933e+01 6.750661322327014720e-03
3.606348577968052638e+01 6.596996662001791863e-03
3.631495136683125935e+01 6.501234009469961973e-03
3.656646781331610185e+01 6.371848534886522496e-03
3.681800948534306173e+01 6.262511800873041615e-03
3.706942350460822411e+01 6.122779193520585042e-03
3.732119977997001570e+01 6.011293524124276984e-03
3.757249197135423202e+01 5.897865611127700060e-03
3.782324055213251057e+01 5.818808477036348757e-03
3.807430609684078604e+01 5.688367926373671946e-03
3.832526519371521090e+01 5.599948452321134099e-03
3.857704530181875668e+01 5.501165161004436047e-03
3.882896255048217427e+01 5.429814922203255421e-03
3.907976684424035341e+01 5.310640750009756710e-03
3.933085588900704010e+01 5.174819776907177253e-03
3.958184533965361140e+01 5.143955604598801114e-03
3.983320492881626507e+01 5.008538943574824924e-03
4.008506787586624398e+01 4.911541499613039478e-03
4.033569471078550350e+01 4.913564303535791593e-03
4.058701345074587863e+01 4.783544820302122053e-03
4.083916815834436420e+01 4.717653958433742564e-03
4.108978611092747713e+01 4.649740446056272077e-03
4.134119394692694271e+01 4.575872835874259491e-03
4.159372926482761557e+01 4.486372502961987786e-03
4.184480996230068683e+01 4.398903422716878009e-03
4.209495048714620680e+01 4.332112505611850940e-03
4.234568601474854432e+01 4.284652067853917702e-03
4.259794184898333214e+01 4.179069434146864825e-03
4.284922176444433717e+01 4.147803479907589616e-03
4.309982534096671003e+01 4.094246233472493245e-03
4.335153475414617930e+01 3.992411539695029515e-03
4.360374984514007224e+01 3.942288924375813262e-03
4.385432838732079830e+01 3.864476423617062371e-03
4.410529766549178277e+01 3.808416881901820032e-03
4.435675536456894008e+01 3.726344284311183461e-03
4.460756668584335927e+01 3.698090070305358988e-03
4.485812369927145937e+01 3.653571092700873008e-03
4.510933196139897206e+01 3.570547219944877719e-03
4.536097672816924131e+01 3.522092772897614937e-03
4.561261869099184452e+01 3.515611635112125734e-03
4.586346064304911607e+01 3.444726374750128450e-03
4.611435299895526185e+01 3.379699188942552907e-03
4.636610302009028572e+01 3.335757184376681849e-03
4.661726081402038346e+01 3.283091208394733895e-03
4.686748045926628237e+01 3.196954458651184421e-03
4.712001000143001761e+01 3.177331091361543583e-03
4.737334269293729960e+01 3.154782444862075201e-03
4.762357272554871912e+01 3.089840168248398668e-03
4.787295862859781437e+01 3.030221041236472179e-03
4.812686710231834297e+01 3.057420983231056398e-03
4.837988354528783930e+01 2.942915921728272207e-03
4.862698975964909209e+01 2.898812806387722398e-03
4.887931961662670233e+01 2.843396905518341070e-03
4.913512531690142282e+01 2.821522620169623040e-03
4.938486646957150583e+01 2.825039564800511157e-03
4.963073103205424985e+01 2.823535501390171849e-03
4.988316058859187763e+01 2.697718918694176713e-03
5.013927392651110893e+01 2.644088972672801845e-03
5.038898445289544270e+01 2.606228743733366923e-03
5.063791314200675941e+01 2.644653176535467949e-03
5.089234515763529032e+01 2.566554839019947239e-03
5.114529266359630810e+01 2.572459208397452103e-03
5.138952878242714206e+01 2.519567879435483538e-03
5.163945178601188246e+01 2.438356287796344946e-03
5.190206698624180603e+01 2.462164869419147112e-03
5.215590084722179398e+01 2.458863994431828917e-03
5.238680673191466042e+01 2.410550325139322169e-03
5.263532591009818873e+01 2.315205174563894457e-03
5.290823119436031874e+01 2.319299186229762440e-03
5.316882575050344428e+01 2.111788331978302347e-03
5.338513341050097694e+01 2.328423092238496826e-03
5.363212510227822349e+01 2.223662343619280980e-03
5.391615723351310407e+01 2.209858098015129307e-03
5.419187693011466678e+01 2.311980394969698812e-03
5.439722241285236493e+01 2.059829835297534266e-03
5.462806064877949552e+01 2.081169161840194792e-03
5.491241494336609463e+01 2.324122466053610715e-03
5.519421446932921782e+01 2.156798473997124672e-03
5.543046826972861396e+01 2.403236363997342251e-03
5.561137265256709128e+01 1.675012709497575520e-03
