3.559856489878782115e-01 1.218649367300440645e+03
6.031648866026231293e-01 2.534642041340950982e+02
8.579160745827347778e-01 1.223237519267687645e+02
1.113464310595710716e+00 4.460018635919031027e+01
1.374039914321364408e+00 3.304266011791929003e+01
1.619154704570298309e+00 2.097134431460239057e+01
1.870686673430271840e+00 1.476429657478751700e+01
2.123290040706380832e+00 1.044790031938476815e+01
2.378144976376236119e+00 7.544876664100056196e+00
2.630489925835516996e+00 5.704300904197472377e+00
2.878653162679494670e+00 4.803969856508089720e+00
3.131144366275339319e+00 4.125388668771408973e+00
3.388159578333816313e+00 3.313527035032693302e+00
3.638741848210948149e+00 2.708981940812754896e+00
3.888315910732085268e+00 2.316369434337643973e+00
4.139052155837465996e+00 1.910612540670566073e+00
4.390305777018236988e+00 1.736222077927110696e+00
4.642172339120373081e+00 1.442129614644673152e+00
4.894678666149941293e+00 1.319305397771061816e+00
5.147269052361176378e+00 1.105394095270195276e+00
5.398003206656323272e+00 1.032832649675462511e+00
5.647798235368590269e+00 8.884398844029960385e-01
5.900534302989873581e+00 7.908634096462734409e-01
6.151460297009074374e+00 7.281713229569322099e-01
6.402630176204441526e+00 6.345365214222802308e-01
6.655964674748322096e+00 5.939246931663754170e-01
6.908782583105771202e+00 5.216304008769085954e-01
7.159060853508338873e+00 4.822652797514858092e-01
7.409414762591408632e+00 4.542599819681407691e-01
7.659227149364629561e+00 4.109745529150962140e-01
7.911559474606142395e+00 3.716416771260706020e-01
8.163750941790897997e+00 3.423131824981240912e-01
8.415757210439384295e+00 3.262242569711818474e-01
8.667638839289207198e+00 2.983434015319049726e-01
8.918801124864609520e+00 2.749082486620372245e-01
9.170480108345369530e+00 2.564770689566068240e-01
9.420566033467249412e+00 2.353291237979544537e-01
9.671642335271435797e+00 2.170498885533827804e-01
9.923426157758477473e+00 2.086555317674165522e-01
1.017396902749181820e+01 1.928486611221985891e-01
1.042533700753922155e+01 1.812879845451350613e-01
1.067702948358784276e+01 1.692523210793964450e-01
1.092969337256462303e+01 1.614786018422826042e-01
1.118211872033766419e+01 1.510034650863882888e-01
1.143346516925797296e+01 1.419173355536201553e-01
1.168350508557724687e+01 1.348798866719692346e-01
1.193379937775929100e+01 1.278084010718114338e-01
1.218553055762879112e+01 1.192483882744105467e-01
1.243711650801278878e+01 1.136628502585356748e-01
1.268867268647359303e+01 1.074858603916576810e-01
1.294075027177769144e+01 1.030510765750455304e-01
1.319267287020158363e+01 9.759830646502480611e-02
1.344470571782862756e+01 9.326028087251675425e-02
1.369480150283709641e+01 8.752329761194301005e-02
1.394591277066507828e+01 8.395764251703842496e-02
1.419764645764527167e+01 7.993753858389167355e-02
1.444766774168416212e+01 7.632845464657601886e-02
1.469906835825429070e+01 7.361471197118599208e-02
1.495059118111036511e+01 7.060177453178223539e-02
1.520261612590052991e+01 6.656045571230445601e-02
1.545415944503929495e+01 6.389784878949278379e-02
1.570456072545780124e+01 6.245352816085986136e-02
1.595705800128773966e+01 5.912091449653272823e-02
1.620829297830731619e+01 5.611618643839325765e-02
1.645966591028190962e+01 5.464337207089393217e-02
1.671125708846596325e+01 5.248710011711445883e-02
1.696160259490052624e+01 4.984049777632965084e-02
1.721370276108077135e+01 4.817121770989092611e-02
1.746543424102250341e+01 4.620476340668062259e-02
1.771598473288305442e+01 4.503841137892667518e-02
1.796653767411944003e+01 4.311768305592467848e-02
1.821765658501893270e+01 4.173539328875072729e-02
1.847053788120423334e+01 3.980654204321959488e-02
1.872257696809484173e+01 3.864118559618433951e-02
1.897394097105746269e+01 3.723431441758378452e-02
1.922542454726159988e+01 3.574364507405819458e-02
1.947607703355479103e+01 3.476199583517659841e-02
1.972678839839982601e+01 3.380707843910407684e-02
1.997802698857814363e+01 3.242409576561026269e-02
2.022863620534168660e+01 3.127510331651855296e-02
2.047969598507238231e+01 3.032824021424155442e-02
2.073250439107362553e+01 2.940980053868191141e-02
2.098435855211640089e+01 2.856782474161646476e-02
2.123502923393334640e+01 2.780441453568664734e-02
2.148629411178690773e+01 2.664271718196243449e-02
2.173831825513516591e+01 2.589839433014952050e-02
2.198972260956887226e+01 2.522533078341830312e-02
2.223974971000711420e+01 2.433389959484572040e-02
2.249141870643862973e+01 2.363295776669045029e-02
2.274404614890906373e+01 2.299576611918708463e-02
2.299521835768831579e+01 2.235867606174229624e-02
2.324620084136223852e+01 2.160387462074070744e-02
2.349757798664387209e+01 2.109750685429324576e-02
2.374870488118759937e+01 2.023363028247923689e-02
2.399988781917473091e+01 1.993772066026506390e-02
2.425071646049711305e+01 1.939349131153210448e-02
2.450187830577813841e+01 1.885698501123094645e-02
2.475391093216606109e+01 1.834246318689417010e-02
2.500524226975159792e+01 1.769652223225082546e-02
2.525610980153284402e+01 1.733142882345947711e-02
2.550801425092822328e+01 1.693980486260162482e-02
2.575943113325822864e+01 1.645393871083404569e-02
2.601074166866445125e+01 1.592287356051660593e-02
2.626234447079615464e+01 1.559504566489847317e-02
2.651347712943701751e+01 1.513607270777584009e-02
2.676474177984877656e+01 1.471058876528137313e-02
2.701628079430242479e+01 1.432180034498679866e-02
2.726734205837282232e+01 1.399915353501245477e-02
2.751837013544679422e+01 1.366835328960624117e-02
2.776937726815812724e+01 1.344090068235217345e-02
2.802070160973895341e+01 1.306603633503763615e-02
2.827249982643487058e+01 1.277108963853161930e-02
2.852407603869968966e+01 1.239089210192806031e-02
2.877567300468570721e+01 1.223281971448833376e-02
2.902733523039245256e+01 1.193863632687337632e-02
2.927861073083739996e+01 1.160974769797607636e-02
2.953003196193969160e+01 1.133596305546587940e-02
2.978106336846375157e+01 1.109798354437961654e-02
3.003148440777084716e+01 1.081839602616523413e-02
3.028303386126418673e+01 1.061275789576258434e-02
3.053456493440382857e+01 1.038966472132342271e-02
3.078585183944906944e+01 1.016496671775999304e-02
3.103757946070165730e+01 9.922376842809202749e-03
3.128931656795834826e+01 9.691535112696339493e-03
3.154125974608096428e+01 9.496424010686441153e-03
3.179158626791808828e+01 9.273521059692859878e-03
3.204196438636942190e+01 9.079322406936454065e-03
3.229344668057169798e+01 8.958533733013959721e-03
3.254489998018084407e+01 8.661123965088219148e-03
3.279660140319880668e+01 8.589242729057941159e-03
3.304772754686901237e+01 8.377202360019221292e-03
3.329949953441923327e+01 8.162607072368002759e-03
3.355173249539067371e+01 8.044108127930721039e-03
3.380235474142784824e+01 7.873413783083616294e-03
3.405292218889088218e+01 7.698739297285308800e-03
3.430455901572810262e+01 7.575136863131472220e-03
3.455605119154291316e+01 7.410992222047962409e-03
3.480708698418615654e+01 7.256579687622526607e-03
3.505823042281740243e+01 7.139273288110173539e-03
3.530983122122644602e+01 7.000596081639751805e-03
3.556111974160763367e+01 6.894530134229845397e-03
3.581195885960364933e+01 6.755660910491317027e-03
3.606348577968052638e+01 6.575451136641492778e-03
3.631495136683125935e+01 6.485001562060613116e-03
3.656646781331610185e+01 6.356200628373556531e-03
3.681800948534306173e+01 6.221398664581411116e-03
3.706942350460822411e+01 6.093085523273560587e-03
3.732119977997001570e+01 6.046363403361690314e-03
3.757249197135423202e+01 5.902048264190043990e-03
3.782324055213251057e+01 5.809059700297589980e-03
3.807430609684078604e+01 5.709370661299891653e-03
3.832526519371521090e+01 5.628694495130389004e-03
3.857704530181875668e+01 5.496884367279961277e-03
3.882896255048217427e+01 5.391581066668172176e-03
3.907976684424035341e+01 5.359137558198632210e-03
3.933085588900704010e+01 5.200240575999484291e-03
3.958184533965361140e+01 5.104323370230708090e-03
3.983320492881626507e+01 5.041341847057040360e-03
4.008506787586624398e+01 4.936614031063421559e-03
4.033569471078550350e+01 4.851352930076571063e-03
4.058701345074587863e+01 4.795761078243210469e-03
4.083916815834436420e+01 4.719464206521511301e-03
4.108978611092747713e+01 4.612219247685738106e-03
4.134119394692694271e+01 4.541532883839877188e-03
4.159372926482761557e+01 4.491172388343780617e-03
4.184480996230068683e+01 4.379484116613650488e-03
4.209495048714620680e+01 4.327951816805183406e-03
4.234568601474854432e+01 4.271322172475158427e-03
4.259794184898333214e+01 4.186911101389066171e-03
4.284922176444433717e+01 4.135824767070681897e-03
4.309982534096671003e+01 4.069531583252977529e-03
4.335153475414617930e+01 4.018219901776847597e-03
4.360374984514007224e+01 3.921904450664918940e-03
4.385432838732079830e+01 3.898239235565210091e-03
4.410529766549178277e+01 3.804620986696510398e-03
4.435675536456894008e+01 3.739527733016972076e-03
4.460756668584335927e+01 3.734928865751952973e-03
4.485812369927145937e+01 3.610666377085320223e-03
4.510933196139897206e+01 3.582086698834166267e-03
4.536097672816924131e+01 3.575583676719537845e-03
4.561261869099184452e+01 3.489857223318948692e-03
4.586346064304911607e+01 3.456258127931369738e-03
4.611435299895526185e+01 3.376322628733319491e-03
4.636610302009028572e+01 3.364661504709407207e-03
4.661726081402038346e+01 3.276021150548903259e-03
4.686748045926628237e+01 3.238381049618177434e-03
4.712001000143001761e+01 3.168844259105600778e-03
4.737334269293729960e+01 3.146493326688600857e-03
4.762357272554871912e+01 3.087855509887112593e-03
4.787295862859781437e+01 3.072921450723500782e-03
4.812686710231834297e+01 3.014870475726154006e-03
4.837988354528783930e+01 2.965180224476959142e-03
4.862698975964909209e+01 2.913449585032678365e-03
4.887931961662670233e+01 2.826467133811639328e-03
4.913512531690142282e+01 2.832219239788416956e-03
4.938486646957150583e+01 2.798613599845073494e-03
4.963073103205424985e+01 2.820012777474990850e-03
4.988316058859187763e+01 2.741746691011744553e-03
5.013927392651110893e+01 2.678843399338344707e-03
5.038898445289544270e+01 2.645688955049657187e-03
5.063791314200675941e+01 2.676560354716629470e-03
5.089234515763529032e+01 2.593071934258727850e-03
5.114529266359630810e+01 2.604188547648560951e-03
5.138952878242714206e+01 2.505324064468352277e-03
5.163945178601188246e+01 2.481677663066885961e-03
5.190206698624180603e+01 2.554414176266531396e-03
5.215590084722179398e+01 2.348269028556099376e-03
5.238680673191466042e+01 2.454962481703822433e-03
5.263532591009818873e+01 2.308242025287170207e-03
5.290823119436031874e+01 2.319884227661958218e-03
5.316882575050344428e+01 2.293357577854986725e-03
5.338513341050097694e+01 2.349717229728273595e-03
5.363212510227822349e+01 2.218767670942518953e-03
5.391615723351310407e+01 2.341021222486814983e-03
5.419187693011466678e+01 2.199767239670952831e-03
5.439722241285236493e+01 2.149668812032722292e-03
5.462806064877949552e+01 2.051091854611224782e-03
5.491241494336609463e+01 2.099419468805189051e-03
5.519421446932921782e+01 2.204238522738690732e-03
5.543046826972861396e+01 3.690490408180690900e-03
5.561137265256709128e+01 1.432103796597146862e-03
