3.559856489878782115e-01 7.383173266140146325e+02
6.031648866026231293e-01 2.069082632805924504e+02
8.579160745827347778e-01 9.940261867000590712e+01
1.113464310595710716e+00 4.583424449795103328e+01
1.374039914321364408e+00 2.961196419495879795e+01
1.619154704570298309e+00 2.011432925589644682e+01
1.870686673430271840e+00 1.583695947573799145e+01
2.123290040706380832e+00 1.104774935491961152e+01
2.378144976376236119e+00 8.079648500864029970e+00
2.630489925835516996e+00 6.397042322292922911e+00
2.878653162679494670e+00 5.316192302335575270e+00
3.131144366275339319e+00 4.063225610870649263e+00
3.388159578333816313e+00 3.506767977209466203e+00
3.638741848210948149e+00 2.686742740837265053e+00
3.888315910732085268e+00 2.330192924695309031e+00
4.139052155837465996e+00 2.060610590071272785e+00
4.390305777018236988e+00 1.704547665528830080e+00
4.642172339120373081e+00 1.490393863167978949e+00
4.894678666149941293e+00 1.284214639399698932e+00
5.147269052361176378e+00 1.138393762806807485e+00
5.398003206656323272e+00 1.009142114975612126e+00
5.647798235368590269e+00 8.894728501469314486e-01
5.900534302989873581e+00 8.000533262352192976e-01
6.151460297009074374e+00 7.066947172160159552e-01
6.402630176204441526e+00 6.521857803371171602e-01
6.655964674748322096e+00 5.921742716676841045e-01
6.908782583105771202e+00 5.352131555884181990e-01
7.159060853508338873e+00 4.949541546764316680e-01
7.409414762591408632e+00 4.430265311624776992e-01
7.659227149364629561e+00 4.091294106172485012e-01
7.911559474606142395e+00 3.781210718919155167e-01
8.163750941790897997e+00 3.402571533833818607e-01
8.415757210439384295e+00 3.159700437744452639e-01
8.667638839289207198e+00 2.973990498415591821e-01
8.918801124864609520e+00 2.775394741882974414e-01
9.170480108345369530e+00 2.542957248738535458e-01
9.420566033467249412e+00 2.393600978120084821e-01
9.671642335271435797e+00 2.226083452190708578e-01
9.923426157758477473e+00 2.074531020552381477e-01
1.017396902749181820e+01 1.966959334480939403e-01
1.042533700753922155e+01 1.855467954229269856e-01
1.067702948358784276e+01 1.692952732861507104e-01
1.092969337256462303e+01 1.593260592342892190e-01
1.118211872033766419e+01 1.515072085442515093e-01
1.143346516925797296e+01 1.420454358446695542e-01
1.168350508557724687e+01 1.362878738517749599e-01
1.193379937775929100e+01 1.262766013185262493e-01
1.218553055762879112e+01 1.214404772419864498e-01
1.243711650801278878e+01 1.148765267061510609e-01
1.268867268647359303e+01 1.086312844515539416e-01
1.294075027177769144e+01 1.025050822131062245e-01
1.319267287020158363e+01 9.664907460557418950e-02
1.344470571782862756e+01 9.346852232080206380e-02
1.369480150283709641e+01 8.882347269279887436e-02
1.394591277066507828e+01 8.523801076800258114e-02
1.419764645764527167e+01 8.005704841879239531e-02
1.444766774168416212e+01 7.686832221618777883e-02
1.469906835825429070e+01 7.289387652252637961e-02
1.495059118111036511e+01 7.066740314860829597e-02
1.520261612590052991e+01 6.760956560933983894e-02
1.545415944503929495e+01 6.416898569754762860e-02
1.570456072545780124e+01 6.125826029728971556e-02
1.595705800128773966e+01 5.940929461898442759e-02
1.620829297830731619e+01 5.697237457995789345e-02
1.645966591028190962e+01 5.413153834968729289e-02
1.671125708846596325e+01 5.227259650557512100e-02
1.696160259490052624e+01 5.018387406978852550e-02
1.721370276108077135e+01 4.829450031999748399e-02
1.746543424102250341e+01 4.667597309586499904e-02
1.771598473288305442e+01 4.513054867954689742e-02
1.796653767411944003e+01 4.343130813403304341e-02
1.821765658501893270e+01 4.128404253177467981e-02
1.847053788120423334e+01 3.970663366347029766e-02
1.872257696809484173e+01 3.820687504876862928e-02
1.897394097105746269e+01 3.700528866959060942e-02
1.922542454726159988e+01 3.556644316543232376e-02
1.947607703355479103e+01 3.490554824453239585e-02
1.972678839839982601e+01 3.340136280354492199e-02
1.997802698857814363e+01 3.244298627214066422e-02
2.022863620534168660e+01 3.168204641184550058e-02
2.047969598507238231e+01 3.050306901000134421e-02
2.073250439107362553e+01 2.951306949549604638e-02
2.098435855211640089e+01 2.818286874477870727e-02
2.123502923393334640e+01 2.751151018653349295e-02
2.148629411178690773e+01 2.657099586010122985e-02
2.173831825513516591e+01 2.560082135424145838e-02
2.198972260956887226e+01 2.501699875294497236e-02
2.223974971000711420e+01 2.452070833461183347e-02
2.249141870643862973e+01 2.360967146397306010e-02
2.274404614890906373e+01 2.290248621529575312e-02
2.299521835768831579e+01 2.246045218702027307e-02
2.324620084136223852e+01 2.178530567160448864e-02
2.349757798664387209e+01 2.087892342477788363e-02
2.374870488118759937e+01 2.034139385785491833e-02
2.399988781917473091e+01 2.001366386667565930e-02
2.425071646049711305e+01 1.945721626080803429e-02
2.450187830577813841e+01 1.881746148338177618e-02
2.475391093216606109e+01 1.819848113089783323e-02
2.500524226975159792e+01 1.769024853661457786e-02
2.525610980153284402e+01 1.724820613839011044e-02
2.550801425092822328e+01 1.689768667606359950e-02
2.575943113325822864e+01 1.639107021767691533e-02
2.601074166866445125e+01 1.588449423445932596e-02
2.626234447079615464e+01 1.562793722925825274e-02
2.651347712943701751e+01 1.528038718039905798e-02
2.676474177984877656e+01 1.481558809551448974e-02
2.701628079430242479e+01 1.442681516543760367e-02
2.726734205837282232e+01 1.399963325278408971e-02
2.751837013544679422e+01 1.366616376642323591e-02
2.776937726815812724e+01 1.338547206785177350e-02
2.802070160973895341e+01 1.308787068756320053e-02
2.827249982643487058e+01 1.274959860130468921e-02
2.852407603869968966e+01 1.239026346649895610e-02
2.877567300468570721e+01 1.214784176547764258e-02
2.902733523039245256e+01 1.191630284477263567e-02
2.927861073083739996e+01 1.155299576128650425e-02
2.953003196193969160e+01 1.138563426517071910e-02
2.978106336846375157e+01 1.113205720191417884e-02
3.003148440777084716e+01 1.081508795099836960e-02
3.028303386126418673e+01 1.061250664299417598e-02
3.053456493440382857e+01 1.033725382958096059e-02
3.078585183944906944e+01 1.013261026621439624e-02
3.103757946070165730e+01 9.924719630444202301e-03
3.128931656795834826e+01 9.668449127873389795e-03
3.154125974608096428e+01 9.484550745638467215e-03
3.179158626791808828e+01 9.293208643958789789e-03
3.204196438636942190e+01 9.099418611254050590e-03
3.229344668057169798e+01 8.977318894867561752e-03
3.254489998018084407e+01 8.717620129736236220e-03
3.279660140319880668e+01 8.511691108334478589e-03
3.304772754686901237e+01 8.373717270457060532e-03
3.329949953441923327e+01 8.129641680044126864e-03
3.355173249539067371e+01 8.034329670048228483e-03
3.380235474142784824e+01 7.887295266118969639e-03
3.405292218889088218e+01 7.663791707464965609e-03
3.430455901572810262e+01 7.564305615728204868e-03
3.455605119154291316e+01 7.410184074014468381e-03
3.480708698418615654e+01 7.229486440529508083e-03
3.505823042281740243e+01 7.137312449438856614e-03
3.530983122122644602e+01 6.970210174550050750e-03
3.556111974160763367e+01 6.854202214583665284e-03
3.581195885960364933e+01 6.776985781917089363e-03
3.606348577968052638e+01 6.588862270857705206e-03
3.631495136683125935e+01 6.489591053107210752e-03
3.656646781331610185e+01 6.381623450672900370e-03
3.681800948534306173e+01 6.254110927165407174e-03
3.706942350460822411e+01 6.161067133317918443e-03
3.732119977997001570e+01 6.005745462309486533e-03
3.757249197135423202e+01 5.924728272009654149e-03
3.782324055213251057e+01 5.810775854972556088e-03
3.807430609684078604e+01 5.716302575704722104e-03
3.832526519371521090e+01 5.578458495734669141e-03
3.857704530181875668e+01 5.506784703328568807e-03
3.882896255048217427e+01 5.397093758997588246e-03
3.907976684424035341e+01 5.329769069891631371e-03
3.933085588900704010e+01 5.225658742527347980e-03
3.958184533965361140e+01 5.111082869088041415e-03
3.983320492881626507e+01 5.048341758550901372e-03
4.008506787586624398e+01 4.935181137800750267e-03
4.033569471078550350e+01 4.883650596775547179e-03
4.058701345074587863e+01 4.781769444464019359e-03
4.083916815834436420e+01 4.711809576425237366e-03
4.108978611092747713e+01 4.627220805789106911e-03
4.134119394692694271e+01 4.535001025187133938e-03
4.159372926482761557e+01 4.507503554836221615e-03
4.184480996230068683e+01 4.408629468737160044e-03
4.209495048714620680e+01 4.333298810273251457e-03
4.234568601474854432e+01 4.272925381885121950e-03
4.259794184898333214e+01 4.200606692206422348e-03
4.284922176444433717e+01 4.119859679303224803e-03
4.309982534096671003e+01 4.059907707798331850e-03
4.335153475414617930e+01 3.972583043388468182e-03
4.360374984514007224e+01 3.955386247723867432e-03
4.385432838732079830e+01 3.860449945442044270e-03
4.410529766549178277e+01 3.821553982578126604e-03
4.435675536456894008e+01 3.805258682417148562e-03
4.460756668584335927e+01 3.672881988441718468e-03
4.485812369927145937e+01 3.643648208076710575e-03
4.510933196139897206e+01 3.610746757534902176e-03
4.536097672816924131e+01 3.585099395151884749e-03
4.561261869099184452e+01 3.504740340081756271e-03
4.586346064304911607e+01 3.399627108000428596e-03
4.611435299895526185e+01 3.366500844738586507e-03
4.636610302009028572e+01 3.358532235293750206e-03
4.661726081402038346e+01 3.267874003538932641e-03
4.686748045926628237e+01 3.211180059856739901e-03
4.712001000143001761e+01 3.236137688528970859e-03
4.737334269293729960e+01 3.145755388031251740e-03
4.762357272554871912e+01 3.108457187610082217e-03
4.787295862859781437e+01 3.063521293456277547e-03
4.812686710231834297e+01 3.010859097367268172e-03
4.837988354528783930e+01 2.943435242454503845e-03
4.862698975964909209e+01 2.904737001423140803e-03
4.887931961662670233e+01 2.927144480718844519e-03
4.913512531690142282e+01 2.853497138454062863e-03
4.938486646957150583e+01 2.780924004288757873e-03
4.963073103205424985e+01 2.729898679280198196e-03
4.988316058859187763e+01 2.726805557900664149e-03
5.013927392651110893e+01 2.683280872530460770e-03
5.038898445289544270e+01 2.652100405121989024e-03
5.063791314200675941e+01 2.610580903520235991e-03
5.089234515763529032e+01 2.540103522442490897e-03
5.114529266359630810e+01 2.537754013337994042e-03
5.138952878242714206e+01 2.520082906188392865e-03
5.163945178601188246e+01 2.510023448723093520e-03
5.190206698624180603e+01 2.362827326862327638e-03
5.215590084722179398e+01 2.483368726231068024e-03
5.238680673191466042e+01 2.332327964358603747e-03
5.263532591009818873e+01 2.338971256540914832e-03
5.290823119436031874e+01 2.329316273907928135e-03
5.316882575050344428e+01 2.329496224690065943e-03
5.338513341050097694e+01 2.262564498718140030e-03
5.363212510227822349e+01 2.182694166420299630e-03
5.391615723351310407e+01 2.253208283690118306e-03
5.419187693011466678e+01 2.147191187592214449e-03
5.439722241285236493e+01 2.226322202493473141e-03
5.462806064877949552e+01 2.151820046494519207e-03
5.491241494336609463e+01 1.822487491817962680e-03
5.519421446932921782e+01 2.119390801759822238e-03
5.543046826972861396e+01 1.539670501206565978e-03
5.561137265256709128e+01 3.773737078454995637e-03
