3.559856489878782115e-01 8.790643023411151944e+02
6.031648866026231293e-01 1.872209696097373524e+02
8.579160745827347778e-01 8.205618542444443619e+01
1.113464310595710716e+00 5.360746365942127767e+01
1.374039914321364408e+00 3.130709230964762213e+01
1.619154704570298309e+00 2.139107445592404133e+01
1.870686673430271840e+00 1.289591682356592628e+01
2.123290040706380832e+00 1.002094774965510737e+01
2.378144976376236119e+00 8.286152930933123884e+00
2.630489925835516996e+00 6.184948063155651710e+00
2.878653162679494670e+00 5.155565004419183417e+00
3.131144366275339319e+00 4.163240546045929413e+00
3.388159578333816313e+00 3.556811095612686380e+00
3.638741848210948149e+00 2.732401198351991578e+00
3.888315910732085268e+00 2.373388154431846697e+00
4.139052155837465996e+00 1.932979067143110852e+00
4.390305777018236988e+00 1.775787973838345524e+00
4.642172339120373081e+00 1.469951471783021990e+00
4.894678666149941293e+00 1.303773128444838614e+00
5.147269052361176378e+00 1.149280574825766843e+00
5.398003206656323272e+00 1.014666000069827989e+00
5.647798235368590269e+00 8.857076636533119940e-01
5.900534302989873581e+00 8.167947663680874548e-01
6.151460297009074374e+00 7.239950357525574143e-01
6.402630176204441526e+00 6.496419235177878226e-01
6.655964674748322096e+00 5.940227237899693424e-01
6.908782583105771202e+00 5.263644671074491077e-01
7.159060853508338873e+00 4.928271802768281473e-01
7.409414762591408632e+00 4.555363222138530954e-01
7.659227149364629561e+00 4.006346564852765746e-01
7.911559474606142395e+00 3.700951144827636652e-01
8.163750941790897997e+00 3.456178820852088274e-01
8.415757210439384295e+00 3.149703222187793528e-01
8.667638839289207198e+00 2.926556545604536153e-01
8.918801124864609520e+00 2.782714454230550416e-01
9.170480108345369530e+00 2.544584158458207956e-01
9.420566033467249412e+00 2.351218419611855182e-01
9.671642335271435797e+00 2.234360590588963802e-01
9.923426157758477473e+00 2.057562676779980670e-01
1.017396902749181820e+01 1.924422683590601424e-01
1.042533700753922155e+01 1.824986352078175889e-01
1.067702948358784276e+01 1.694150634892774010e-01
1.092969337256462303e+01 1.626065848039948414e-01
1.118211872033766419e+01 1.508717425987450567e-01
1.143346516925797296e+01 1.426072861512918954e-01
1.168350508557724687e+01 1.340498852375183181e-01
1.193379937775929100e+01 1.293031691544627992e-01
1.218553055762879112e+01 1.190261771633940036e-01
1.243711650801278878e+01 1.153589880751805241e-01
1.268867268647359303e+01 1.082958024839789091e-01
1.294075027177769144e+01 1.040255928056627172e-01
1.319267287020158363e+01 9.704333862896294405e-02
1.344470571782862756e+01 9.261098891274099909e-02
1.369480150283709641e+01 8.876954140092420398e-02
1.394591277066507828e+01 8.418851721638877239e-02
1.419764645764527167e+01 8.141824281576570677e-02
1.444766774168416212e+01 7.643241478962126134e-02
1.469906835825429070e+01 7.330155956647897708e-02
1.495059118111036511e+01 7.020916575528890480e-02
1.520261612590052991e+01 6.622472620810612720e-02
1.545415944503929495e+01 6.390393778195072039e-02
1.570456072545780124e+01 6.242196997901552219e-02
1.595705800128773966e+01 5.843607773896229013e-02
1.620829297830731619e+01 5.687165357255147269e-02
1.645966591028190962e+01 5.513338522559347449e-02
1.671125708846596325e+01 5.230201133532825369e-02
1.696160259490052624e+01 5.045044932867811388e-02
1.721370276108077135e+01 4.856414694577466939e-02
1.746543424102250341e+01 4.654820832416339815e-02
1.771598473288305442e+01 4.441904573043844312e-02
1.796653767411944003e+01 4.299508934671804339e-02
1.821765658501893270e+01 4.151718503249331171e-02
1.847053788120423334e+01 3.974100539849430291e-02
1.872257696809484173e+01 3.870512766721688480e-02
1.897394097105746269e+01 3.702703503491799192e-02
1.922542454726159988e+01 3.607621656503629676e-02
1.947607703355479103e+01 3.457400394263131921e-02
1.972678839839982601e+01 3.365408333479307651e-02
1.997802698857814363e+01 3.236389202730897280e-02
2.022863620534168660e+01 3.100493915195269221e-02
2.047969598507238231e+01 3.046739366648606659e-02
2.073250439107362553e+01 2.941068427428587817e-02
2.098435855211640089e+01 2.826253384690679063e-02
2.123502923393334640e+01 2.765468821353881529e-02
2.148629411178690773e+01 2.664331002859033140e-02
2.173831825513516591e+01 2.593054610138596089e-02
2.198972260956887226e+01 2.516946081703407348e-02
2.223974971000711420e+01 2.432467085142677246e-02
2.249141870643862973e+01 2.381644376295822749e-02
2.274404614890906373e+01 2.300376106918497476e-02
2.299521835768831579e+01 2.210283587411604120e-02
2.324620084136223852e+01 2.158886713501175642e-02
2.349757798664387209e+01 2.105847883723410696e-02
2.374870488118759937e+01 2.035866162372181043e-02
2.399988781917473091e+01 1.979700645366654771e-02
2.425071646049711305e+01 1.934218958780025907e-02
2.450187830577813841e+01 1.883764235379188634e-02
2.475391093216606109e+01 1.829976460977614933e-02
2.500524226975159792e+01 1.757273957196600275e-02
2.525610980153284402e+01 1.736380806313677153e-02
2.550801425092822328e+01 1.683493268545583135e-02
2.575943113325822864e+01 1.636003848957667123e-02
2.601074166866445125e+01 1.594972710380158226e-02
2.626234447079615464e+01 1.557263923278814563e-02
2.651347712943701751e+01 1.516367260740817367e-02
2.676474177984877656e+01 1.483092850231209660e-02
2.701628079430242479e+01 1.445413279999371858e-02
2.726734205837282232e+01 1.411739104379424771e-02
2.751837013544679422e+01 1.363371632892934268e-02
2.776937726815812724e+01 1.336775994062783940e-02
2.802070160973895341e+01 1.312780716132780010e-02
2.827249982643487058e+01 1.276604985200186469e-02
2.852407603869968966e+01 1.239164674662650290e-02
2.877567300468570721e+01 1.218429126920827360e-02
2.902733523039245256e+01 1.185821228030608382e-02
2.927861073083739996e+01 1.156671276908819573e-02
2.953003196193969160e+01 1.129430637193205855e-02
2.978106336846375157e+01 1.112360742155448640e-02
3.003148440777084716e+01 1.085432481296653290e-02
3.028303386126418673e+01 1.056460757562307368e-02
3.053456493440382857e+01 1.033303816377144357e-02
3.078585183944906944e+01 1.013403049539354436e-02
3.103757946070165730e+01 9.937220254790301785e-03
3.128931656795834826e+01 9.672013739888499564e-03
3.154125974608096428e+01 9.470596889798873000e-03
3.179158626791808828e+01 9.318137598111491532e-03
3.204196438636942190e+01 9.152515152122408376e-03
3.229344668057169798e+01 8.918900550998989929e-03
3.254489998018084407e+01 8.700262456971030733e-03
3.279660140319880668e+01 8.555803230790876707e-03
3.304772754686901237e+01 8.346891058763492716e-03
3.329949953441923327e+01 8.193368707712284094e-03
3.355173249539067371e+01 8.021290644516999163e-03
3.380235474142784824e+01 7.888763917682848140e-03
3.405292218889088218e+01 7.700389236524705396e-03
3.430455901572810262e+01 7.578008624746728969e-03
3.455605119154291316e+01 7.394891271339586007e-03
3.480708698418615654e+01 7.268977932476414910e-03
3.505823042281740243e+01 7.125321591368220450e-03
3.530983122122644602e+01 6.962080572584223789e-03
3.556111974160763367e+01 6.888710320215921633e-03
3.581195885960364933e+01 6.776256318199314586e-03
3.606348577968052638e+01 6.615230992699697339e-03
3.631495136683125935e+01 6.455046759816152578e-03
3.656646781331610185e+01 6.369985890220653153e-03
3.681800948534306173e+01 6.259218184413494444e-03
3.706942350460822411e+01 6.124606696446665416e-03
3.732119977997001570e+01 6.013940852638608760e-03
3.757249197135423202e+01 5.930089092456282580e-03
3.782324055213251057e+01 5.829877266848548269e-03
3.807430609684078604e+01 5.700093412635199273e-03
3.832526519371521090e+01 5.592147833962141969e-03
3.857704530181875668e+01 5.498853992501800958e-03
3.882896255048217427e+01 5.390124744159506195e-03
3.907976684424035341e+01 5.319994159355032406e-03
3.933085588900704010e+01 5.222409558910602601e-03
3.958184533965361140e+01 5.129012489702450966e-03
3.983320492881626507e+01 5.013271817650744554e-03
4.008506787586624398e+01 4.953578745427692810e-03
4.033569471078550350e+01 4.896503460305687630e-03
4.058701345074587863e+01 4.799390456069673946e-03
4.083916815834436420e+01 4.728633343806143592e-03
4.108978611092747713e+01 4.627460836752652316e-03
4.134119394692694271e+01 4.572159180583057307e-03
4.159372926482761557e+01 4.481561102646187782e-03
4.184480996230068683e+01 4.384975873664331142e-03
4.209495048714620680e+01 4.344877658307928596e-03
4.234568601474854432e+01 4.278583741962637028e-03
4.259794184898333214e+01 4.224707067333019657e-03
4.284922176444433717e+01 4.139773097738452985e-03
4.309982534096671003e+01 4.069828558254292780e-03
4.335153475414617930e+01 3.988899375537878315e-03
4.360374984514007224e+01 3.935289437831010831e-03
4.385432838732079830e+01 3.871180094032798148e-03
4.410529766549178277e+01 3.804755326330993420e-03
4.435675536456894008e+01 3.752898702789411473e-03
4.460756668584335927e+01 3.665907702513176904e-03
4.485812369927145937e+01 3.609706731493022257e-03
4.510933196139897206e+01 3.586118397817814833e-03
4.536097672816924131e+01 3.586128640720170121e-03
4.561261869099184452e+01 3.492198947334511794e-03
4.586346064304911607e+01 3.439557508489364968e-03
4.611435299895526185e+01 3.376372939128182218e-03
4.636610302009028572e+01 3.340001247254775242e-03
4.661726081402038346e+01 3.275703021706296084e-03
4.686748045926628237e+01 3.249876004859532114e-03
4.712001000143001761e+01 3.184440866791177216e-03
4.737334269293729960e+01 3.157934552175120126e-03
4.762357272554871912e+01 3.087103607663682723e-03
4.787295862859781437e+01 3.058048329803536320e-03
4.812686710231834297e+01 3.068942457533787617e-03
4.837988354528783930e+01 2.995129612123251846e-03
4.862698975964909209e+01 2.921282478891523097e-03
4.887931961662670233e+01 2.873902454148480334e-03
4.913512531690142282e+01 2.841079935733679170e-03
4.938486646957150583e+01 2.787212459958142603e-03
4.963073103205424985e+01 2.791517341437383878e-03
4.988316058859187763e+01 2.756086710515639419e-03
5.013927392651110893e+01 2.668205001447819611e-03
5.038898445289544270e+01 2.696527215610785080e-03
5.063791314200675941e+01 2.635209768468588579e-03
5.089234515763529032e+01 2.610545310537260109e-03
5.114529266359630810e+01 2.512690508526181817e-03
5.138952878242714206e+01 2.472773445995713609e-03
5.163945178601188246e+01 2.446371449492108167e-03
5.190206698624180603e+01 2.456002554442665055e-03
5.215590084722179398e+01 2.461611026685925872e-03
5.238680673191466042e+01 2.460988965679532323e-03
5.263532591009818873e+01 2.280467066641434989e-03
5.290823119436031874e+01 2.344888333630571354e-03
5.316882575050344428e+01 2.293424188026674596e-03
5.338513341050097694e+01 2.315500073953627794e-03
5.363212510227822349e+01 2.278070140715409472e-03
5.391615723351310407e+01 2.154551118636255109e-03
5.419187693011466678e+01 2.151224846291073002e-03
5.439722241285236493e+01 2.296160385494735306e-03
5.462806064877949552e+01 2.027883323251113666e-03
5.491241494336609463e+01 2.185428001865158312e-03
5.519421446932921782e+01 1.979914481691818530e-03
5.543046826972861396e+01 1.150437191546733150e-03
5.561137265256709128e+01 1.160947247228417056e-03
