3.559856489878782115e-01 7.840949354426004447e+02
6.031648866026231293e-01 1.511243761816368760e+02
8.579160745827347778e-01 9.794607648886929496e+01
1.113464310595710716e+00 4.172670969620828174e+01
1.374039914321364408e+00 3.082128828435500267e+01
1.619154704570298309e+00 1.957339478570794711e+01
1.870686673430271840e+00 1.278097071060016354e+01
2.123290040706380832e+00 1.062013513684022570e+01
2.378144976376236119e+00 8.235010617257616516e+00
2.630489925835516996e+00 6.418045564247218060e+00
2.878653162679494670e+00 5.002966189754515902e+00
3.131144366275339319e+00 3.711547752607207595e+00
3.388159578333816313e+00 3.502302652404247318e+00
3.638741848210948149e+00 2.736039986928940237e+00
3.888315910732085268e+00 2.384051314238530672e+00
4.139052155837465996e+00 1.970101319212683055e+00
4.390305777018236988e+00 1.717997843637329103e+00
4.642172339120373081e+00 1.429966817460996520e+00
4.894678666149941293e+00 1.271510689132661520e+00
5.147269052361176378e+00 1.101364551104333067e+00
5.398003206656323272e+00 9.757814454909362611e-01
5.647798235368590269e+00 8.862453070497192664e-01
5.900534302989873581e+00 7.795007690849882209e-01
6.151460297009074374e+00 7.196958077375792406e-01
6.402630176204441526e+00 6.369679501963784185e-01
6.655964674748322096e+00 5.845764328503917362e-01
6.908782583105771202e+00 5.508631921561601974e-01
7.159060853508338873e+00 4.923974214946903460e-01
7.409414762591408632e+00 4.391426254248246286e-01
7.659227149364629561e+00 4.039810067895532320e-01
7.911559474606142395e+00 3.743717983665807436e-01
8.163750941790897997e+00 3.503529213163958378e-01
8.415757210439384295e+00 3.144250449253319091e-01
8.667638839289207198e+00 2.917048469489160745e-01
8.918801124864609520e+00 2.752001843565873851e-01
9.170480108345369530e+00 2.526422047151503092e-01
9.420566033467249412e+00 2.323992002678806901e-01
9.671642335271435797e+00 2.199883138849678399e-01
9.923426157758477473e+00 2.100542551369467825e-01
1.017396902749181820e+01 1.932222428417582627e-01
1.042533700753922155e+01 1.815553560978026282e-01
1.067702948358784276e+01 1.682687991694301888e-01
1.092969337256462303e+01 1.601033472888100939e-01
1.118211872033766419e+01 1.510709580267427243e-01
1.143346516925797296e+01 1.424520367346011063e-01
1.168350508557724687e+01 1.353528740136098196e-01
1.193379937775929100e+01 1.274591356110870433e-01
1.218553055762879112e+01 1.216147266545145739e-01
1.243711650801278878e+01 1.141640311630833376e-01
1.268867268647359303e+01 1.078973816993681750e-01
1.294075027177769144e+01 1.026220257707998185e-01
1.319267287020158363e+01 9.787484027045398327e-02
1.344470571782862756e+01 9.259110844782560135e-02
1.369480150283709641e+01 8.755359704652407316e-02
1.394591277066507828e+01 8.529871079892115127e-02
1.419764645764527167e+01 7.991708875731547146e-02
1.444766774168416212e+01 7.708474511446569699e-02
1.469906835825429070e+01 7.417909604556996439e-02
1.495059118111036511e+01 7.048366425539416558e-02
1.520261612590052991e+01 6.751584231712624840e-02
1.545415944503929495e+01 6.413865410824377833e-02
1.570456072545780124e+01 6.215577528039715333e-02
1.595705800128773966e+01 5.864848819767749105e-02
1.620829297830731619e+01 5.708772475025579440e-02
1.645966591028190962e+01 5.493841735774455254e-02
1.671125708846596325e+01 5.222244874483684268e-02
1.696160259490052624e+01 5.024021120484623709e-02
1.721370276108077135e+01 4.805686971357926024e-02
1.746543424102250341e+01 4.671767517070983533e-02
1.771598473288305442e+01 4.461385020153582626e-02
1.796653767411944003e+01 4.262216841350646018e-02
1.821765658501893270e+01 4.136939278781883583e-02
1.847053788120423334e+01 4.002648115950111635e-02
1.872257696809484173e+01 3.857435054091594429e-02
1.897394097105746269e+01 3.714269221120609921e-02
1.922542454726159988e+01 3.583625450146344510e-02
1.947607703355479103e+01 3.494376416956170017e-02
1.972678839839982601e+01 3.381197394220391422e-02
1.997802698857814363e+01 3.244104971697969741e-02
2.022863620534168660e+01 3.128473149241139950e-02
2.047969598507238231e+01 3.018331721131924800e-02
2.073250439107362553e+01 2.919946738969965427e-02
2.098435855211640089e+01 2.838379906637729377e-02
2.123502923393334640e+01 2.767843495116304245e-02
2.148629411178690773e+01 2.660698113915008212e-02
2.173831825513516591e+01 2.606348795689593378e-02
2.198972260956887226e+01 2.492319426742772154e-02
2.223974971000711420e+01 2.443875119351797756e-02
2.249141870643862973e+01 2.356335680346740083e-02
2.274404614890906373e+01 2.299582242593352366e-02
2.299521835768831579e+01 2.245687289925336547e-02
2.324620084136223852e+01 2.153217296471199999e-02
2.349757798664387209e+01 2.092975501733435398e-02
2.374870488118759937e+01 2.040230245320784341e-02
2.399988781917473091e+01 1.990218063532838214e-02
2.425071646049711305e+01 1.921578565674308958e-02
2.450187830577813841e+01 1.871066037433503221e-02
2.475391093216606109e+01 1.831872105724347347e-02
2.500524226975159792e+01 1.762396862501424549e-02
2.525610980153284402e+01 1.719600044413234496e-02
2.550801425092822328e+01 1.688898299943945164e-02
2.575943113325822864e+01 1.638858530640044039e-02
2.601074166866445125e+01 1.595045143796585199e-02
2.626234447079615464e+01 1.563964784619117920e-02
2.651347712943701751e+01 1.524932275291377912e-02
2.676474177984877656e+01 1.470622076749870250e-02
2.701628079430242479e+01 1.435672538281651187e-02
2.726734205837282232e+01 1.404185660078320630e-02
2.751837013544679422e+01 1.367556387232870922e-02
2.776937726815812724e+01 1.326345407636020553e-02
2.802070160973895341e+01 1.315056550259628178e-02
2.827249982643487058e+01 1.275105709396572549e-02
2.852407603869968966e+01 1.235540654543026105e-02
2.877567300468570721e+01 1.219323237512785763e-02
2.902733523039245256e+01 1.183598991320801951e-02
2.927861073083739996e+01 1.164862058232221664e-02
2.953003196193969160e+01 1.133941699865378960e-02
2.978106336846375157e+01 1.104865426485603964e-02
3.003148440777084716e+01 1.089324634183060775e-02
3.028303386126418673e+01 1.058696873800244777e-02
3.053456493440382857e+01 1.038692850131847124e-02
3.078585183944906944e+01 1.023764889267481104e-02
3.103757946070165730e+01 9.898445609669992082e-03
3.128931656795834826e+01 9.718762983830871519e-03
3.154125974608096428e+01 9.519295092971440109e-03
3.179158626791808828e+01 9.289898802244820480e-03
3.204196438636942190e+01 9.091939977324358865e-03
3.229344668057169798e+01 8.904228217165239059e-03
3.254489998018084407e+01 8.755849802301251053e-03
3.279660140319880668e+01 8.511633778228545194e-03
3.304772754686901237e+01 8.340618062364836549e-03
3.329949953441923327e+01 8.181118563321491260e-03
3.355173249539067371e+01 8.060819725358742138e-03
3.380235474142784824e+01 7.839991204200124839e-03
3.405292218889088218e+01 7.765608456716904980e-03
3.430455901572810262e+01 7.521191300907835095e-03
3.455605119154291316e+01 7.402286236279307860e-03
3.480708698418615654e+01 7.271497842565285800e-03
3.505823042281740243e+01 7.135564462481824161e-03
3.530983122122644602e+01 6.998969560412508784e-03
3.556111974160763367e+01 6.841237402920776617e-03
3.581195885960364933e+01 6.740263091190118634e-03
3.606348577968052638e+01 6.628664778524329462e-03
3.631495136683125935e+01 6.497782424167389270e-03
3.656646781331610185e+01 6.371765323759545803e-03
3.681800948534306173e+01 6.241228672899234303e-03
3.706942350460822411e+01 6.122489493607583683e-03
3.732119977997001570e+01 6.009920787226578388e-03
3.757249197135423202e+01 5.928258141880232007e-03
3.782324055213251057e+01 5.812410913724921739e-03
3.807430609684078604e+01 5.748799211524597934e-03
3.832526519371521090e+01 5.612709710914993121e-03
3.857704530181875668e+01 5.499465819883361979e-03
3.882896255048217427e+01 5.389408626569339861e-03
3.907976684424035341e+01 5.323307302120711473e-03
3.933085588900704010e+01 5.225960374176215166e-03
3.958184533965361140e+01 5.144616099933920807e-03
3.983320492881626507e+01 5.011460180944771019e-03
4.008506787586624398e+01 4.968348134646272465e-03
4.033569471078550350e+01 4.858400651795048188e-03
4.058701345074587863e+01 4.798981001561395017e-03
4.083916815834436420e+01 4.701583005685555823e-03
4.108978611092747713e+01 4.593897439365633717e-03
4.134119394692694271e+01 4.531899071792936870e-03
4.159372926482761557e+01 4.475520777602102693e-03
4.184480996230068683e+01 4.407561205136115504e-03
4.209495048714620680e+01 4.337539008591731991e-03
4.234568601474854432e+01 4.251237910650683058e-03
4.259794184898333214e+01 4.194706227919145665e-03
4.284922176444433717e+01 4.154657881075045356e-03
4.309982534096671003e+01 4.070932885505052293e-03
4.335153475414617930e+01 3.999731232310169658e-03
4.360374984514007224e+01 3.955251718153722160e-03
4.385432838732079830e+01 3.889705457251492124e-03
4.410529766549178277e+01 3.817801424781289144e-03
4.435675536456894008e+01 3.773125529014023129e-03
4.460756668584335927e+01 3.696732715206630781e-03
4.485812369927145937e+01 3.645425333698263781e-03
4.510933196139897206e+01 3.612724396772600769e-03
4.536097672816924131e+01 3.550568731489955887e-03
4.561261869099184452e+01 3.506482591009479639e-03
4.586346064304911607e+01 3.447405127567981092e-03
4.611435299895526185e+01 3.383497572644834396e-03
4.636610302009028572e+01 3.313968838835403517e-03
4.661726081402038346e+01 3.328354198910515611e-03
4.686748045926628237e+01 3.262892304394336002e-03
4.712001000143001761e+01 3.182406600161624861e-03
4.737334269293729960e+01 3.111095712152512228e-03
4.762357272554871912e+01 3.116247947387637898e-03
4.787295862859781437e+01 3.050994304825632199e-03
4.812686710231834297e+01 2.968832973145722233e-03
4.837988354528783930e+01 2.967154208541187416e-03
4.862698975964909209e+01 2.912333751758988416e-03
4.887931961662670233e+01 2.894652574523794587e-03
4.913512531690142282e+01 2.825573267913830938e-03
4.938486646957150583e+01 2.814209560406366953e-03
4.963073103205424985e+01 2.772824113559623632e-03
4.988316058859187763e+01 2.758930240087385452e-03
5.013927392651110893e+01 2.726934241619043651e-03
5.038898445289544270e+01 2.676996478176067815e-03
5.063791314200675941e+01 2.596556382703379701e-03
5.089234515763529032e+01 2.554348970702557085e-03
5.114529266359630810e+01 2.518776541763910991e-03
5.138952878242714206e+01 2.509425559549417675e-03
5.163945178601188246e+01 2.505169564619420461e-03
5.190206698624180603e+01 2.389576206380141302e-03
5.215590084722179398e+01 2.344126550710341674e-03
5.238680673191466042e+01 2.369854837204762778e-03
5.263532591009818873e+01 2.343001107635523696e-03
5.290823119436031874e+01 2.277951785589588454e-03
5.316882575050344428e+01 2.407463660077510323e-03
5.338513341050097694e+01 2.247943936461553344e-03
5.363212510227822349e+01 2.129965370738382859e-03
5.391615723351310407e+01 2.210546539463357097e-03
5.419187693011466678e+01 2.176567086387881569e-03
5.439722241285236493e+01 2.162233034290132749e-03
5.462806064877949552e+01 2.318038142382523002e-03
5.491241494336609463e+01 2.223598862021363819e-03
5.519421446932921782e+01 2.024875653858072486e-03
5.543046826972861396e+01 2.799505675656204905e-03
5.561137265256709128e+01 3.611353057076575109e-03
