3.559856489878782115e-01 3.761219686760683771e+02
6.031648866026231293e-01 1.872417561641253201e+02
8.579160745827347778e-01 8.244988065429441804e+01
1.113464310595710716e+00 5.096361889061144268e+01
1.374039914321364408e+00 3.198757053851511856e+01
1.619154704570298309e+00 2.056214359543858450e+01
1.870686673430271840e+00 1.434441370480725908e+01
2.123290040706380832e+00 9.945032098744581717e+00
2.378144976376236119e+00 7.718033247726589607e+00
2.630489925835516996e+00 5.663049110625993698e+00
2.878653162679494670e+00 4.977331604517736707e+00
3.131144366275339319e+00 3.963913978404198346e+00
3.388159578333816313e+00 3.313643384391732116e+00
3.638741848210948149e+00 2.666249037452612214e+00
3.888315910732085268e+00 2.343369926722476571e+00
4.139052155837465996e+00 2.101611297359995412e+00
4.390305777018236988e+00 1.740935811812821310e+00
4.642172339120373081e+00 1.484768865288309314e+00
4.894678666149941293e+00 1.281950436388942016e+00
5.147269052361176378e+00 1.109144639493355955e+00
5.398003206656323272e+00 1.000793167358895230e+00
5.647798235368590269e+00 8.758512705904824003e-01
5.900534302989873581e+00 8.034845987266014955e-01
6.151460297009074374e+00 7.209268254935434772e-01
6.402630176204441526e+00 6.262747162471065110e-01
6.655964674748322096e+00 5.878448389409037800e-01
6.908782583105771202e+00 5.269376145380043619e-01
7.159060853508338873e+00 4.894797066146886477e-01
7.409414762591408632e+00 4.529594139276518217e-01
7.659227149364629561e+00 4.087482369198274235e-01
7.911559474606142395e+00 3.735081693954566129e-01
8.163750941790897997e+00 3.462314351604512952e-01
8.415757210439384295e+00 3.152395740369476895e-01
8.667638839289207198e+00 2.962841435723883032e-01
8.918801124864609520e+00 2.763204758810612893e-01
9.170480108345369530e+00 2.558577414991353161e-01
9.420566033467249412e+00 2.383610621172981281e-01
9.671642335271435797e+00 2.207257519332210260e-01
9.923426157758477473e+00 2.129815851732319854e-01
1.017396902749181820e+01 1.919869621759732747e-01
1.042533700753922155e+01 1.839245261800262488e-01
1.067702948358784276e+01 1.719162310338192556e-01
1.092969337256462303e+01 1.586391458304901303e-01
1.118211872033766419e+01 1.534721509849131527e-01
1.143346516925797296e+01 1.420824223438047207e-01
1.168350508557724687e+01 1.336317780706505753e-01
1.193379937775929100e+01 1.286840342183906971e-01
1.218553055762879112e+01 1.222301556426951263e-01
1.243711650801278878e+01 1.145617061147079091e-01
1.268867268647359303e+01 1.083671573044257402e-01
1.294075027177769144e+01 1.028013272101343939e-01
1.319267287020158363e+01 9.842514919970636600e-02
1.344470571782862756e+01 9.271993187141254478e-02
1.369480150283709641e+01 8.800820826897907956e-02
1.394591277066507828e+01 8.455905204311688073e-02
1.419764645764527167e+01 8.140893490795950149e-02
1.444766774168416212e+01 7.652616100007568478e-02
1.469906835825429070e+01 7.422365364489373618e-02
1.495059118111036511e+01 6.992421050997023324e-02
1.520261612590052991e+01 6.725611318328680865e-02
1.545415944503929495e+01 6.411947299218405394e-02
1.570456072545780124e+01 6.161458238566928924e-02
1.595705800128773966e+01 5.898276968600642961e-02
1.620829297830731619e+01 5.733803943925334934e-02
1.645966591028190962e+01 5.412631797577829862e-02
1.671125708846596325e+01 5.206862123706183787e-02
1.696160259490052624e+01 5.020865260254812890e-02
1.721370276108077135e+01 4.807366126419018726e-02
1.746543424102250341e+01 4.661709880851554189e-02
1.771598473288305442e+01 4.498668192620601525e-02
1.796653767411944003e+01 4.318073069872909592e-02
1.821765658501893270e+01 4.147780536846018551e-02
1.847053788120423334e+01 3.993876571738604747e-02
1.872257696809484173e+01 3.853734342204574032e-02
1.897394097105746269e+01 3.720793104787754879e-02
1.922542454726159988e+01 3.605462903938974617e-02
1.947607703355479103e+01 3.460854770492670374e-02
1.972678839839982601e+01 3.352432169206707308e-02
1.997802698857814363e+01 3.255404853028510959e-02
2.022863620534168660e+01 3.118448878729849702e-02
2.047969598507238231e+01 3.015014994484397151e-02
2.073250439107362553e+01 2.937796006211657734e-02
2.098435855211640089e+01 2.840777297743426327e-02
2.123502923393334640e+01 2.757440367344096005e-02
2.148629411178690773e+01 2.665751309991648207e-02
2.173831825513516591e+01 2.586352041932831955e-02
2.198972260956887226e+01 2.500991314564061582e-02
2.223974971000711420e+01 2.427482412198958550e-02
2.249141870643862973e+01 2.361491742086765933e-02
2.274404614890906373e+01 2.313403837289975881e-02
2.299521835768831579e+01 2.220853076433967205e-02
2.324620084136223852e+01 2.153560458806306685e-02
2.349757798664387209e+01 2.109782438731420268e-02
2.374870488118759937e+01 2.041889390207468277e-02
2.399988781917473091e+01 1.984461553433643916e-02
2.425071646049711305e+01 1.921784972100844952e-02
2.450187830577813841e+01 1.871161775811931022e-02
2.475391093216606109e+01 1.823021376651084643e-02
2.500524226975159792e+01 1.773848455636637192e-02
2.525610980153284402e+01 1.724994165469056345e-02
2.550801425092822328e+01 1.684891821179786836e-02
2.575943113325822864e+01 1.636853413935836221e-02
2.601074166866445125e+01 1.604368463052363233e-02
2.626234447079615464e+01 1.564149823294396294e-02
2.651347712943701751e+01 1.524115246109673805e-02
2.676474177984877656e+01 1.485739561341160343e-02
2.701628079430242479e+01 1.448747425700640419e-02
2.726734205837282232e+01 1.415609039911422395e-02
2.751837013544679422e+01 1.367171585957285655e-02
2.776937726815812724e+01 1.334377724090904209e-02
2.802070160973895341e+01 1.304464769673875472e-02
2.827249982643487058e+01 1.276485154403865160e-02
2.852407603869968966e+01 1.242789260569228740e-02
2.877567300468570721e+01 1.221559558238044345e-02
2.902733523039245256e+01 1.187243667441278787e-02
2.927861073083739996e+01 1.157900311033654289e-02
2.953003196193969160e+01 1.137577259771544932e-02
2.978106336846375157e+01 1.113754902487869118e-02
3.003148440777084716e+01 1.090317491863342265e-02
3.028303386126418673e+01 1.065175682387020477e-02
3.053456493440382857e+01 1.036832590417978081e-02
3.078585183944906944e+01 1.013940520335323073e-02
3.103757946070165730e+01 9.861040775520114876e-03
3.128931656795834826e+01 9.682217414117816334e-03
3.154125974608096428e+01 9.538952895908442767e-03
3.179158626791808828e+01 9.283300790904638194e-03
3.204196438636942190e+01 9.068317739508127695e-03
3.229344668057169798e+01 8.946309352016044297e-03
3.254489998018084407e+01 8.762296397986256077e-03
3.279660140319880668e+01 8.570366328722213781e-03
3.304772754686901237e+01 8.377758194441618095e-03
3.329949953441923327e+01 8.182327104741362808e-03
3.355173249539067371e+01 8.035854303156026585e-03
3.380235474142784824e+01 7.875316148696711455e-03
3.405292218889088218e+01 7.704670735996827120e-03
3.430455901572810262e+01 7.582568037077077987e-03
3.455605119154291316e+01 7.391052255102554917e-03
3.480708698418615654e+01 7.260247816732273880e-03
3.505823042281740243e+01 7.156709174222357708e-03
3.530983122122644602e+01 6.992837481046321711e-03
3.556111974160763367e+01 6.869523481332641054e-03
3.581195885960364933e+01 6.710167525644117163e-03
3.606348577968052638e+01 6.581163446872533886e-03
3.631495136683125935e+01 6.463880504111204142e-03
3.656646781331610185e+01 6.372884826492935390e-03
3.681800948534306173e+01 6.245380353720100114e-03
3.706942350460822411e+01 6.110749859897885924e-03
3.732119977997001570e+01 5.965295688204653654e-03
3.757249197135423202e+01 5.906141296515863247e-03
3.782324055213251057e+01 5.863594950204571894e-03
3.807430609684078604e+01 5.694728923535072665e-03
3.832526519371521090e+01 5.604986555119036845e-03
3.857704530181875668e+01 5.548690577458939392e-03
3.882896255048217427e+01 5.415761496856060474e-03
3.907976684424035341e+01 5.313108709469003925e-03
3.933085588900704010e+01 5.219419779770027509e-03
3.958184533965361140e+01 5.114994913125858224e-03
3.983320492881626507e+01 5.034772941427870414e-03
4.008506787586624398e+01 4.969304787376302088e-03
4.033569471078550350e+01 4.917775761822768162e-03
4.058701345074587863e+01 4.808154590662696085e-03
4.083916815834436420e+01 4.671477340602626233e-03
4.108978611092747713e+01 4.630018455494785620e-03
4.134119394692694271e+01 4.557907956723925708e-03
4.159372926482761557e+01 4.479607857396603401e-03
4.184480996230068683e+01 4.421099875257513551e-03
4.209495048714620680e+01 4.335639876519003719e-03
4.234568601474854432e+01 4.262521063431100668e-03
4.259794184898333214e+01 4.203514771167410520e-03
4.284922176444433717e+01 4.142116464779677792e-03
4.309982534096671003e+01 4.048856103351088087e-03
4.335153475414617930e+01 4.006659611170779872e-03
4.360374984514007224e+01 3.910989145117829344e-03
4.385432838732079830e+01 3.845361069557115541e-03
4.410529766549178277e+01 3.834574424454358262e-03
4.435675536456894008e+01 3.771329174176610115e-03
4.460756668584335927e+01 3.737251443751236739e-03
4.485812369927145937e+01 3.636360343580401916e-03
4.510933196139897206e+01 3.576310598559987244e-03
4.536097672816924131e+01 3.518843621160154794e-03
4.561261869099184452e+01 3.515586711884651286e-03
4.586346064304911607e+01 3.426710487500046753e-03
4.611435299895526185e+01 3.365180945381772166e-03
4.636610302009028572e+01 3.374262162755987341e-03
4.661726081402038346e+01 3.286177675147503377e-03
4.686748045926628237e+01 3.228670968153423641e-03
4.712001000143001761e+01 3.189412157663632126e-03
4.737334269293729960e+01 3.118390326132515489e-03
4.762357272554871912e+01 3.104971667556775256e-03
4.787295862859781437e+01 3.021089728778555104e-03
4.812686710231834297e+01 2.946806431097181121e-03
4.837988354528783930e+01 2.977612490720379403e-03
4.862698975964909209e+01 2.907816509429537750e-03
4.887931961662670233e+01 2.919505959893768394e-03
4.913512531690142282e+01 2.868713423816367583e-03
4.938486646957150583e+01 2.826070413528711245e-03
4.963073103205424985e+01 2.781813482640678892e-03
4.988316058859187763e+01 2.717317900085091872e-03
5.013927392651110893e+01 2.654332581666847633e-03
5.038898445289544270e+01 2.582978805829537743e-03
5.063791314200675941e+01 2.597593301573125450e-03
5.089234515763529032e+01 2.594018486888361244e-03
5.114529266359630810e+01 2.582231432447109742e-03
5.138952878242714206e+01 2.517235623429205441e-03
5.163945178601188246e+01 2.567675473326267235e-03
5.190206698624180603e+01 2.444177134352870043e-03
5.215590084722179398e+01 2.321362028979252149e-03
5.238680673191466042e+01 2.382902788055920977e-03
5.263532591009818873e+01 2.432338767274621043e-03
5.290823119436031874e+01 2.269581975597392050e-03
5.316882575050344428e+01 2.169420832472519333e-03
5.338513341050097694e+01 2.238488147239181200e-03
5.363212510227822349e+01 2.193847383359364724e-03
5.391615723351310407e+01 2.165305463029667307e-03
5.419187693011466678e+01 2.088760234327747579e-03
5.439722241285236493e+01 2.151334487203985894e-03
5.462806064877949552e+01 2.186555784807077147e-03
5.491241494336609463e+01 2.296090438702003741e-03
5.519421446932921782e+01 1.614358788300166662e-03
5.543046826972861396e+01 3.047305030367911463e-03
5.561137265256709128e+01 1.206416475147200100e-03
