3.559856489878782115e-01 3.308911938404596071e+02
6.031648866026231293e-01 2.025274203706451317e+02
8.579160745827347778e-01 9.601076734245337718e+01
1.113464310595710716e+00 5.243627218937552925e+01
1.374039914321364408e+00 2.770959227846155315e+01
1.619154704570298309e+00 2.246668353709672772e+01
1.870686673430271840e+00 1.526246934723859816e+01
2.123290040706380832e+00 1.029784574572870071e+01
2.378144976376236119e+00 7.610524128508044051e+00
2.630489925835516996e+00 6.278582147436197580e+00
2.878653162679494670e+00 4.923278484445948067e+00
3.131144366275339319e+00 3.982611349697762204e+00
3.388159578333816313e+00 3.370815552831153639e+00
3.638741848210948149e+00 2.780645196247216511e+00
3.888315910732085268e+00 2.324181321896642949e+00
4.139052155837465996e+00 1.981075005684771240e+00
4.390305777018236988e+00 1.686086710457883386e+00
4.642172339120373081e+00 1.484900787377885223e+00
4.894678666149941293e+00 1.280657670209826682e+00
5.147269052361176378e+00 1.096065137629624875e+00
5.398003206656323272e+00 1.012048355558708090e+00
5.647798235368590269e+00 8.947736738459923789e-01
5.900534302989873581e+00 7.883828848009245549e-01
6.151460297009074374e+00 7.198304579324004138e-01
6.402630176204441526e+00 6.263870927425165824e-01
6.655964674748322096e+00 5.826429159316245388e-01
6.908782583105771202e+00 5.249767081173541960e-01
7.159060853508338873e+00 4.732404973219205835e-01
7.409414762591408632e+00 4.415405764090561402e-01
7.659227149364629561e+00 4.131584568411453273e-01
7.911559474606142395e+00 3.666248624995893102e-01
8.163750941790897997e+00 3.457309404794010055e-01
8.415757210439384295e+00 3.161327560441420936e-01
8.667638839289207198e+00 2.931378555630412275e-01
8.918801124864609520e+00 2.761642511757717577e-01
9.170480108345369530e+00 2.547200356825540801e-01
9.420566033467249412e+00 2.402413724708995779e-01
9.671642335271435797e+00 2.233388524932832797e-01
9.923426157758477473e+00 2.099590231563593923e-01
1.017396902749181820e+01 1.926267320173591646e-01
1.042533700753922155e+01 1.828191217395301604e-01
1.067702948358784276e+01 1.707585145728478804e-01
1.092969337256462303e+01 1.595936344048073663e-01
1.118211872033766419e+01 1.516266577607774668e-01
1.143346516925797296e+01 1.424708313822829475e-01
1.168350508557724687e+01 1.349642309351500591e-01
1.193379937775929100e+01 1.290295292370694513e-01
1.218553055762879112e+01 1.208407039338489780e-01
1.243711650801278878e+01 1.126959234803890236e-01
1.268867268647359303e+01 1.084139535309087965e-01
1.294075027177769144e+01 1.021766214730670114e-01
1.319267287020158363e+01 9.817768848034995333e-02
1.344470571782862756e+01 9.304634071788783767e-02
1.369480150283709641e+01 9.046559844078452817e-02
1.394591277066507828e+01 8.466708042880860541e-02
1.419764645764527167e+01 8.032058679195973327e-02
1.444766774168416212e+01 7.653564696692921610e-02
1.469906835825429070e+01 7.302571020180770311e-02
1.495059118111036511e+01 6.976585455891767817e-02
1.520261612590052991e+01 6.700889010397122203e-02
1.545415944503929495e+01 6.426809101069075325e-02
1.570456072545780124e+01 6.110775014385901732e-02
1.595705800128773966e+01 5.847821882832895946e-02
1.620829297830731619e+01 5.734621978486705712e-02
1.645966591028190962e+01 5.464290173583776639e-02
1.671125708846596325e+01 5.206048105101592632e-02
1.696160259490052624e+01 5.015170834125714378e-02
1.721370276108077135e+01 4.842464328193157863e-02
1.746543424102250341e+01 4.611942220163072620e-02
1.771598473288305442e+01 4.449864196972170421e-02
1.796653767411944003e+01 4.312703620565788015e-02
1.821765658501893270e+01 4.151637020332294564e-02
1.847053788120423334e+01 4.025822954717932917e-02
1.872257696809484173e+01 3.872739644994607072e-02
1.897394097105746269e+01 3.739871175868334646e-02
1.922542454726159988e+01 3.591757242625395058e-02
1.947607703355479103e+01 3.457838443382008076e-02
1.972678839839982601e+01 3.354460511885890006e-02
1.997802698857814363e+01 3.238537750349960997e-02
2.022863620534168660e+01 3.094875817987157926e-02
2.047969598507238231e+01 3.037396126318382683e-02
2.073250439107362553e+01 2.936012135538634132e-02
2.098435855211640089e+01 2.853042634648546294e-02
2.123502923393334640e+01 2.746602675026154489e-02
2.148629411178690773e+01 2.658463600558112760e-02
2.173831825513516591e+01 2.568398561604292793e-02
2.198972260956887226e+01 2.510032755423397682e-02
2.223974971000711420e+01 2.427283577569597575e-02
2.249141870643862973e+01 2.371196594180268596e-02
2.274404614890906373e+01 2.302560112762901817e-02
2.299521835768831579e+01 2.233638628775856672e-02
2.324620084136223852e+01 2.150082593155235727e-02
2.349757798664387209e+01 2.091224367240229753e-02
2.374870488118759937e+01 2.045677814169801628e-02
2.399988781917473091e+01 1.976115157033868364e-02
2.425071646049711305e+01 1.929911770445467273e-02
2.450187830577813841e+01 1.866638088675310475e-02
2.475391093216606109e+01 1.830835240485490303e-02
2.500524226975159792e+01 1.763611716447555100e-02
2.525610980153284402e+01 1.732232001205178534e-02
2.550801425092822328e+01 1.684402532172273037e-02
2.575943113325822864e+01 1.654296618911491046e-02
2.601074166866445125e+01 1.606708370185840756e-02
2.626234447079615464e+01 1.549341152665080143e-02
2.651347712943701751e+01 1.512645919805651919e-02
2.676474177984877656e+01 1.477134907250072030e-02
2.701628079430242479e+01 1.437853757988965565e-02
2.726734205837282232e+01 1.406678999056276344e-02
2.751837013544679422e+01 1.366574428202816695e-02
2.776937726815812724e+01 1.347390879093682096e-02
2.802070160973895341e+01 1.314159707107462501e-02
2.827249982643487058e+01 1.272347288139893604e-02
2.852407603869968966e+01 1.246223988251011702e-02
2.877567300468570721e+01 1.220299357855638388e-02
2.902733523039245256e+01 1.184081116721075883e-02
2.927861073083739996e+01 1.168963367022554656e-02
2.953003196193969160e+01 1.134543102722662851e-02
2.978106336846375157e+01 1.110151203168516579e-02
3.003148440777084716e+01 1.085963098027638123e-02
3.028303386126418673e+01 1.055844827174365515e-02
3.053456493440382857e+01 1.032859530836928615e-02
3.078585183944906944e+01 1.016651554882066523e-02
3.103757946070165730e+01 9.893189009267356129e-03
3.128931656795834826e+01 9.723942106399867391e-03
3.154125974608096428e+01 9.420706813757572656e-03
3.179158626791808828e+01 9.294943197550383993e-03
3.204196438636942190e+01 9.058877503560571615e-03
3.229344668057169798e+01 8.907111603031977326e-03
3.254489998018084407e+01 8.738925574263234006e-03
3.279660140319880668e+01 8.566555424999348217e-03
3.304772754686901237e+01 8.350318373551946990e-03
3.329949953441923327e+01 8.215643526553609646e-03
3.355173249539067371e+01 8.033085959038895746e-03
3.380235474142784824e+01 7.878615534660887015e-03
3.405292218889088218e+01 7.687150518834195458e-03
3.430455901572810262e+01 7.565620594052929575e-03
3.455605119154291316e+01 7.417622132471460468e-03
3.480708698418615654e+01 7.293525521354150311e-03
3.505823042281740243e+01 7.137786740094930783e-03
3.530983122122644602e+01 7.010847397025767903e-03
3.556111974160763367e+01 6.891532100178639382e-03
3.581195885960364933e+01 6.682365795258040850e-03
3.606348577968052638e+01 6.630704723013116676e-03
3.631495136683125935e+01 6.510189814456871296e-03
3.656646781331610185e+01 6.373941548154445601e-03
3.681800948534306173e+01 6.245992347280774140e-03
3.706942350460822411e+01 6.126623663403264058e-03
3.732119977997001570e+01 6.055373934043167643e-03
3.757249197135423202e+01 5.930040073068776861e-03
3.782324055213251057e+01 5.825373553177162073e-03
3.807430609684078604e+01 5.714584141834423529e-03
3.832526519371521090e+01 5.579903851574374157e-03
3.857704530181875668e+01 5.493068033344603376e-03
3.882896255048217427e+01 5.358970437272889999e-03
3.907976684424035341e+01 5.310002824257388336e-03
3.933085588900704010e+01 5.248061144021479683e-03
3.958184533965361140e+01 5.099637039287814068e-03
3.983320492881626507e+01 5.021594464146611654e-03
4.008506787586624398e+01 4.961919277803344096e-03
4.033569471078550350e+01 4.885679205160062093e-03
4.058701345074587863e+01 4.782427349110324535e-03
4.083916815834436420e+01 4.702831504637921926e-03
4.108978611092747713e+01 4.620234663211841321e-03
4.134119394692694271e+01 4.547630271835387088e-03
4.159372926482761557e+01 4.481922918835293604e-03
4.184480996230068683e+01 4.403487617641169312e-03
4.209495048714620680e+01 4.336959077734591807e-03
4.234568601474854432e+01 4.287037518864523881e-03
4.259794184898333214e+01 4.222446281416911834e-03
4.284922176444433717e+01 4.135940328148826096e-03
4.309982534096671003e+01 4.063149521432213654e-03
4.335153475414617930e+01 4.035947381470387195e-03
4.360374984514007224e+01 3.942122955880053223e-03
4.385432838732079830e+01 3.868070276429797383e-03
4.410529766549178277e+01 3.794711799802538959e-03
4.435675536456894008e+01 3.776364933665732337e-03
4.460756668584335927e+01 3.710523043106604517e-03
4.485812369927145937e+01 3.672515318165649970e-03
4.510933196139897206e+01 3.604928989057052269e-03
4.536097672816924131e+01 3.540287736015214955e-03
4.561261869099184452e+01 3.489262279727050903e-03
4.586346064304911607e+01 3.420948059393011820e-03
4.611435299895526185e+01 3.387890765060649987e-03
4.636610302009028572e+01 3.354215661207222889e-03
4.661726081402038346e+01 3.261936118518081636e-03
4.686748045926628237e+01 3.227232117358182651e-03
4.712001000143001761e+01 3.209338853011977407e-03
4.737334269293729960e+01 3.164198022051415392e-03
4.762357272554871912e+01 3.124658917537421685e-03
4.787295862859781437e+01 3.038509797639686941e-03
4.812686710231834297e+01 3.043795894715730938e-03
4.837988354528783930e+01 2.957372780438685678e-03
4.862698975964909209e+01 2.941138925960680352e-03
4.887931961662670233e+01 2.937702739595401784e-03
4.913512531690142282e+01 2.834808010737188775e-03
4.938486646957150583e+01 2.858482438506723851e-03
4.963073103205424985e+01 2.775495346646463489e-03
4.988316058859187763e+01 2.770883340283149341e-03
5.013927392651110893e+01 2.764711091372529760e-03
5.038898445289544270e+01 2.690412681172189499e-03
5.063791314200675941e+01 2.653955693693936871e-03
5.089234515763529032e+01 2.552034463787954122e-03
5.114529266359630810e+01 2.522482845622999511e-03
5.138952878242714206e+01 2.532632871877591764e-03
5.163945178601188246e+01 2.448469182335145239e-03
5.190206698624180603e+01 2.459611124887854400e-03
5.215590084722179398e+01 2.414282547301001194e-03
5.238680673191466042e+01 2.349745845935704604e-03
5.263532591009818873e+01 2.440396586257641016e-03
5.290823119436031874e+01 2.372651877864906996e-03
5.316882575050344428e+01 2.460898645418635195e-03
5.338513341050097694e+01 2.252694994085734700e-03
5.363212510227822349e+01 2.157391908790076869e-03
5.391615723351310407e+01 2.214134403298209045e-03
5.419187693011466678e+01 2.152824842956294841e-03
5.439722241285236493e+01 1.924663258682130689e-03
5.462806064877949552e+01 2.112391192019920719e-03
5.491241494336609463e+01 2.196057023988314330e-03
5.519421446932921782e+01 1.447452977658099339e-03
5.543046826972861396e+01 1.240071849413624432e-03
5.561137265256709128e+01 1.698486807459013634e-03
