3.559856489878782115e-01 5.815875471387054176e+02
6.031648866026231293e-01 1.421548114609455524e+02
8.579160745827347778e-01 9.727046798017939011e+01
1.113464310595710716e+00 4.576418676655494977e+01
1.374039914321364408e+00 3.182490668674596535e+01
1.619154704570298309e+00 2.176791171674140557e+01
1.870686673430271840e+00 1.389403970978313119e+01
2.123290040706380832e+00 1.105063242633442755e+01
2.378144976376236119e+00 8.016472193619449627e+00
2.630489925835516996e+00 6.238896705273182519e+00
2.878653162679494670e+00 4.825923737121748047e+00
3.131144366275339319e+00 4.201953209910889164e+00
3.388159578333816313e+00 3.338061949949611140e+00
3.638741848210948149e+00 2.742865756735650695e+00
3.888315910732085268e+00 2.252525729286389389e+00
4.139052155837465996e+00 1.977546715545135392e+00
4.390305777018236988e+00 1.715000909753395364e+00
4.642172339120373081e+00 1.463364756260951971e+00
4.894678666149941293e+00 1.303100293496878059e+00
5.147269052361176378e+00 1.103334209983122038e+00
5.398003206656323272e+00 9.946099731589365112e-01
5.647798235368590269e+00 8.913831181062631392e-01
5.900534302989873581e+00 8.124923911342446514e-01
6.151460297009074374e+00 7.439369144504215381e-01
6.402630176204441526e+00 6.478745878954725868e-01
6.655964674748322096e+00 5.972637073577649058e-01
6.908782583105771202e+00 5.279447692338254949e-01
7.159060853508338873e+00 4.941942050248642193e-01
7.409414762591408632e+00 4.418685721216631390e-01
7.659227149364629561e+00 4.085509576035583623e-01
7.911559474606142395e+00 3.747502331964822075e-01
8.163750941790897997e+00 3.470188595157054912e-01
8.415757210439384295e+00 3.157063079898281277e-01
8.667638839289207198e+00 2.920547753854383921e-01
8.918801124864609520e+00 2.690886400526650846e-01
9.170480108345369530e+00 2.583151081673962235e-01
9.420566033467249412e+00 2.392014702087873201e-01
9.671642335271435797e+00 2.196234438342670181e-01
9.923426157758477473e+00 2.081155854483972834e-01
1.017396902749181820e+01 1.913317348020016628e-01
1.042533700753922155e+01 1.859765323111255420e-01
1.067702948358784276e+01 1.722232613396207923e-01
1.092969337256462303e+01 1.601064763538244118e-01
1.118211872033766419e+01 1.493206193309669638e-01
1.143346516925797296e+01 1.424391951882455765e-01
1.168350508557724687e+01 1.357714781221624478e-01
1.193379937775929100e+01 1.293832825551724797e-01
1.218553055762879112e+01 1.202166774672444594e-01
1.243711650801278878e+01 1.126800788192609398e-01
1.268867268647359303e+01 1.092661692969700699e-01
1.294075027177769144e+01 1.025115538810661975e-01
1.319267287020158363e+01 9.691533594400855711e-02
1.344470571782862756e+01 9.334527139173760812e-02
1.369480150283709641e+01 8.880144751400456671e-02
1.394591277066507828e+01 8.445666990255989992e-02
1.419764645764527167e+01 7.994652992314434103e-02
1.444766774168416212e+01 7.625124840289991546e-02
1.469906835825429070e+01 7.342184324495044934e-02
1.495059118111036511e+01 7.026713418270844058e-02
1.520261612590052991e+01 6.697887414110575977e-02
1.545415944503929495e+01 6.501191956289814611e-02
1.570456072545780124e+01 6.162564339348759745e-02
1.595705800128773966e+01 5.879886235880586037e-02
1.620829297830731619e+01 5.626153091238422083e-02
1.645966591028190962e+01 5.431099687225302008e-02
1.671125708846596325e+01 5.201517221621197729e-02
1.696160259490052624e+01 5.020561389702412475e-02
1.721370276108077135e+01 4.826017445297298147e-02
1.746543424102250341e+01 4.624472096050584458e-02
1.771598473288305442e+01 4.473444571066907682e-02
1.796653767411944003e+01 4.284683138579331585e-02
1.821765658501893270e+01 4.135663748980267923e-02
1.847053788120423334e+01 4.016679990326583322e-02
1.872257696809484173e+01 3.862428080746337089e-02
1.897394097105746269e+01 3.720455696843858601e-02
1.922542454726159988e+01 3.602183669504621655e-02
1.947607703355479103e+01 3.469989586664876113e-02
1.972678839839982601e+01 3.364123357466194258e-02
1.997802698857814363e+01 3.216814700693122059e-02
2.022863620534168660e+01 3.160554627851922677e-02
2.047969598507238231e+01 3.059138326333458655e-02
2.073250439107362553e+01 2.930680388871037198e-02
2.098435855211640089e+01 2.865819532678655010e-02
2.123502923393334640e+01 2.764151538797612537e-02
2.148629411178690773e+01 2.664080986985931446e-02
2.173831825513516591e+01 2.569060430874315140e-02
2.198972260956887226e+01 2.503850678943681310e-02
2.223974971000711420e+01 2.424883886070521022e-02
2.249141870643862973e+01 2.371901778539156277e-02
2.274404614890906373e+01 2.285793219660887249e-02
2.299521835768831579e+01 2.255947358830905428e-02
2.324620084136223852e+01 2.167757324444302344e-02
2.349757798664387209e+01 2.090419003398700029e-02
2.374870488118759937e+01 2.030423069681980622e-02
2.399988781917473091e+01 1.975121336503352434e-02
2.425071646049711305e+01 1.924678710054050779e-02
2.450187830577813841e+01 1.881169087989211647e-02
2.475391093216606109e+01 1.829941502484837973e-02
2.500524226975159792e+01 1.782350569224953885e-02
2.525610980153284402e+01 1.732195846468526437e-02
2.550801425092822328e+01 1.683037207505271721e-02
2.575943113325822864e+01 1.636479264851145934e-02
2.601074166866445125e+01 1.602077761900796982e-02
2.626234447079615464e+01 1.559445800654991887e-02
2.651347712943701751e+01 1.527793198847673950e-02
2.676474177984877656e+01 1.479120827258708151e-02
2.701628079430242479e+01 1.456523688544096584e-02
2.726734205837282232e+01 1.410868007315766413e-02
2.751837013544679422e+01 1.369758446776050791e-02
2.776937726815812724e+01 1.346118027275997747e-02
2.802070160973895341e+01 1.309243636315341776e-02
2.827249982643487058e+01 1.276972047063057447e-02
2.852407603869968966e+01 1.247402619986459453e-02
2.877567300468570721e+01 1.212512529152544663e-02
2.902733523039245256e+01 1.191673130403105192e-02
2.927861073083739996e+01 1.162043978476308068e-02
2.953003196193969160e+01 1.132506243955896594e-02
2.978106336846375157e+01 1.110787289649329407e-02
3.003148440777084716e+01 1.089175972805063453e-02
3.028303386126418673e+01 1.058326942176439876e-02
3.053456493440382857e+01 1.036744374897423382e-02
3.078585183944906944e+01 1.016505713743375873e-02
3.103757946070165730e+01 9.928251840870537179e-03
3.128931656795834826e+01 9.737731603494486493e-03
3.154125974608096428e+01 9.508818578878721478e-03
3.179158626791808828e+01 9.344561595765856279e-03
3.204196438636942190e+01 9.095635188043845604e-03
3.229344668057169798e+01 8.900119240781944469e-03
3.254489998018084407e+01 8.785883383447889300e-03
3.279660140319880668e+01 8.577592258688888222e-03
3.304772754686901237e+01 8.392313521215633357e-03
3.329949953441923327e+01 8.235489038332721029e-03
3.355173249539067371e+01 8.029630383357546503e-03
3.380235474142784824e+01 7.891439343893278530e-03
3.405292218889088218e+01 7.710015139814775827e-03
3.430455901572810262e+01 7.556356076132789493e-03
3.455605119154291316e+01 7.432218598455788382e-03
3.480708698418615654e+01 7.314092666720522010e-03
3.505823042281740243e+01 7.141574890179035011e-03
3.530983122122644602e+01 7.013583954015396513e-03
3.556111974160763367e+01 6.881035444199128624e-03
3.581195885960364933e+01 6.696950260910042828e-03
3.606348577968052638e+01 6.584810607886538818e-03
3.631495136683125935e+01 6.501234235301729322e-03
3.656646781331610185e+01 6.390992165651742177e-03
3.681800948534306173e+01 6.245717032433356804e-03
3.706942350460822411e+01 6.146904412568425513e-03
3.732119977997001570e+01 5.997363588306854100e-03
3.757249197135423202e+01 5.895381039394148419e-03
3.782324055213251057e+01 5.795351272676878274e-03
3.807430609684078604e+01 5.708303792373550095e-03
3.832526519371521090e+01 5.589290349877079796e-03
3.857704530181875668e+01 5.487486502924115300e-03
3.882896255048217427e+01 5.391846951284865602e-03
3.907976684424035341e+01 5.317410800038175310e-03
3.933085588900704010e+01 5.233730877547731336e-03
3.958184533965361140e+01 5.137684368171057010e-03
3.983320492881626507e+01 5.030907734026183846e-03
4.008506787586624398e+01 4.957980406824561738e-03
4.033569471078550350e+01 4.881286230909873125e-03
4.058701345074587863e+01 4.783436251154463831e-03
4.083916815834436420e+01 4.707116909092447059e-03
4.108978611092747713e+01 4.638173015247893001e-03
4.134119394692694271e+01 4.552054561871475384e-03
4.159372926482761557e+01 4.463948918551100334e-03
4.184480996230068683e+01 4.397403670251934932e-03
4.209495048714620680e+01 4.318746755826450949e-03
4.234568601474854432e+01 4.303543037784429183e-03
4.259794184898333214e+01 4.208298991784749019e-03
4.284922176444433717e+01 4.153586415931792390e-03
4.309982534096671003e+01 4.061908343465292157e-03
4.335153475414617930e+01 4.017146859810663724e-03
4.360374984514007224e+01 3.986009251607866045e-03
4.385432838732079830e+01 3.879482953407345329e-03
4.410529766549178277e+01 3.816567427750178904e-03
4.435675536456894008e+01 3.732643123021048542e-03
4.460756668584335927e+01 3.672622010585606563e-03
4.485812369927145937e+01 3.648194251680461197e-03
4.510933196139897206e+01 3.600067945742803713e-03
4.536097672816924131e+01 3.555738082726626892e-03
4.561261869099184452e+01 3.491771668740577522e-03
4.586346064304911607e+01 3.400872888457467415e-03
4.611435299895526185e+01 3.391571046566400818e-03
4.636610302009028572e+01 3.312565645341482463e-03
4.661726081402038346e+01 3.300141810287691036e-03
4.686748045926628237e+01 3.185588752131196782e-03
4.712001000143001761e+01 3.170879220889876414e-03
4.737334269293729960e+01 3.145055588897889120e-03
4.762357272554871912e+01 3.077958247358288362e-03
4.787295862859781437e+01 3.090408310987186741e-03
4.812686710231834297e+01 3.014360525035007007e-03
4.837988354528783930e+01 2.971494359393194763e-03
4.862698975964909209e+01 2.930347157356626240e-03
4.887931961662670233e+01 2.875874228950268952e-03
4.913512531690142282e+01 2.851453858840378042e-03
4.938486646957150583e+01 2.786828941088618367e-03
4.963073103205424985e+01 2.765543789983429881e-03
4.988316058859187763e+01 2.695677375086409037e-03
5.013927392651110893e+01 2.679254507238213508e-03
5.038898445289544270e+01 2.624547767985773578e-03
5.063791314200675941e+01 2.606871193294542886e-03
5.089234515763529032e+01 2.514964931568447991e-03
5.114529266359630810e+01 2.560971707889603266e-03
5.138952878242714206e+01 2.520422718739379671e-03
5.163945178601188246e+01 2.487289071206356950e-03
5.190206698624180603e+01 2.540406684117486012e-03
5.215590084722179398e+01 2.454146042098945789e-03
5.238680673191466042e+01 2.361546464551225570e-03
5.263532591009818873e+01 2.400552741091826169e-03
5.290823119436031874e+01 2.251846064880449159e-03
5.316882575050344428e+01 2.311366564838201847e-03
5.338513341050097694e+01 2.373884911976443298e-03
5.363212510227822349e+01 2.354491691587811547e-03
5.391615723351310407e+01 2.107746803308714872e-03
5.419187693011466678e+01 1.933449071052197607e-03
5.439722241285236493e+01 2.037439610676382122e-03
5.462806064877949552e+01 2.029832129375230224e-03
5.491241494336609463e+01 1.800684498393849073e-03
5.519421446932921782e+01 1.892033503854538817e-03
5.543046826972861396e+01 2.797651291694156633e-03
5.561137265256709128e+01 2.943272015573686253e-03
