3.559856489878782115e-01 5.179876357081946026e+02
6.031648866026231293e-01 2.049166101998242766e+02
8.579160745827347778e-01 9.736085841301672872e+01
1.113464310595710716e+00 4.949139325500718201e+01
1.374039914321364408e+00 3.047917730440468986e+01
1.619154704570298309e+00 2.047726910638276721e+01
1.870686673430271840e+00 1.495672466136115197e+01
2.123290040706380832e+00 1.042105440358712976e+01
2.378144976376236119e+00 8.259869325646704397e+00
2.630489925835516996e+00 6.355548736025525614e+00
2.878653162679494670e+00 5.089593631840524601e+00
3.131144366275339319e+00 4.057157761073462154e+00
3.388159578333816313e+00 3.485615096529310009e+00
3.638741848210948149e+00 2.857765933304341477e+00
3.888315910732085268e+00 2.257156149133865863e+00
4.139052155837465996e+00 1.943237018426828167e+00
4.390305777018236988e+00 1.701264964720447415e+00
4.642172339120373081e+00 1.438797679063547941e+00
4.894678666149941293e+00 1.261245795133706160e+00
5.147269052361176378e+00 1.152862634621792948e+00
5.398003206656323272e+00 1.004874453238259635e+00
5.647798235368590269e+00 9.158898602950742429e-01
5.900534302989873581e+00 7.862668581957961145e-01
6.151460297009074374e+00 7.215691985570081846e-01
6.402630176204441526e+00 6.372343350705618192e-01
6.655964674748322096e+00 5.963195968993001417e-01
6.908782583105771202e+00 5.303528522428785363e-01
7.159060853508338873e+00 4.864016925321900664e-01
7.409414762591408632e+00 4.390482528844982801e-01
7.659227149364629561e+00 4.078493752387433169e-01
7.911559474606142395e+00 3.724000799798039552e-01
8.163750941790897997e+00 3.461899379265489518e-01
8.415757210439384295e+00 3.243735034394901184e-01
8.667638839289207198e+00 2.993173030731967610e-01
8.918801124864609520e+00 2.804817204152206256e-01
9.170480108345369530e+00 2.526408325647004349e-01
9.420566033467249412e+00 2.351376952683165433e-01
9.671642335271435797e+00 2.235582217799056415e-01
9.923426157758477473e+00 2.030653219205769688e-01
1.017396902749181820e+01 1.942513712656600000e-01
1.042533700753922155e+01 1.797402661788138623e-01
1.067702948358784276e+01 1.721766841257306169e-01
1.092969337256462303e+01 1.602297230995003430e-01
1.118211872033766419e+01 1.491864958458170021e-01
1.143346516925797296e+01 1.438831674421464091e-01
1.168350508557724687e+01 1.348712079725862545e-01
1.193379937775929100e+01 1.290641897536876359e-01
1.218553055762879112e+01 1.207131186658939037e-01
1.243711650801278878e+01 1.131252784954794449e-01
1.268867268647359303e+01 1.068766571095537271e-01
1.294075027177769144e+01 1.033201288583545929e-01
1.319267287020158363e+01 9.650431288422807452e-02
1.344470571782862756e+01 9.295736531437459593e-02
1.369480150283709641e+01 8.920615175628561488e-02
1.394591277066507828e+01 8.431111931215604094e-02
1.419764645764527167e+01 8.116615202736741919e-02
1.444766774168416212e+01 7.705634451637398408e-02
1.469906835825429070e+01 7.359893894106449286e-02
1.495059118111036511e+01 7.037902202348127190e-02
1.520261612590052991e+01 6.643545002390766063e-02
1.545415944503929495e+01 6.423102013089627971e-02
1.570456072545780124e+01 6.201188317401215566e-02
1.595705800128773966e+01 5.917069678303261276e-02
1.620829297830731619e+01 5.643349877004291693e-02
1.645966591028190962e+01 5.432437980463488553e-02
1.671125708846596325e+01 5.228754349277226626e-02
1.696160259490052624e+01 5.035549133252946452e-02
1.721370276108077135e+01 4.832081840986161142e-02
1.746543424102250341e+01 4.581581080092034935e-02
1.771598473288305442e+01 4.466397012428906244e-02
1.796653767411944003e+01 4.342056984484560928e-02
1.821765658501893270e+01 4.155407555854652435e-02
1.847053788120423334e+01 4.021062789479293298e-02
1.872257696809484173e+01 3.902253558544295509e-02
1.897394097105746269e+01 3.726147125724645764e-02
1.922542454726159988e+01 3.580569083902421235e-02
1.947607703355479103e+01 3.509489712150162810e-02
1.972678839839982601e+01 3.357899488980915781e-02
1.997802698857814363e+01 3.245223623077564401e-02
2.022863620534168660e+01 3.153746652078624757e-02
2.047969598507238231e+01 3.036291166349597628e-02
2.073250439107362553e+01 2.945443574943483467e-02
2.098435855211640089e+01 2.833246113474136366e-02
2.123502923393334640e+01 2.749131880545714959e-02
2.148629411178690773e+01 2.659373334008887854e-02
2.173831825513516591e+01 2.594185705675935288e-02
2.198972260956887226e+01 2.505790662464075363e-02
2.223974971000711420e+01 2.462683435035334378e-02
2.249141870643862973e+01 2.363406320726872331e-02
2.274404614890906373e+01 2.297770240249872795e-02
2.299521835768831579e+01 2.219811762869659116e-02
2.324620084136223852e+01 2.171477119401774014e-02
2.349757798664387209e+01 2.104212201621864092e-02
2.374870488118759937e+01 2.033520671017918086e-02
2.399988781917473091e+01 1.986281202465518467e-02
2.425071646049711305e+01 1.939227495084204500e-02
2.450187830577813841e+01 1.881941838402538883e-02
2.475391093216606109e+01 1.842449243691147986e-02
2.500524226975159792e+01 1.777242114836361311e-02
2.525610980153284402e+01 1.723773780208015527e-02
2.550801425092822328e+01 1.682133722414725849e-02
2.575943113325822864e+01 1.642408879743246022e-02
2.601074166866445125e+01 1.602585184419432970e-02
2.626234447079615464e+01 1.562206553930360446e-02
2.651347712943701751e+01 1.522404359058412808e-02
2.676474177984877656e+01 1.474903279820798455e-02
2.701628079430242479e+01 1.451903040363273882e-02
2.726734205837282232e+01 1.403536989147521029e-02
2.751837013544679422e+01 1.371258773962267218e-02
2.776937726815812724e+01 1.337126862197128216e-02
2.802070160973895341e+01 1.311250659319781325e-02
2.827249982643487058e+01 1.279478502533721099e-02
2.852407603869968966e+01 1.246453334408130845e-02
2.877567300468570721e+01 1.221632585223664594e-02
2.902733523039245256e+01 1.185413115651440252e-02
2.927861073083739996e+01 1.161217487479452443e-02
2.953003196193969160e+01 1.134608823874077958e-02
2.978106336846375157e+01 1.111875789925928504e-02
3.003148440777084716e+01 1.079069864866537276e-02
3.028303386126418673e+01 1.062923454107576014e-02
3.053456493440382857e+01 1.031166858375118581e-02
3.078585183944906944e+01 1.015023252328940001e-02
3.103757946070165730e+01 9.905458052239902306e-03
3.128931656795834826e+01 9.736848946576554323e-03
3.154125974608096428e+01 9.531289709244522568e-03
3.179158626791808828e+01 9.310526872828054148e-03
3.204196438636942190e+01 9.141827200492561728e-03
3.229344668057169798e+01 8.910817136973123512e-03
3.254489998018084407e+01 8.745834032252885332e-03
3.279660140319880668e+01 8.537305140159668834e-03
3.304772754686901237e+01 8.359514136966578884e-03
3.329949953441923327e+01 8.211137069787042761e-03
3.355173249539067371e+01 8.019505612991778554e-03
3.380235474142784824e+01 7.886761292666851636e-03
3.405292218889088218e+01 7.703308299173888644e-03
3.430455901572810262e+01 7.561213686811664621e-03
3.455605119154291316e+01 7.459688210141758938e-03
3.480708698418615654e+01 7.285481853626838387e-03
3.505823042281740243e+01 7.079562669659538073e-03
3.530983122122644602e+01 6.964456541914454228e-03
3.556111974160763367e+01 6.902415272890079743e-03
3.581195885960364933e+01 6.732589040234795291e-03
3.606348577968052638e+01 6.610383634636837931e-03
3.631495136683125935e+01 6.480886512625810662e-03
3.656646781331610185e+01 6.389468394191378034e-03
3.681800948534306173e+01 6.203404650917873457e-03
3.706942350460822411e+01 6.148095200658581887e-03
3.732119977997001570e+01 5.999479032749742424e-03
3.757249197135423202e+01 5.896228413867087188e-03
3.782324055213251057e+01 5.804097843568851306e-03
3.807430609684078604e+01 5.709027884187359812e-03
3.832526519371521090e+01 5.565815337147840026e-03
3.857704530181875668e+01 5.474271707552742262e-03
3.882896255048217427e+01 5.422985110430588243e-03
3.907976684424035341e+01 5.320848312191156157e-03
3.933085588900704010e+01 5.216805052796403240e-03
3.958184533965361140e+01 5.136156146410479455e-03
3.983320492881626507e+01 5.030793131283619810e-03
4.008506787586624398e+01 4.956430410631304517e-03
4.033569471078550350e+01 4.826547288125006101e-03
4.058701345074587863e+01 4.800876438694040224e-03
4.083916815834436420e+01 4.707514121405366112e-03
4.108978611092747713e+01 4.612332114299685405e-03
4.134119394692694271e+01 4.565199676192235705e-03
4.159372926482761557e+01 4.488812220279007718e-03
4.184480996230068683e+01 4.416924273875725074e-03
4.209495048714620680e+01 4.366513551739122957e-03
4.234568601474854432e+01 4.275790645592680676e-03
4.259794184898333214e+01 4.180225948677210659e-03
4.284922176444433717e+01 4.172351501888812986e-03
4.309982534096671003e+01 4.073839044285503322e-03
4.335153475414617930e+01 3.981403623766506007e-03
4.360374984514007224e+01 3.924875321581963727e-03
4.385432838732079830e+01 3.925009262245630730e-03
4.410529766549178277e+01 3.845328909604765061e-03
4.435675536456894008e+01 3.766788120890098360e-03
4.460756668584335927e+01 3.725511502962034795e-03
4.485812369927145937e+01 3.659772093251036171e-03
4.510933196139897206e+01 3.618718009081607363e-03
4.536097672816924131e+01 3.525364241408469618e-03
4.561261869099184452e+01 3.468182321925480406e-03
4.586346064304911607e+01 3.415523953119376562e-03
4.611435299895526185e+01 3.348265088153871364e-03
4.636610302009028572e+01 3.316830109086227676e-03
4.661726081402038346e+01 3.292430377331368677e-03
4.686748045926628237e+01 3.218915915074811208e-03
4.712001000143001761e+01 3.214524152655361729e-03
4.737334269293729960e+01 3.142772842057436639e-03
4.762357272554871912e+01 3.068287162801786646e-03
4.787295862859781437e+01 3.061063182667092108e-03
4.812686710231834297e+01 3.026977727512550776e-03
4.837988354528783930e+01 2.898452628818377289e-03
4.862698975964909209e+01 2.951526510244472431e-03
4.887931961662670233e+01 2.885681703197033772e-03
4.913512531690142282e+01 2.836283360551580986e-03
4.938486646957150583e+01 2.783225842691714868e-03
4.963073103205424985e+01 2.860928631742522439e-03
4.988316058859187763e+01 2.783415151042577338e-03
5.013927392651110893e+01 2.671000946281933651e-03
5.038898445289544270e+01 2.653326402673371765e-03
5.063791314200675941e+01 2.642271103289453235e-03
5.089234515763529032e+01 2.572290599317641167e-03
5.114529266359630810e+01 2.548821879156206328e-03
5.138952878242714206e+01 2.556567078221542132e-03
5.163945178601188246e+01 2.419239872942044282e-03
5.190206698624180603e+01 2.439966502238058443e-03
5.215590084722179398e+01 2.410271134892767383e-03
5.238680673191466042e+01 2.230938200066819033e-03
5.263532591009818873e+01 2.299396138647591663e-03
5.290823119436031874e+01 2.327322745117160838e-03
5.316882575050344428e+01 2.416315061979308447e-03
5.338513341050097694e+01 2.240885151125548459e-03
5.363212510227822349e+01 2.346747169934455552e-03
5.391615723351310407e+01 2.250239584393907630e-03
5.419187693011466678e+01 2.178784701833373118e-03
5.439722241285236493e+01 2.054884748789541967e-03
5.462806064877949552e+01 2.226150137874922941e-03
5.491241494336609463e+01 2.388869081150945400e-03
5.519421446932921782e+01 1.558608117844594064e-03
5.543046826972861396e+01 1.265892741677442351e-03
5.561137265256709128e+01 1.471546641166790893e-03
