3.559856489878782115e-01 6.550016667447849841e+02
6.031648866026231293e-01 2.396383109459110017e+02
8.579160745827347778e-01 1.066124992333841988e+02
1.113464310595710716e+00 5.526959776936467250e+01
1.374039914321364408e+00 3.056128303969807902e+01
1.619154704570298309e+00 2.008872042198736807e+01
1.870686673430271840e+00 1.460141250808096025e+01
2.123290040706380832e+00 9.589369642326911247e+00
2.378144976376236119e+00 8.425213126721086354e+00
2.630489925835516996e+00 6.049250145651907218e+00
2.878653162679494670e+00 4.827384315852842001e+00
3.131144366275339319e+00 4.190318821076580491e+00
3.388159578333816313e+00 3.305147596442489899e+00
3.638741848210948149e+00 2.980769143843386981e+00
3.888315910732085268e+00 2.367761102549822194e+00
4.139052155837465996e+00 1.887753174102859255e+00
4.390305777018236988e+00 1.693479602951047935e+00
4.642172339120373081e+00 1.500710751493538941e+00
4.894678666149941293e+00 1.308985655461959441e+00
5.147269052361176378e+00 1.148080026495305495e+00
5.398003206656323272e+00 1.034443532929314236e+00
5.647798235368590269e+00 8.994476583656618729e-01
5.900534302989873581e+00 8.187834303473190412e-01
6.151460297009074374e+00 7.131197463882591459e-01
6.402630176204441526e+00 6.573342432359802201e-01
6.655964674748322096e+00 5.851520759351872547e-01
6.908782583105771202e+00 5.320345910056464289e-01
7.159060853508338873e+00 4.901904512934123770e-01
7.409414762591408632e+00 4.529496816454868235e-01
7.659227149364629561e+00 4.054663169248465815e-01
7.911559474606142395e+00 3.676231699084279159e-01
8.163750941790897997e+00 3.405178155355641501e-01
8.415757210439384295e+00 3.181424343208926198e-01
8.667638839289207198e+00 2.951196689623266645e-01
8.918801124864609520e+00 2.767813046965942325e-01
9.170480108345369530e+00 2.554168062051683230e-01
9.420566033467249412e+00 2.353416690477666273e-01
9.671642335271435797e+00 2.234308653964891533e-01
9.923426157758477473e+00 2.108243392103254510e-01
1.017396902749181820e+01 1.973912638781042395e-01
1.042533700753922155e+01 1.815984534525619254e-01
1.067702948358784276e+01 1.704177868633405535e-01
1.092969337256462303e+01 1.611380432847824562e-01
1.118211872033766419e+01 1.529371208543168770e-01
1.143346516925797296e+01 1.421631934678553033e-01
1.168350508557724687e+01 1.344624722376827897e-01
1.193379937775929100e+01 1.269329517109863692e-01
1.218553055762879112e+01 1.213358641744381877e-01
1.243711650801278878e+01 1.147701385064909402e-01
1.268867268647359303e+01 1.093129620265850255e-01
1.294075027177769144e+01 1.044120060972444086e-01
1.319267287020158363e+01 9.744577742383908614e-02
1.344470571782862756e+01 9.406574696435897331e-02
1.369480150283709641e+01 8.875462371610205736e-02
1.394591277066507828e+01 8.459926832993025503e-02
1.419764645764527167e+01 8.122329869976521732e-02
1.444766774168416212e+01 7.672474814206992066e-02
1.469906835825429070e+01 7.332578196792796654e-02
1.495059118111036511e+01 6.980584302752898540e-02
1.520261612590052991e+01 6.772228416067076207e-02
1.545415944503929495e+01 6.436686267503494152e-02
1.570456072545780124e+01 6.088306687148257318e-02
1.595705800128773966e+01 5.963258759486325666e-02
1.620829297830731619e+01 5.718160574172596183e-02
1.645966591028190962e+01 5.429950930239449414e-02
1.671125708846596325e+01 5.249427289685976161e-02
1.696160259490052624e+01 5.041439191461881408e-02
1.721370276108077135e+01 4.811119850261316722e-02
1.746543424102250341e+01 4.678022708380504685e-02
1.771598473288305442e+01 4.491632279342738787e-02
1.796653767411944003e+01 4.274323726463596929e-02
1.821765658501893270e+01 4.121005516645078609e-02
1.847053788120423334e+01 4.008175379977572950e-02
1.872257696809484173e+01 3.894435702616218936e-02
1.897394097105746269e+01 3.733188307206414952e-02
1.922542454726159988e+01 3.552841970836791846e-02
1.947607703355479103e+01 3.474628924257386342e-02
1.972678839839982601e+01 3.373005285302389106e-02
1.997802698857814363e+01 3.277808566032724968e-02
2.022863620534168660e+01 3.138268440563417999e-02
2.047969598507238231e+01 3.035522820504256425e-02
2.073250439107362553e+01 2.923160849720786783e-02
2.098435855211640089e+01 2.842518904895061094e-02
2.123502923393334640e+01 2.762251818817583818e-02
2.148629411178690773e+01 2.662958638636778869e-02
2.173831825513516591e+01 2.588889586084066122e-02
2.198972260956887226e+01 2.531529259534183104e-02
2.223974971000711420e+01 2.429834564272520536e-02
2.249141870643862973e+01 2.352004402673580491e-02
2.274404614890906373e+01 2.300527772604284149e-02
2.299521835768831579e+01 2.231528753465530923e-02
2.324620084136223852e+01 2.165556604501533283e-02
2.349757798664387209e+01 2.089482370455933435e-02
2.374870488118759937e+01 2.046554366763192467e-02
2.399988781917473091e+01 1.995166760124483449e-02
2.425071646049711305e+01 1.924257992915553994e-02
2.450187830577813841e+01 1.874055925891896998e-02
2.475391093216606109e+01 1.821651653970202123e-02
2.500524226975159792e+01 1.774520745793790183e-02
2.525610980153284402e+01 1.731421248135059029e-02
2.550801425092822328e+01 1.674962935151015631e-02
2.575943113325822864e+01 1.640244683727827904e-02
2.601074166866445125e+01 1.591054546236247286e-02
2.626234447079615464e+01 1.564122772443032883e-02
2.651347712943701751e+01 1.520281113148092000e-02
2.676474177984877656e+01 1.482436660425882728e-02
2.701628079430242479e+01 1.438130189077170031e-02
2.726734205837282232e+01 1.411714573650471941e-02
2.751837013544679422e+01 1.373666218819295619e-02
2.776937726815812724e+01 1.345337281199728008e-02
2.802070160973895341e+01 1.311827724819349637e-02
2.827249982643487058e+01 1.276614397481117859e-02
2.852407603869968966e+01 1.242576042459604332e-02
2.877567300468570721e+01 1.209353874260664374e-02
2.902733523039245256e+01 1.189038107742389563e-02
2.927861073083739996e+01 1.156953259671778325e-02
2.953003196193969160e+01 1.132580658799445597e-02
2.978106336846375157e+01 1.109144604295147010e-02
3.003148440777084716e+01 1.085003165338435833e-02
3.028303386126418673e+01 1.058042792550579342e-02
3.053456493440382857e+01 1.034064666504472263e-02
3.078585183944906944e+01 1.014956466109891674e-02
3.103757946070165730e+01 9.861640173545082461e-03
3.128931656795834826e+01 9.693576301396016406e-03
3.154125974608096428e+01 9.528316683268400408e-03
3.179158626791808828e+01 9.309566407381683964e-03
3.204196438636942190e+01 9.079388893098666938e-03
3.229344668057169798e+01 8.900321269662595305e-03
3.254489998018084407e+01 8.744797296699725886e-03
3.279660140319880668e+01 8.589719909165613454e-03
3.304772754686901237e+01 8.405443773104185126e-03
3.329949953441923327e+01 8.224009464140039777e-03
3.355173249539067371e+01 8.043409797363208075e-03
3.380235474142784824e+01 7.906321205418197218e-03
3.405292218889088218e+01 7.669457382713729815e-03
3.430455901572810262e+01 7.554900133937010598e-03
3.455605119154291316e+01 7.442025506335134093e-03
3.480708698418615654e+01 7.315577598951656692e-03
3.505823042281740243e+01 7.136810796400432089e-03
3.530983122122644602e+01 7.009771182878376215e-03
3.556111974160763367e+01 6.869432725149245307e-03
3.581195885960364933e+01 6.681150973921271170e-03
3.606348577968052638e+01 6.613738312133085086e-03
3.631495136683125935e+01 6.444304536448769612e-03
3.656646781331610185e+01 6.344216077808050545e-03
3.681800948534306173e+01 6.213673994963078359e-03
3.706942350460822411e+01 6.159503078893048544e-03
3.732119977997001570e+01 6.051148832223367593e-03
3.757249197135423202e+01 5.881600050597079327e-03
3.782324055213251057e+01 5.831658687318326366e-03
3.807430609684078604e+01 5.674627717034770764e-03
3.832526519371521090e+01 5.621286550437276999e-03
3.857704530181875668e+01 5.498634969330917256e-03
3.882896255048217427e+01 5.419809750428467889e-03
3.907976684424035341e+01 5.349025341247281608e-03
3.933085588900704010e+01 5.242963246048166007e-03
3.958184533965361140e+01 5.147326248204575627e-03
3.983320492881626507e+01 5.041506447031374877e-03
4.008506787586624398e+01 4.965840328588082969e-03
4.033569471078550350e+01 4.889741199085990281e-03
4.058701345074587863e+01 4.796152381664648377e-03
4.083916815834436420e+01 4.707598265262901392e-03
4.108978611092747713e+01 4.643791032472839066e-03
4.134119394692694271e+01 4.544081376429765992e-03
4.159372926482761557e+01 4.485079789961344925e-03
4.184480996230068683e+01 4.415228208107056102e-03
4.209495048714620680e+01 4.340493969846767955e-03
4.234568601474854432e+01 4.258969644495807887e-03
4.259794184898333214e+01 4.201086332100072845e-03
4.284922176444433717e+01 4.114724561399069752e-03
4.309982534096671003e+01 4.059796583386982016e-03
4.335153475414617930e+01 3.997097412355142022e-03
4.360374984514007224e+01 3.915238533358502034e-03
4.385432838732079830e+01 3.885171639291709177e-03
4.410529766549178277e+01 3.831178581818883190e-03
4.435675536456894008e+01 3.770656014976855094e-03
4.460756668584335927e+01 3.673764181916403318e-03
4.485812369927145937e+01 3.681845412556258249e-03
4.510933196139897206e+01 3.615927193851178282e-03
4.536097672816924131e+01 3.538607937322188219e-03
4.561261869099184452e+01 3.465467893217704081e-03
4.586346064304911607e+01 3.435769764309769964e-03
4.611435299895526185e+01 3.396531608084794266e-03
4.636610302009028572e+01 3.337657558768785965e-03
4.661726081402038346e+01 3.247796434559287702e-03
4.686748045926628237e+01 3.248132280904442865e-03
4.712001000143001761e+01 3.167999780547692788e-03
4.737334269293729960e+01 3.149955615009669349e-03
4.762357272554871912e+01 3.097198968405956345e-03
4.787295862859781437e+01 3.067150962316520998e-03
4.812686710231834297e+01 3.061431658948338477e-03
4.837988354528783930e+01 2.967508934714459257e-03
4.862698975964909209e+01 2.900007606998962397e-03
4.887931961662670233e+01 2.874694726201195219e-03
4.913512531690142282e+01 2.879324901440601363e-03
4.938486646957150583e+01 2.743036716929530411e-03
4.963073103205424985e+01 2.779437776488036683e-03
4.988316058859187763e+01 2.762586181878015287e-03
5.013927392651110893e+01 2.646981819180161278e-03
5.038898445289544270e+01 2.693806038641425107e-03
5.063791314200675941e+01 2.574015446587787394e-03
5.089234515763529032e+01 2.586714937075368197e-03
5.114529266359630810e+01 2.534421869685034301e-03
5.138952878242714206e+01 2.551976309265552040e-03
5.163945178601188246e+01 2.443593187950266008e-03
5.190206698624180603e+01 2.466952759596620966e-03
5.215590084722179398e+01 2.375371131562831629e-03
5.238680673191466042e+01 2.461795610885879337e-03
5.263532591009818873e+01 2.363131930362949093e-03
5.290823119436031874e+01 2.331003148181476099e-03
5.316882575050344428e+01 2.415277773741350466e-03
5.338513341050097694e+01 2.285834031582993208e-03
5.363212510227822349e+01 2.211507482037142116e-03
5.391615723351310407e+01 2.156853032491937768e-03
5.419187693011466678e+01 2.132486657866229218e-03
5.439722241285236493e+01 2.300466645577062003e-03
5.462806064877949552e+01 2.143712903937293381e-03
5.491241494336609463e+01 2.076961036504282234e-03
5.519421446932921782e+01 2.259408126010400541e-03
5.543046826972861396e+01 2.413755232419882452e-03
5.561137265256709128e+01 1.948808098760630107e-03
