3.559856489878782115e-01 7.175023824691287473e+02
6.031648866026231293e-01 2.088152359238631277e+02
8.579160745827347778e-01 9.455677317819052519e+01
1.113464310595710716e+00 4.615265439398879010e+01
1.374039914321364408e+00 3.391647393053822412e+01
1.619154704570298309e+00 2.169885220973779738e+01
1.870686673430271840e+00 1.246443259674750514e+01
2.123290040706380832e+00 1.044021387940894208e+01
2.378144976376236119e+00 8.188997124846572717e+00
2.630489925835516996e+00 6.324703432082199761e+00
2.878653162679494670e+00 4.759195269046193388e+00
3.131144366275339319e+00 4.130363421564115178e+00
3.388159578333816313e+00 3.249346237358929024e+00
3.638741848210948149e+00 2.752933439298127727e+00
3.888315910732085268e+00 2.286657023175082237e+00
4.139052155837465996e+00 1.929906353616358317e+00
4.390305777018236988e+00 1.734323385720766719e+00
4.642172339120373081e+00 1.517783457702548411e+00
4.894678666149941293e+00 1.323405909941333336e+00
5.147269052361176378e+00 1.150571689007726883e+00
5.398003206656323272e+00 1.007396056809760188e+00
5.647798235368590269e+00 9.131809989073078615e-01
5.900534302989873581e+00 8.175843751116504965e-01
6.151460297009074374e+00 7.132272919512054887e-01
6.402630176204441526e+00 6.284649558829492610e-01
6.655964674748322096e+00 5.925654121234296134e-01
6.908782583105771202e+00 5.229853603279657204e-01
7.159060853508338873e+00 4.859307093694793522e-01
7.409414762591408632e+00 4.320042994215771981e-01
7.659227149364629561e+00 4.156848985456169654e-01
7.911559474606142395e+00 3.652706921802340578e-01
8.163750941790897997e+00 3.434950878720748335e-01
8.415757210439384295e+00 3.246414321060090424e-01
8.667638839289207198e+00 2.940267541289469100e-01
8.918801124864609520e+00 2.693436013541379848e-01
9.170480108345369530e+00 2.576944174369157348e-01
9.420566033467249412e+00 2.325772051651597561e-01
9.671642335271435797e+00 2.225383605876162518e-01
9.923426157758477473e+00 2.076707751914058653e-01
1.017396902749181820e+01 1.966115186684481708e-01
1.042533700753922155e+01 1.806551458361550788e-01
1.067702948358784276e+01 1.718050460021781911e-01
1.092969337256462303e+01 1.618390337762119768e-01
1.118211872033766419e+01 1.527051855924816126e-01
1.143346516925797296e+01 1.415354941238848030e-01
1.168350508557724687e+01 1.346661337178823581e-01
1.193379937775929100e+01 1.284177351155897651e-01
1.218553055762879112e+01 1.223239588871723876e-01
1.243711650801278878e+01 1.138311273932878648e-01
1.268867268647359303e+01 1.107926940533732613e-01
1.294075027177769144e+01 1.022545525206925987e-01
1.319267287020158363e+01 9.930332135522315640e-02
1.344470571782862756e+01 9.407910023407378697e-02
1.369480150283709641e+01 8.904005322988228777e-02
1.394591277066507828e+01 8.434175684460926137e-02
1.419764645764527167e+01 8.020565657603186127e-02
1.444766774168416212e+01 7.659145527849473001e-02
1.469906835825429070e+01 7.254331618873997856e-02
1.495059118111036511e+01 7.047218065227268957e-02
1.520261612590052991e+01 6.779805382186648854e-02
1.545415944503929495e+01 6.439344991788688299e-02
1.570456072545780124e+01 6.115985085211576855e-02
1.595705800128773966e+01 5.921202673125860322e-02
1.620829297830731619e+01 5.686632868902246479e-02
1.645966591028190962e+01 5.494025008469164556e-02
1.671125708846596325e+01 5.242178384110381811e-02
1.696160259490052624e+01 5.015657465282361005e-02
1.721370276108077135e+01 4.821933177655842589e-02
1.746543424102250341e+01 4.636916601929626930e-02
1.771598473288305442e+01 4.459504441111110384e-02
1.796653767411944003e+01 4.307435833353438770e-02
1.821765658501893270e+01 4.172450273637035717e-02
1.847053788120423334e+01 4.018372315610475171e-02
1.872257696809484173e+01 3.874954384033979515e-02
1.897394097105746269e+01 3.700946166581171870e-02
1.922542454726159988e+01 3.607339058907365476e-02
1.947607703355479103e+01 3.451246796909768211e-02
1.972678839839982601e+01 3.380691570452253047e-02
1.997802698857814363e+01 3.237292995213266605e-02
2.022863620534168660e+01 3.121306553694622177e-02
2.047969598507238231e+01 3.047320616637838597e-02
2.073250439107362553e+01 2.936618148734007616e-02
2.098435855211640089e+01 2.825319923765977695e-02
2.123502923393334640e+01 2.749396697130618641e-02
2.148629411178690773e+01 2.659290185412278851e-02
2.173831825513516591e+01 2.591521831841706036e-02
2.198972260956887226e+01 2.498188905525281639e-02
2.223974971000711420e+01 2.415745120597873399e-02
2.249141870643862973e+01 2.367976458653711994e-02
2.274404614890906373e+01 2.293688886835755850e-02
2.299521835768831579e+01 2.224774032112329311e-02
2.324620084136223852e+01 2.168986679151268041e-02
2.349757798664387209e+01 2.092692503316564284e-02
2.374870488118759937e+01 2.047431435691210791e-02
2.399988781917473091e+01 1.984900814580729117e-02
2.425071646049711305e+01 1.927475004761007582e-02
2.450187830577813841e+01 1.875022166841615670e-02
2.475391093216606109e+01 1.824940965368900686e-02
2.500524226975159792e+01 1.766843992012109496e-02
2.525610980153284402e+01 1.721424619277974258e-02
2.550801425092822328e+01 1.681414252759756006e-02
2.575943113325822864e+01 1.628321251752023677e-02
2.601074166866445125e+01 1.591358272425831208e-02
2.626234447079615464e+01 1.564779560020854859e-02
2.651347712943701751e+01 1.524158340403461084e-02
2.676474177984877656e+01 1.485365023929015316e-02
2.701628079430242479e+01 1.451125388015757182e-02
2.726734205837282232e+01 1.402465830113527531e-02
2.751837013544679422e+01 1.374838551861424195e-02
2.776937726815812724e+01 1.337431473827740448e-02
2.802070160973895341e+01 1.305942815242164268e-02
2.827249982643487058e+01 1.280295786090471059e-02
2.852407603869968966e+01 1.239332494416684957e-02
2.877567300468570721e+01 1.220647653149300148e-02
2.902733523039245256e+01 1.191802258294006461e-02
2.927861073083739996e+01 1.157455545241701383e-02
2.953003196193969160e+01 1.132389087170554941e-02
2.978106336846375157e+01 1.105884321538553282e-02
3.003148440777084716e+01 1.087101371599157561e-02
3.028303386126418673e+01 1.058817536687265901e-02
3.053456493440382857e+01 1.036958302572557090e-02
3.078585183944906944e+01 1.010012797480385784e-02
3.103757946070165730e+01 9.934153771838236807e-03
3.128931656795834826e+01 9.681477652684247759e-03
3.154125974608096428e+01 9.504798687414767536e-03
3.179158626791808828e+01 9.296989531357397613e-03
3.204196438636942190e+01 9.078106875954681035e-03
3.229344668057169798e+01 8.896255664278412273e-03
3.254489998018084407e+01 8.698127324535164309e-03
3.279660140319880668e+01 8.552331276605169147e-03
3.304772754686901237e+01 8.368717868699079160e-03
3.329949953441923327e+01 8.152166688394834812e-03
3.355173249539067371e+01 8.049524117535913903e-03
3.380235474142784824e+01 7.878910033148750491e-03
3.405292218889088218e+01 7.728047427350285409e-03
3.430455901572810262e+01 7.558553046770651561e-03
3.455605119154291316e+01 7.421734237586230347e-03
3.480708698418615654e+01 7.271977661055788016e-03
3.505823042281740243e+01 7.144493046068095543e-03
3.530983122122644602e+01 7.035287934478296271e-03
3.556111974160763367e+01 6.881567846257417333e-03
3.581195885960364933e+01 6.762972984852433020e-03
3.606348577968052638e+01 6.635200873236418891e-03
3.631495136683125935e+01 6.477131292271561674e-03
3.656646781331610185e+01 6.357114616431662306e-03
3.681800948534306173e+01 6.258354008671389822e-03
3.706942350460822411e+01 6.131429629487965965e-03
3.732119977997001570e+01 5.975820655621586278e-03
3.757249197135423202e+01 5.932595911018186813e-03
3.782324055213251057e+01 5.811631372267970184e-03
3.807430609684078604e+01 5.699042498260365776e-03
3.832526519371521090e+01 5.627942138369587850e-03
3.857704530181875668e+01 5.478365539428126096e-03
3.882896255048217427e+01 5.425934962264746496e-03
3.907976684424035341e+01 5.291588115293121251e-03
3.933085588900704010e+01 5.227306728745768731e-03
3.958184533965361140e+01 5.111788945621292130e-03
3.983320492881626507e+01 5.003666929010999569e-03
4.008506787586624398e+01 4.962799167509831036e-03
4.033569471078550350e+01 4.901327477436124951e-03
4.058701345074587863e+01 4.804296133209861978e-03
4.083916815834436420e+01 4.682748746241444104e-03
4.108978611092747713e+01 4.636319996756202606e-03
4.134119394692694271e+01 4.569503910120207429e-03
4.159372926482761557e+01 4.462612121346234625e-03
4.184480996230068683e+01 4.370107431583912516e-03
4.209495048714620680e+01 4.301791551388549524e-03
4.234568601474854432e+01 4.272490981074152788e-03
4.259794184898333214e+01 4.216593253008641198e-03
4.284922176444433717e+01 4.120219337772423364e-03
4.309982534096671003e+01 4.100794222602661618e-03
4.335153475414617930e+01 3.996167014581261667e-03
4.360374984514007224e+01 3.932390956808881274e-03
4.385432838732079830e+01 3.853953243475542918e-03
4.410529766549178277e+01 3.834765244582183461e-03
4.435675536456894008e+01 3.749588006798719019e-03
4.460756668584335927e+01 3.705012769279425466e-03
4.485812369927145937e+01 3.622537287075056761e-03
4.510933196139897206e+01 3.553563705058962203e-03
4.536097672816924131e+01 3.486388893985320654e-03
4.561261869099184452e+01 3.472307820282541542e-03
4.586346064304911607e+01 3.433875434660776851e-03
4.611435299895526185e+01 3.388226049851751458e-03
4.636610302009028572e+01 3.348781225118502725e-03
4.661726081402038346e+01 3.318704460051243640e-03
4.686748045926628237e+01 3.274720333944686201e-03
4.712001000143001761e+01 3.194040709754862074e-03
4.737334269293729960e+01 3.144150640711974865e-03
4.762357272554871912e+01 3.106301417671012473e-03
4.787295862859781437e+01 3.033908811417055599e-03
4.812686710231834297e+01 3.080252057540307925e-03
4.837988354528783930e+01 2.917793449864613132e-03
4.862698975964909209e+01 2.969302658111993339e-03
4.887931961662670233e+01 2.890754642845284970e-03
4.913512531690142282e+01 2.822188664831127864e-03
4.938486646957150583e+01 2.763948947287107275e-03
4.963073103205424985e+01 2.796796089884422219e-03
4.988316058859187763e+01 2.704275927477115416e-03
5.013927392651110893e+01 2.659131405297858984e-03
5.038898445289544270e+01 2.675309661286603014e-03
5.063791314200675941e+01 2.613493796192669239e-03
5.089234515763529032e+01 2.513325554171961206e-03
5.114529266359630810e+01 2.576176775243950532e-03
5.138952878242714206e+01 2.482703130601421337e-03
5.163945178601188246e+01 2.476283407148777062e-03
5.190206698624180603e+01 2.432946278512431934e-03
5.215590084722179398e+01 2.402420465938087321e-03
5.238680673191466042e+01 2.321125330241876651e-03
5.263532591009818873e+01 2.283651075595348814e-03
5.290823119436031874e+01 2.244470540631981603e-03
5.316882575050344428e+01 2.311055122465882714e-03
5.338513341050097694e+01 2.134829299504538338e-03
5.363212510227822349e+01 2.177469064231206744e-03
5.391615723351310407e+01 2.216745182933710281e-03
5.419187693011466678e+01 2.222858354876979664e-03
5.439722241285236493e+01 2.293328705081345599e-03
5.462806064877949552e+01 2.170296313252605223e-03
5.491241494336609463e+01 2.424342049376374854e-03
5.519421446932921782e+01 2.176623894534103834e-03
5.543046826972861396e+01 1.620067878120538298e-03
5.561137265256709128e+01 2.968900226107818677e-03
