3.559856489878782115e-01 7.928359126020271788e+02
6.031648866026231293e-01 2.156205512701257589e+02
8.579160745827347778e-01 8.955439894047283644e+01
1.113464310595710716e+00 4.724912290717320928e+01
1.374039914321364408e+00 3.125338398969847020e+01
1.619154704570298309e+00 1.921126829750854981e+01
1.870686673430271840e+00 1.506408120610513812e+01
2.123290040706380832e+00 1.048066544309189396e+01
2.378144976376236119e+00 7.798608743079265437e+00
2.630489925835516996e+00 6.249760953198378211e+00
2.878653162679494670e+00 5.146795802843349144e+00
3.131144366275339319e+00 4.095643817059657188e+00
3.388159578333816313e+00 3.247984240300555658e+00
3.638741848210948149e+00 2.665221962468460326e+00
3.888315910732085268e+00 2.260570715694206090e+00
4.139052155837465996e+00 1.924882684977846870e+00
4.390305777018236988e+00 1.645884091652618730e+00
4.642172339120373081e+00 1.515593274419528624e+00
4.894678666149941293e+00 1.261578030968076192e+00
5.147269052361176378e+00 1.077578129616756364e+00
5.398003206656323272e+00 1.002886435982123015e+00
5.647798235368590269e+00 9.018040706112147031e-01
5.900534302989873581e+00 8.158359276473421406e-01
6.151460297009074374e+00 7.162476839726292788e-01
6.402630176204441526e+00 6.343838531316242646e-01
6.655964674748322096e+00 5.791862016254143430e-01
6.908782583105771202e+00 5.233939913592100535e-01
7.159060853508338873e+00 4.775760332701721178e-01
7.409414762591408632e+00 4.374571112196725675e-01
7.659227149364629561e+00 4.100790729292415615e-01
7.911559474606142395e+00 3.733671042189221079e-01
8.163750941790897997e+00 3.470162610215417054e-01
8.415757210439384295e+00 3.228310452606611425e-01
8.667638839289207198e+00 2.888475115648347358e-01
8.918801124864609520e+00 2.744496630949778693e-01
9.170480108345369530e+00 2.552356396961393825e-01
9.420566033467249412e+00 2.409877299888188162e-01
9.671642335271435797e+00 2.195076610729651267e-01
9.923426157758477473e+00 2.056551768041662287e-01
1.017396902749181820e+01 1.938737188208042306e-01
1.042533700753922155e+01 1.808407608228027874e-01
1.067702948358784276e+01 1.724081484865549463e-01
1.092969337256462303e+01 1.609871889745479179e-01
1.118211872033766419e+01 1.506500052679288770e-01
1.143346516925797296e+01 1.403240212633180828e-01
1.168350508557724687e+01 1.335833031297189166e-01
1.193379937775929100e+01 1.286327428963256470e-01
1.218553055762879112e+01 1.205780889787131244e-01
1.243711650801278878e+01 1.142017809566389791e-01
1.268867268647359303e+01 1.082013038784502973e-01
1.294075027177769144e+01 1.030407212261009314e-01
1.319267287020158363e+01 9.779606869712882677e-02
1.344470571782862756e+01 9.331597234344871095e-02
1.369480150283709641e+01 8.834045875009263749e-02
1.394591277066507828e+01 8.529500423617678018e-02
1.419764645764527167e+01 8.010281129652063736e-02
1.444766774168416212e+01 7.757927776840317646e-02
1.469906835825429070e+01 7.342077488359702309e-02
1.495059118111036511e+01 6.987305915582225913e-02
1.520261612590052991e+01 6.746732994942757078e-02
1.545415944503929495e+01 6.486827084457741366e-02
1.570456072545780124e+01 6.173787831633252565e-02
1.595705800128773966e+01 5.863388438418953158e-02
1.620829297830731619e+01 5.734494942391729633e-02
1.645966591028190962e+01 5.389478483244315027e-02
1.671125708846596325e+01 5.175226750275565418e-02
1.696160259490052624e+01 5.085126225957919965e-02
1.721370276108077135e+01 4.844479425082906521e-02
1.746543424102250341e+01 4.595753648736592561e-02
1.771598473288305442e+01 4.490168559636156798e-02
1.796653767411944003e+01 4.323917752649504564e-02
1.821765658501893270e+01 4.161939535175135374e-02
1.847053788120423334e+01 4.011096808898647476e-02
1.872257696809484173e+01 3.868877827253414114e-02
1.897394097105746269e+01 3.700831598668331140e-02
1.922542454726159988e+01 3.594975765561016223e-02
1.947607703355479103e+01 3.473017961589590363e-02
1.972678839839982601e+01 3.333220760119474935e-02
1.997802698857814363e+01 3.247536051541783514e-02
2.022863620534168660e+01 3.130950146792398775e-02
2.047969598507238231e+01 3.048646515363619830e-02
2.073250439107362553e+01 2.935887601809687025e-02
2.098435855211640089e+01 2.845509567882546428e-02
2.123502923393334640e+01 2.778304440196066941e-02
2.148629411178690773e+01 2.658053364678592684e-02
2.173831825513516591e+01 2.589209920191572548e-02
2.198972260956887226e+01 2.509564628657577623e-02
2.223974971000711420e+01 2.433399994876541891e-02
2.249141870643862973e+01 2.344514366239255562e-02
2.274404614890906373e+01 2.295741200352507255e-02
2.299521835768831579e+01 2.227969313052300185e-02
2.324620084136223852e+01 2.163915933112964957e-02
2.349757798664387209e+01 2.100882229430054912e-02
2.374870488118759937e+01 2.051703643871945204e-02
2.399988781917473091e+01 1.994160535490592523e-02
2.425071646049711305e+01 1.943125047060041341e-02
2.450187830577813841e+01 1.875946935372712829e-02
2.475391093216606109e+01 1.828422263812029894e-02
2.500524226975159792e+01 1.779563155717698089e-02
2.525610980153284402e+01 1.723825334942929652e-02
2.550801425092822328e+01 1.679914080397527584e-02
2.575943113325822864e+01 1.646738733823277859e-02
2.601074166866445125e+01 1.613991725311797812e-02
2.626234447079615464e+01 1.563668829695578216e-02
2.651347712943701751e+01 1.521833396790901391e-02
2.676474177984877656e+01 1.479396616343597003e-02
2.701628079430242479e+01 1.449529741208922459e-02
2.726734205837282232e+01 1.412047667809127570e-02
2.751837013544679422e+01 1.374398165790569060e-02
2.776937726815812724e+01 1.347572388857975166e-02
2.802070160973895341e+01 1.315824711814608111e-02
2.827249982643487058e+01 1.282004729602686556e-02
2.852407603869968966e+01 1.245305607052220841e-02
2.877567300468570721e+01 1.221274734463768247e-02
2.902733523039245256e+01 1.190685648052609673e-02
2.927861073083739996e+01 1.159398279460091899e-02
2.953003196193969160e+01 1.144131106558341979e-02
2.978106336846375157e+01 1.112541659841407085e-02
3.003148440777084716e+01 1.086094045104517639e-02
3.028303386126418673e+01 1.064433616475061843e-02
3.053456493440382857e+01 1.036573578100941952e-02
3.078585183944906944e+01 1.016530343895695465e-02
3.103757946070165730e+01 9.904466483463861617e-03
3.128931656795834826e+01 9.671264274759243731e-03
3.154125974608096428e+01 9.488362921566123945e-03
3.179158626791808828e+01 9.251488517667192518e-03
3.204196438636942190e+01 9.101391146695740966e-03
3.229344668057169798e+01 8.923222077077882022e-03
3.254489998018084407e+01 8.747097023515467903e-03
3.279660140319880668e+01 8.547313830651907460e-03
3.304772754686901237e+01 8.366115556136281481e-03
3.329949953441923327e+01 8.190780696241630257e-03
3.355173249539067371e+01 8.049447535223793609e-03
3.380235474142784824e+01 7.854618576235398650e-03
3.405292218889088218e+01 7.728862221375787898e-03
3.430455901572810262e+01 7.570731973182618507e-03
3.455605119154291316e+01 7.439187518634460781e-03
3.480708698418615654e+01 7.288645457098624422e-03
3.505823042281740243e+01 7.149381781108557835e-03
3.530983122122644602e+01 6.977641664599349217e-03
3.556111974160763367e+01 6.851678915178208325e-03
3.581195885960364933e+01 6.733080179754073399e-03
3.606348577968052638e+01 6.601274673957745372e-03
3.631495136683125935e+01 6.476583031030497782e-03
3.656646781331610185e+01 6.369536992721303026e-03
3.681800948534306173e+01 6.230732804899652248e-03
3.706942350460822411e+01 6.130457050736537981e-03
3.732119977997001570e+01 5.991295023515355242e-03
3.757249197135423202e+01 5.914451290092282917e-03
3.782324055213251057e+01 5.780479147759618602e-03
3.807430609684078604e+01 5.721019742755758739e-03
3.832526519371521090e+01 5.627091371035006402e-03
3.857704530181875668e+01 5.487818101356020141e-03
3.882896255048217427e+01 5.405898680710625147e-03
3.907976684424035341e+01 5.273092304364309854e-03
3.933085588900704010e+01 5.248605487681940775e-03
3.958184533965361140e+01 5.129020709235309998e-03
3.983320492881626507e+01 5.062108903118728298e-03
4.008506787586624398e+01 4.934317117386591463e-03
4.033569471078550350e+01 4.883641503378832738e-03
4.058701345074587863e+01 4.795680091400538261e-03
4.083916815834436420e+01 4.739611810076721325e-03
4.108978611092747713e+01 4.612787655133903861e-03
4.134119394692694271e+01 4.536226680132401760e-03
4.159372926482761557e+01 4.490308723530503886e-03
4.184480996230068683e+01 4.418965919455943199e-03
4.209495048714620680e+01 4.347248172609652003e-03
4.234568601474854432e+01 4.281455184094868673e-03
4.259794184898333214e+01 4.188576371545483026e-03
4.284922176444433717e+01 4.119953156790018452e-03
4.309982534096671003e+01 4.084490927833319372e-03
4.335153475414617930e+01 3.989971369932432052e-03
4.360374984514007224e+01 3.926940657997723440e-03
4.385432838732079830e+01 3.904128805358926448e-03
4.410529766549178277e+01 3.815134851355898513e-03
4.435675536456894008e+01 3.757984010454967858e-03
4.460756668584335927e+01 3.667277090306776850e-03
4.485812369927145937e+01 3.645501670543854159e-03
4.510933196139897206e+01 3.603933659649433737e-03
4.536097672816924131e+01 3.563368799968424320e-03
4.561261869099184452e+01 3.484407359155146724e-03
4.586346064304911607e+01 3.408338777308878628e-03
4.611435299895526185e+01 3.406589961903843267e-03
4.636610302009028572e+01 3.308681126699869728e-03
4.661726081402038346e+01 3.293854886012071576e-03
4.686748045926628237e+01 3.233115848306815365e-03
4.712001000143001761e+01 3.189622160577248143e-03
4.737334269293729960e+01 3.175112480237703670e-03
4.762357272554871912e+01 3.078809871949595052e-03
4.787295862859781437e+01 3.032067648607955374e-03
4.812686710231834297e+01 3.025105172561192487e-03
4.837988354528783930e+01 2.962001163090769752e-03
4.862698975964909209e+01 2.908574780463905884e-03
4.887931961662670233e+01 2.938995647042361332e-03
4.913512531690142282e+01 2.811162195917475681e-03
4.938486646957150583e+01 2.763261093723144192e-03
4.963073103205424985e+01 2.824443913583163813e-03
4.988316058859187763e+01 2.770015444859449429e-03
5.013927392651110893e+01 2.664601579535171537e-03
5.038898445289544270e+01 2.640842334140565493e-03
5.063791314200675941e+01 2.572152043545994794e-03
5.089234515763529032e+01 2.608089635240088463e-03
5.114529266359630810e+01 2.595090856747639396e-03
5.138952878242714206e+01 2.563055072074068349e-03
5.163945178601188246e+01 2.428635397677308787e-03
5.190206698624180603e+01 2.418496779354946911e-03
5.215590084722179398e+01 2.379389483666128399e-03
5.238680673191466042e+01 2.280984729305556707e-03
5.263532591009818873e+01 2.330463899463953905e-03
5.290823119436031874e+01 2.345724913178080448e-03
5.316882575050344428e+01 2.333495776189501662e-03
5.338513341050097694e+01 2.261583040043080566e-03
5.363212510227822349e+01 2.138332095601145223e-03
5.391615723351310407e+01 2.234112259702621291e-03
5.419187693011466678e+01 2.159852523502083996e-03
5.439722241285236493e+01 2.392629106252544373e-03
5.462806064877949552e+01 2.055459352501707009e-03
5.491241494336609463e+01 1.889531061149933274e-03
5.519421446932921782e+01 2.300392047553143342e-03
5.543046826972861396e+01 1.771932254126639371e-03
5.561137265256709128e+01 2.811133549754993213e-03
