3.559856489878782115e-01 7.358668298721922838e+02
6.031648866026231293e-01 1.777544409180396485e+02
8.579160745827347778e-01 9.693933227862632407e+01
1.113464310595710716e+00 5.526766529076564893e+01
1.374039914321364408e+00 3.092712765689915599e+01
1.619154704570298309e+00 2.134629425675168690e+01
1.870686673430271840e+00 1.476245626958171364e+01
2.123290040706380832e+00 1.095241222628897937e+01
2.378144976376236119e+00 7.923657480474827430e+00
2.630489925835516996e+00 6.012561836678823823e+00
2.878653162679494670e+00 4.626719378172367669e+00
3.131144366275339319e+00 3.960741676789653276e+00
3.388159578333816313e+00 3.286872659414403319e+00
3.638741848210948149e+00 2.766756800487125911e+00
3.888315910732085268e+00 2.232932788141293923e+00
4.139052155837465996e+00 2.007573482758110650e+00
4.390305777018236988e+00 1.638110856391101100e+00
4.642172339120373081e+00 1.495406736650609414e+00
4.894678666149941293e+00 1.285979032020402535e+00
5.147269052361176378e+00 1.125127632773165409e+00
5.398003206656323272e+00 9.971237311712880524e-01
5.647798235368590269e+00 9.004459638524219267e-01
5.900534302989873581e+00 7.977306479759179725e-01
6.151460297009074374e+00 7.190222936961926381e-01
6.402630176204441526e+00 6.616555609528611548e-01
6.655964674748322096e+00 5.850607069539972560e-01
6.908782583105771202e+00 5.322104907673649299e-01
7.159060853508338873e+00 4.757831396834532045e-01
7.409414762591408632e+00 4.471255131952444062e-01
7.659227149364629561e+00 4.019605565855253748e-01
7.911559474606142395e+00 3.745534488801034456e-01
8.163750941790897997e+00 3.532963665063044156e-01
8.415757210439384295e+00 3.135935250080333359e-01
8.667638839289207198e+00 2.882966550176120912e-01
8.918801124864609520e+00 2.727918186705130532e-01
9.170480108345369530e+00 2.540015443703879661e-01
9.420566033467249412e+00 2.374779408178246676e-01
9.671642335271435797e+00 2.212778555661759627e-01
9.923426157758477473e+00 2.054353249770385081e-01
1.017396902749181820e+01 1.924901103034690752e-01
1.042533700753922155e+01 1.806452183257905020e-01
1.067702948358784276e+01 1.678356270910074943e-01
1.092969337256462303e+01 1.582995209702146022e-01
1.118211872033766419e+01 1.511929341449844144e-01
1.143346516925797296e+01 1.433068198378625036e-01
1.168350508557724687e+01 1.347049094611033893e-01
1.193379937775929100e+01 1.272275742622820671e-01
1.218553055762879112e+01 1.207097390303627782e-01
1.243711650801278878e+01 1.137991980586987029e-01
1.268867268647359303e+01 1.084745959037198421e-01
1.294075027177769144e+01 1.017871822367983903e-01
1.319267287020158363e+01 9.889138705820865738e-02
1.344470571782862756e+01 9.337028615057200998e-02
1.369480150283709641e+01 8.901568271201677762e-02
1.394591277066507828e+01 8.539643002748566192e-02
1.419764645764527167e+01 8.056332579994568421e-02
1.444766774168416212e+01 7.724660188016047035e-02
1.469906835825429070e+01 7.331816789483039387e-02
1.495059118111036511e+01 7.012223940111893261e-02
1.520261612590052991e+01 6.671085316729592762e-02
1.545415944503929495e+01 6.346683131672641032e-02
1.570456072545780124e+01 6.195241573943115893e-02
1.595705800128773966e+01 5.947572048447332532e-02
1.620829297830731619e+01 5.687687821399606269e-02
1.645966591028190962e+01 5.424033111126932288e-02
1.671125708846596325e+01 5.247526476512875959e-02
1.696160259490052624e+01 5.025680042836592337e-02
1.721370276108077135e+01 4.840853532640865264e-02
1.746543424102250341e+01 4.640284327083973176e-02
1.771598473288305442e+01 4.468241983739126150e-02
1.796653767411944003e+01 4.319258316120576369e-02
1.821765658501893270e+01 4.194745346601554820e-02
1.847053788120423334e+01 4.009653981456355598e-02
1.872257696809484173e+01 3.860695167977911541e-02
1.897394097105746269e+01 3.705036688644878368e-02
1.922542454726159988e+01 3.613349722425625299e-02
1.947607703355479103e+01 3.465940968155308000e-02
1.972678839839982601e+01 3.356202432664319446e-02
1.997802698857814363e+01 3.238030240014573569e-02
2.022863620534168660e+01 3.117901010813425855e-02
2.047969598507238231e+01 3.011519074412016828e-02
2.073250439107362553e+01 2.954375786136683585e-02
2.098435855211640089e+01 2.850219872345076053e-02
2.123502923393334640e+01 2.761369455701054645e-02
2.148629411178690773e+01 2.684659587225115412e-02
2.173831825513516591e+01 2.590505845424711726e-02
2.198972260956887226e+01 2.522636758510309399e-02
2.223974971000711420e+01 2.437238086401877224e-02
2.249141870643862973e+01 2.371849148999643359e-02
2.274404614890906373e+01 2.286194660974078322e-02
2.299521835768831579e+01 2.211876375105326087e-02
2.324620084136223852e+01 2.166057184919891604e-02
2.349757798664387209e+01 2.094200618371093101e-02
2.374870488118759937e+01 2.036052645439353700e-02
2.399988781917473091e+01 1.979632653864048589e-02
2.425071646049711305e+01 1.926392429157870734e-02
2.450187830577813841e+01 1.888894114933212590e-02
2.475391093216606109e+01 1.813637734682929312e-02
2.500524226975159792e+01 1.764655252226464063e-02
2.525610980153284402e+01 1.730279922601118958e-02
2.550801425092822328e+01 1.678295259237259918e-02
2.575943113325822864e+01 1.630268957085826906e-02
2.601074166866445125e+01 1.600878063344190680e-02
2.626234447079615464e+01 1.563143445686953487e-02
2.651347712943701751e+01 1.511188005931006495e-02
2.676474177984877656e+01 1.483430761355558972e-02
2.701628079430242479e+01 1.446887313285916132e-02
2.726734205837282232e+01 1.410095558174563786e-02
2.751837013544679422e+01 1.374197824460874490e-02
2.776937726815812724e+01 1.344944916098168158e-02
2.802070160973895341e+01 1.317114538478089507e-02
2.827249982643487058e+01 1.275559761358574344e-02
2.852407603869968966e+01 1.239410235398885965e-02
2.877567300468570721e+01 1.215166948789918495e-02
2.902733523039245256e+01 1.194281809075512478e-02
2.927861073083739996e+01 1.157064965714513748e-02
2.953003196193969160e+01 1.133357606948765667e-02
2.978106336846375157e+01 1.112898615621428673e-02
3.003148440777084716e+01 1.085560757844164503e-02
3.028303386126418673e+01 1.058687897040315809e-02
3.053456493440382857e+01 1.039678772494725262e-02
3.078585183944906944e+01 1.013171287536629786e-02
3.103757946070165730e+01 9.885794003669975613e-03
3.128931656795834826e+01 9.687615359558492470e-03
3.154125974608096428e+01 9.524860687785567659e-03
3.179158626791808828e+01 9.288973982801713991e-03
3.204196438636942190e+01 9.061233138229936313e-03
3.229344668057169798e+01 8.933651844106979545e-03
3.254489998018084407e+01 8.729868338757280910e-03
3.279660140319880668e+01 8.533335047316157468e-03
3.304772754686901237e+01 8.390474062252220935e-03
3.329949953441923327e+01 8.162331137557017960e-03
3.355173249539067371e+01 8.049333734764060888e-03
3.380235474142784824e+01 7.865986107984543341e-03
3.405292218889088218e+01 7.694831667271870637e-03
3.430455901572810262e+01 7.545251731697191766e-03
3.455605119154291316e+01 7.407186629678203307e-03
3.480708698418615654e+01 7.277217134382522358e-03
3.505823042281740243e+01 7.132871312936757933e-03
3.530983122122644602e+01 6.983390980888899528e-03
3.556111974160763367e+01 6.861176821516145989e-03
3.581195885960364933e+01 6.714276860956022545e-03
3.606348577968052638e+01 6.588779064818861553e-03
3.631495136683125935e+01 6.462810583897948477e-03
3.656646781331610185e+01 6.378451657802726611e-03
3.681800948534306173e+01 6.238074467278995582e-03
3.706942350460822411e+01 6.106705550989226065e-03
3.732119977997001570e+01 6.021607873936648744e-03
3.757249197135423202e+01 5.913098383027537951e-03
3.782324055213251057e+01 5.799480029053834945e-03
3.807430609684078604e+01 5.719598359473141574e-03
3.832526519371521090e+01 5.620180374856493730e-03
3.857704530181875668e+01 5.495566815683583517e-03
3.882896255048217427e+01 5.419515427139275955e-03
3.907976684424035341e+01 5.289679375858502564e-03
3.933085588900704010e+01 5.230819066804968075e-03
3.958184533965361140e+01 5.117175299603897096e-03
3.983320492881626507e+01 5.019144177957175594e-03
4.008506787586624398e+01 5.000146181697520328e-03
4.033569471078550350e+01 4.872100636308017430e-03
4.058701345074587863e+01 4.787949101994734384e-03
4.083916815834436420e+01 4.674983538971489577e-03
4.108978611092747713e+01 4.603504307247281886e-03
4.134119394692694271e+01 4.561730477478725780e-03
4.159372926482761557e+01 4.482985605702320860e-03
4.184480996230068683e+01 4.394111921375397009e-03
4.209495048714620680e+01 4.364853771175290428e-03
4.234568601474854432e+01 4.274142149849119096e-03
4.259794184898333214e+01 4.181793436505838908e-03
4.284922176444433717e+01 4.153032007911636701e-03
4.309982534096671003e+01 4.074680393104546106e-03
4.335153475414617930e+01 3.996376214803732362e-03
4.360374984514007224e+01 3.932714759571943018e-03
4.385432838732079830e+01 3.886533975492167687e-03
4.410529766549178277e+01 3.831676638949908613e-03
4.435675536456894008e+01 3.750031807837349122e-03
4.460756668584335927e+01 3.742796480366875241e-03
4.485812369927145937e+01 3.610262452686375297e-03
4.510933196139897206e+01 3.572613408022627061e-03
4.536097672816924131e+01 3.524586939145100354e-03
4.561261869099184452e+01 3.493602898341776567e-03
4.586346064304911607e+01 3.505367466602841552e-03
4.611435299895526185e+01 3.388315028689776933e-03
4.636610302009028572e+01 3.350100744539919687e-03
4.661726081402038346e+01 3.270469200230993918e-03
4.686748045926628237e+01 3.244365659001336930e-03
4.712001000143001761e+01 3.226998595884570005e-03
4.737334269293729960e+01 3.142602966387554164e-03
4.762357272554871912e+01 3.116755650960487904e-03
4.787295862859781437e+01 3.088309536049656506e-03
4.812686710231834297e+01 3.009822827134735375e-03
4.837988354528783930e+01 2.972732297783530538e-03
4.862698975964909209e+01 2.882189320331786982e-03
4.887931961662670233e+01 2.857954667957897116e-03
4.913512531690142282e+01 2.789500327165920102e-03
4.938486646957150583e+01 2.814362797801453313e-03
4.963073103205424985e+01 2.733904315969258245e-03
4.988316058859187763e+01 2.764341281524876348e-03
5.013927392651110893e+01 2.686447332861993838e-03
5.038898445289544270e+01 2.593358938670826432e-03
5.063791314200675941e+01 2.657040392387618761e-03
5.089234515763529032e+01 2.583671608377013321e-03
5.114529266359630810e+01 2.573463319401642080e-03
5.138952878242714206e+01 2.499458309970071720e-03
5.163945178601188246e+01 2.451823126433348276e-03
5.190206698624180603e+01 2.386293862372838772e-03
5.215590084722179398e+01 2.450643493323770902e-03
5.238680673191466042e+01 2.344095200475966156e-03
5.263532591009818873e+01 2.304577738646737452e-03
5.290823119436031874e+01 2.229001810252930708e-03
5.316882575050344428e+01 2.152738149779072352e-03
5.338513341050097694e+01 2.265834274293089534e-03
5.363212510227822349e+01 2.400111180216012163e-03
5.391615723351310407e+01 2.290525044805200635e-03
5.419187693011466678e+01 2.385329622647611690e-03
5.439722241285236493e+01 1.914855770859883333e-03
5.462806064877949552e+01 2.190528646986108965e-03
5.491241494336609463e+01 2.055129351613956858e-03
5.519421446932921782e+01 1.980270270149322304e-03
5.543046826972861396e+01 1.466530754470311490e-03
5.561137265256709128e+01 4.371249482219666770e-03
