3.559856489878782115e-01 5.431535329845175966e+02
6.031648866026231293e-01 1.805718670547277327e+02
8.579160745827347778e-01 9.346789581290184401e+01
1.113464310595710716e+00 5.192578130154160476e+01
1.374039914321364408e+00 2.578732597992487641e+01
1.619154704570298309e+00 1.799768850458056590e+01
1.870686673430271840e+00 1.514524328366528572e+01
2.123290040706380832e+00 1.131713672038726237e+01
2.378144976376236119e+00 8.132972378889180121e+00
2.630489925835516996e+00 6.183719851360534037e+00
2.878653162679494670e+00 5.145624793411654352e+00
3.131144366275339319e+00 4.087637437204656443e+00
3.388159578333816313e+00 3.236875908620270526e+00
3.638741848210948149e+00 2.577170108545812521e+00
3.888315910732085268e+00 2.307869721864866719e+00
4.139052155837465996e+00 1.965153908485557377e+00
4.390305777018236988e+00 1.684253949964561237e+00
4.642172339120373081e+00 1.465573275004783627e+00
4.894678666149941293e+00 1.284628385257781114e+00
5.147269052361176378e+00 1.115519943497850219e+00
5.398003206656323272e+00 1.039758997538683172e+00
5.647798235368590269e+00 9.106214068117609584e-01
5.900534302989873581e+00 8.021392954747937898e-01
6.151460297009074374e+00 7.076302762680583003e-01
6.402630176204441526e+00 6.561136305466001017e-01
6.655964674748322096e+00 5.857810667030398655e-01
6.908782583105771202e+00 5.447570107568340259e-01
7.159060853508338873e+00 4.767405526858605747e-01
7.409414762591408632e+00 4.441486316694727710e-01
7.659227149364629561e+00 4.049208669829080787e-01
7.911559474606142395e+00 3.798560850127525867e-01
8.163750941790897997e+00 3.342240266477741750e-01
8.415757210439384295e+00 3.160069371075248656e-01
8.667638839289207198e+00 2.976318547170100359e-01
8.918801124864609520e+00 2.698552675648421273e-01
9.170480108345369530e+00 2.523735789788380535e-01
9.420566033467249412e+00 2.384017914335944122e-01
9.671642335271435797e+00 2.177321895888427450e-01
9.923426157758477473e+00 2.059205220831134830e-01
1.017396902749181820e+01 1.902728273219471411e-01
1.042533700753922155e+01 1.842187934916353353e-01
1.067702948358784276e+01 1.734653995326766451e-01
1.092969337256462303e+01 1.590914884200845536e-01
1.118211872033766419e+01 1.475975618513722110e-01
1.143346516925797296e+01 1.433248442932239519e-01
1.168350508557724687e+01 1.361315421157113792e-01
1.193379937775929100e+01 1.281493499101683531e-01
1.218553055762879112e+01 1.204022060150400780e-01
1.243711650801278878e+01 1.138779742298974829e-01
1.268867268647359303e+01 1.087586517872762282e-01
1.294075027177769144e+01 1.018027823666538267e-01
1.319267287020158363e+01 9.751118072568162876e-02
1.344470571782862756e+01 9.329146178278052703e-02
1.369480150283709641e+01 8.682202419239819224e-02
1.394591277066507828e+01 8.460542040509767825e-02
1.419764645764527167e+01 8.083953573221601407e-02
1.444766774168416212e+01 7.631222815373508994e-02
1.469906835825429070e+01 7.358142539950916772e-02
1.495059118111036511e+01 6.949152197330085712e-02
1.520261612590052991e+01 6.690291805272712000e-02
1.545415944503929495e+01 6.395538165460841473e-02
1.570456072545780124e+01 6.115220193690211470e-02
1.595705800128773966e+01 5.980591633416183078e-02
1.620829297830731619e+01 5.673813585234928347e-02
1.645966591028190962e+01 5.437819613712811112e-02
1.671125708846596325e+01 5.236835727384052397e-02
1.696160259490052624e+01 5.054131093070052955e-02
1.721370276108077135e+01 4.798157220924825772e-02
1.746543424102250341e+01 4.622915370093821918e-02
1.771598473288305442e+01 4.469992671358381103e-02
1.796653767411944003e+01 4.294969379345377203e-02
1.821765658501893270e+01 4.191281454731526912e-02
1.847053788120423334e+01 3.965596792951648492e-02
1.872257696809484173e+01 3.829788377397802535e-02
1.897394097105746269e+01 3.683060882721696933e-02
1.922542454726159988e+01 3.577794457626343877e-02
1.947607703355479103e+01 3.488872199697207188e-02
1.972678839839982601e+01 3.346836309941143839e-02
1.997802698857814363e+01 3.233696073463178389e-02
2.022863620534168660e+01 3.132578460285484478e-02
2.047969598507238231e+01 3.008933439111969449e-02
2.073250439107362553e+01 2.926449573557854400e-02
2.098435855211640089e+01 2.856767717976839774e-02
2.123502923393334640e+01 2.754961657258786500e-02
2.148629411178690773e+01 2.667147395905732771e-02
2.173831825513516591e+01 2.588720461523220592e-02
2.198972260956887226e+01 2.496833173730101871e-02
2.223974971000711420e+01 2.442322277248243009e-02
2.249141870643862973e+01 2.377110093265798890e-02
2.274404614890906373e+01 2.299081583161211376e-02
2.299521835768831579e+01 2.212019792594473871e-02
2.324620084136223852e+01 2.160223569593752377e-02
2.349757798664387209e+01 2.103070004703577398e-02
2.374870488118759937e+01 2.044300517960069910e-02
2.399988781917473091e+01 1.980930440169903842e-02
2.425071646049711305e+01 1.924008852885871965e-02
2.450187830577813841e+01 1.869024033061412321e-02
2.475391093216606109e+01 1.826005252788710786e-02
2.500524226975159792e+01 1.779408748105381494e-02
2.525610980153284402e+01 1.732347731447033898e-02
2.550801425092822328e+01 1.679453563411656067e-02
2.575943113325822864e+01 1.643412861564264374e-02
2.601074166866445125e+01 1.601018915992984126e-02
2.626234447079615464e+01 1.550822564183975370e-02
2.651347712943701751e+01 1.519523295134459981e-02
2.676474177984877656e+01 1.482844729843788012e-02
2.701628079430242479e+01 1.445518197654716182e-02
2.726734205837282232e+01 1.399304656477555996e-02
2.751837013544679422e+01 1.371060987092581618e-02
2.776937726815812724e+01 1.337385468471620834e-02
2.802070160973895341e+01 1.303569924475986470e-02
2.827249982643487058e+01 1.272037321245942341e-02
2.852407603869968966e+01 1.248358924456867067e-02
2.877567300468570721e+01 1.214753427625067141e-02
2.902733523039245256e+01 1.189350463842704653e-02
2.927861073083739996e+01 1.160545975140019233e-02
2.953003196193969160e+01 1.135504552016826200e-02
2.978106336846375157e+01 1.120775405874859659e-02
3.003148440777084716e+01 1.087838980279768643e-02
3.028303386126418673e+01 1.057332031160784086e-02
3.053456493440382857e+01 1.040002961692694343e-02
3.078585183944906944e+01 1.014236960642947959e-02
3.103757946070165730e+01 9.903290008645947162e-03
3.128931656795834826e+01 9.747316543685696083e-03
3.154125974608096428e+01 9.523461100458312234e-03
3.179158626791808828e+01 9.306157595935971374e-03
3.204196438636942190e+01 9.124126985590777159e-03
3.229344668057169798e+01 8.893970063410024801e-03
3.254489998018084407e+01 8.740869966380408057e-03
3.279660140319880668e+01 8.560828898946706497e-03
3.304772754686901237e+01 8.385165492069423382e-03
3.329949953441923327e+01 8.219440722698111157e-03
3.355173249539067371e+01 8.009120895904593349e-03
3.380235474142784824e+01 7.889344654297152440e-03
3.405292218889088218e+01 7.731778353611329369e-03
3.430455901572810262e+01 7.545631979578470983e-03
3.455605119154291316e+01 7.426723550169390606e-03
3.480708698418615654e+01 7.255216334282057859e-03
3.505823042281740243e+01 7.115866343157033376e-03
3.530983122122644602e+01 6.991283906813234791e-03
3.556111974160763367e+01 6.897001294706166415e-03
3.581195885960364933e+01 6.763213889532606986e-03
3.606348577968052638e+01 6.587287985870631489e-03
3.631495136683125935e+01 6.497753115548197088e-03
3.656646781331610185e+01 6.355404539158993754e-03
3.681800948534306173e+01 6.219116401436615947e-03
3.706942350460822411e+01 6.091488938682043490e-03
3.732119977997001570e+01 6.024704192823674212e-03
3.757249197135423202e+01 5.931006377744994090e-03
3.782324055213251057e+01 5.780651726395375639e-03
3.807430609684078604e+01 5.708530660314233701e-03
3.832526519371521090e+01 5.585852893431592255e-03
3.857704530181875668e+01 5.480329142136505620e-03
3.882896255048217427e+01 5.400646861027089303e-03
3.907976684424035341e+01 5.356832528420382711e-03
3.933085588900704010e+01 5.217890407470526272e-03
3.958184533965361140e+01 5.122363547944194795e-03
3.983320492881626507e+01 5.079184754864247107e-03
4.008506787586624398e+01 4.930178305486671887e-03
4.033569471078550350e+01 4.897113334704089778e-03
4.058701345074587863e+01 4.789085194119214843e-03
4.083916815834436420e+01 4.705797606357971924e-03
4.108978611092747713e+01 4.665152366772285820e-03
4.134119394692694271e+01 4.535929392014903354e-03
4.159372926482761557e+01 4.475169591507593969e-03
4.184480996230068683e+01 4.408153618735794962e-03
4.209495048714620680e+01 4.347212715245281009e-03
4.234568601474854432e+01 4.296447352486821962e-03
4.259794184898333214e+01 4.205499415535688019e-03
4.284922176444433717e+01 4.097455968094669380e-03
4.309982534096671003e+01 4.079145964459351091e-03
4.335153475414617930e+01 4.024062555423020202e-03
4.360374984514007224e+01 3.949925973411155464e-03
4.385432838732079830e+01 3.879506487503290788e-03
4.410529766549178277e+01 3.816071007922179712e-03
4.435675536456894008e+01 3.754746935000204643e-03
4.460756668584335927e+01 3.688038133635470565e-03
4.485812369927145937e+01 3.647868120208326223e-03
4.510933196139897206e+01 3.588624064412788799e-03
4.536097672816924131e+01 3.538884093334512381e-03
4.561261869099184452e+01 3.498204742363170919e-03
4.586346064304911607e+01 3.451900541580649184e-03
4.611435299895526185e+01 3.361187407201274725e-03
4.636610302009028572e+01 3.348693315591782984e-03
4.661726081402038346e+01 3.275174583144272508e-03
4.686748045926628237e+01 3.245787820309560708e-03
4.712001000143001761e+01 3.172268201138006213e-03
4.737334269293729960e+01 3.128368033614995197e-03
4.762357272554871912e+01 3.077796432350596127e-03
4.787295862859781437e+01 3.051375508694491746e-03
4.812686710231834297e+01 3.044889151414792439e-03
4.837988354528783930e+01 2.961575477265214907e-03
4.862698975964909209e+01 2.934335109968406064e-03
4.887931961662670233e+01 2.873841995075105456e-03
4.913512531690142282e+01 2.893737499823375789e-03
4.938486646957150583e+01 2.834004745767175221e-03
4.963073103205424985e+01 2.807906978289786623e-03
4.988316058859187763e+01 2.702608456938379068e-03
5.013927392651110893e+01 2.686482635446352241e-03
5.038898445289544270e+01 2.681137378007442725e-03
5.063791314200675941e+01 2.596252241872704439e-03
5.089234515763529032e+01 2.548385097576864357e-03
5.114529266359630810e+01 2.512096324763202996e-03
5.138952878242714206e+01 2.425890151283341747e-03
5.163945178601188246e+01 2.477928507545847266e-03
5.190206698624180603e+01 2.550437968935622725e-03
5.215590084722179398e+01 2.420173086267139121e-03
5.238680673191466042e+01 2.457356657269366054e-03
5.263532591009818873e+01 2.455147954895745780e-03
5.290823119436031874e+01 2.389201989311123559e-03
5.316882575050344428e+01 2.232157693638861431e-03
5.338513341050097694e+01 2.278075428333171948e-03
5.363212510227822349e+01 2.226685127982012957e-03
5.391615723351310407e+01 2.192192261959852607e-03
5.419187693011466678e+01 2.173117102146078939e-03
5.439722241285236493e+01 2.239467883739919112e-03
5.462806064877949552e+01 1.951312019635326103e-03
5.491241494336609463e+01 1.934243482636877932e-03
5.519421446932921782e+01 1.794388253986037339e-03
5.543046826972861396e+01 1.869434943989940799e-03
5.561137265256709128e+01 1.321311501057234475e-03
