3.559856489878782115e-01 4.734720199313478020e+02
6.031648866026231293e-01 2.068615066618633023e+02
8.579160745827347778e-01 8.471902377894737413e+01
1.113464310595710716e+00 4.767516634987394042e+01
1.374039914321364408e+00 2.996349469042922564e+01
1.619154704570298309e+00 2.291781769291730697e+01
1.870686673430271840e+00 1.405327844132493276e+01
2.123290040706380832e+00 1.036409880218683632e+01
2.378144976376236119e+00 7.720270494621336077e+00
2.630489925835516996e+00 6.285817285633725326e+00
2.878653162679494670e+00 4.590002232359242207e+00
3.131144366275339319e+00 4.153449622572318312e+00
3.388159578333816313e+00 3.247980572871167038e+00
3.638741848210948149e+00 2.745175283310351322e+00
3.888315910732085268e+00 2.406583582962441348e+00
4.139052155837465996e+00 1.922753240239976513e+00
4.390305777018236988e+00 1.682849840064368996e+00
4.642172339120373081e+00 1.498713432668720813e+00
4.894678666149941293e+00 1.355583284515342157e+00
5.147269052361176378e+00 1.110674979514387539e+00
5.398003206656323272e+00 1.027014414002161535e+00
5.647798235368590269e+00 8.986427770915539348e-01
5.900534302989873581e+00 8.092273793879731780e-01
6.151460297009074374e+00 7.072347255330779792e-01
6.402630176204441526e+00 6.338793312166973726e-01
6.655964674748322096e+00 5.910303365074527360e-01
6.908782583105771202e+00 5.256779920930990668e-01
7.159060853508338873e+00 4.862919435894638709e-01
7.409414762591408632e+00 4.418718654638025267e-01
7.659227149364629561e+00 4.037734452153687315e-01
7.911559474606142395e+00 3.714323043911477162e-01
8.163750941790897997e+00 3.453512191486282634e-01
8.415757210439384295e+00 3.203881795216487749e-01
8.667638839289207198e+00 2.980900970534561267e-01
8.918801124864609520e+00 2.739946105905173290e-01
9.170480108345369530e+00 2.559466817367345159e-01
9.420566033467249412e+00 2.388084494693989701e-01
9.671642335271435797e+00 2.205294098698188099e-01
9.923426157758477473e+00 2.081977348957620433e-01
1.017396902749181820e+01 1.940441271583138727e-01
1.042533700753922155e+01 1.853289453012457733e-01
1.067702948358784276e+01 1.718698759830360745e-01
1.092969337256462303e+01 1.606019225288441155e-01
1.118211872033766419e+01 1.517750148111542685e-01
1.143346516925797296e+01 1.430418656774218034e-01
1.168350508557724687e+01 1.359608914692882475e-01
1.193379937775929100e+01 1.260915434510791744e-01
1.218553055762879112e+01 1.215527261333792519e-01
1.243711650801278878e+01 1.120870479248654711e-01
1.268867268647359303e+01 1.080517991787106891e-01
1.294075027177769144e+01 1.034478325149271044e-01
1.319267287020158363e+01 9.770333855260034117e-02
1.344470571782862756e+01 9.331472810274177299e-02
1.369480150283709641e+01 8.904801432992602572e-02
1.394591277066507828e+01 8.399738731627369448e-02
1.419764645764527167e+01 8.047396282898403030e-02
1.444766774168416212e+01 7.662238266241747087e-02
1.469906835825429070e+01 7.326352968990275383e-02
1.495059118111036511e+01 7.035037690745381267e-02
1.520261612590052991e+01 6.716473342171029592e-02
1.545415944503929495e+01 6.430365510815833074e-02
1.570456072545780124e+01 6.113958736487840745e-02
1.595705800128773966e+01 5.916840095830978863e-02
1.620829297830731619e+01 5.660092603118554305e-02
1.645966591028190962e+01 5.419074493211745863e-02
1.671125708846596325e+01 5.208033659812923849e-02
1.696160259490052624e+01 5.040273118969841593e-02
1.721370276108077135e+01 4.821154844245066629e-02
1.746543424102250341e+01 4.624883831730576544e-02
1.771598473288305442e+01 4.483391577919069310e-02
1.796653767411944003e+01 4.324230970263580331e-02
1.821765658501893270e+01 4.130952527589629858e-02
1.847053788120423334e+01 3.968206801694006830e-02
1.872257696809484173e+01 3.878933571107476969e-02
1.897394097105746269e+01 3.699462423013289564e-02
1.922542454726159988e+01 3.588153147769161666e-02
1.947607703355479103e+01 3.500349588833744779e-02
1.972678839839982601e+01 3.369808194277846419e-02
1.997802698857814363e+01 3.263541070144665435e-02
2.022863620534168660e+01 3.107321807245816761e-02
2.047969598507238231e+01 3.024764949661043825e-02
2.073250439107362553e+01 2.947818027711438318e-02
2.098435855211640089e+01 2.840238290242405941e-02
2.123502923393334640e+01 2.752927794753015633e-02
2.148629411178690773e+01 2.678631844535040232e-02
2.173831825513516591e+01 2.591880554151436769e-02
2.198972260956887226e+01 2.518227749054705727e-02
2.223974971000711420e+01 2.426663495787634989e-02
2.249141870643862973e+01 2.356273320071925956e-02
2.274404614890906373e+01 2.287159960276942058e-02
2.299521835768831579e+01 2.212698268792686121e-02
2.324620084136223852e+01 2.158028699623668403e-02
2.349757798664387209e+01 2.086864744838250879e-02
2.374870488118759937e+01 2.028402837393177005e-02
2.399988781917473091e+01 1.983089218193590311e-02
2.425071646049711305e+01 1.922574546408273993e-02
2.450187830577813841e+01 1.881350388562506859e-02
2.475391093216606109e+01 1.815163594305657310e-02
2.500524226975159792e+01 1.771591163023884807e-02
2.525610980153284402e+01 1.724233927323277210e-02
2.550801425092822328e+01 1.693365786989504268e-02
2.575943113325822864e+01 1.631757658827661869e-02
2.601074166866445125e+01 1.591866296284288190e-02
2.626234447079615464e+01 1.561452449973375033e-02
2.651347712943701751e+01 1.522509249042916686e-02
2.676474177984877656e+01 1.468084237110201841e-02
2.701628079430242479e+01 1.440157943040053408e-02
2.726734205837282232e+01 1.411025940960768457e-02
2.751837013544679422e+01 1.372630132579571484e-02
2.776937726815812724e+01 1.347386106252236246e-02
2.802070160973895341e+01 1.309854951962567682e-02
2.827249982643487058e+01 1.265573225382549648e-02
2.852407603869968966e+01 1.249578022517330161e-02
2.877567300468570721e+01 1.218924990895908257e-02
2.902733523039245256e+01 1.189821797891321871e-02
2.927861073083739996e+01 1.161103091816469493e-02
2.953003196193969160e+01 1.128736106918677012e-02
2.978106336846375157e+01 1.107353432028414936e-02
3.003148440777084716e+01 1.083781892909620355e-02
3.028303386126418673e+01 1.060621523266077303e-02
3.053456493440382857e+01 1.032664140395208804e-02
3.078585183944906944e+01 1.012120057691756093e-02
3.103757946070165730e+01 9.933588705382290912e-03
3.128931656795834826e+01 9.737239814418286246e-03
3.154125974608096428e+01 9.520023901009550676e-03
3.179158626791808828e+01 9.350103012238727626e-03
3.204196438636942190e+01 9.072524165974638760e-03
3.229344668057169798e+01 8.912514684866002304e-03
3.254489998018084407e+01 8.738774006470471228e-03
3.279660140319880668e+01 8.584578567165717863e-03
3.304772754686901237e+01 8.382349936656605452e-03
3.329949953441923327e+01 8.187749845463634241e-03
3.355173249539067371e+01 8.044499325923515701e-03
3.380235474142784824e+01 7.884119981924538403e-03
3.405292218889088218e+01 7.710492417335279396e-03
3.430455901572810262e+01 7.553269821951323452e-03
3.455605119154291316e+01 7.437514489719530657e-03
3.480708698418615654e+01 7.228177120958711489e-03
3.505823042281740243e+01 7.105319424322691264e-03
3.530983122122644602e+01 6.977276235379773102e-03
3.556111974160763367e+01 6.861532534689119417e-03
3.581195885960364933e+01 6.745698937578900427e-03
3.606348577968052638e+01 6.603215759984597776e-03
3.631495136683125935e+01 6.475790712776268929e-03
3.656646781331610185e+01 6.372488174684319030e-03
3.681800948534306173e+01 6.258762448069121916e-03
3.706942350460822411e+01 6.112893845535373807e-03
3.732119977997001570e+01 6.048062210703346146e-03
3.757249197135423202e+01 5.907020412282383386e-03
3.782324055213251057e+01 5.790803958942057454e-03
3.807430609684078604e+01 5.686245649389085402e-03
3.832526519371521090e+01 5.578554744400276988e-03
3.857704530181875668e+01 5.491303486565629263e-03
3.882896255048217427e+01 5.400111148529756176e-03
3.907976684424035341e+01 5.329685413335566967e-03
3.933085588900704010e+01 5.242210939940429061e-03
3.958184533965361140e+01 5.122388005615510949e-03
3.983320492881626507e+01 5.023082172424728903e-03
4.008506787586624398e+01 4.955230353398928748e-03
4.033569471078550350e+01 4.882053572610824121e-03
4.058701345074587863e+01 4.796238214029424803e-03
4.083916815834436420e+01 4.685763223138871870e-03
4.108978611092747713e+01 4.632709764811911331e-03
4.134119394692694271e+01 4.527666885005372441e-03
4.159372926482761557e+01 4.519557075650246052e-03
4.184480996230068683e+01 4.399156391649912574e-03
4.209495048714620680e+01 4.345225688633103968e-03
4.234568601474854432e+01 4.237768767085720728e-03
4.259794184898333214e+01 4.176333187465166609e-03
4.284922176444433717e+01 4.137348392109946836e-03
4.309982534096671003e+01 4.069727245668415712e-03
4.335153475414617930e+01 4.010055681262026175e-03
4.360374984514007224e+01 3.931199088476795139e-03
4.385432838732079830e+01 3.858239674945971361e-03
4.410529766549178277e+01 3.823742967879770454e-03
4.435675536456894008e+01 3.774240436046566796e-03
4.460756668584335927e+01 3.713650821579009449e-03
4.485812369927145937e+01 3.662567814784474952e-03
4.510933196139897206e+01 3.604536291404651475e-03
4.536097672816924131e+01 3.562972992022245353e-03
4.561261869099184452e+01 3.507602551776076941e-03
4.586346064304911607e+01 3.393823747532345291e-03
4.611435299895526185e+01 3.378344232933958718e-03
4.636610302009028572e+01 3.332688356670966082e-03
4.661726081402038346e+01 3.308948023086405975e-03
4.686748045926628237e+01 3.264479259104748326e-03
4.712001000143001761e+01 3.180522184161643263e-03
4.737334269293729960e+01 3.151365589173007846e-03
4.762357272554871912e+01 3.135873308076207733e-03
4.787295862859781437e+01 3.036264468996842554e-03
4.812686710231834297e+01 3.011200719533033317e-03
4.837988354528783930e+01 2.937227584370538224e-03
4.862698975964909209e+01 2.942540472445675029e-03
4.887931961662670233e+01 2.877873333465342555e-03
4.913512531690142282e+01 2.825039235347762655e-03
4.938486646957150583e+01 2.869632684853315550e-03
4.963073103205424985e+01 2.739682286744786130e-03
4.988316058859187763e+01 2.748157566532920607e-03
5.013927392651110893e+01 2.680955172219172573e-03
5.038898445289544270e+01 2.645073391786477782e-03
5.063791314200675941e+01 2.597915366687868557e-03
5.089234515763529032e+01 2.597624587163891927e-03
5.114529266359630810e+01 2.603883661801093940e-03
5.138952878242714206e+01 2.481365190678326560e-03
5.163945178601188246e+01 2.427119840712719644e-03
5.190206698624180603e+01 2.490043096084705240e-03
5.215590084722179398e+01 2.518898326425916562e-03
5.238680673191466042e+01 2.364415789830676910e-03
5.263532591009818873e+01 2.427434497039999018e-03
5.290823119436031874e+01 2.286129387938654750e-03
5.316882575050344428e+01 2.254941775381877518e-03
5.338513341050097694e+01 2.207493723467401046e-03
5.363212510227822349e+01 2.246336326391395934e-03
5.391615723351310407e+01 2.055142448261619483e-03
5.419187693011466678e+01 2.186681107911165895e-03
5.439722241285236493e+01 2.183242797608447774e-03
5.462806064877949552e+01 2.376306887502849761e-03
5.491241494336609463e+01 2.077262928993567695e-03
5.519421446932921782e+01 2.393803244850699515e-03
5.543046826972861396e+01 2.747961154844128992e-03
5.561137265256709128e+01 4.229106888767612295e-03
