3.559856489878782115e-01 8.601001258040756738e+02
6.031648866026231293e-01 2.088295811986025683e+02
8.579160745827347778e-01 8.175564311397481276e+01
1.113464310595710716e+00 4.994287449702818549e+01
1.374039914321364408e+00 2.805998527374853779e+01
1.619154704570298309e+00 2.058837316018230013e+01
1.870686673430271840e+00 1.438458011538277859e+01
2.123290040706380832e+00 1.016392712691871481e+01
2.378144976376236119e+00 7.855262117025875845e+00
2.630489925835516996e+00 6.712718479199404342e+00
2.878653162679494670e+00 5.138268067096443126e+00
3.131144366275339319e+00 4.032466444674612127e+00
3.388159578333816313e+00 3.311566797129941619e+00
3.638741848210948149e+00 2.636884868339021359e+00
3.888315910732085268e+00 2.280089575299755200e+00
4.139052155837465996e+00 2.027273280286189028e+00
4.390305777018236988e+00 1.691571223556849413e+00
4.642172339120373081e+00 1.540159293768725624e+00
4.894678666149941293e+00 1.357056380153771169e+00
5.147269052361176378e+00 1.127684826240746618e+00
5.398003206656323272e+00 1.017207655224455332e+00
5.647798235368590269e+00 8.803805897555709858e-01
5.900534302989873581e+00 8.134211285263176494e-01
6.151460297009074374e+00 7.177744419410493348e-01
6.402630176204441526e+00 6.426954127640865932e-01
6.655964674748322096e+00 5.812912741617557444e-01
6.908782583105771202e+00 5.188403407465129735e-01
7.159060853508338873e+00 4.848782274941806358e-01
7.409414762591408632e+00 4.481384804261031030e-01
7.659227149364629561e+00 4.115169417825196296e-01
7.911559474606142395e+00 3.738298830479795387e-01
8.163750941790897997e+00 3.492313151808076332e-01
8.415757210439384295e+00 3.186084328259099485e-01
8.667638839289207198e+00 2.945528901510480746e-01
8.918801124864609520e+00 2.730580155720582769e-01
9.170480108345369530e+00 2.561290919840964464e-01
9.420566033467249412e+00 2.382843935672135927e-01
9.671642335271435797e+00 2.205776588037878794e-01
9.923426157758477473e+00 2.058934857407683505e-01
1.017396902749181820e+01 1.947732951847575833e-01
1.042533700753922155e+01 1.835877465998878022e-01
1.067702948358784276e+01 1.694193865827063883e-01
1.092969337256462303e+01 1.614508562729876640e-01
1.118211872033766419e+01 1.524956817206779280e-01
1.143346516925797296e+01 1.417529790090099606e-01
1.168350508557724687e+01 1.325871833750453532e-01
1.193379937775929100e+01 1.266851938512364162e-01
1.218553055762879112e+01 1.212096858348774009e-01
1.243711650801278878e+01 1.141306993655563096e-01
1.268867268647359303e+01 1.069258282494073981e-01
1.294075027177769144e+01 1.021094176908561996e-01
1.319267287020158363e+01 9.865464177231282605e-02
1.344470571782862756e+01 9.288710259641190514e-02
1.369480150283709641e+01 8.807585928142330767e-02
1.394591277066507828e+01 8.465531421930745648e-02
1.419764645764527167e+01 8.060694933037602927e-02
1.444766774168416212e+01 7.710716243726582764e-02
1.469906835825429070e+01 7.330169959737074803e-02
1.495059118111036511e+01 7.029224810290830849e-02
1.520261612590052991e+01 6.684495567615605927e-02
1.545415944503929495e+01 6.409175738453508353e-02
1.570456072545780124e+01 6.160620134188003749e-02
1.595705800128773966e+01 5.898845770076240058e-02
1.620829297830731619e+01 5.659730049623976078e-02
1.645966591028190962e+01 5.429563366687790993e-02
1.671125708846596325e+01 5.232222207307443002e-02
1.696160259490052624e+01 5.001955353400928950e-02
1.721370276108077135e+01 4.815856639219176505e-02
1.746543424102250341e+01 4.622497381751727169e-02
1.771598473288305442e+01 4.468340315254477196e-02
1.796653767411944003e+01 4.279842842546293519e-02
1.821765658501893270e+01 4.174515952385355472e-02
1.847053788120423334e+01 3.982575963765812993e-02
1.872257696809484173e+01 3.901328385883959943e-02
1.897394097105746269e+01 3.738093060542867219e-02
1.922542454726159988e+01 3.605094125280997736e-02
1.947607703355479103e+01 3.458178287461921574e-02
1.972678839839982601e+01 3.333856930954889192e-02
1.997802698857814363e+01 3.257459224949457721e-02
2.022863620534168660e+01 3.140480772417729438e-02
2.047969598507238231e+01 3.061916101347987931e-02
2.073250439107362553e+01 2.923944677983927529e-02
2.098435855211640089e+01 2.847870447209427044e-02
2.123502923393334640e+01 2.742457872127063156e-02
2.148629411178690773e+01 2.641745698206065390e-02
2.173831825513516591e+01 2.592344184544686375e-02
2.198972260956887226e+01 2.521894330480020305e-02
2.223974971000711420e+01 2.447006104210214944e-02
2.249141870643862973e+01 2.343221865153519851e-02
2.274404614890906373e+01 2.300525117384824916e-02
2.299521835768831579e+01 2.226211903832242198e-02
2.324620084136223852e+01 2.167945158701115732e-02
2.349757798664387209e+01 2.116588987812539208e-02
2.374870488118759937e+01 2.029129827153903012e-02
2.399988781917473091e+01 1.981633364532875419e-02
2.425071646049711305e+01 1.928978772215165713e-02
2.450187830577813841e+01 1.882733435777880771e-02
2.475391093216606109e+01 1.824992792675186534e-02
2.500524226975159792e+01 1.771232595690974687e-02
2.525610980153284402e+01 1.742666940055455013e-02
2.550801425092822328e+01 1.678736393431715448e-02
2.575943113325822864e+01 1.644527413238548036e-02
2.601074166866445125e+01 1.601877953738351651e-02
2.626234447079615464e+01 1.554698492602302369e-02
2.651347712943701751e+01 1.517079303828645920e-02
2.676474177984877656e+01 1.481396245856266003e-02
2.701628079430242479e+01 1.435658064056721979e-02
2.726734205837282232e+01 1.399825483839623776e-02
2.751837013544679422e+01 1.376815704925207599e-02
2.776937726815812724e+01 1.338375198764629216e-02
2.802070160973895341e+01 1.307395841848638454e-02
2.827249982643487058e+01 1.276924416582560055e-02
2.852407603869968966e+01 1.238832998858395255e-02
2.877567300468570721e+01 1.206903334509911579e-02
2.902733523039245256e+01 1.186324149036225607e-02
2.927861073083739996e+01 1.156705119901596350e-02
2.953003196193969160e+01 1.133243164919724676e-02
2.978106336846375157e+01 1.114994362785066799e-02
3.003148440777084716e+01 1.085975989583836190e-02
3.028303386126418673e+01 1.062434526449453423e-02
3.053456493440382857e+01 1.037861005133729718e-02
3.078585183944906944e+01 1.007195945280164179e-02
3.103757946070165730e+01 9.895342619875756307e-03
3.128931656795834826e+01 9.703186280602245362e-03
3.154125974608096428e+01 9.476307258598371669e-03
3.179158626791808828e+01 9.309945722050223457e-03
3.204196438636942190e+01 9.147297568887406347e-03
3.229344668057169798e+01 8.890062475001309777e-03
3.254489998018084407e+01 8.735072997858391378e-03
3.279660140319880668e+01 8.553400089847916499e-03
3.304772754686901237e+01 8.377765226999909012e-03
3.329949953441923327e+01 8.205157298722875678e-03
3.355173249539067371e+01 8.038623943790018309e-03
3.380235474142784824e+01 7.826124024358399253e-03
3.405292218889088218e+01 7.658547702653948838e-03
3.430455901572810262e+01 7.562574620940255669e-03
3.455605119154291316e+01 7.401569765369686235e-03
3.480708698418615654e+01 7.270265506277905597e-03
3.505823042281740243e+01 7.134480533502495989e-03
3.530983122122644602e+01 6.922579071454814173e-03
3.556111974160763367e+01 6.900754127212033705e-03
3.581195885960364933e+01 6.727318701585867020e-03
3.606348577968052638e+01 6.630044712599006580e-03
3.631495136683125935e+01 6.504359561324697149e-03
3.656646781331610185e+01 6.368579086693899535e-03
3.681800948534306173e+01 6.233496261491469799e-03
3.706942350460822411e+01 6.114983923725904845e-03
3.732119977997001570e+01 6.016101729258815922e-03
3.757249197135423202e+01 5.903681182326023236e-03
3.782324055213251057e+01 5.780772941422505050e-03
3.807430609684078604e+01 5.712364615362314213e-03
3.832526519371521090e+01 5.578397199505327753e-03
3.857704530181875668e+01 5.502168983214727506e-03
3.882896255048217427e+01 5.422925202738866808e-03
3.907976684424035341e+01 5.296476965559404615e-03
3.933085588900704010e+01 5.198501625033519202e-03
3.958184533965361140e+01 5.117985092151632054e-03
3.983320492881626507e+01 5.078583125097914895e-03
4.008506787586624398e+01 5.007628839274668939e-03
4.033569471078550350e+01 4.896353985288764629e-03
4.058701345074587863e+01 4.802314036462165987e-03
4.083916815834436420e+01 4.717824812518168869e-03
4.108978611092747713e+01 4.618160471562551654e-03
4.134119394692694271e+01 4.545561729294391416e-03
4.159372926482761557e+01 4.496142148202359086e-03
4.184480996230068683e+01 4.399270021315087112e-03
4.209495048714620680e+01 4.332159116928343233e-03
4.234568601474854432e+01 4.259659954626382992e-03
4.259794184898333214e+01 4.214889779014330783e-03
4.284922176444433717e+01 4.138453549356142444e-03
4.309982534096671003e+01 4.064463401375687825e-03
4.335153475414617930e+01 4.020901215207766874e-03
4.360374984514007224e+01 3.919049441700537227e-03
4.385432838732079830e+01 3.856000783995843558e-03
4.410529766549178277e+01 3.805762176142609473e-03
4.435675536456894008e+01 3.751436447023722212e-03
4.460756668584335927e+01 3.715598440820695562e-03
4.485812369927145937e+01 3.637229315125171253e-03
4.510933196139897206e+01 3.622474005364164067e-03
4.536097672816924131e+01 3.582590550984208859e-03
4.561261869099184452e+01 3.469564001711940120e-03
4.586346064304911607e+01 3.433293097939812532e-03
4.611435299895526185e+01 3.388947872857902069e-03
4.636610302009028572e+01 3.343603719078730267e-03
4.661726081402038346e+01 3.242689937226373321e-03
4.686748045926628237e+01 3.226098559625314131e-03
4.712001000143001761e+01 3.177728526155164466e-03
4.737334269293729960e+01 3.171011849779492055e-03
4.762357272554871912e+01 3.099366414649223477e-03
4.787295862859781437e+01 3.075648061789766283e-03
4.812686710231834297e+01 3.107751854848816910e-03
4.837988354528783930e+01 2.960477513370820234e-03
4.862698975964909209e+01 2.920007528391077925e-03
4.887931961662670233e+01 2.873953804955670967e-03
4.913512531690142282e+01 2.852131302526037578e-03
4.938486646957150583e+01 2.798583385817156322e-03
4.963073103205424985e+01 2.806990092476307954e-03
4.988316058859187763e+01 2.682307268559510228e-03
5.013927392651110893e+01 2.683901298173093242e-03
5.038898445289544270e+01 2.632737040013242297e-03
5.063791314200675941e+01 2.634162592137780437e-03
5.089234515763529032e+01 2.630188637508909695e-03
5.114529266359630810e+01 2.582285502290993656e-03
5.138952878242714206e+01 2.435261692963487570e-03
5.163945178601188246e+01 2.454291245848672087e-03
5.190206698624180603e+01 2.446351393890764878e-03
5.215590084722179398e+01 2.355863509724572587e-03
5.238680673191466042e+01 2.244490809267554472e-03
5.263532591009818873e+01 2.280958798100557895e-03
5.290823119436031874e+01 2.321828756052626928e-03
5.316882575050344428e+01 2.305083694542425180e-03
5.338513341050097694e+01 2.210499223068716594e-03
5.363212510227822349e+01 2.263077431249486699e-03
5.391615723351310407e+01 2.223861036702117627e-03
5.419187693011466678e+01 2.073158577974252518e-03
5.439722241285236493e+01 2.041916896520399542e-03
5.462806064877949552e+01 2.125706689995691435e-03
5.491241494336609463e+01 2.180507964106187177e-03
5.519421446932921782e+01 2.332272071096044234e-03
5.543046826972861396e+01 2.481353166362622407e-03
5.561137265256709128e+01 1.317387883832404341e-03
