3.559856489878782115e-01 7.750544802396103705e+02
6.031648866026231293e-01 2.319132178864274749e+02
8.579160745827347778e-01 9.336807585738726800e+01
1.113464310595710716e+00 4.453352840481004193e+01
1.374039914321364408e+00 2.702300931191732758e+01
1.619154704570298309e+00 1.808679462933769955e+01
1.870686673430271840e+00 1.470787856861480414e+01
2.123290040706380832e+00 1.023096184209073733e+01
2.378144976376236119e+00 7.410422075203023873e+00
2.630489925835516996e+00 6.078009193684810185e+00
2.878653162679494670e+00 4.959424217267118351e+00
3.131144366275339319e+00 3.700456159209075668e+00
3.388159578333816313e+00 3.164374412505687406e+00
3.638741848210948149e+00 2.754590190112624626e+00
3.888315910732085268e+00 2.346369953768135286e+00
4.139052155837465996e+00 2.015578740479683884e+00
4.390305777018236988e+00 1.671120406401001013e+00
4.642172339120373081e+00 1.496573494728104636e+00
4.894678666149941293e+00 1.288373830815834120e+00
5.147269052361176378e+00 1.153492839299534722e+00
5.398003206656323272e+00 1.027779657346871156e+00
5.647798235368590269e+00 9.014461835654856703e-01
5.900534302989873581e+00 7.775165071829308605e-01
6.151460297009074374e+00 7.071929051209355777e-01
6.402630176204441526e+00 6.429726997042171099e-01
6.655964674748322096e+00 5.846307030988071585e-01
6.908782583105771202e+00 5.416191830102772276e-01
7.159060853508338873e+00 4.893360056800196145e-01
7.409414762591408632e+00 4.341812135082049329e-01
7.659227149364629561e+00 4.028586786397886366e-01
7.911559474606142395e+00 3.800948999081703028e-01
8.163750941790897997e+00 3.436332678372304161e-01
8.415757210439384295e+00 3.187541267262264388e-01
8.667638839289207198e+00 2.968676170947080473e-01
8.918801124864609520e+00 2.727317402503713351e-01
9.170480108345369530e+00 2.510847039951594195e-01
9.420566033467249412e+00 2.344383154063197916e-01
9.671642335271435797e+00 2.212263199254490831e-01
9.923426157758477473e+00 2.084166775610806766e-01
1.017396902749181820e+01 1.963577945185695506e-01
1.042533700753922155e+01 1.836484752373235274e-01
1.067702948358784276e+01 1.713895787074402877e-01
1.092969337256462303e+01 1.569990361334630824e-01
1.118211872033766419e+01 1.521132232365658143e-01
1.143346516925797296e+01 1.409475287173307112e-01
1.168350508557724687e+01 1.342333680307120081e-01
1.193379937775929100e+01 1.255210854049572389e-01
1.218553055762879112e+01 1.200028888919555392e-01
1.243711650801278878e+01 1.136439315728569183e-01
1.268867268647359303e+01 1.083949663521012324e-01
1.294075027177769144e+01 1.025664579479185629e-01
1.319267287020158363e+01 9.770405643304271026e-02
1.344470571782862756e+01 9.423907477852876136e-02
1.369480150283709641e+01 8.960705627966530917e-02
1.394591277066507828e+01 8.331368064505055571e-02
1.419764645764527167e+01 8.212237766990884702e-02
1.444766774168416212e+01 7.711276002517154782e-02
1.469906835825429070e+01 7.408346804860117818e-02
1.495059118111036511e+01 7.005356269532546365e-02
1.520261612590052991e+01 6.763845721392564014e-02
1.545415944503929495e+01 6.428226021951591318e-02
1.570456072545780124e+01 6.162893254582513941e-02
1.595705800128773966e+01 5.949050086667212467e-02
1.620829297830731619e+01 5.659594448385091292e-02
1.645966591028190962e+01 5.407580836109966010e-02
1.671125708846596325e+01 5.249507345252216184e-02
1.696160259490052624e+01 4.983774071743177214e-02
1.721370276108077135e+01 4.845260062443556420e-02
1.746543424102250341e+01 4.644534006146636140e-02
1.771598473288305442e+01 4.471221817603799470e-02
1.796653767411944003e+01 4.325959055638411294e-02
1.821765658501893270e+01 4.149897606158461927e-02
1.847053788120423334e+01 3.990025656485735733e-02
1.872257696809484173e+01 3.869707946032015233e-02
1.897394097105746269e+01 3.704657614241470970e-02
1.922542454726159988e+01 3.584533596866715244e-02
1.947607703355479103e+01 3.468888023374293306e-02
1.972678839839982601e+01 3.359770009051176592e-02
1.997802698857814363e+01 3.255544654490096640e-02
2.022863620534168660e+01 3.147869330561930273e-02
2.047969598507238231e+01 3.040987934487179162e-02
2.073250439107362553e+01 2.926378203760583718e-02
2.098435855211640089e+01 2.850647263880044455e-02
2.123502923393334640e+01 2.758794777119947042e-02
2.148629411178690773e+01 2.668760791376825064e-02
2.173831825513516591e+01 2.584132571291449312e-02
2.198972260956887226e+01 2.498095108381176779e-02
2.223974971000711420e+01 2.417685208138634773e-02
2.249141870643862973e+01 2.360747307840170561e-02
2.274404614890906373e+01 2.294596108262593470e-02
2.299521835768831579e+01 2.223241551318334841e-02
2.324620084136223852e+01 2.161851703406322475e-02
2.349757798664387209e+01 2.119191976270332414e-02
2.374870488118759937e+01 2.051334335497415062e-02
2.399988781917473091e+01 1.967556008828298328e-02
2.425071646049711305e+01 1.930635554872421611e-02
2.450187830577813841e+01 1.867997000600038482e-02
2.475391093216606109e+01 1.833664808851808922e-02
2.500524226975159792e+01 1.790200831021021219e-02
2.525610980153284402e+01 1.731064088913748453e-02
2.550801425092822328e+01 1.675171241796966082e-02
2.575943113325822864e+01 1.637731222223482580e-02
2.601074166866445125e+01 1.595264756354649108e-02
2.626234447079615464e+01 1.562360598621236919e-02
2.651347712943701751e+01 1.518109552918009766e-02
2.676474177984877656e+01 1.480718677049113960e-02
2.701628079430242479e+01 1.433809813337235360e-02
2.726734205837282232e+01 1.409697714343816424e-02
2.751837013544679422e+01 1.370841331472682362e-02
2.776937726815812724e+01 1.335591893114943321e-02
2.802070160973895341e+01 1.306369467379394148e-02
2.827249982643487058e+01 1.275692270273742421e-02
2.852407603869968966e+01 1.244353354315671546e-02
2.877567300468570721e+01 1.215263066945645662e-02
2.902733523039245256e+01 1.183383738562610379e-02
2.927861073083739996e+01 1.151821877350822296e-02
2.953003196193969160e+01 1.135041495518826146e-02
2.978106336846375157e+01 1.110631278369802674e-02
3.003148440777084716e+01 1.084967514200362200e-02
3.028303386126418673e+01 1.058932982018414258e-02
3.053456493440382857e+01 1.036962953381134755e-02
3.078585183944906944e+01 1.010157009312900520e-02
3.103757946070165730e+01 9.923397049336174502e-03
3.128931656795834826e+01 9.746253842364566849e-03
3.154125974608096428e+01 9.552958148013306755e-03
3.179158626791808828e+01 9.355024022989877341e-03
3.204196438636942190e+01 9.127924638218917752e-03
3.229344668057169798e+01 8.929461378702048535e-03
3.254489998018084407e+01 8.775250559370116263e-03
3.279660140319880668e+01 8.556255072768014294e-03
3.304772754686901237e+01 8.402417556371558766e-03
3.329949953441923327e+01 8.191708753222537095e-03
3.355173249539067371e+01 8.022012218248429985e-03
3.380235474142784824e+01 7.918872817102894437e-03
3.405292218889088218e+01 7.720209400659466120e-03
3.430455901572810262e+01 7.538340757975710120e-03
3.455605119154291316e+01 7.418978390636205358e-03
3.480708698418615654e+01 7.272160837916371440e-03
3.505823042281740243e+01 7.172331076164354877e-03
3.530983122122644602e+01 6.964108049152276970e-03
3.556111974160763367e+01 6.876634923139002264e-03
3.581195885960364933e+01 6.698829849184130027e-03
3.606348577968052638e+01 6.577258052241863502e-03
3.631495136683125935e+01 6.479739364151949899e-03
3.656646781331610185e+01 6.354611763052816706e-03
3.681800948534306173e+01 6.255385313198031337e-03
3.706942350460822411e+01 6.106727274261748890e-03
3.732119977997001570e+01 6.017043542783595544e-03
3.757249197135423202e+01 5.897826734443584185e-03
3.782324055213251057e+01 5.808921856104449361e-03
3.807430609684078604e+01 5.737709371244507049e-03
3.832526519371521090e+01 5.561981617107879250e-03
3.857704530181875668e+01 5.467084024307800223e-03
3.882896255048217427e+01 5.419432683228163350e-03
3.907976684424035341e+01 5.318728786208953840e-03
3.933085588900704010e+01 5.214323454399126707e-03
3.958184533965361140e+01 5.109762471385308723e-03
3.983320492881626507e+01 5.073658671422063768e-03
4.008506787586624398e+01 4.983882723068439567e-03
4.033569471078550350e+01 4.853452917143889767e-03
4.058701345074587863e+01 4.784897283771766263e-03
4.083916815834436420e+01 4.697612291833433602e-03
4.108978611092747713e+01 4.640762590729217811e-03
4.134119394692694271e+01 4.573437725366513024e-03
4.159372926482761557e+01 4.451999384786332892e-03
4.184480996230068683e+01 4.416858419447271256e-03
4.209495048714620680e+01 4.323187777277763023e-03
4.234568601474854432e+01 4.241362536664526443e-03
4.259794184898333214e+01 4.192727336814736083e-03
4.284922176444433717e+01 4.147146657597613507e-03
4.309982534096671003e+01 4.079540816130614901e-03
4.335153475414617930e+01 3.974160233734414654e-03
4.360374984514007224e+01 3.916994618763684419e-03
4.385432838732079830e+01 3.872826902592997524e-03
4.410529766549178277e+01 3.802727106518958254e-03
4.435675536456894008e+01 3.741023029508249147e-03
4.460756668584335927e+01 3.727407321855840446e-03
4.485812369927145937e+01 3.648507237596468594e-03
4.510933196139897206e+01 3.615545292100421932e-03
4.536097672816924131e+01 3.522538888781880529e-03
4.561261869099184452e+01 3.462009710628283915e-03
4.586346064304911607e+01 3.435781511370200256e-03
4.611435299895526185e+01 3.378404138819932328e-03
4.636610302009028572e+01 3.283290620905203461e-03
4.661726081402038346e+01 3.320420487824364813e-03
4.686748045926628237e+01 3.274005310208404507e-03
4.712001000143001761e+01 3.214097416525386625e-03
4.737334269293729960e+01 3.176164254539524424e-03
4.762357272554871912e+01 3.083385214328805256e-03
4.787295862859781437e+01 3.035563287937442355e-03
4.812686710231834297e+01 2.976536917197164251e-03
4.837988354528783930e+01 2.975405746626058699e-03
4.862698975964909209e+01 2.941906568463046809e-03
4.887931961662670233e+01 2.900176212980666059e-03
4.913512531690142282e+01 2.778989579025332394e-03
4.938486646957150583e+01 2.757693033071638173e-03
4.963073103205424985e+01 2.777120234572385497e-03
4.988316058859187763e+01 2.636342531903415262e-03
5.013927392651110893e+01 2.689256546214415389e-03
5.038898445289544270e+01 2.650430019830265094e-03
5.063791314200675941e+01 2.569935833079293672e-03
5.089234515763529032e+01 2.599031187352972890e-03
5.114529266359630810e+01 2.565284620414536292e-03
5.138952878242714206e+01 2.439485216165515960e-03
5.163945178601188246e+01 2.527442953399736299e-03
5.190206698624180603e+01 2.411682828088742604e-03
5.215590084722179398e+01 2.441139305331165889e-03
5.238680673191466042e+01 2.369911830544991441e-03
5.263532591009818873e+01 2.275783259895483145e-03
5.290823119436031874e+01 2.317924971796301702e-03
5.316882575050344428e+01 2.374264241753448051e-03
5.338513341050097694e+01 2.316572937511421609e-03
5.363212510227822349e+01 2.249116595892583330e-03
5.391615723351310407e+01 2.281416098318946820e-03
5.419187693011466678e+01 2.001275886845839663e-03
5.439722241285236493e+01 1.925197757034819183e-03
5.462806064877949552e+01 2.046437903160818177e-03
5.491241494336609463e+01 2.021454864935304154e-03
5.519421446932921782e+01 1.783504932713705525e-03
5.543046826972861396e+01 4.060835419052479835e-03
5.561137265256709128e+01 2.382366733877090519e-03
