3.559856489878782115e-01 1.042726970936495491e+03
6.031648866026231293e-01 2.255870498872590133e+02
8.579160745827347778e-01 8.978699672586473923e+01
1.113464310595710716e+00 4.737079532019697581e+01
1.374039914321364408e+00 2.997497154778696071e+01
1.619154704570298309e+00 2.172838715175828384e+01
1.870686673430271840e+00 1.498012881776484662e+01
2.123290040706380832e+00 9.999158878984143684e+00
2.378144976376236119e+00 7.617514187968408734e+00
2.630489925835516996e+00 5.729483987444236703e+00
2.878653162679494670e+00 5.468466372165521783e+00
3.131144366275339319e+00 4.070003491706192023e+00
3.388159578333816313e+00 3.145720847252249097e+00
3.638741848210948149e+00 2.731769924553187678e+00
3.888315910732085268e+00 2.436290042454528848e+00
4.139052155837465996e+00 2.001928727689874510e+00
4.390305777018236988e+00 1.666758162436160262e+00
4.642172339120373081e+00 1.456088933162752008e+00
4.894678666149941293e+00 1.315354207154540989e+00
5.147269052361176378e+00 1.146832693939271230e+00
5.398003206656323272e+00 1.001172678831076857e+00
5.647798235368590269e+00 9.109108558888283635e-01
5.900534302989873581e+00 7.837655632013915685e-01
6.151460297009074374e+00 7.306431610576371583e-01
6.402630176204441526e+00 6.271177536721176393e-01
6.655964674748322096e+00 5.839389095568408017e-01
6.908782583105771202e+00 5.300013858930340271e-01
7.159060853508338873e+00 4.844801025203265277e-01
7.409414762591408632e+00 4.553468898696386713e-01
7.659227149364629561e+00 4.015315313093149041e-01
7.911559474606142395e+00 3.733679969795573039e-01
8.163750941790897997e+00 3.484917170524848840e-01
8.415757210439384295e+00 3.207111052078578939e-01
8.667638839289207198e+00 2.974835123894924438e-01
8.918801124864609520e+00 2.758328531139098150e-01
9.170480108345369530e+00 2.536230918808611290e-01
9.420566033467249412e+00 2.425608081088411749e-01
9.671642335271435797e+00 2.227076197403860258e-01
9.923426157758477473e+00 2.099438422565044204e-01
1.017396902749181820e+01 1.984877807446837061e-01
1.042533700753922155e+01 1.827349709590182225e-01
1.067702948358784276e+01 1.701529433009638659e-01
1.092969337256462303e+01 1.605741284541148950e-01
1.118211872033766419e+01 1.533913684688608947e-01
1.143346516925797296e+01 1.410298630750724258e-01
1.168350508557724687e+01 1.345000452268116653e-01
1.193379937775929100e+01 1.287150116409578882e-01
1.218553055762879112e+01 1.201192622992413028e-01
1.243711650801278878e+01 1.132644311801902087e-01
1.268867268647359303e+01 1.100694723667567237e-01
1.294075027177769144e+01 1.025836056762148285e-01
1.319267287020158363e+01 9.801032944445763062e-02
1.344470571782862756e+01 9.408035558250288366e-02
1.369480150283709641e+01 8.710151844410188304e-02
1.394591277066507828e+01 8.333587275734495592e-02
1.419764645764527167e+01 8.115059630690071857e-02
1.444766774168416212e+01 7.671628611387916463e-02
1.469906835825429070e+01 7.324702146191072738e-02
1.495059118111036511e+01 7.072229529884803412e-02
1.520261612590052991e+01 6.697839186724402483e-02
1.545415944503929495e+01 6.448960245053081408e-02
1.570456072545780124e+01 6.181370284116215197e-02
1.595705800128773966e+01 5.920348138111655723e-02
1.620829297830731619e+01 5.632512417591575143e-02
1.645966591028190962e+01 5.403750022219726973e-02
1.671125708846596325e+01 5.202257147309483770e-02
1.696160259490052624e+01 5.028721901539904421e-02
1.721370276108077135e+01 4.814318880162627573e-02
1.746543424102250341e+01 4.639985982525219460e-02
1.771598473288305442e+01 4.449180102963582600e-02
1.796653767411944003e+01 4.334489438218505630e-02
1.821765658501893270e+01 4.153829848324241264e-02
1.847053788120423334e+01 3.983400480748206657e-02
1.872257696809484173e+01 3.836853759490263527e-02
1.897394097105746269e+01 3.728319627997005170e-02
1.922542454726159988e+01 3.560342645297561587e-02
1.947607703355479103e+01 3.460539797343741703e-02
1.972678839839982601e+01 3.331359897588064695e-02
1.997802698857814363e+01 3.246787543779711821e-02
2.022863620534168660e+01 3.135517236691931497e-02
2.047969598507238231e+01 3.035058657871463408e-02
2.073250439107362553e+01 2.941071600196318650e-02
2.098435855211640089e+01 2.833104315426356046e-02
2.123502923393334640e+01 2.747531699857333476e-02
2.148629411178690773e+01 2.680949872770083120e-02
2.173831825513516591e+01 2.590611899339129859e-02
2.198972260956887226e+01 2.517265743138679540e-02
2.223974971000711420e+01 2.421892886752775517e-02
2.249141870643862973e+01 2.364601697326578975e-02
2.274404614890906373e+01 2.294664140066263874e-02
2.299521835768831579e+01 2.224232740461235328e-02
2.324620084136223852e+01 2.148738670202791218e-02
2.349757798664387209e+01 2.112246542183921286e-02
2.374870488118759937e+01 2.046129504983024150e-02
2.399988781917473091e+01 1.981556583504515481e-02
2.425071646049711305e+01 1.928273555617867133e-02
2.450187830577813841e+01 1.883626049664681446e-02
2.475391093216606109e+01 1.818578175354365958e-02
2.500524226975159792e+01 1.769032167138341258e-02
2.525610980153284402e+01 1.724212403098993387e-02
2.550801425092822328e+01 1.688153653073609997e-02
2.575943113325822864e+01 1.642008705583075309e-02
2.601074166866445125e+01 1.596567413728375989e-02
2.626234447079615464e+01 1.561978163567731906e-02
2.651347712943701751e+01 1.519266736957522457e-02
2.676474177984877656e+01 1.472711797398830805e-02
2.701628079430242479e+01 1.439905862614868429e-02
2.726734205837282232e+01 1.406450568244956532e-02
2.751837013544679422e+01 1.361347234548133424e-02
2.776937726815812724e+01 1.330456420933628578e-02
2.802070160973895341e+01 1.305333924305972573e-02
2.827249982643487058e+01 1.277329664654477601e-02
2.852407603869968966e+01 1.246398385050447206e-02
2.877567300468570721e+01 1.216393293176436761e-02
2.902733523039245256e+01 1.182943991886445910e-02
2.927861073083739996e+01 1.155363867066293466e-02
2.953003196193969160e+01 1.137142018830157933e-02
2.978106336846375157e+01 1.106105804085557795e-02
3.003148440777084716e+01 1.084838305911486368e-02
3.028303386126418673e+01 1.058855162390240703e-02
3.053456493440382857e+01 1.031744824263774486e-02
3.078585183944906944e+01 1.018327811425572341e-02
3.103757946070165730e+01 9.882992118173278620e-03
3.128931656795834826e+01 9.674683791309925465e-03
3.154125974608096428e+01 9.493607099462633703e-03
3.179158626791808828e+01 9.277424927315433903e-03
3.204196438636942190e+01 9.056345789621561213e-03
3.229344668057169798e+01 8.915634851079984671e-03
3.254489998018084407e+01 8.723527968011776657e-03
3.279660140319880668e+01 8.509743900182616116e-03
3.304772754686901237e+01 8.364516835707677331e-03
3.329949953441923327e+01 8.211884669162653264e-03
3.355173249539067371e+01 8.058769094877798675e-03
3.380235474142784824e+01 7.890939310286662275e-03
3.405292218889088218e+01 7.694556709423755816e-03
3.430455901572810262e+01 7.591401732717184027e-03
3.455605119154291316e+01 7.456216835509333479e-03
3.480708698418615654e+01 7.292881259139841719e-03
3.505823042281740243e+01 7.094877126424177852e-03
3.530983122122644602e+01 7.039093214561953013e-03
3.556111974160763367e+01 6.860328946877039188e-03
3.581195885960364933e+01 6.735562874197171743e-03
3.606348577968052638e+01 6.601860746560344988e-03
3.631495136683125935e+01 6.515881035119424139e-03
3.656646781331610185e+01 6.377437177069681523e-03
3.681800948534306173e+01 6.265641464277540637e-03
3.706942350460822411e+01 6.135644758170110021e-03
3.732119977997001570e+01 6.035721323139905427e-03
3.757249197135423202e+01 5.932481251440162827e-03
3.782324055213251057e+01 5.784905480735456559e-03
3.807430609684078604e+01 5.710392744167952853e-03
3.832526519371521090e+01 5.558262863871733274e-03
3.857704530181875668e+01 5.456589948686109241e-03
3.882896255048217427e+01 5.411676690065802056e-03
3.907976684424035341e+01 5.297507521509615784e-03
3.933085588900704010e+01 5.224733756853182191e-03
3.958184533965361140e+01 5.146102415774747585e-03
3.983320492881626507e+01 5.064355466701590987e-03
4.008506787586624398e+01 4.956190719102374943e-03
4.033569471078550350e+01 4.907042502340813392e-03
4.058701345074587863e+01 4.793307440618423815e-03
4.083916815834436420e+01 4.712910527568917214e-03
4.108978611092747713e+01 4.629241720314983960e-03
4.134119394692694271e+01 4.565052772458615300e-03
4.159372926482761557e+01 4.466660502078691891e-03
4.184480996230068683e+01 4.428566586525459377e-03
4.209495048714620680e+01 4.341775918098118338e-03
4.234568601474854432e+01 4.274300351108644737e-03
4.259794184898333214e+01 4.211843656556320432e-03
4.284922176444433717e+01 4.123337250026867622e-03
4.309982534096671003e+01 4.064040365074680222e-03
4.335153475414617930e+01 4.005364583634823603e-03
4.360374984514007224e+01 3.960152463738367788e-03
4.385432838732079830e+01 3.903306008703703173e-03
4.410529766549178277e+01 3.782850134488658853e-03
4.435675536456894008e+01 3.755611185883379281e-03
4.460756668584335927e+01 3.694856438519103677e-03
4.485812369927145937e+01 3.621041636987318551e-03
4.510933196139897206e+01 3.570622850503666484e-03
4.536097672816924131e+01 3.509643755065822157e-03
4.561261869099184452e+01 3.514615947302116104e-03
4.586346064304911607e+01 3.472873118103651877e-03
4.611435299895526185e+01 3.397833580824341157e-03
4.636610302009028572e+01 3.385916641734979058e-03
4.661726081402038346e+01 3.296170675933889332e-03
4.686748045926628237e+01 3.270506553203482870e-03
4.712001000143001761e+01 3.253742796395195890e-03
4.737334269293729960e+01 3.122947383705416014e-03
4.762357272554871912e+01 3.087196003505832727e-03
4.787295862859781437e+01 3.023480185856284620e-03
4.812686710231834297e+01 3.024741092072201053e-03
4.837988354528783930e+01 2.934574740090926167e-03
4.862698975964909209e+01 2.860551049333964237e-03
4.887931961662670233e+01 2.966239967479489606e-03
4.913512531690142282e+01 2.836123095678633708e-03
4.938486646957150583e+01 2.763355861477005942e-03
4.963073103205424985e+01 2.734079709517785606e-03
4.988316058859187763e+01 2.747597774565414038e-03
5.013927392651110893e+01 2.645713938229827655e-03
5.038898445289544270e+01 2.691300202021131363e-03
5.063791314200675941e+01 2.633377499992583907e-03
5.089234515763529032e+01 2.567669257163127453e-03
5.114529266359630810e+01 2.515042268818703294e-03
5.138952878242714206e+01 2.611027054591825991e-03
5.163945178601188246e+01 2.494285115460127735e-03
5.190206698624180603e+01 2.460386957397610146e-03
5.215590084722179398e+01 2.531100565127918523e-03
5.238680673191466042e+01 2.315957823754932320e-03
5.263532591009818873e+01 2.441559890740606538e-03
5.290823119436031874e+01 2.414470327141496776e-03
5.316882575050344428e+01 2.210878877138615101e-03
5.338513341050097694e+01 2.396190785764256911e-03
5.363212510227822349e+01 2.133328097377370364e-03
5.391615723351310407e+01 2.192388419126367269e-03
5.419187693011466678e+01 2.054327811700617200e-03
5.439722241285236493e+01 1.962709085247794048e-03
5.462806064877949552e+01 1.962363881095282626e-03
5.491241494336609463e+01 2.113733039060500512e-03
5.519421446932921782e+01 2.106211219517086126e-03
5.543046826972861396e+01 1.494577454213408393e-03
5.561137265256709128e+01 5.096763248999083319e-03
