3.559856489878782115e-01 5.622977610665145676e+02
6.031648866026231293e-01 1.918335517846313962e+02
8.579160745827347778e-01 9.167526444111636863e+01
1.113464310595710716e+00 5.240719508880655297e+01
1.374039914321364408e+00 3.152451721030857712e+01
1.619154704570298309e+00 1.950133666168405000e+01
1.870686673430271840e+00 1.344400342836605233e+01
2.123290040706380832e+00 1.070074733996353089e+01
2.378144976376236119e+00 8.128895855086737399e+00
2.630489925835516996e+00 6.317206889280309490e+00
2.878653162679494670e+00 4.798707774744070953e+00
3.131144366275339319e+00 4.121169400245910275e+00
3.388159578333816313e+00 3.388055070212212083e+00
3.638741848210948149e+00 2.834300750555765802e+00
3.888315910732085268e+00 2.306369436642634163e+00
4.139052155837465996e+00 2.019824119986732391e+00
4.390305777018236988e+00 1.641668383829796740e+00
4.642172339120373081e+00 1.410828359895708095e+00
4.894678666149941293e+00 1.301747518069750198e+00
5.147269052361176378e+00 1.187248017962520885e+00
5.398003206656323272e+00 1.007779933245703363e+00
5.647798235368590269e+00 8.793273693849771311e-01
5.900534302989873581e+00 8.154852377086662107e-01
6.151460297009074374e+00 7.121449418868851522e-01
6.402630176204441526e+00 6.282807899760050052e-01
6.655964674748322096e+00 5.897271553753739015e-01
6.908782583105771202e+00 5.191472314850404945e-01
7.159060853508338873e+00 4.822599990035860151e-01
7.409414762591408632e+00 4.414490489412824514e-01
7.659227149364629561e+00 4.105600941742083565e-01
7.911559474606142395e+00 3.725059579958819866e-01
8.163750941790897997e+00 3.410200844456490743e-01
8.415757210439384295e+00 3.139017664161927179e-01
8.667638839289207198e+00 2.922162818853445421e-01
8.918801124864609520e+00 2.673475102040547835e-01
9.170480108345369530e+00 2.551050596032470308e-01
9.420566033467249412e+00 2.366149786217880135e-01
9.671642335271435797e+00 2.212233278557481364e-01
9.923426157758477473e+00 2.049913055263222483e-01
1.017396902749181820e+01 1.939886053204799288e-01
1.042533700753922155e+01 1.825171892926026052e-01
1.067702948358784276e+01 1.711737948593374803e-01
1.092969337256462303e+01 1.610772221808657034e-01
1.118211872033766419e+01 1.516126025815913714e-01
1.143346516925797296e+01 1.427666051240065181e-01
1.168350508557724687e+01 1.338554860627190479e-01
1.193379937775929100e+01 1.264844522341486421e-01
1.218553055762879112e+01 1.194953041203144356e-01
1.243711650801278878e+01 1.139878788790901348e-01
1.268867268647359303e+01 1.085765918512769379e-01
1.294075027177769144e+01 1.032013866601125540e-01
1.319267287020158363e+01 9.790798167796334328e-02
1.344470571782862756e+01 9.319127440387976746e-02
1.369480150283709641e+01 8.769480506352894666e-02
1.394591277066507828e+01 8.496613186621400360e-02
1.419764645764527167e+01 8.129659170621092446e-02
1.444766774168416212e+01 7.702453218363350396e-02
1.469906835825429070e+01 7.341662732018496007e-02
1.495059118111036511e+01 6.976037032263303350e-02
1.520261612590052991e+01 6.645662366752869143e-02
1.545415944503929495e+01 6.410600785650506783e-02
1.570456072545780124e+01 6.289199919070929956e-02
1.595705800128773966e+01 5.929560176043041642e-02
1.620829297830731619e+01 5.674151542419963307e-02
1.645966591028190962e+01 5.415265103073364089e-02
1.671125708846596325e+01 5.243888224162679412e-02
1.696160259490052624e+01 5.056207052205427543e-02
1.721370276108077135e+01 4.810050463590802988e-02
1.746543424102250341e+01 4.610702201691766616e-02
1.771598473288305442e+01 4.399385729924772809e-02
1.796653767411944003e+01 4.346376974371678192e-02
1.821765658501893270e+01 4.162453569586149066e-02
1.847053788120423334e+01 4.006879546091868249e-02
1.872257696809484173e+01 3.897268853531431210e-02
1.897394097105746269e+01 3.748053360823322411e-02
1.922542454726159988e+01 3.565881110074172605e-02
1.947607703355479103e+01 3.437173858418494932e-02
1.972678839839982601e+01 3.354471294319655988e-02
1.997802698857814363e+01 3.251105325606636065e-02
2.022863620534168660e+01 3.149103798322414743e-02
2.047969598507238231e+01 3.054546013468581109e-02
2.073250439107362553e+01 2.939999683177782833e-02
2.098435855211640089e+01 2.843566643771498759e-02
2.123502923393334640e+01 2.761580491109205671e-02
2.148629411178690773e+01 2.659453739264919930e-02
2.173831825513516591e+01 2.603314977740258523e-02
2.198972260956887226e+01 2.525055259207709124e-02
2.223974971000711420e+01 2.439767708389403017e-02
2.249141870643862973e+01 2.366192890228813184e-02
2.274404614890906373e+01 2.278308276718395142e-02
2.299521835768831579e+01 2.231666086995916926e-02
2.324620084136223852e+01 2.165271259881643498e-02
2.349757798664387209e+01 2.092166082068485158e-02
2.374870488118759937e+01 2.044995945981739616e-02
2.399988781917473091e+01 1.977266591839734258e-02
2.425071646049711305e+01 1.935807142851736842e-02
2.450187830577813841e+01 1.875397814632867241e-02
2.475391093216606109e+01 1.830138989618942599e-02
2.500524226975159792e+01 1.775902210954511187e-02
2.525610980153284402e+01 1.737939332095393002e-02
2.550801425092822328e+01 1.689968754900687820e-02
2.575943113325822864e+01 1.649583544322113376e-02
2.601074166866445125e+01 1.587642324949141079e-02
2.626234447079615464e+01 1.553469229011258772e-02
2.651347712943701751e+01 1.531397143463269009e-02
2.676474177984877656e+01 1.470389826586088015e-02
2.701628079430242479e+01 1.447380946159653251e-02
2.726734205837282232e+01 1.404876706284245019e-02
2.751837013544679422e+01 1.368720781822846573e-02
2.776937726815812724e+01 1.349164479217161532e-02
2.802070160973895341e+01 1.305441760703182630e-02
2.827249982643487058e+01 1.276732815316192898e-02
2.852407603869968966e+01 1.238319964364273731e-02
2.877567300468570721e+01 1.219080068255373045e-02
2.902733523039245256e+01 1.187615841397485043e-02
2.927861073083739996e+01 1.166152033185607548e-02
2.953003196193969160e+01 1.138297393933268911e-02
2.978106336846375157e+01 1.112949850703599808e-02
3.003148440777084716e+01 1.083713849959233241e-02
3.028303386126418673e+01 1.064967684809392003e-02
3.053456493440382857e+01 1.042894982425946263e-02
3.078585183944906944e+01 1.012132959520082622e-02
3.103757946070165730e+01 9.913079080445719518e-03
3.128931656795834826e+01 9.711007170738934074e-03
3.154125974608096428e+01 9.475153308234396388e-03
3.179158626791808828e+01 9.259298571034394257e-03
3.204196438636942190e+01 9.126595904153069622e-03
3.229344668057169798e+01 8.907899426719078848e-03
3.254489998018084407e+01 8.724889902747987036e-03
3.279660140319880668e+01 8.505643121518951383e-03
3.304772754686901237e+01 8.399804560063540981e-03
3.329949953441923327e+01 8.209448312150065610e-03
3.355173249539067371e+01 8.018786563606624881e-03
3.380235474142784824e+01 7.900977216559650421e-03
3.405292218889088218e+01 7.786469302317969993e-03
3.430455901572810262e+01 7.545801155411566846e-03
3.455605119154291316e+01 7.420017323982241314e-03
3.480708698418615654e+01 7.252340681075618994e-03
3.505823042281740243e+01 7.148748644390605887e-03
3.530983122122644602e+01 6.966761547783552160e-03
3.556111974160763367e+01 6.841063922192900694e-03
3.581195885960364933e+01 6.771153568405892907e-03
3.606348577968052638e+01 6.610280964858416750e-03
3.631495136683125935e+01 6.436790886251792833e-03
3.656646781331610185e+01 6.316044260434471556e-03
3.681800948534306173e+01 6.254311073213333211e-03
3.706942350460822411e+01 6.135463646143874371e-03
3.732119977997001570e+01 6.037699812315219967e-03
3.757249197135423202e+01 5.926303531776975705e-03
3.782324055213251057e+01 5.805338222110732749e-03
3.807430609684078604e+01 5.705709516487721296e-03
3.832526519371521090e+01 5.613749341776962977e-03
3.857704530181875668e+01 5.502389614002971621e-03
3.882896255048217427e+01 5.402850996780879031e-03
3.907976684424035341e+01 5.305623680615519436e-03
3.933085588900704010e+01 5.235505770687866496e-03
3.958184533965361140e+01 5.131828779996045788e-03
3.983320492881626507e+01 5.025722302766793236e-03
4.008506787586624398e+01 4.978414245560518550e-03
4.033569471078550350e+01 4.890377130073390866e-03
4.058701345074587863e+01 4.795528154355904217e-03
4.083916815834436420e+01 4.706409632521553303e-03
4.108978611092747713e+01 4.595169674158795271e-03
4.134119394692694271e+01 4.589373994662256095e-03
4.159372926482761557e+01 4.479787196396597601e-03
4.184480996230068683e+01 4.421243049742024783e-03
4.209495048714620680e+01 4.342791135576927648e-03
4.234568601474854432e+01 4.271403710628558607e-03
4.259794184898333214e+01 4.223810112463013446e-03
4.284922176444433717e+01 4.126812709359045130e-03
4.309982534096671003e+01 4.063886686296425133e-03
4.335153475414617930e+01 4.014344517858457057e-03
4.360374984514007224e+01 3.913527464370446587e-03
4.385432838732079830e+01 3.869593205886473833e-03
4.410529766549178277e+01 3.805988236212074372e-03
4.435675536456894008e+01 3.750628825098118076e-03
4.460756668584335927e+01 3.706550017511668193e-03
4.485812369927145937e+01 3.652123225777482388e-03
4.510933196139897206e+01 3.594388745709362325e-03
4.536097672816924131e+01 3.579430800937355699e-03
4.561261869099184452e+01 3.474819879596780479e-03
4.586346064304911607e+01 3.434900495245118632e-03
4.611435299895526185e+01 3.398653361340983354e-03
4.636610302009028572e+01 3.351301983200444343e-03
4.661726081402038346e+01 3.269038828310319358e-03
4.686748045926628237e+01 3.236561468223101996e-03
4.712001000143001761e+01 3.196459559473965005e-03
4.737334269293729960e+01 3.164064919329081897e-03
4.762357272554871912e+01 3.074017463713825653e-03
4.787295862859781437e+01 3.021431458397908377e-03
4.812686710231834297e+01 3.030344548180748977e-03
4.837988354528783930e+01 2.939900333669688299e-03
4.862698975964909209e+01 2.891195065224121293e-03
4.887931961662670233e+01 2.835624814523091466e-03
4.913512531690142282e+01 2.867372813371955268e-03
4.938486646957150583e+01 2.798888960491399767e-03
4.963073103205424985e+01 2.760354486162885576e-03
4.988316058859187763e+01 2.697477587319489258e-03
5.013927392651110893e+01 2.725794255058229445e-03
5.038898445289544270e+01 2.605628380477655048e-03
5.063791314200675941e+01 2.629550874990405247e-03
5.089234515763529032e+01 2.596055350386897338e-03
5.114529266359630810e+01 2.580706239708786993e-03
5.138952878242714206e+01 2.460453732925434785e-03
5.163945178601188246e+01 2.511625582420783445e-03
5.190206698624180603e+01 2.454843851806102605e-03
5.215590084722179398e+01 2.527128490001651247e-03
5.238680673191466042e+01 2.500956648796138267e-03
5.263532591009818873e+01 2.380755770572381535e-03
5.290823119436031874e+01 2.244730081267245006e-03
5.316882575050344428e+01 2.214203192925083986e-03
5.338513341050097694e+01 2.542726587374622392e-03
5.363212510227822349e+01 2.236888836750431774e-03
5.391615723351310407e+01 2.224062390535120910e-03
5.419187693011466678e+01 1.949729077326909287e-03
5.439722241285236493e+01 2.034885125473487669e-03
5.462806064877949552e+01 2.287647049225588741e-03
5.491241494336609463e+01 2.053201232474763990e-03
5.519421446932921782e+01 1.330013199807964343e-03
5.543046826972861396e+01 1.253388941356049996e-03
5.561137265256709128e+01 1.800505698119086832e-03
