3.559856489878782115e-01 6.362926689753273877e+02
6.031648866026231293e-01 1.846455027776479199e+02
8.579160745827347778e-01 8.674401274797529027e+01
1.113464310595710716e+00 5.181128430046948097e+01
1.374039914321364408e+00 3.348775516973982036e+01
1.619154704570298309e+00 1.963562088653266713e+01
1.870686673430271840e+00 1.403237752089004431e+01
2.123290040706380832e+00 1.031170361505113853e+01
2.378144976376236119e+00 8.683778031616643744e+00
2.630489925835516996e+00 6.301367187178009921e+00
2.878653162679494670e+00 4.750182506573141339e+00
3.131144366275339319e+00 3.982801561686196923e+00
3.388159578333816313e+00 3.050616965526377289e+00
3.638741848210948149e+00 2.668385123670410586e+00
3.888315910732085268e+00 2.313211854716641369e+00
4.139052155837465996e+00 2.029433323967610558e+00
4.390305777018236988e+00 1.758896038913307480e+00
4.642172339120373081e+00 1.476453956236633669e+00
4.894678666149941293e+00 1.277541181533381032e+00
5.147269052361176378e+00 1.087478004212539595e+00
5.398003206656323272e+00 1.016580845596645188e+00
5.647798235368590269e+00 9.141368336955111307e-01
5.900534302989873581e+00 7.852354505149795605e-01
6.151460297009074374e+00 7.238661310908667268e-01
6.402630176204441526e+00 6.543512298085774059e-01
6.655964674748322096e+00 5.946600312948592260e-01
6.908782583105771202e+00 5.260290057349014115e-01
7.159060853508338873e+00 4.901845149014613101e-01
7.409414762591408632e+00 4.416585629241762678e-01
7.659227149364629561e+00 4.001814598774518505e-01
7.911559474606142395e+00 3.757888376750883053e-01
8.163750941790897997e+00 3.444012915892069593e-01
8.415757210439384295e+00 3.215347647767800576e-01
8.667638839289207198e+00 2.949587293520266051e-01
8.918801124864609520e+00 2.760397346905523186e-01
9.170480108345369530e+00 2.482723514639024187e-01
9.420566033467249412e+00 2.373176662437039286e-01
9.671642335271435797e+00 2.241144425346322522e-01
9.923426157758477473e+00 2.089070864403358152e-01
1.017396902749181820e+01 1.919676778826409358e-01
1.042533700753922155e+01 1.793913216569539837e-01
1.067702948358784276e+01 1.704790760254981108e-01
1.092969337256462303e+01 1.625498397936545880e-01
1.118211872033766419e+01 1.504476641707199747e-01
1.143346516925797296e+01 1.426785068543108270e-01
1.168350508557724687e+01 1.354959676688357317e-01
1.193379937775929100e+01 1.273253165801435105e-01
1.218553055762879112e+01 1.206444467446750601e-01
1.243711650801278878e+01 1.144391715355142225e-01
1.268867268647359303e+01 1.099499080627801828e-01
1.294075027177769144e+01 1.041043702620334660e-01
1.319267287020158363e+01 9.788836458450760059e-02
1.344470571782862756e+01 9.243164097989892136e-02
1.369480150283709641e+01 8.916381372207919653e-02
1.394591277066507828e+01 8.464411908645587401e-02
1.419764645764527167e+01 8.011065954348142726e-02
1.444766774168416212e+01 7.700064551991704642e-02
1.469906835825429070e+01 7.335196738487580193e-02
1.495059118111036511e+01 7.083218833248650093e-02
1.520261612590052991e+01 6.707308131837795562e-02
1.545415944503929495e+01 6.416882121654245152e-02
1.570456072545780124e+01 6.127525689856191948e-02
1.595705800128773966e+01 5.897357931069738962e-02
1.620829297830731619e+01 5.677028763934442723e-02
1.645966591028190962e+01 5.412203349411144615e-02
1.671125708846596325e+01 5.263048126675996807e-02
1.696160259490052624e+01 5.020556043528898171e-02
1.721370276108077135e+01 4.817675393276297374e-02
1.746543424102250341e+01 4.621270194841451545e-02
1.771598473288305442e+01 4.436659866124569723e-02
1.796653767411944003e+01 4.316729656288588457e-02
1.821765658501893270e+01 4.158821896648751126e-02
1.847053788120423334e+01 4.027733588555188621e-02
1.872257696809484173e+01 3.871667866179007850e-02
1.897394097105746269e+01 3.703655285379401502e-02
1.922542454726159988e+01 3.562928515117440992e-02
1.947607703355479103e+01 3.462426702157492958e-02
1.972678839839982601e+01 3.361184956285839798e-02
1.997802698857814363e+01 3.242175602637886733e-02
2.022863620534168660e+01 3.145656711184892373e-02
2.047969598507238231e+01 3.032967821453746299e-02
2.073250439107362553e+01 2.926483584438149127e-02
2.098435855211640089e+01 2.851945369851337231e-02
2.123502923393334640e+01 2.736155543179560889e-02
2.148629411178690773e+01 2.661750883166601883e-02
2.173831825513516591e+01 2.586077968824730677e-02
2.198972260956887226e+01 2.497845764992131026e-02
2.223974971000711420e+01 2.433987419058478499e-02
2.249141870643862973e+01 2.371612697682354970e-02
2.274404614890906373e+01 2.296279311036572221e-02
2.299521835768831579e+01 2.216751628604364532e-02
2.324620084136223852e+01 2.172591389927292990e-02
2.349757798664387209e+01 2.090447543867430050e-02
2.374870488118759937e+01 2.041307976143428779e-02
2.399988781917473091e+01 1.987443011987210031e-02
2.425071646049711305e+01 1.939897732380002973e-02
2.450187830577813841e+01 1.870100703767777969e-02
2.475391093216606109e+01 1.829033591786112870e-02
2.500524226975159792e+01 1.780657443798804029e-02
2.525610980153284402e+01 1.731504065930268565e-02
2.550801425092822328e+01 1.690105562003741888e-02
2.575943113325822864e+01 1.636151504667659670e-02
2.601074166866445125e+01 1.592573034630533416e-02
2.626234447079615464e+01 1.551915036287890987e-02
2.651347712943701751e+01 1.518220453982298962e-02
2.676474177984877656e+01 1.461087585586306851e-02
2.701628079430242479e+01 1.444173205756450057e-02
2.726734205837282232e+01 1.412420674218413906e-02
2.751837013544679422e+01 1.369344171659039357e-02
2.776937726815812724e+01 1.332467954489787408e-02
2.802070160973895341e+01 1.305369248895050203e-02
2.827249982643487058e+01 1.279480353774875047e-02
2.852407603869968966e+01 1.240143817396082565e-02
2.877567300468570721e+01 1.223651292037773036e-02
2.902733523039245256e+01 1.190851235091157367e-02
2.927861073083739996e+01 1.162139922412588726e-02
2.953003196193969160e+01 1.127088920729943551e-02
2.978106336846375157e+01 1.107426387890477273e-02
3.003148440777084716e+01 1.083235210274357055e-02
3.028303386126418673e+01 1.058070901856104744e-02
3.053456493440382857e+01 1.038425030736860218e-02
3.078585183944906944e+01 1.016781114305454793e-02
3.103757946070165730e+01 9.941538446467883261e-03
3.128931656795834826e+01 9.722229226624109003e-03
3.154125974608096428e+01 9.489062851204401600e-03
3.179158626791808828e+01 9.288273694668950503e-03
3.204196438636942190e+01 9.081320988552830237e-03
3.229344668057169798e+01 8.934125405876073428e-03
3.254489998018084407e+01 8.738798932245023243e-03
3.279660140319880668e+01 8.564646352739985202e-03
3.304772754686901237e+01 8.322740860361886248e-03
3.329949953441923327e+01 8.178680318428905444e-03
3.355173249539067371e+01 8.060936650022613309e-03
3.380235474142784824e+01 7.893396150679221276e-03
3.405292218889088218e+01 7.714759957200053447e-03
3.430455901572810262e+01 7.559572912623018469e-03
3.455605119154291316e+01 7.386736502684873411e-03
3.480708698418615654e+01 7.279039452000209999e-03
3.505823042281740243e+01 7.119148805692019667e-03
3.530983122122644602e+01 7.013495432626694684e-03
3.556111974160763367e+01 6.896614312310584208e-03
3.581195885960364933e+01 6.668429904701201998e-03
3.606348577968052638e+01 6.591543551582617309e-03
3.631495136683125935e+01 6.525871069745956335e-03
3.656646781331610185e+01 6.381036417022973965e-03
3.681800948534306173e+01 6.242939776802960798e-03
3.706942350460822411e+01 6.161467249550761464e-03
3.732119977997001570e+01 6.005109055602089567e-03
3.757249197135423202e+01 5.959377033075263959e-03
3.782324055213251057e+01 5.779624569607358375e-03
3.807430609684078604e+01 5.704561117032369393e-03
3.832526519371521090e+01 5.579358033258114552e-03
3.857704530181875668e+01 5.459983434700266085e-03
3.882896255048217427e+01 5.408565137602554078e-03
3.907976684424035341e+01 5.305739033420068217e-03
3.933085588900704010e+01 5.215308862857878126e-03
3.958184533965361140e+01 5.112700183752882238e-03
3.983320492881626507e+01 5.006894211889663382e-03
4.008506787586624398e+01 4.971213450912745878e-03
4.033569471078550350e+01 4.883126614404570409e-03
4.058701345074587863e+01 4.797041130311436273e-03
4.083916815834436420e+01 4.734312217121168335e-03
4.108978611092747713e+01 4.632304643265403032e-03
4.134119394692694271e+01 4.574739272280437322e-03
4.159372926482761557e+01 4.477201116181792583e-03
4.184480996230068683e+01 4.424892859177360915e-03
4.209495048714620680e+01 4.332011158937117135e-03
4.234568601474854432e+01 4.287637280337159261e-03
4.259794184898333214e+01 4.203271051980647828e-03
4.284922176444433717e+01 4.133450480156571939e-03
4.309982534096671003e+01 4.045859744322310124e-03
4.335153475414617930e+01 4.021585813472570818e-03
4.360374984514007224e+01 3.963589325987543384e-03
4.385432838732079830e+01 3.888878191692800648e-03
4.410529766549178277e+01 3.849917759736831615e-03
4.435675536456894008e+01 3.763625776668270972e-03
4.460756668584335927e+01 3.707519608721901276e-03
4.485812369927145937e+01 3.605368770527080362e-03
4.510933196139897206e+01 3.557299356823527634e-03
4.536097672816924131e+01 3.518984251436561850e-03
4.561261869099184452e+01 3.487590776585346424e-03
4.586346064304911607e+01 3.403526963837054907e-03
4.611435299895526185e+01 3.364945237298399509e-03
4.636610302009028572e+01 3.328490257594115230e-03
4.661726081402038346e+01 3.309663644018635744e-03
4.686748045926628237e+01 3.224681133154193476e-03
4.712001000143001761e+01 3.174413926181165243e-03
4.737334269293729960e+01 3.169420967681157910e-03
4.762357272554871912e+01 3.072162932751177321e-03
4.787295862859781437e+01 3.029204996109393505e-03
4.812686710231834297e+01 3.013655219251337638e-03
4.837988354528783930e+01 2.972914486691328410e-03
4.862698975964909209e+01 2.882524913663600530e-03
4.887931961662670233e+01 2.837560152179255130e-03
4.913512531690142282e+01 2.856503768189404269e-03
4.938486646957150583e+01 2.791988137789941371e-03
4.963073103205424985e+01 2.752969662754344970e-03
4.988316058859187763e+01 2.713762960006503317e-03
5.013927392651110893e+01 2.642962555200216099e-03
5.038898445289544270e+01 2.646821505149963248e-03
5.063791314200675941e+01 2.652017894857796373e-03
5.089234515763529032e+01 2.511402429027436226e-03
5.114529266359630810e+01 2.584769209348128025e-03
5.138952878242714206e+01 2.480805175601337714e-03
5.163945178601188246e+01 2.484406190584737863e-03
5.190206698624180603e+01 2.534619254012398463e-03
5.215590084722179398e+01 2.372160890023355690e-03
5.238680673191466042e+01 2.436682231540668493e-03
5.263532591009818873e+01 2.374917286117571302e-03
5.290823119436031874e+01 2.422278749287779757e-03
5.316882575050344428e+01 2.205852829534163482e-03
5.338513341050097694e+01 2.498689454276451210e-03
5.363212510227822349e+01 2.363695519158877205e-03
5.391615723351310407e+01 2.237382352426652531e-03
5.419187693011466678e+01 2.306301434822447330e-03
5.439722241285236493e+01 2.373006293142666812e-03
5.462806064877949552e+01 2.279577583266372345e-03
5.491241494336609463e+01 1.717775303790944168e-03
5.519421446932921782e+01 2.250547559630866265e-03
5.543046826972861396e+01 2.022437783540684784e-03
5.561137265256709128e+01 2.246919717517292543e-03
