3.559856489878782115e-01 1.029616537334070017e+03
6.031648866026231293e-01 1.907003960456473521e+02
8.579160745827347778e-01 8.261263822264102430e+01
1.113464310595710716e+00 5.293371690278758024e+01
1.374039914321364408e+00 3.140842955120001179e+01
1.619154704570298309e+00 2.332308327023383043e+01
1.870686673430271840e+00 1.437440235038622305e+01
2.123290040706380832e+00 1.084311788049005365e+01
2.378144976376236119e+00 7.924999997910886051e+00
2.630489925835516996e+00 6.279872063093171697e+00
2.878653162679494670e+00 4.809029439864230149e+00
3.131144366275339319e+00 4.000329117148188729e+00
3.388159578333816313e+00 3.247555901863576899e+00
3.638741848210948149e+00 2.815898395546730715e+00
3.888315910732085268e+00 2.280972867279760674e+00
4.139052155837465996e+00 1.945715258157955985e+00
4.390305777018236988e+00 1.678449367896150290e+00
4.642172339120373081e+00 1.470479040484851341e+00
4.894678666149941293e+00 1.325092234519429590e+00
5.147269052361176378e+00 1.130736516127753388e+00
5.398003206656323272e+00 1.021487168135035706e+00
5.647798235368590269e+00 9.144603651430943669e-01
5.900534302989873581e+00 8.034951854989996756e-01
6.151460297009074374e+00 7.148777817301078530e-01
6.402630176204441526e+00 6.501585114736279092e-01
6.655964674748322096e+00 5.833579225562455228e-01
6.908782583105771202e+00 5.182128869368757274e-01
7.159060853508338873e+00 4.838760082313134925e-01
7.409414762591408632e+00 4.519055448986707968e-01
7.659227149364629561e+00 4.093062890633912820e-01
7.911559474606142395e+00 3.698567651374420340e-01
8.163750941790897997e+00 3.305191527144633601e-01
8.415757210439384295e+00 3.180652363533646998e-01
8.667638839289207198e+00 2.917769829178088470e-01
8.918801124864609520e+00 2.706577716296161840e-01
9.170480108345369530e+00 2.500981951944545312e-01
9.420566033467249412e+00 2.356749630934211193e-01
9.671642335271435797e+00 2.204546261417409947e-01
9.923426157758477473e+00 2.068903644034119360e-01
1.017396902749181820e+01 1.953780523608438235e-01
1.042533700753922155e+01 1.799145537877931689e-01
1.067702948358784276e+01 1.716399566750355099e-01
1.092969337256462303e+01 1.600321892738442719e-01
1.118211872033766419e+01 1.511195409455528826e-01
1.143346516925797296e+01 1.427224429753965185e-01
1.168350508557724687e+01 1.341817241597785537e-01
1.193379937775929100e+01 1.271780778129332212e-01
1.218553055762879112e+01 1.221863265332863296e-01
1.243711650801278878e+01 1.136040902786679685e-01
1.268867268647359303e+01 1.091402885162284092e-01
1.294075027177769144e+01 1.026947926442735304e-01
1.319267287020158363e+01 9.808016191168336673e-02
1.344470571782862756e+01 9.287132188990936121e-02
1.369480150283709641e+01 8.833834727059837466e-02
1.394591277066507828e+01 8.381409947407780781e-02
1.419764645764527167e+01 8.049102299731836219e-02
1.444766774168416212e+01 7.685794954028069004e-02
1.469906835825429070e+01 7.203248204230228158e-02
1.495059118111036511e+01 7.043523838255044689e-02
1.520261612590052991e+01 6.688722410782932393e-02
1.545415944503929495e+01 6.414406631277222437e-02
1.570456072545780124e+01 6.162049271008444851e-02
1.595705800128773966e+01 5.897877634912611355e-02
1.620829297830731619e+01 5.686902756896401040e-02
1.645966591028190962e+01 5.489683292645584911e-02
1.671125708846596325e+01 5.242289935496674547e-02
1.696160259490052624e+01 5.006544329137967847e-02
1.721370276108077135e+01 4.840903075813590001e-02
1.746543424102250341e+01 4.666816254815275844e-02
1.771598473288305442e+01 4.430365080111146880e-02
1.796653767411944003e+01 4.313454962112228674e-02
1.821765658501893270e+01 4.151188270143518766e-02
1.847053788120423334e+01 3.955847629558102013e-02
1.872257696809484173e+01 3.860724747393218942e-02
1.897394097105746269e+01 3.672933841866188320e-02
1.922542454726159988e+01 3.587847998484954698e-02
1.947607703355479103e+01 3.486943159324629171e-02
1.972678839839982601e+01 3.389535777850403997e-02
1.997802698857814363e+01 3.229600998350358465e-02
2.022863620534168660e+01 3.156619706155691651e-02
2.047969598507238231e+01 3.007550516052772890e-02
2.073250439107362553e+01 2.904794309747308831e-02
2.098435855211640089e+01 2.871565086099232833e-02
2.123502923393334640e+01 2.760963882974060493e-02
2.148629411178690773e+01 2.707572559907080526e-02
2.173831825513516591e+01 2.593491322309503938e-02
2.198972260956887226e+01 2.507599428286975962e-02
2.223974971000711420e+01 2.446046449910435627e-02
2.249141870643862973e+01 2.346063767284901902e-02
2.274404614890906373e+01 2.296636904813144017e-02
2.299521835768831579e+01 2.203030336357877234e-02
2.324620084136223852e+01 2.164520592547525615e-02
2.349757798664387209e+01 2.110136523561846958e-02
2.374870488118759937e+01 2.032463345176828071e-02
2.399988781917473091e+01 1.991902469524450825e-02
2.425071646049711305e+01 1.948623722515140100e-02
2.450187830577813841e+01 1.858149137144577898e-02
2.475391093216606109e+01 1.821055116116813977e-02
2.500524226975159792e+01 1.766108206280588705e-02
2.525610980153284402e+01 1.730130449476544735e-02
2.550801425092822328e+01 1.685932257645375576e-02
2.575943113325822864e+01 1.637659733167111734e-02
2.601074166866445125e+01 1.591946818042928521e-02
2.626234447079615464e+01 1.551069696649629535e-02
2.651347712943701751e+01 1.515129268060123532e-02
2.676474177984877656e+01 1.480304842111877101e-02
2.701628079430242479e+01 1.438031534552958353e-02
2.726734205837282232e+01 1.402298984422115959e-02
2.751837013544679422e+01 1.372542188169571103e-02
2.776937726815812724e+01 1.340695521008985168e-02
2.802070160973895341e+01 1.316685231425303824e-02
2.827249982643487058e+01 1.278722158706474890e-02
2.852407603869968966e+01 1.244863865857379938e-02
2.877567300468570721e+01 1.226620910783019804e-02
2.902733523039245256e+01 1.188323346600957814e-02
2.927861073083739996e+01 1.160420830087850047e-02
2.953003196193969160e+01 1.134152752005557034e-02
2.978106336846375157e+01 1.115130265292666942e-02
3.003148440777084716e+01 1.090767270464489819e-02
3.028303386126418673e+01 1.063005771096526761e-02
3.053456493440382857e+01 1.046350582372729265e-02
3.078585183944906944e+01 1.017463717034258579e-02
3.103757946070165730e+01 9.946012741449367783e-03
3.128931656795834826e+01 9.711510758334747015e-03
3.154125974608096428e+01 9.463443937328185757e-03
3.179158626791808828e+01 9.227759622425096148e-03
3.204196438636942190e+01 9.036458776612755692e-03
3.229344668057169798e+01 8.870072086764213548e-03
3.254489998018084407e+01 8.683386606159117227e-03
3.279660140319880668e+01 8.539445164329802912e-03
3.304772754686901237e+01 8.310631507228804712e-03
3.329949953441923327e+01 8.224080546480392120e-03
3.355173249539067371e+01 7.981959053818304256e-03
3.380235474142784824e+01 7.912936444978035944e-03
3.405292218889088218e+01 7.735752117246819277e-03
3.430455901572810262e+01 7.586150223459368902e-03
3.455605119154291316e+01 7.408659288378218605e-03
3.480708698418615654e+01 7.299376465082869567e-03
3.505823042281740243e+01 7.094738696435564339e-03
3.530983122122644602e+01 7.005373951546895600e-03
3.556111974160763367e+01 6.858402686612816504e-03
3.581195885960364933e+01 6.724390984190507965e-03
3.606348577968052638e+01 6.589757237741025557e-03
3.631495136683125935e+01 6.469621601319443943e-03
3.656646781331610185e+01 6.365023789433130012e-03
3.681800948534306173e+01 6.280528802401718486e-03
3.706942350460822411e+01 6.070490227199777655e-03
3.732119977997001570e+01 6.011634483672962000e-03
3.757249197135423202e+01 5.893491395270936475e-03
3.782324055213251057e+01 5.830980185413284049e-03
3.807430609684078604e+01 5.692709753650248769e-03
3.832526519371521090e+01 5.584721801014950505e-03
3.857704530181875668e+01 5.510822521389450133e-03
3.882896255048217427e+01 5.368208600483839917e-03
3.907976684424035341e+01 5.255787263534684138e-03
3.933085588900704010e+01 5.218813813760115813e-03
3.958184533965361140e+01 5.156797652323129831e-03
3.983320492881626507e+01 5.015020729364183007e-03
4.008506787586624398e+01 4.972671278819756902e-03
4.033569471078550350e+01 4.867092091658021397e-03
4.058701345074587863e+01 4.801229933773642350e-03
4.083916815834436420e+01 4.673761000474113171e-03
4.108978611092747713e+01 4.611480473460807285e-03
4.134119394692694271e+01 4.560523074101514342e-03
4.159372926482761557e+01 4.530001525971899361e-03
4.184480996230068683e+01 4.424834601406601488e-03
4.209495048714620680e+01 4.339166201143447588e-03
4.234568601474854432e+01 4.283069299346490763e-03
4.259794184898333214e+01 4.200836021719013200e-03
4.284922176444433717e+01 4.135156132863206623e-03
4.309982534096671003e+01 4.072384710531609317e-03
4.335153475414617930e+01 3.981196642351414461e-03
4.360374984514007224e+01 3.958410282151164292e-03
4.385432838732079830e+01 3.925988629965530309e-03
4.410529766549178277e+01 3.832778334903403847e-03
4.435675536456894008e+01 3.758584038600137119e-03
4.460756668584335927e+01 3.719899764756831248e-03
4.485812369927145937e+01 3.639866137202131015e-03
4.510933196139897206e+01 3.577729049426208764e-03
4.536097672816924131e+01 3.554909946827407470e-03
4.561261869099184452e+01 3.523728313663555909e-03
4.586346064304911607e+01 3.427155230994295178e-03
4.611435299895526185e+01 3.377854841244391434e-03
4.636610302009028572e+01 3.377380604448412468e-03
4.661726081402038346e+01 3.292392443150207390e-03
4.686748045926628237e+01 3.231858202174666111e-03
4.712001000143001761e+01 3.214370081190776138e-03
4.737334269293729960e+01 3.149727362378735695e-03
4.762357272554871912e+01 3.074718207395322860e-03
4.787295862859781437e+01 3.013399496167681532e-03
4.812686710231834297e+01 3.001732239667949560e-03
4.837988354528783930e+01 2.948450240503893306e-03
4.862698975964909209e+01 2.923765813475811930e-03
4.887931961662670233e+01 2.862600442532522212e-03
4.913512531690142282e+01 2.837993625300238264e-03
4.938486646957150583e+01 2.769683663159536180e-03
4.963073103205424985e+01 2.812197547252433694e-03
4.988316058859187763e+01 2.682825403725518087e-03
5.013927392651110893e+01 2.697497514881034165e-03
5.038898445289544270e+01 2.577493474828304858e-03
5.063791314200675941e+01 2.617741559068648832e-03
5.089234515763529032e+01 2.551026673007962802e-03
5.114529266359630810e+01 2.538657810041927351e-03
5.138952878242714206e+01 2.491814511087821551e-03
5.163945178601188246e+01 2.414799864435507575e-03
5.190206698624180603e+01 2.494063010404842275e-03
5.215590084722179398e+01 2.432578700504370566e-03
5.238680673191466042e+01 2.327151208083068964e-03
5.263532591009818873e+01 2.340582201874814514e-03
5.290823119436031874e+01 2.334792575163578254e-03
5.316882575050344428e+01 2.305207974762589745e-03
5.338513341050097694e+01 2.368818270303971445e-03
5.363212510227822349e+01 2.316366982007320770e-03
5.391615723351310407e+01 2.113649171868417064e-03
5.419187693011466678e+01 2.083383947475216189e-03
5.439722241285236493e+01 1.944631107094842810e-03
5.462806064877949552e+01 2.141854462956135560e-03
5.491241494336609463e+01 2.323689190838999861e-03
5.519421446932921782e+01 2.428884551182643008e-03
5.543046826972861396e+01 2.053484541102324357e-03
5.561137265256709128e+01 1.910266085952429076e-03
