3.559856489878782115e-01 7.553442982102102405e+02
6.031648866026231293e-01 2.803359188979477494e+02
8.579160745827347778e-01 1.016436665895843561e+02
1.113464310595710716e+00 5.642768676280859808e+01
1.374039914321364408e+00 3.024153364272050126e+01
1.619154704570298309e+00 1.889676635114071956e+01
1.870686673430271840e+00 1.528443787961400879e+01
2.123290040706380832e+00 1.007519623190112590e+01
2.378144976376236119e+00 7.815828775397735129e+00
2.630489925835516996e+00 6.518281751309720207e+00
2.878653162679494670e+00 4.953841418309274047e+00
3.131144366275339319e+00 3.990762894940839356e+00
3.388159578333816313e+00 3.280339195317957923e+00
3.638741848210948149e+00 2.790321792659761435e+00
3.888315910732085268e+00 2.445679338345563281e+00
4.139052155837465996e+00 1.918867001157238183e+00
4.390305777018236988e+00 1.679416488863745727e+00
4.642172339120373081e+00 1.518971174110729461e+00
4.894678666149941293e+00 1.267145079324187629e+00
5.147269052361176378e+00 1.118163861019401795e+00
5.398003206656323272e+00 1.004661790725600579e+00
5.647798235368590269e+00 8.864643084496477421e-01
5.900534302989873581e+00 7.862400957268069757e-01
6.151460297009074374e+00 7.235400251983518105e-01
6.402630176204441526e+00 6.408473262016086691e-01
6.655964674748322096e+00 5.843242062768472245e-01
6.908782583105771202e+00 5.200350451167066179e-01
7.159060853508338873e+00 4.877444015370443475e-01
7.409414762591408632e+00 4.421675043956955764e-01
7.659227149364629561e+00 4.062240395333824305e-01
7.911559474606142395e+00 3.800737382742711556e-01
8.163750941790897997e+00 3.453036555897748827e-01
8.415757210439384295e+00 3.195518826759843334e-01
8.667638839289207198e+00 2.920849906473546032e-01
8.918801124864609520e+00 2.729882879578787169e-01
9.170480108345369530e+00 2.598135145293439252e-01
9.420566033467249412e+00 2.371898224587925819e-01
9.671642335271435797e+00 2.207853862890461760e-01
9.923426157758477473e+00 2.066933242899589018e-01
1.017396902749181820e+01 1.934524445646508550e-01
1.042533700753922155e+01 1.830067202310960428e-01
1.067702948358784276e+01 1.673655914708379044e-01
1.092969337256462303e+01 1.621367726088043804e-01
1.118211872033766419e+01 1.475888301748526921e-01
1.143346516925797296e+01 1.435523459623450349e-01
1.168350508557724687e+01 1.352213244396942571e-01
1.193379937775929100e+01 1.288947998211235624e-01
1.218553055762879112e+01 1.202765562229468482e-01
1.243711650801278878e+01 1.149144712234994176e-01
1.268867268647359303e+01 1.090143276851300996e-01
1.294075027177769144e+01 1.044195859953444966e-01
1.319267287020158363e+01 9.808292665995606285e-02
1.344470571782862756e+01 9.298887899007360347e-02
1.369480150283709641e+01 9.011480857036524572e-02
1.394591277066507828e+01 8.368992986821541247e-02
1.419764645764527167e+01 8.092362418501142241e-02
1.444766774168416212e+01 7.756647687415405001e-02
1.469906835825429070e+01 7.303945353276228292e-02
1.495059118111036511e+01 7.007031533917337796e-02
1.520261612590052991e+01 6.564546547204673510e-02
1.545415944503929495e+01 6.443663970709646860e-02
1.570456072545780124e+01 6.182697083321454096e-02
1.595705800128773966e+01 5.911722393322964286e-02
1.620829297830731619e+01 5.770782053447933574e-02
1.645966591028190962e+01 5.434687058248439950e-02
1.671125708846596325e+01 5.207658633634756895e-02
1.696160259490052624e+01 4.985248841568370309e-02
1.721370276108077135e+01 4.814951445311442535e-02
1.746543424102250341e+01 4.640655615636899572e-02
1.771598473288305442e+01 4.483694763825341045e-02
1.796653767411944003e+01 4.307288135529895728e-02
1.821765658501893270e+01 4.149893377354941376e-02
1.847053788120423334e+01 3.991913741112938785e-02
1.872257696809484173e+01 3.854758967059894459e-02
1.897394097105746269e+01 3.744389489266046478e-02
1.922542454726159988e+01 3.587733481150950227e-02
1.947607703355479103e+01 3.464812003615959368e-02
1.972678839839982601e+01 3.356876938387452769e-02
1.997802698857814363e+01 3.247491063526571076e-02
2.022863620534168660e+01 3.135915839221822127e-02
2.047969598507238231e+01 3.050983589198925233e-02
2.073250439107362553e+01 2.949105173133178409e-02
2.098435855211640089e+01 2.829963540801919142e-02
2.123502923393334640e+01 2.764411119924886293e-02
2.148629411178690773e+01 2.650083010328727756e-02
2.173831825513516591e+01 2.589912814554165207e-02
2.198972260956887226e+01 2.495857762672305455e-02
2.223974971000711420e+01 2.419331300600343140e-02
2.249141870643862973e+01 2.385230186254917381e-02
2.274404614890906373e+01 2.274274999958144847e-02
2.299521835768831579e+01 2.229818431950624999e-02
2.324620084136223852e+01 2.161593106781904000e-02
2.349757798664387209e+01 2.097678651225242524e-02
2.374870488118759937e+01 2.033347876495586112e-02
2.399988781917473091e+01 1.972627411496270106e-02
2.425071646049711305e+01 1.924233426953553261e-02
2.450187830577813841e+01 1.866758827333532544e-02
2.475391093216606109e+01 1.824793999129562666e-02
2.500524226975159792e+01 1.780481455719737371e-02
2.525610980153284402e+01 1.727851070463909747e-02
2.550801425092822328e+01 1.677780547058177127e-02
2.575943113325822864e+01 1.636906440814973884e-02
2.601074166866445125e+01 1.600488412454778922e-02
2.626234447079615464e+01 1.564255260039785697e-02
2.651347712943701751e+01 1.522923487415683320e-02
2.676474177984877656e+01 1.483755795204794864e-02
2.701628079430242479e+01 1.446816970904281179e-02
2.726734205837282232e+01 1.398922642231070421e-02
2.751837013544679422e+01 1.369875632425047660e-02
2.776937726815812724e+01 1.340779907695079098e-02
2.802070160973895341e+01 1.308188130651961011e-02
2.827249982643487058e+01 1.276444705317521591e-02
2.852407603869968966e+01 1.255371333740449603e-02
2.877567300468570721e+01 1.213590355668520658e-02
2.902733523039245256e+01 1.183158963338960638e-02
2.927861073083739996e+01 1.160058740077822906e-02
2.953003196193969160e+01 1.141806711831952828e-02
2.978106336846375157e+01 1.112464439329343031e-02
3.003148440777084716e+01 1.091851751020830007e-02
3.028303386126418673e+01 1.062865150545800816e-02
3.053456493440382857e+01 1.037230487424379601e-02
3.078585183944906944e+01 1.011802303759701260e-02
3.103757946070165730e+01 9.955981724608141750e-03
3.128931656795834826e+01 9.742163314732897594e-03
3.154125974608096428e+01 9.547877175807810771e-03
3.179158626791808828e+01 9.350632080536505630e-03
3.204196438636942190e+01 9.121796402845772089e-03
3.229344668057169798e+01 8.945106434998215811e-03
3.254489998018084407e+01 8.730947886197498384e-03
3.279660140319880668e+01 8.560086437042443638e-03
3.304772754686901237e+01 8.402988066281771862e-03
3.329949953441923327e+01 8.168594378695086949e-03
3.355173249539067371e+01 8.057645964089438922e-03
3.380235474142784824e+01 7.855554159800010733e-03
3.405292218889088218e+01 7.677048397675128623e-03
3.430455901572810262e+01 7.588955863227998290e-03
3.455605119154291316e+01 7.415927016830061759e-03
3.480708698418615654e+01 7.259928032874033918e-03
3.505823042281740243e+01 7.170168485282246880e-03
3.530983122122644602e+01 6.989672391426067499e-03
3.556111974160763367e+01 6.848058320048787569e-03
3.581195885960364933e+01 6.754418313350326469e-03
3.606348577968052638e+01 6.605777922672653735e-03
3.631495136683125935e+01 6.496899656306124454e-03
3.656646781331610185e+01 6.352745032055442422e-03
3.681800948534306173e+01 6.267500974810914782e-03
3.706942350460822411e+01 6.181110277967158916e-03
3.732119977997001570e+01 6.055191186638743221e-03
3.757249197135423202e+01 5.918977687565338611e-03
3.782324055213251057e+01 5.830999163798788673e-03
3.807430609684078604e+01 5.729530616450953691e-03
3.832526519371521090e+01 5.567615774352287737e-03
3.857704530181875668e+01 5.521492580831669460e-03
3.882896255048217427e+01 5.424790105282893161e-03
3.907976684424035341e+01 5.309765069873205456e-03
3.933085588900704010e+01 5.239931019556792573e-03
3.958184533965361140e+01 5.151914050549583242e-03
3.983320492881626507e+01 5.034509314743603955e-03
4.008506787586624398e+01 4.965142150993311250e-03
4.033569471078550350e+01 4.869791321729487719e-03
4.058701345074587863e+01 4.787316458783293267e-03
4.083916815834436420e+01 4.676650066199575413e-03
4.108978611092747713e+01 4.629223609286349690e-03
4.134119394692694271e+01 4.546491642262093062e-03
4.159372926482761557e+01 4.472841960984188896e-03
4.184480996230068683e+01 4.390379513716008777e-03
4.209495048714620680e+01 4.353892528236761456e-03
4.234568601474854432e+01 4.274840924190544643e-03
4.259794184898333214e+01 4.197010586501723206e-03
4.284922176444433717e+01 4.122214800084848980e-03
4.309982534096671003e+01 4.080617613471046456e-03
4.335153475414617930e+01 3.974784629160506982e-03
4.360374984514007224e+01 3.955238907497318421e-03
4.385432838732079830e+01 3.869292221013109160e-03
4.410529766549178277e+01 3.793428082673308034e-03
4.435675536456894008e+01 3.790867007202471974e-03
4.460756668584335927e+01 3.715427544814010191e-03
4.485812369927145937e+01 3.618732570480664816e-03
4.510933196139897206e+01 3.594052835618875234e-03
4.536097672816924131e+01 3.537523548691149690e-03
4.561261869099184452e+01 3.493123886691925500e-03
4.586346064304911607e+01 3.444102396551788903e-03
4.611435299895526185e+01 3.377178461938840689e-03
4.636610302009028572e+01 3.324114005367423495e-03
4.661726081402038346e+01 3.326555321880581353e-03
4.686748045926628237e+01 3.211929112386842974e-03
4.712001000143001761e+01 3.190381890244729443e-03
4.737334269293729960e+01 3.122469584538832381e-03
4.762357272554871912e+01 3.129016452178414592e-03
4.787295862859781437e+01 3.056960184106258076e-03
4.812686710231834297e+01 3.043166017515472506e-03
4.837988354528783930e+01 2.962234897753589571e-03
4.862698975964909209e+01 2.905859039311186904e-03
4.887931961662670233e+01 2.861165765860494963e-03
4.913512531690142282e+01 2.779288927495539123e-03
4.938486646957150583e+01 2.810507583054452224e-03
4.963073103205424985e+01 2.771312944632875995e-03
4.988316058859187763e+01 2.731031343901851524e-03
5.013927392651110893e+01 2.658313564841292918e-03
5.038898445289544270e+01 2.599724054237427789e-03
5.063791314200675941e+01 2.624926667092776934e-03
5.089234515763529032e+01 2.589595001848088180e-03
5.114529266359630810e+01 2.499560662564810371e-03
5.138952878242714206e+01 2.479467951794662572e-03
5.163945178601188246e+01 2.557730805227262719e-03
5.190206698624180603e+01 2.494034585111323116e-03
5.215590084722179398e+01 2.416822666467656130e-03
5.238680673191466042e+01 2.416388698759061680e-03
5.263532591009818873e+01 2.289483712564948596e-03
5.290823119436031874e+01 2.296827974086449072e-03
5.316882575050344428e+01 2.456964189548333476e-03
5.338513341050097694e+01 2.213324284644781724e-03
5.363212510227822349e+01 2.128651603016948075e-03
5.391615723351310407e+01 2.293072549271751512e-03
5.419187693011466678e+01 2.135744866702795654e-03
5.439722241285236493e+01 2.294596696764155362e-03
5.462806064877949552e+01 1.969625043564695709e-03
5.491241494336609463e+01 1.936779912798981818e-03
5.519421446932921782e+01 2.013347363060655724e-03
5.543046826972861396e+01 2.010629163359535423e-03
5.561137265256709128e+01 3.047846055563051878e-03
