3.559856489878782115e-01 6.694764716939030222e+02
6.031648866026231293e-01 2.488148428812261557e+02
8.579160745827347778e-01 1.042092815659108993e+02
1.113464310595710716e+00 5.208658648281473802e+01
1.374039914321364408e+00 2.846259894512553501e+01
1.619154704570298309e+00 2.038522456699248764e+01
1.870686673430271840e+00 1.447508684960178904e+01
2.123290040706380832e+00 1.029446286507698893e+01
2.378144976376236119e+00 7.986498104362028450e+00
2.630489925835516996e+00 6.392782406976736276e+00
2.878653162679494670e+00 4.839768857781329814e+00
3.131144366275339319e+00 4.022963626381921287e+00
3.388159578333816313e+00 3.306284648734689302e+00
3.638741848210948149e+00 2.846977611736400515e+00
3.888315910732085268e+00 2.285804576951373512e+00
4.139052155837465996e+00 1.988780450079536299e+00
4.390305777018236988e+00 1.717474050517035389e+00
4.642172339120373081e+00 1.421095962745126062e+00
4.894678666149941293e+00 1.294916910394358966e+00
5.147269052361176378e+00 1.124425842107058982e+00
5.398003206656323272e+00 9.794976507040189517e-01
5.647798235368590269e+00 9.335168155747992635e-01
5.900534302989873581e+00 7.935066328757469645e-01
6.151460297009074374e+00 7.075328439310508699e-01
6.402630176204441526e+00 6.587498864446058588e-01
6.655964674748322096e+00 5.850218257636365937e-01
6.908782583105771202e+00 5.308765612877730522e-01
7.159060853508338873e+00 4.808446436531259027e-01
7.409414762591408632e+00 4.405429932594820963e-01
7.659227149364629561e+00 4.037173804726131299e-01
7.911559474606142395e+00 3.773722435373637052e-01
8.163750941790897997e+00 3.455748197653253917e-01
8.415757210439384295e+00 3.212068017787329532e-01
8.667638839289207198e+00 2.976183655541763673e-01
8.918801124864609520e+00 2.711197292029274841e-01
9.170480108345369530e+00 2.549141629226886474e-01
9.420566033467249412e+00 2.344647866892463073e-01
9.671642335271435797e+00 2.224399075502395684e-01
9.923426157758477473e+00 2.105839129240854313e-01
1.017396902749181820e+01 1.931299244338466614e-01
1.042533700753922155e+01 1.849758395698913316e-01
1.067702948358784276e+01 1.706065625957635390e-01
1.092969337256462303e+01 1.616674723254130086e-01
1.118211872033766419e+01 1.507745480827167306e-01
1.143346516925797296e+01 1.417266487158723443e-01
1.168350508557724687e+01 1.338531881632721021e-01
1.193379937775929100e+01 1.289570018720347100e-01
1.218553055762879112e+01 1.206854022135487314e-01
1.243711650801278878e+01 1.153540753559259974e-01
1.268867268647359303e+01 1.077876850524115832e-01
1.294075027177769144e+01 1.033537757505140348e-01
1.319267287020158363e+01 9.776026152857583695e-02
1.344470571782862756e+01 9.299508705558653943e-02
1.369480150283709641e+01 8.841939240284645007e-02
1.394591277066507828e+01 8.461333539477704224e-02
1.419764645764527167e+01 8.052840297224557464e-02
1.444766774168416212e+01 7.577678858849441756e-02
1.469906835825429070e+01 7.410418959240902548e-02
1.495059118111036511e+01 7.041191879333967563e-02
1.520261612590052991e+01 6.722314057428492584e-02
1.545415944503929495e+01 6.434666689888467184e-02
1.570456072545780124e+01 6.168665728093471884e-02
1.595705800128773966e+01 5.905792473359658401e-02
1.620829297830731619e+01 5.682141034747433678e-02
1.645966591028190962e+01 5.438292758648036185e-02
1.671125708846596325e+01 5.208729454702903244e-02
1.696160259490052624e+01 5.006390282347648185e-02
1.721370276108077135e+01 4.854647267807385425e-02
1.746543424102250341e+01 4.659455761488429798e-02
1.771598473288305442e+01 4.472137455120159255e-02
1.796653767411944003e+01 4.278088878481059454e-02
1.821765658501893270e+01 4.161386816351656665e-02
1.847053788120423334e+01 3.978119319072044580e-02
1.872257696809484173e+01 3.849572949621232060e-02
1.897394097105746269e+01 3.737898993263433917e-02
1.922542454726159988e+01 3.570254682513017419e-02
1.947607703355479103e+01 3.457270481253343908e-02
1.972678839839982601e+01 3.367177077451307537e-02
1.997802698857814363e+01 3.295248800922545573e-02
2.022863620534168660e+01 3.145955386910664203e-02
2.047969598507238231e+01 3.049402432018576137e-02
2.073250439107362553e+01 2.919765621349670881e-02
2.098435855211640089e+01 2.840105335909451356e-02
2.123502923393334640e+01 2.773599324125085655e-02
2.148629411178690773e+01 2.677006118633613874e-02
2.173831825513516591e+01 2.578324819234946788e-02
2.198972260956887226e+01 2.496123864232394074e-02
2.223974971000711420e+01 2.424783017189100984e-02
2.249141870643862973e+01 2.356804595049405426e-02
2.274404614890906373e+01 2.312692255299363467e-02
2.299521835768831579e+01 2.243639759790599236e-02
2.324620084136223852e+01 2.164182827362079106e-02
2.349757798664387209e+01 2.112985559738838823e-02
2.374870488118759937e+01 2.035962112123503726e-02
2.399988781917473091e+01 1.996186903457169981e-02
2.425071646049711305e+01 1.924647296049825096e-02
2.450187830577813841e+01 1.871832041976607269e-02
2.475391093216606109e+01 1.819767994045431297e-02
2.500524226975159792e+01 1.776649257120948081e-02
2.525610980153284402e+01 1.719777491122035512e-02
2.550801425092822328e+01 1.687811810035867374e-02
2.575943113325822864e+01 1.640887526847706682e-02
2.601074166866445125e+01 1.599531684173617282e-02
2.626234447079615464e+01 1.547884052410574730e-02
2.651347712943701751e+01 1.524440441772877651e-02
2.676474177984877656e+01 1.473715606664482113e-02
2.701628079430242479e+01 1.443444256614926161e-02
2.726734205837282232e+01 1.405083222035150015e-02
2.751837013544679422e+01 1.372456895470000431e-02
2.776937726815812724e+01 1.340088104968002042e-02
2.802070160973895341e+01 1.302060657304201369e-02
2.827249982643487058e+01 1.274855502568124008e-02
2.852407603869968966e+01 1.240034024269109914e-02
2.877567300468570721e+01 1.221400249917462856e-02
2.902733523039245256e+01 1.191988339230145612e-02
2.927861073083739996e+01 1.156612864515936534e-02
2.953003196193969160e+01 1.143129262646274888e-02
2.978106336846375157e+01 1.108527145420590276e-02
3.003148440777084716e+01 1.087042298027608017e-02
3.028303386126418673e+01 1.057125636246076562e-02
3.053456493440382857e+01 1.037368693995101114e-02
3.078585183944906944e+01 1.012002362149996143e-02
3.103757946070165730e+01 9.962917172357661083e-03
3.128931656795834826e+01 9.735673842558915242e-03
3.154125974608096428e+01 9.505504101751672749e-03
3.179158626791808828e+01 9.276757560632696575e-03
3.204196438636942190e+01 9.117491565418444840e-03
3.229344668057169798e+01 8.955263513490394067e-03
3.254489998018084407e+01 8.718791291727107789e-03
3.279660140319880668e+01 8.586536343246355465e-03
3.304772754686901237e+01 8.331825645458519267e-03
3.329949953441923327e+01 8.245008401549198257e-03
3.355173249539067371e+01 8.033254265776529346e-03
3.380235474142784824e+01 7.902209786013634704e-03
3.405292218889088218e+01 7.747004098553973185e-03
3.430455901572810262e+01 7.580933480012899857e-03
3.455605119154291316e+01 7.398196737003081939e-03
3.480708698418615654e+01 7.292711696250083094e-03
3.505823042281740243e+01 7.115162252058337272e-03
3.530983122122644602e+01 7.009654039564004561e-03
3.556111974160763367e+01 6.863260232952709573e-03
3.581195885960364933e+01 6.793308581071098862e-03
3.606348577968052638e+01 6.621671438962952773e-03
3.631495136683125935e+01 6.503670127372509699e-03
3.656646781331610185e+01 6.353751250934968481e-03
3.681800948534306173e+01 6.270120852727305120e-03
3.706942350460822411e+01 6.121752745790800913e-03
3.732119977997001570e+01 6.012405712514349784e-03
3.757249197135423202e+01 5.918512760198267955e-03
3.782324055213251057e+01 5.799284572313336515e-03
3.807430609684078604e+01 5.679476734148097491e-03
3.832526519371521090e+01 5.559491495153182083e-03
3.857704530181875668e+01 5.508157613665212900e-03
3.882896255048217427e+01 5.368804678911015538e-03
3.907976684424035341e+01 5.320914279720840613e-03
3.933085588900704010e+01 5.204192539617428712e-03
3.958184533965361140e+01 5.131519073583776409e-03
3.983320492881626507e+01 5.036325847511101579e-03
4.008506787586624398e+01 4.959567914076313568e-03
4.033569471078550350e+01 4.879685692364907519e-03
4.058701345074587863e+01 4.795932819521400541e-03
4.083916815834436420e+01 4.717623873114007091e-03
4.108978611092747713e+01 4.623754574346896316e-03
4.134119394692694271e+01 4.577545147000459252e-03
4.159372926482761557e+01 4.499067324817407169e-03
4.184480996230068683e+01 4.409986011321810097e-03
4.209495048714620680e+01 4.329736112267480730e-03
4.234568601474854432e+01 4.273607887364727284e-03
4.259794184898333214e+01 4.183006847936835727e-03
4.284922176444433717e+01 4.124604305000279837e-03
4.309982534096671003e+01 4.061662362481126450e-03
4.335153475414617930e+01 4.004705720939346313e-03
4.360374984514007224e+01 3.922977385970189204e-03
4.385432838732079830e+01 3.861769397341870916e-03
4.410529766549178277e+01 3.792237913172655933e-03
4.435675536456894008e+01 3.753653555479350909e-03
4.460756668584335927e+01 3.734643783618964152e-03
4.485812369927145937e+01 3.627525664183149819e-03
4.510933196139897206e+01 3.597447132911039958e-03
4.536097672816924131e+01 3.557027995955826857e-03
4.561261869099184452e+01 3.473724239892578541e-03
4.586346064304911607e+01 3.420868385993320292e-03
4.611435299895526185e+01 3.370718794636794278e-03
4.636610302009028572e+01 3.302456897033225099e-03
4.661726081402038346e+01 3.284770550269178104e-03
4.686748045926628237e+01 3.250117887341728590e-03
4.712001000143001761e+01 3.203312026912163296e-03
4.737334269293729960e+01 3.175911092446895203e-03
4.762357272554871912e+01 3.070338043711821636e-03
4.787295862859781437e+01 3.034495613443613515e-03
4.812686710231834297e+01 2.977966397388957104e-03
4.837988354528783930e+01 2.897936404473412057e-03
4.862698975964909209e+01 2.925753002770873495e-03
4.887931961662670233e+01 2.875447496819503231e-03
4.913512531690142282e+01 2.815350317200771609e-03
4.938486646957150583e+01 2.732158223294068721e-03
4.963073103205424985e+01 2.782228942513778700e-03
4.988316058859187763e+01 2.719654760083702310e-03
5.013927392651110893e+01 2.704261979480441537e-03
5.038898445289544270e+01 2.654164675787004570e-03
5.063791314200675941e+01 2.611808579294464146e-03
5.089234515763529032e+01 2.575784501430040951e-03
5.114529266359630810e+01 2.580307861555696577e-03
5.138952878242714206e+01 2.535864700950934535e-03
5.163945178601188246e+01 2.515576874649234386e-03
5.190206698624180603e+01 2.442680101627646427e-03
5.215590084722179398e+01 2.428896662161940129e-03
5.238680673191466042e+01 2.334353635039651455e-03
5.263532591009818873e+01 2.368876892120814950e-03
5.290823119436031874e+01 2.304851668423001099e-03
5.316882575050344428e+01 2.383113774875050481e-03
5.338513341050097694e+01 2.214172015727087096e-03
5.363212510227822349e+01 2.263476765478450534e-03
5.391615723351310407e+01 2.138719079764952753e-03
5.419187693011466678e+01 2.045337579455317432e-03
5.439722241285236493e+01 2.087723939727547610e-03
5.462806064877949552e+01 2.041522360045035060e-03
5.491241494336609463e+01 2.353995950923286080e-03
5.519421446932921782e+01 2.112023119928739014e-03
5.543046826972861396e+01 1.584383898418604674e-03
5.561137265256709128e+01 1.010155442637074123e-03
