3.559856489878782115e-01 5.087934280236307814e+02
6.031648866026231293e-01 1.948470214882912899e+02
8.579160745827347778e-01 8.599402064044218719e+01
1.113464310595710716e+00 5.354527443322550795e+01
1.374039914321364408e+00 3.241643210552626897e+01
1.619154704570298309e+00 1.899070124080002131e+01
1.870686673430271840e+00 1.509570204352702660e+01
2.123290040706380832e+00 1.022156261692351897e+01
2.378144976376236119e+00 8.442014089753868689e+00
2.630489925835516996e+00 6.430544455468208298e+00
2.878653162679494670e+00 4.833061940919530564e+00
3.131144366275339319e+00 3.859192175329886787e+00
3.388159578333816313e+00 3.407896872398162635e+00
3.638741848210948149e+00 2.746931180167929920e+00
3.888315910732085268e+00 2.376258655722971458e+00
4.139052155837465996e+00 1.931441516670301395e+00
4.390305777018236988e+00 1.655619494303483430e+00
4.642172339120373081e+00 1.491074938296359731e+00
4.894678666149941293e+00 1.319468722650911197e+00
5.147269052361176378e+00 1.152902143895793374e+00
5.398003206656323272e+00 1.010200001395551661e+00
5.647798235368590269e+00 8.904195281632126813e-01
5.900534302989873581e+00 7.682576356377812665e-01
6.151460297009074374e+00 7.095666177262539565e-01
6.402630176204441526e+00 6.560081061184586115e-01
6.655964674748322096e+00 5.755578166561359232e-01
6.908782583105771202e+00 5.378522176740619942e-01
7.159060853508338873e+00 4.805508594794480337e-01
7.409414762591408632e+00 4.436172065341032478e-01
7.659227149364629561e+00 4.083542981243222236e-01
7.911559474606142395e+00 3.836630190641549532e-01
8.163750941790897997e+00 3.467134133709383059e-01
8.415757210439384295e+00 3.316583078408043006e-01
8.667638839289207198e+00 2.990734522017014507e-01
8.918801124864609520e+00 2.745620497065210941e-01
9.170480108345369530e+00 2.530750780910416831e-01
9.420566033467249412e+00 2.376427101423688737e-01
9.671642335271435797e+00 2.221636541919753405e-01
9.923426157758477473e+00 2.072302620935441708e-01
1.017396902749181820e+01 1.932047372025882948e-01
1.042533700753922155e+01 1.808464505932270705e-01
1.067702948358784276e+01 1.706297322420816387e-01
1.092969337256462303e+01 1.604830851118682344e-01
1.118211872033766419e+01 1.515892544230159067e-01
1.143346516925797296e+01 1.428936066225771628e-01
1.168350508557724687e+01 1.339541163735497586e-01
1.193379937775929100e+01 1.275820280906543869e-01
1.218553055762879112e+01 1.210348350212070434e-01
1.243711650801278878e+01 1.146084189347099797e-01
1.268867268647359303e+01 1.091267782479333481e-01
1.294075027177769144e+01 1.018602344484827171e-01
1.319267287020158363e+01 9.720790292577535796e-02
1.344470571782862756e+01 9.286608024399063688e-02
1.369480150283709641e+01 8.800204430775195041e-02
1.394591277066507828e+01 8.484959182834922453e-02
1.419764645764527167e+01 8.181750604355980672e-02
1.444766774168416212e+01 7.758933466745165930e-02
1.469906835825429070e+01 7.364575162858340296e-02
1.495059118111036511e+01 7.002595982795303819e-02
1.520261612590052991e+01 6.637788576290598597e-02
1.545415944503929495e+01 6.424188307426917377e-02
1.570456072545780124e+01 6.209087897028585379e-02
1.595705800128773966e+01 5.951750893876572163e-02
1.620829297830731619e+01 5.656887307043519109e-02
1.645966591028190962e+01 5.439423875709504391e-02
1.671125708846596325e+01 5.238281291738614009e-02
1.696160259490052624e+01 5.003996689868054487e-02
1.721370276108077135e+01 4.871815115376956773e-02
1.746543424102250341e+01 4.649709892783376874e-02
1.771598473288305442e+01 4.476467998590111241e-02
1.796653767411944003e+01 4.241587727079060288e-02
1.821765658501893270e+01 4.150134678896830187e-02
1.847053788120423334e+01 4.009630534077610747e-02
1.872257696809484173e+01 3.829910393280513276e-02
1.897394097105746269e+01 3.702829267996216034e-02
1.922542454726159988e+01 3.587008654392252055e-02
1.947607703355479103e+01 3.505671489027756271e-02
1.972678839839982601e+01 3.351734315702917244e-02
1.997802698857814363e+01 3.264321880147167537e-02
2.022863620534168660e+01 3.156988913055935181e-02
2.047969598507238231e+01 3.026936700586273232e-02
2.073250439107362553e+01 2.906460827875686700e-02
2.098435855211640089e+01 2.834427841819909394e-02
2.123502923393334640e+01 2.737244100558372181e-02
2.148629411178690773e+01 2.642847364531924342e-02
2.173831825513516591e+01 2.581386484068640824e-02
2.198972260956887226e+01 2.530395684598060746e-02
2.223974971000711420e+01 2.435808055260475086e-02
2.249141870643862973e+01 2.380897439734307522e-02
2.274404614890906373e+01 2.303062526814165720e-02
2.299521835768831579e+01 2.202027955696181025e-02
2.324620084136223852e+01 2.159340897306400928e-02
2.349757798664387209e+01 2.098509171751379923e-02
2.374870488118759937e+01 2.045893803937914174e-02
2.399988781917473091e+01 1.981820089896487239e-02
2.425071646049711305e+01 1.935643092039079916e-02
2.450187830577813841e+01 1.878013070771018464e-02
2.475391093216606109e+01 1.819103778575568639e-02
2.500524226975159792e+01 1.769371397908255095e-02
2.525610980153284402e+01 1.730015431571322454e-02
2.550801425092822328e+01 1.675918351376486787e-02
2.575943113325822864e+01 1.646932178662368490e-02
2.601074166866445125e+01 1.593164517513600414e-02
2.626234447079615464e+01 1.565718825073277726e-02
2.651347712943701751e+01 1.521309020318176164e-02
2.676474177984877656e+01 1.484051161371930175e-02
2.701628079430242479e+01 1.446798932586155877e-02
2.726734205837282232e+01 1.418517841144674441e-02
2.751837013544679422e+01 1.373040929915443457e-02
2.776937726815812724e+01 1.337196560793842484e-02
2.802070160973895341e+01 1.311867247679046611e-02
2.827249982643487058e+01 1.273263926774200611e-02
2.852407603869968966e+01 1.254038147108354172e-02
2.877567300468570721e+01 1.216027612638734268e-02
2.902733523039245256e+01 1.190047609991472938e-02
2.927861073083739996e+01 1.158443020564573281e-02
2.953003196193969160e+01 1.137488373552872530e-02
2.978106336846375157e+01 1.114011928998075163e-02
3.003148440777084716e+01 1.082247553145295089e-02
3.028303386126418673e+01 1.069006771690946857e-02
3.053456493440382857e+01 1.036180679544421168e-02
3.078585183944906944e+01 1.014174003825109999e-02
3.103757946070165730e+01 9.941069702101703459e-03
3.128931656795834826e+01 9.792214429333865808e-03
3.154125974608096428e+01 9.481527897245376965e-03
3.179158626791808828e+01 9.335617294234646243e-03
3.204196438636942190e+01 9.100389064559162230e-03
3.229344668057169798e+01 8.891649428443788861e-03
3.254489998018084407e+01 8.721924347035508659e-03
3.279660140319880668e+01 8.573475208755973118e-03
3.304772754686901237e+01 8.363606886105878768e-03
3.329949953441923327e+01 8.179870677166405091e-03
3.355173249539067371e+01 7.984183663289717153e-03
3.380235474142784824e+01 7.889603614222829089e-03
3.405292218889088218e+01 7.755261877282987847e-03
3.430455901572810262e+01 7.565139913717336406e-03
3.455605119154291316e+01 7.430919314322357444e-03
3.480708698418615654e+01 7.259017907431224333e-03
3.505823042281740243e+01 7.130594243178734609e-03
3.530983122122644602e+01 6.977638896302610673e-03
3.556111974160763367e+01 6.836831580028423540e-03
3.581195885960364933e+01 6.767737465064653686e-03
3.606348577968052638e+01 6.589860239850443661e-03
3.631495136683125935e+01 6.514575170589927480e-03
3.656646781331610185e+01 6.342633302341631196e-03
3.681800948534306173e+01 6.273211600336238945e-03
3.706942350460822411e+01 6.137167916520916248e-03
3.732119977997001570e+01 6.020343960306358787e-03
3.757249197135423202e+01 5.902772646412711259e-03
3.782324055213251057e+01 5.798366052722062937e-03
3.807430609684078604e+01 5.716721773937311936e-03
3.832526519371521090e+01 5.589507246275304472e-03
3.857704530181875668e+01 5.468835442607842753e-03
3.882896255048217427e+01 5.377120027531148358e-03
3.907976684424035341e+01 5.324900940225267901e-03
3.933085588900704010e+01 5.200144776085740238e-03
3.958184533965361140e+01 5.154415069011478688e-03
3.983320492881626507e+01 5.030240103050258489e-03
4.008506787586624398e+01 4.966938619579642535e-03
4.033569471078550350e+01 4.873013614649773610e-03
4.058701345074587863e+01 4.785783704761635386e-03
4.083916815834436420e+01 4.717070028246286677e-03
4.108978611092747713e+01 4.630881473812920208e-03
4.134119394692694271e+01 4.532885934625840649e-03
4.159372926482761557e+01 4.476732906330870357e-03
4.184480996230068683e+01 4.413157452641272571e-03
4.209495048714620680e+01 4.322876092616576536e-03
4.234568601474854432e+01 4.282263932408877233e-03
4.259794184898333214e+01 4.190105813445562169e-03
4.284922176444433717e+01 4.119609749799233757e-03
4.309982534096671003e+01 4.068144523711348694e-03
4.335153475414617930e+01 3.989630745430882038e-03
4.360374984514007224e+01 3.943113632749259932e-03
4.385432838732079830e+01 3.901637267533538192e-03
4.410529766549178277e+01 3.811528821183327725e-03
4.435675536456894008e+01 3.743586144991475993e-03
4.460756668584335927e+01 3.695892337933447385e-03
4.485812369927145937e+01 3.634822503534901068e-03
4.510933196139897206e+01 3.563031431810027329e-03
4.536097672816924131e+01 3.539274994300414378e-03
4.561261869099184452e+01 3.429803581374912553e-03
4.586346064304911607e+01 3.470196832580417414e-03
4.611435299895526185e+01 3.386425944326925449e-03
4.636610302009028572e+01 3.373092784227003493e-03
4.661726081402038346e+01 3.262559657455822368e-03
4.686748045926628237e+01 3.257831672728343612e-03
4.712001000143001761e+01 3.142493293214656223e-03
4.737334269293729960e+01 3.128043182565096777e-03
4.762357272554871912e+01 3.084510379401345787e-03
4.787295862859781437e+01 3.059844954713255433e-03
4.812686710231834297e+01 3.018255223729503309e-03
4.837988354528783930e+01 3.025790071112122257e-03
4.862698975964909209e+01 2.924834200189502416e-03
4.887931961662670233e+01 2.860881705067587228e-03
4.913512531690142282e+01 2.792895365028782908e-03
4.938486646957150583e+01 2.797822401795022323e-03
4.963073103205424985e+01 2.717249341733686627e-03
4.988316058859187763e+01 2.683702522592297610e-03
5.013927392651110893e+01 2.649552120471300367e-03
5.038898445289544270e+01 2.658776961196673751e-03
5.063791314200675941e+01 2.631577509613240891e-03
5.089234515763529032e+01 2.532011045017703785e-03
5.114529266359630810e+01 2.559699403486007108e-03
5.138952878242714206e+01 2.495024284721107568e-03
5.163945178601188246e+01 2.418224312238722792e-03
5.190206698624180603e+01 2.335351937512950785e-03
5.215590084722179398e+01 2.390898464848294647e-03
5.238680673191466042e+01 2.453958722781411118e-03
5.263532591009818873e+01 2.282539976783494028e-03
5.290823119436031874e+01 2.296905349119536359e-03
5.316882575050344428e+01 2.182897363214587362e-03
5.338513341050097694e+01 2.294521663528662023e-03
5.363212510227822349e+01 2.284812819331654386e-03
5.391615723351310407e+01 2.106520300123281009e-03
5.419187693011466678e+01 2.049737579831435730e-03
5.439722241285236493e+01 2.163381816470859049e-03
5.462806064877949552e+01 2.150944144057178632e-03
5.491241494336609463e+01 2.270133041586506074e-03
5.519421446932921782e+01 1.647404923123183896e-03
5.543046826972861396e+01 1.203521396999747244e-03
5.561137265256709128e+01 2.180503425081078712e-03
