3.559856489878782115e-01 7.198166754383153148e+02
6.031648866026231293e-01 1.776085942820432706e+02
8.579160745827347778e-01 8.241405765322340926e+01
1.113464310595710716e+00 4.740505012793557427e+01
1.374039914321364408e+00 3.213493756490927211e+01
1.619154704570298309e+00 1.959497962650700842e+01
1.870686673430271840e+00 1.481777746234596194e+01
2.123290040706380832e+00 1.033358115991461013e+01
2.378144976376236119e+00 7.616145621324490023e+00
2.630489925835516996e+00 5.770869305450929687e+00
2.878653162679494670e+00 4.662015970160201306e+00
3.131144366275339319e+00 3.732728390698213161e+00
3.388159578333816313e+00 3.182276791278159767e+00
3.638741848210948149e+00 2.633899492358668493e+00
3.888315910732085268e+00 2.240819204143786436e+00
4.139052155837465996e+00 1.948590812909280157e+00
4.390305777018236988e+00 1.770026083813676321e+00
4.642172339120373081e+00 1.477881376189652318e+00
4.894678666149941293e+00 1.232085532374539438e+00
5.147269052361176378e+00 1.118983464688248164e+00
5.398003206656323272e+00 9.876198953638740674e-01
5.647798235368590269e+00 8.694111466994053350e-01
5.900534302989873581e+00 7.795047220986187630e-01
6.151460297009074374e+00 7.152063350201552927e-01
6.402630176204441526e+00 6.578195641231335822e-01
6.655964674748322096e+00 5.974033099884425990e-01
6.908782583105771202e+00 5.382405727909473914e-01
7.159060853508338873e+00 4.844678319436707681e-01
7.409414762591408632e+00 4.479303443443250488e-01
7.659227149364629561e+00 4.094237075470121279e-01
7.911559474606142395e+00 3.722235446097611478e-01
8.163750941790897997e+00 3.517606892951062880e-01
8.415757210439384295e+00 3.201083945172690237e-01
8.667638839289207198e+00 2.905461889628732086e-01
8.918801124864609520e+00 2.745179749527826285e-01
9.170480108345369530e+00 2.559725508225769719e-01
9.420566033467249412e+00 2.363897760986141683e-01
9.671642335271435797e+00 2.237315286246001900e-01
9.923426157758477473e+00 2.093127962178864820e-01
1.017396902749181820e+01 1.928087432380959365e-01
1.042533700753922155e+01 1.787478617619664700e-01
1.067702948358784276e+01 1.736981917507829376e-01
1.092969337256462303e+01 1.587052695783966183e-01
1.118211872033766419e+01 1.495207779184065666e-01
1.143346516925797296e+01 1.422872591312433488e-01
1.168350508557724687e+01 1.325816537617546254e-01
1.193379937775929100e+01 1.273630561884132040e-01
1.218553055762879112e+01 1.214798807219987509e-01
1.243711650801278878e+01 1.133421064342365059e-01
1.268867268647359303e+01 1.082228908312443394e-01
1.294075027177769144e+01 1.024949265398113762e-01
1.319267287020158363e+01 9.768779934533433629e-02
1.344470571782862756e+01 9.270071687509395808e-02
1.369480150283709641e+01 8.806240816493884904e-02
1.394591277066507828e+01 8.511220933420877988e-02
1.419764645764527167e+01 8.182527990177003441e-02
1.444766774168416212e+01 7.644480332443347181e-02
1.469906835825429070e+01 7.342283701397529783e-02
1.495059118111036511e+01 7.073744921336369562e-02
1.520261612590052991e+01 6.697083571604850460e-02
1.545415944503929495e+01 6.513604655433941071e-02
1.570456072545780124e+01 6.168376131030105236e-02
1.595705800128773966e+01 5.895179238303476649e-02
1.620829297830731619e+01 5.629620874277094927e-02
1.645966591028190962e+01 5.488848499066469044e-02
1.671125708846596325e+01 5.250478518789902793e-02
1.696160259490052624e+01 5.048357865680071221e-02
1.721370276108077135e+01 4.839923804113871464e-02
1.746543424102250341e+01 4.688754564089140514e-02
1.771598473288305442e+01 4.468421716634572716e-02
1.796653767411944003e+01 4.305127479096636234e-02
1.821765658501893270e+01 4.136798048070336464e-02
1.847053788120423334e+01 3.987333665279962913e-02
1.872257696809484173e+01 3.860165733078400885e-02
1.897394097105746269e+01 3.714902484616292022e-02
1.922542454726159988e+01 3.609830851772762028e-02
1.947607703355479103e+01 3.482418621565443184e-02
1.972678839839982601e+01 3.372132383344456086e-02
1.997802698857814363e+01 3.247793208238984597e-02
2.022863620534168660e+01 3.133917858933107231e-02
2.047969598507238231e+01 3.036336960551869538e-02
2.073250439107362553e+01 2.929878613528434303e-02
2.098435855211640089e+01 2.832295594834161739e-02
2.123502923393334640e+01 2.733758521280735612e-02
2.148629411178690773e+01 2.665841029413916485e-02
2.173831825513516591e+01 2.582751852658312502e-02
2.198972260956887226e+01 2.528086191327967580e-02
2.223974971000711420e+01 2.438754355424208042e-02
2.249141870643862973e+01 2.352683138430392007e-02
2.274404614890906373e+01 2.306728547497701245e-02
2.299521835768831579e+01 2.218070602760905188e-02
2.324620084136223852e+01 2.176168305381093529e-02
2.349757798664387209e+01 2.109764575256315930e-02
2.374870488118759937e+01 2.043150122035404179e-02
2.399988781917473091e+01 1.978180337692778124e-02
2.425071646049711305e+01 1.935474114589642858e-02
2.450187830577813841e+01 1.879648365221904191e-02
2.475391093216606109e+01 1.836870581204931921e-02
2.500524226975159792e+01 1.770294617683123087e-02
2.525610980153284402e+01 1.729600358868253404e-02
2.550801425092822328e+01 1.680447285708322469e-02
2.575943113325822864e+01 1.635275626988794487e-02
2.601074166866445125e+01 1.610971069289146920e-02
2.626234447079615464e+01 1.557570745969111964e-02
2.651347712943701751e+01 1.510313457319837141e-02
2.676474177984877656e+01 1.478170075300197853e-02
2.701628079430242479e+01 1.442029625158827710e-02
2.726734205837282232e+01 1.412835643324578290e-02
2.751837013544679422e+01 1.370133851403380551e-02
2.776937726815812724e+01 1.346731511458234415e-02
2.802070160973895341e+01 1.310019475657087443e-02
2.827249982643487058e+01 1.272969498181761132e-02
2.852407603869968966e+01 1.249852767712833490e-02
2.877567300468570721e+01 1.217938483011284448e-02
2.902733523039245256e+01 1.188429977950701370e-02
2.927861073083739996e+01 1.155514407646860559e-02
2.953003196193969160e+01 1.138123909381642471e-02
2.978106336846375157e+01 1.101894075900858132e-02
3.003148440777084716e+01 1.086283958464394697e-02
3.028303386126418673e+01 1.054911510286278206e-02
3.053456493440382857e+01 1.033822589636208301e-02
3.078585183944906944e+01 1.013271905354514064e-02
3.103757946070165730e+01 9.903145836635417545e-03
3.128931656795834826e+01 9.715746528545598712e-03
3.154125974608096428e+01 9.506028997568027883e-03
3.179158626791808828e+01 9.306686022144241080e-03
3.204196438636942190e+01 9.038515356478257073e-03
3.229344668057169798e+01 8.935718607879717529e-03
3.254489998018084407e+01 8.735344483812523819e-03
3.279660140319880668e+01 8.506979838583353382e-03
3.304772754686901237e+01 8.310163401082659024e-03
3.329949953441923327e+01 8.203237478851389472e-03
3.355173249539067371e+01 8.021290860522414107e-03
3.380235474142784824e+01 7.863704176498986440e-03
3.405292218889088218e+01 7.690088135454242746e-03
3.430455901572810262e+01 7.573425877139802580e-03
3.455605119154291316e+01 7.425764880539521134e-03
3.480708698418615654e+01 7.302152600465444850e-03
3.505823042281740243e+01 7.155715098658565684e-03
3.530983122122644602e+01 7.005317282019981641e-03
3.556111974160763367e+01 6.838680881591039512e-03
3.581195885960364933e+01 6.734232332443104881e-03
3.606348577968052638e+01 6.618976950303728443e-03
3.631495136683125935e+01 6.534204983760344941e-03
3.656646781331610185e+01 6.399866202192574897e-03
3.681800948534306173e+01 6.229622394294518674e-03
3.706942350460822411e+01 6.126115333244331121e-03
3.732119977997001570e+01 6.004421631568375960e-03
3.757249197135423202e+01 5.948854942553400728e-03
3.782324055213251057e+01 5.809227698177541095e-03
3.807430609684078604e+01 5.687187261819499906e-03
3.832526519371521090e+01 5.570387189631532260e-03
3.857704530181875668e+01 5.492326628418744625e-03
3.882896255048217427e+01 5.414090134146638117e-03
3.907976684424035341e+01 5.328326104160554730e-03
3.933085588900704010e+01 5.213171174569953062e-03
3.958184533965361140e+01 5.118901860251979380e-03
3.983320492881626507e+01 5.030502136239591721e-03
4.008506787586624398e+01 4.956898692790006299e-03
4.033569471078550350e+01 4.881069825356265136e-03
4.058701345074587863e+01 4.786247150233331402e-03
4.083916815834436420e+01 4.716390306351546553e-03
4.108978611092747713e+01 4.634175887227028751e-03
4.134119394692694271e+01 4.530981445830600633e-03
4.159372926482761557e+01 4.494608145390477198e-03
4.184480996230068683e+01 4.401262147625453064e-03
4.209495048714620680e+01 4.372631591671451504e-03
4.234568601474854432e+01 4.294799325766899753e-03
4.259794184898333214e+01 4.180029636885154894e-03
4.284922176444433717e+01 4.162787252999758554e-03
4.309982534096671003e+01 4.059058499394484036e-03
4.335153475414617930e+01 4.010129517382838259e-03
4.360374984514007224e+01 3.940215778688176823e-03
4.385432838732079830e+01 3.867084578066039280e-03
4.410529766549178277e+01 3.824167567510680221e-03
4.435675536456894008e+01 3.753317248503236590e-03
4.460756668584335927e+01 3.678520280127647868e-03
4.485812369927145937e+01 3.640660030177698004e-03
4.510933196139897206e+01 3.587519437916666856e-03
4.536097672816924131e+01 3.488814706911646645e-03
4.561261869099184452e+01 3.526414731286402812e-03
4.586346064304911607e+01 3.445815394355189638e-03
4.611435299895526185e+01 3.363026411726055022e-03
4.636610302009028572e+01 3.352231870291126712e-03
4.661726081402038346e+01 3.288306266654640597e-03
4.686748045926628237e+01 3.259487233720854450e-03
4.712001000143001761e+01 3.167205808520597455e-03
4.737334269293729960e+01 3.134340205972169658e-03
4.762357272554871912e+01 3.111241473139282360e-03
4.787295862859781437e+01 3.101077563861031477e-03
4.812686710231834297e+01 3.022031733365427523e-03
4.837988354528783930e+01 2.947969821748225826e-03
4.862698975964909209e+01 2.910205608938417829e-03
4.887931961662670233e+01 2.911513389026869434e-03
4.913512531690142282e+01 2.875013873307413412e-03
4.938486646957150583e+01 2.771532276940244337e-03
4.963073103205424985e+01 2.783412177363405945e-03
4.988316058859187763e+01 2.741094329391680507e-03
5.013927392651110893e+01 2.696216366708452643e-03
5.038898445289544270e+01 2.615001633695884873e-03
5.063791314200675941e+01 2.579370759816641562e-03
5.089234515763529032e+01 2.555602822637020703e-03
5.114529266359630810e+01 2.532869601275594077e-03
5.138952878242714206e+01 2.567455223295367177e-03
5.163945178601188246e+01 2.479080924355029844e-03
5.190206698624180603e+01 2.449334758741403099e-03
5.215590084722179398e+01 2.435824718330783373e-03
5.238680673191466042e+01 2.416463907202449652e-03
5.263532591009818873e+01 2.297351060708527608e-03
5.290823119436031874e+01 2.278466061576531459e-03
5.316882575050344428e+01 2.260515135835361455e-03
5.338513341050097694e+01 2.209106999448584401e-03
5.363212510227822349e+01 2.267027731187676396e-03
5.391615723351310407e+01 2.136115707456595104e-03
5.419187693011466678e+01 2.414377439425598876e-03
5.439722241285236493e+01 2.121182518378287446e-03
5.462806064877949552e+01 1.916926219366521479e-03
5.491241494336609463e+01 2.231165666248599924e-03
5.519421446932921782e+01 2.532104548280503763e-03
5.543046826972861396e+01 2.443826696829115748e-03
5.561137265256709128e+01 1.584270395007981221e-03
