3.559856489878782115e-01 4.399026854984252850e+02
6.031648866026231293e-01 1.936239330228930271e+02
8.579160745827347778e-01 9.926853753673819369e+01
1.113464310595710716e+00 5.207818687590770423e+01
1.374039914321364408e+00 3.044164717971579748e+01
1.619154704570298309e+00 2.062559066931725482e+01
1.870686673430271840e+00 1.469696412726974266e+01
2.123290040706380832e+00 1.129804342178009691e+01
2.378144976376236119e+00 7.310518531936687658e+00
2.630489925835516996e+00 6.083106280089682016e+00
2.878653162679494670e+00 4.736042093932784525e+00
3.131144366275339319e+00 4.078775636973763774e+00
3.388159578333816313e+00 3.346295108538170471e+00
3.638741848210948149e+00 2.745721677007056716e+00
3.888315910732085268e+00 2.332847026653631417e+00
4.139052155837465996e+00 2.070288606422581168e+00
4.390305777018236988e+00 1.713668317398205021e+00
4.642172339120373081e+00 1.548614656546778434e+00
4.894678666149941293e+00 1.273432800970004442e+00
5.147269052361176378e+00 1.168249105886159933e+00
5.398003206656323272e+00 9.749179952223221424e-01
5.647798235368590269e+00 8.989102830964577073e-01
5.900534302989873581e+00 7.784665686973921694e-01
6.151460297009074374e+00 7.185519228408522308e-01
6.402630176204441526e+00 6.489683449941835436e-01
6.655964674748322096e+00 6.066089690615587005e-01
6.908782583105771202e+00 5.322561442458711989e-01
7.159060853508338873e+00 4.736447091682192134e-01
7.409414762591408632e+00 4.428163542582253531e-01
7.659227149364629561e+00 4.004011975460251005e-01
7.911559474606142395e+00 3.752050273293833782e-01
8.163750941790897997e+00 3.471987078262445681e-01
8.415757210439384295e+00 3.217371676329361940e-01
8.667638839289207198e+00 2.949964937934228537e-01
8.918801124864609520e+00 2.795520704834293935e-01
9.170480108345369530e+00 2.575402383802350426e-01
9.420566033467249412e+00 2.358772591516334061e-01
9.671642335271435797e+00 2.219017663858817713e-01
9.923426157758477473e+00 2.073565903254104004e-01
1.017396902749181820e+01 1.901436180098040885e-01
1.042533700753922155e+01 1.851951066339209140e-01
1.067702948358784276e+01 1.718502049792126618e-01
1.092969337256462303e+01 1.599031762375874299e-01
1.118211872033766419e+01 1.496884156412360833e-01
1.143346516925797296e+01 1.427480528633522650e-01
1.168350508557724687e+01 1.336837330448720218e-01
1.193379937775929100e+01 1.274136695816096843e-01
1.218553055762879112e+01 1.218183870099896343e-01
1.243711650801278878e+01 1.146251517512956175e-01
1.268867268647359303e+01 1.076378297484862218e-01
1.294075027177769144e+01 1.018889464267412059e-01
1.319267287020158363e+01 9.883562381657762241e-02
1.344470571782862756e+01 9.223527273955145489e-02
1.369480150283709641e+01 8.983401999929059578e-02
1.394591277066507828e+01 8.525259542616153707e-02
1.419764645764527167e+01 8.060397541130255583e-02
1.444766774168416212e+01 7.636996829689038369e-02
1.469906835825429070e+01 7.351335146275865540e-02
1.495059118111036511e+01 6.995684064286890325e-02
1.520261612590052991e+01 6.751047887701726313e-02
1.545415944503929495e+01 6.476247774362953180e-02
1.570456072545780124e+01 6.194461205507838242e-02
1.595705800128773966e+01 5.889062435329994044e-02
1.620829297830731619e+01 5.651242655721197550e-02
1.645966591028190962e+01 5.516446753352252652e-02
1.671125708846596325e+01 5.207625672281532281e-02
1.696160259490052624e+01 5.013178582909252196e-02
1.721370276108077135e+01 4.811616265997920028e-02
1.746543424102250341e+01 4.632122288952535832e-02
1.771598473288305442e+01 4.517225773234970210e-02
1.796653767411944003e+01 4.339009704358251507e-02
1.821765658501893270e+01 4.127261971399489443e-02
1.847053788120423334e+01 4.023705441386910692e-02
1.872257696809484173e+01 3.880701519243949515e-02
1.897394097105746269e+01 3.718518608494901512e-02
1.922542454726159988e+01 3.591285714369513160e-02
1.947607703355479103e+01 3.437621674330271215e-02
1.972678839839982601e+01 3.361289133629116049e-02
1.997802698857814363e+01 3.257422666324714944e-02
2.022863620534168660e+01 3.119835023929150991e-02
2.047969598507238231e+01 3.049474235440311279e-02
2.073250439107362553e+01 2.942251276524160061e-02
2.098435855211640089e+01 2.832416684426537420e-02
2.123502923393334640e+01 2.766014746680167322e-02
2.148629411178690773e+01 2.678625111615447890e-02
2.173831825513516591e+01 2.601121486740546121e-02
2.198972260956887226e+01 2.498540543064861272e-02
2.223974971000711420e+01 2.424028852678392423e-02
2.249141870643862973e+01 2.352634061255158560e-02
2.274404614890906373e+01 2.293433918936588212e-02
2.299521835768831579e+01 2.226330822430085121e-02
2.324620084136223852e+01 2.142276478596295483e-02
2.349757798664387209e+01 2.092401703982860184e-02
2.374870488118759937e+01 2.045654907729575062e-02
2.399988781917473091e+01 2.006568636330764363e-02
2.425071646049711305e+01 1.925463541858974878e-02
2.450187830577813841e+01 1.880183702670784607e-02
2.475391093216606109e+01 1.837055231046481538e-02
2.500524226975159792e+01 1.764306371559332814e-02
2.525610980153284402e+01 1.733438904991279131e-02
2.550801425092822328e+01 1.678691121442685286e-02
2.575943113325822864e+01 1.652134769204542664e-02
2.601074166866445125e+01 1.602266693188545907e-02
2.626234447079615464e+01 1.559675817473515046e-02
2.651347712943701751e+01 1.517377617155484665e-02
2.676474177984877656e+01 1.482328210818201208e-02
2.701628079430242479e+01 1.442991320845907893e-02
2.726734205837282232e+01 1.405382025142607426e-02
2.751837013544679422e+01 1.373878424537760580e-02
2.776937726815812724e+01 1.337313876986809431e-02
2.802070160973895341e+01 1.302380231786534961e-02
2.827249982643487058e+01 1.271449333159467045e-02
2.852407603869968966e+01 1.240623318136737166e-02
2.877567300468570721e+01 1.217911732081533062e-02
2.902733523039245256e+01 1.181923637027701424e-02
2.927861073083739996e+01 1.162386158723881582e-02
2.953003196193969160e+01 1.138045017966701246e-02
2.978106336846375157e+01 1.104294053689596454e-02
3.003148440777084716e+01 1.089919411819962637e-02
3.028303386126418673e+01 1.054073301235042628e-02
3.053456493440382857e+01 1.036287316916811863e-02
3.078585183944906944e+01 1.012431936044999939e-02
3.103757946070165730e+01 9.927859138907998635e-03
3.128931656795834826e+01 9.702592988401561452e-03
3.154125974608096428e+01 9.504831512267187046e-03
3.179158626791808828e+01 9.325164724741492883e-03
3.204196438636942190e+01 9.087958279100570927e-03
3.229344668057169798e+01 8.854752640661451429e-03
3.254489998018084407e+01 8.762164838321232982e-03
3.279660140319880668e+01 8.557512926160918548e-03
3.304772754686901237e+01 8.361735749199921200e-03
3.329949953441923327e+01 8.242283459277245997e-03
3.355173249539067371e+01 8.051851366106312427e-03
3.380235474142784824e+01 7.909000906281726112e-03
3.405292218889088218e+01 7.738853265109664654e-03
3.430455901572810262e+01 7.540195559748498824e-03
3.455605119154291316e+01 7.408503007179677302e-03
3.480708698418615654e+01 7.277306553599323380e-03
3.505823042281740243e+01 7.144194388876957090e-03
3.530983122122644602e+01 6.999629643590187487e-03
3.556111974160763367e+01 6.853777955828381854e-03
3.581195885960364933e+01 6.739867881870181994e-03
3.606348577968052638e+01 6.612685902324524218e-03
3.631495136683125935e+01 6.506688522969020574e-03
3.656646781331610185e+01 6.388595161961478468e-03
3.681800948534306173e+01 6.252665662227010340e-03
3.706942350460822411e+01 6.102377260938424489e-03
3.732119977997001570e+01 6.032441546506347486e-03
3.757249197135423202e+01 5.890388879775676663e-03
3.782324055213251057e+01 5.809395580464136143e-03
3.807430609684078604e+01 5.693670253273470407e-03
3.832526519371521090e+01 5.600581168568893528e-03
3.857704530181875668e+01 5.491089615335557027e-03
3.882896255048217427e+01 5.377246150357702439e-03
3.907976684424035341e+01 5.316625161774269498e-03
3.933085588900704010e+01 5.223584120939745931e-03
3.958184533965361140e+01 5.141106796467862471e-03
3.983320492881626507e+01 5.009181346486550092e-03
4.008506787586624398e+01 4.961081875282878292e-03
4.033569471078550350e+01 4.855828622042292209e-03
4.058701345074587863e+01 4.815822167728033704e-03
4.083916815834436420e+01 4.718782251211445233e-03
4.108978611092747713e+01 4.625805917371443761e-03
4.134119394692694271e+01 4.552645193962045339e-03
4.159372926482761557e+01 4.478679364214655130e-03
4.184480996230068683e+01 4.392710603404102049e-03
4.209495048714620680e+01 4.326256803919036054e-03
4.234568601474854432e+01 4.239702250393808693e-03
4.259794184898333214e+01 4.184074922534327876e-03
4.284922176444433717e+01 4.117454721751019620e-03
4.309982534096671003e+01 4.117314323872941877e-03
4.335153475414617930e+01 3.962972763140391527e-03
4.360374984514007224e+01 3.937733119296130818e-03
4.385432838732079830e+01 3.846055123668076347e-03
4.410529766549178277e+01 3.833405709436444719e-03
4.435675536456894008e+01 3.750405582542054583e-03
4.460756668584335927e+01 3.735866362009338752e-03
4.485812369927145937e+01 3.647251101343232209e-03
4.510933196139897206e+01 3.581962840773163931e-03
4.536097672816924131e+01 3.501628571630457064e-03
4.561261869099184452e+01 3.446864435009599961e-03
4.586346064304911607e+01 3.434301996438725215e-03
4.611435299895526185e+01 3.357336814433891248e-03
4.636610302009028572e+01 3.367120539376691670e-03
4.661726081402038346e+01 3.283692728305897743e-03
4.686748045926628237e+01 3.265671999431757778e-03
4.712001000143001761e+01 3.168742432812171952e-03
4.737334269293729960e+01 3.154699111030914022e-03
4.762357272554871912e+01 3.111045535985432035e-03
4.787295862859781437e+01 3.061645440593238100e-03
4.812686710231834297e+01 2.979975302520143643e-03
4.837988354528783930e+01 2.920024168902748355e-03
4.862698975964909209e+01 2.921320450005524851e-03
4.887931961662670233e+01 2.877175325794806976e-03
4.913512531690142282e+01 2.851942174066711237e-03
4.938486646957150583e+01 2.812026718006609919e-03
4.963073103205424985e+01 2.781160434721729937e-03
4.988316058859187763e+01 2.687777942836228062e-03
5.013927392651110893e+01 2.715088755055538108e-03
5.038898445289544270e+01 2.588437975559684540e-03
5.063791314200675941e+01 2.576863466155366027e-03
5.089234515763529032e+01 2.521144357095334975e-03
5.114529266359630810e+01 2.497471208074183990e-03
5.138952878242714206e+01 2.529885993950334745e-03
5.163945178601188246e+01 2.432266943363805677e-03
5.190206698624180603e+01 2.466464152035618713e-03
5.215590084722179398e+01 2.411558652944015540e-03
5.238680673191466042e+01 2.340428784687072997e-03
5.263532591009818873e+01 2.393107833176561384e-03
5.290823119436031874e+01 2.276040587208761224e-03
5.316882575050344428e+01 2.314904745781456129e-03
5.338513341050097694e+01 2.298833244896269622e-03
5.363212510227822349e+01 2.283049391476849304e-03
5.391615723351310407e+01 2.054273457816134952e-03
5.419187693011466678e+01 2.220873410266225017e-03
5.439722241285236493e+01 2.334158318405850103e-03
5.462806064877949552e+01 2.218386595070575423e-03
5.491241494336609463e+01 1.929012589444623017e-03
5.519421446932921782e+01 2.196973984655363390e-03
5.543046826972861396e+01 1.770412906189527784e-03
5.561137265256709128e+01 1.838262155244027064e-03
