3.559856489878782115e-01 5.444771723791403701e+02
6.031648866026231293e-01 1.848725893518901842e+02
8.579160745827347778e-01 1.049929674444260996e+02
1.113464310595710716e+00 4.418579185396498588e+01
1.374039914321364408e+00 2.946005469864886095e+01
1.619154704570298309e+00 1.905143511365742626e+01
1.870686673430271840e+00 1.383879631968551216e+01
2.123290040706380832e+00 1.096862775294288639e+01
2.378144976376236119e+00 7.808636442631337715e+00
2.630489925835516996e+00 6.352317322802230493e+00
2.878653162679494670e+00 4.480526443898359190e+00
3.131144366275339319e+00 3.978185269696365545e+00
3.388159578333816313e+00 3.194370185549628260e+00
3.638741848210948149e+00 2.798656814674426396e+00
3.888315910732085268e+00 2.311688485710552854e+00
4.139052155837465996e+00 1.969604415140487008e+00
4.390305777018236988e+00 1.726515129679639271e+00
4.642172339120373081e+00 1.521033825995475652e+00
4.894678666149941293e+00 1.304112106560407991e+00
5.147269052361176378e+00 1.141399250483604133e+00
5.398003206656323272e+00 9.921754169125162059e-01
5.647798235368590269e+00 9.003373501601756868e-01
5.900534302989873581e+00 7.894188165769878696e-01
6.151460297009074374e+00 7.193311878886162747e-01
6.402630176204441526e+00 6.634672298194265183e-01
6.655964674748322096e+00 5.754545739969583185e-01
6.908782583105771202e+00 5.254769001624637337e-01
7.159060853508338873e+00 4.792698580212754189e-01
7.409414762591408632e+00 4.475972738160441389e-01
7.659227149364629561e+00 3.942427674604631616e-01
7.911559474606142395e+00 3.729004297240748333e-01
8.163750941790897997e+00 3.475511508127100968e-01
8.415757210439384295e+00 3.230772906599440608e-01
8.667638839289207198e+00 2.951924851238935110e-01
8.918801124864609520e+00 2.687512727496607079e-01
9.170480108345369530e+00 2.581005443679864619e-01
9.420566033467249412e+00 2.422990539045839775e-01
9.671642335271435797e+00 2.216783610876592314e-01
9.923426157758477473e+00 2.084492526756897557e-01
1.017396902749181820e+01 1.949975338796858249e-01
1.042533700753922155e+01 1.800214845777728667e-01
1.067702948358784276e+01 1.704579213469266941e-01
1.092969337256462303e+01 1.586570140717601940e-01
1.118211872033766419e+01 1.508553154434793819e-01
1.143346516925797296e+01 1.415893269079189221e-01
1.168350508557724687e+01 1.346967520826413967e-01
1.193379937775929100e+01 1.279514406957441564e-01
1.218553055762879112e+01 1.202088476627330982e-01
1.243711650801278878e+01 1.150141630694034856e-01
1.268867268647359303e+01 1.081102781195041190e-01
1.294075027177769144e+01 1.039677971595865252e-01
1.319267287020158363e+01 9.791993219767422540e-02
1.344470571782862756e+01 9.264129940238309546e-02
1.369480150283709641e+01 8.876777368623404996e-02
1.394591277066507828e+01 8.527681797843396361e-02
1.419764645764527167e+01 8.081553406252930949e-02
1.444766774168416212e+01 7.712512735966217670e-02
1.469906835825429070e+01 7.376257778050566982e-02
1.495059118111036511e+01 6.985399882804968485e-02
1.520261612590052991e+01 6.718516120506257128e-02
1.545415944503929495e+01 6.399742665917194928e-02
1.570456072545780124e+01 6.130448349786600526e-02
1.595705800128773966e+01 5.895134565324562648e-02
1.620829297830731619e+01 5.684237929442554488e-02
1.645966591028190962e+01 5.417983747136984052e-02
1.671125708846596325e+01 5.212798021895592715e-02
1.696160259490052624e+01 5.098066018364817015e-02
1.721370276108077135e+01 4.842818749004362822e-02
1.746543424102250341e+01 4.678539022562165639e-02
1.771598473288305442e+01 4.462126590738030307e-02
1.796653767411944003e+01 4.292762398638952370e-02
1.821765658501893270e+01 4.151125815553160375e-02
1.847053788120423334e+01 4.014323911333450567e-02
1.872257696809484173e+01 3.876132901926747365e-02
1.897394097105746269e+01 3.728118836397666808e-02
1.922542454726159988e+01 3.578763341773297940e-02
1.947607703355479103e+01 3.471456690930874861e-02
1.972678839839982601e+01 3.385962608142459307e-02
1.997802698857814363e+01 3.231690003587293913e-02
2.022863620534168660e+01 3.143298179580240881e-02
2.047969598507238231e+01 3.027621795673017188e-02
2.073250439107362553e+01 2.940067134567742740e-02
2.098435855211640089e+01 2.822313000548438630e-02
2.123502923393334640e+01 2.779507586674010572e-02
2.148629411178690773e+01 2.645820944021674836e-02
2.173831825513516591e+01 2.602643369108734867e-02
2.198972260956887226e+01 2.486951996821598621e-02
2.223974971000711420e+01 2.452141262596868598e-02
2.249141870643862973e+01 2.353044563874666373e-02
2.274404614890906373e+01 2.289923780328511141e-02
2.299521835768831579e+01 2.227786222266787269e-02
2.324620084136223852e+01 2.169099241801015002e-02
2.349757798664387209e+01 2.100829182602531597e-02
2.374870488118759937e+01 2.042834742096445375e-02
2.399988781917473091e+01 1.978027719662031961e-02
2.425071646049711305e+01 1.939219320426574869e-02
2.450187830577813841e+01 1.868631412040862305e-02
2.475391093216606109e+01 1.823621054890970164e-02
2.500524226975159792e+01 1.783674154812385504e-02
2.525610980153284402e+01 1.719691324698391366e-02
2.550801425092822328e+01 1.689820634629718432e-02
2.575943113325822864e+01 1.639955165859073929e-02
2.601074166866445125e+01 1.602249408917505794e-02
2.626234447079615464e+01 1.548757124404085382e-02
2.651347712943701751e+01 1.514291532912289892e-02
2.676474177984877656e+01 1.477586332710524759e-02
2.701628079430242479e+01 1.435821092895423270e-02
2.726734205837282232e+01 1.409065516782343971e-02
2.751837013544679422e+01 1.372677790862598078e-02
2.776937726815812724e+01 1.340224982107895806e-02
2.802070160973895341e+01 1.304488568105858538e-02
2.827249982643487058e+01 1.269209593581435355e-02
2.852407603869968966e+01 1.247881294479227972e-02
2.877567300468570721e+01 1.214391681452949012e-02
2.902733523039245256e+01 1.189302796580512904e-02
2.927861073083739996e+01 1.161988672042366978e-02
2.953003196193969160e+01 1.141632302647267033e-02
2.978106336846375157e+01 1.115287136005829911e-02
3.003148440777084716e+01 1.078980733497496118e-02
3.028303386126418673e+01 1.060113464071619528e-02
3.053456493440382857e+01 1.038781867381064795e-02
3.078585183944906944e+01 1.014978532278448808e-02
3.103757946070165730e+01 9.900697153598498473e-03
3.128931656795834826e+01 9.699479550046023052e-03
3.154125974608096428e+01 9.518365983412107809e-03
3.179158626791808828e+01 9.325104264663038739e-03
3.204196438636942190e+01 9.139541733378806626e-03
3.229344668057169798e+01 8.919115898017840674e-03
3.254489998018084407e+01 8.743064569485705165e-03
3.279660140319880668e+01 8.526385747384285577e-03
3.304772754686901237e+01 8.417441571784449114e-03
3.329949953441923327e+01 8.225576037187060791e-03
3.355173249539067371e+01 8.020227601199018952e-03
3.380235474142784824e+01 7.852245974909683249e-03
3.405292218889088218e+01 7.725499910286924218e-03
3.430455901572810262e+01 7.576563780371570016e-03
3.455605119154291316e+01 7.440887418788678410e-03
3.480708698418615654e+01 7.288398554827593342e-03
3.505823042281740243e+01 7.115963078999463544e-03
3.530983122122644602e+01 7.046061038996805082e-03
3.556111974160763367e+01 6.869568744447055592e-03
3.581195885960364933e+01 6.727371675311761591e-03
3.606348577968052638e+01 6.605827854852063148e-03
3.631495136683125935e+01 6.440091137196476620e-03
3.656646781331610185e+01 6.368089488669620782e-03
3.681800948534306173e+01 6.247417727247388079e-03
3.706942350460822411e+01 6.123012689782781834e-03
3.732119977997001570e+01 6.000700976196503278e-03
3.757249197135423202e+01 5.945354607210632386e-03
3.782324055213251057e+01 5.812425125655443919e-03
3.807430609684078604e+01 5.722119420434693474e-03
3.832526519371521090e+01 5.619855884844949905e-03
3.857704530181875668e+01 5.500989412507218020e-03
3.882896255048217427e+01 5.445436143644014765e-03
3.907976684424035341e+01 5.286879197102369553e-03
3.933085588900704010e+01 5.214947386548512975e-03
3.958184533965361140e+01 5.164116829591789207e-03
3.983320492881626507e+01 5.038669325545432585e-03
4.008506787586624398e+01 4.973516114850586381e-03
4.033569471078550350e+01 4.901623760310253042e-03
4.058701345074587863e+01 4.749270993181883838e-03
4.083916815834436420e+01 4.695777485302848192e-03
4.108978611092747713e+01 4.626356527500350563e-03
4.134119394692694271e+01 4.580494546729103889e-03
4.159372926482761557e+01 4.460163546197718626e-03
4.184480996230068683e+01 4.387349094271327313e-03
4.209495048714620680e+01 4.319554284416029545e-03
4.234568601474854432e+01 4.255982832646778950e-03
4.259794184898333214e+01 4.232175630669943699e-03
4.284922176444433717e+01 4.123790814365335157e-03
4.309982534096671003e+01 4.065034217403396856e-03
4.335153475414617930e+01 4.015091485460668339e-03
4.360374984514007224e+01 3.953322462132022319e-03
4.385432838732079830e+01 3.902395627165996563e-03
4.410529766549178277e+01 3.798191522353925112e-03
4.435675536456894008e+01 3.747080341056498870e-03
4.460756668584335927e+01 3.697740734354347872e-03
4.485812369927145937e+01 3.647868256554300231e-03
4.510933196139897206e+01 3.598224867305455446e-03
4.536097672816924131e+01 3.561725184554837519e-03
4.561261869099184452e+01 3.524610406231397115e-03
4.586346064304911607e+01 3.455194438513542726e-03
4.611435299895526185e+01 3.401018568746578923e-03
4.636610302009028572e+01 3.320714935665566945e-03
4.661726081402038346e+01 3.255133555776687591e-03
4.686748045926628237e+01 3.246460527484686196e-03
4.712001000143001761e+01 3.190373462697672097e-03
4.737334269293729960e+01 3.147761997249246511e-03
4.762357272554871912e+01 3.060656790661566741e-03
4.787295862859781437e+01 3.035127807435489440e-03
4.812686710231834297e+01 2.944985045474463829e-03
4.837988354528783930e+01 2.941498866377599292e-03
4.862698975964909209e+01 2.918686945675502947e-03
4.887931961662670233e+01 2.833682082539522654e-03
4.913512531690142282e+01 2.857382330888322709e-03
4.938486646957150583e+01 2.738765319408795196e-03
4.963073103205424985e+01 2.790105609477175515e-03
4.988316058859187763e+01 2.718782827554991430e-03
5.013927392651110893e+01 2.722547574286002074e-03
5.038898445289544270e+01 2.630929033976694021e-03
5.063791314200675941e+01 2.632683085885267026e-03
5.089234515763529032e+01 2.592015668920761694e-03
5.114529266359630810e+01 2.507448862135895021e-03
5.138952878242714206e+01 2.509641367974352767e-03
5.163945178601188246e+01 2.373205959551439367e-03
5.190206698624180603e+01 2.474726699805225496e-03
5.215590084722179398e+01 2.444095520572906258e-03
5.238680673191466042e+01 2.437699951822337296e-03
5.263532591009818873e+01 2.263043491129124521e-03
5.290823119436031874e+01 2.301725754593928700e-03
5.316882575050344428e+01 2.372885270075361739e-03
5.338513341050097694e+01 2.212030551196628950e-03
5.363212510227822349e+01 2.080718640061357278e-03
5.391615723351310407e+01 2.305268134706406694e-03
5.419187693011466678e+01 2.142763477881060464e-03
5.439722241285236493e+01 2.290706018629394027e-03
5.462806064877949552e+01 2.084799839733978127e-03
5.491241494336609463e+01 2.023059802101367759e-03
5.519421446932921782e+01 1.907298757610336425e-03
5.543046826972861396e+01 1.904989559069830522e-03
5.561137265256709128e+01 1.703501652179266164e-03
