3.559856489878782115e-01 7.755145419094005774e+02
6.031648866026231293e-01 1.560516026037635697e+02
8.579160745827347778e-01 8.260045615545507758e+01
1.113464310595710716e+00 5.424317637922252544e+01
1.374039914321364408e+00 3.324594298619677346e+01
1.619154704570298309e+00 2.102660196262360870e+01
1.870686673430271840e+00 1.421991538061218208e+01
2.123290040706380832e+00 1.107367168132021717e+01
2.378144976376236119e+00 8.168440885464375967e+00
2.630489925835516996e+00 6.027422632781702205e+00
2.878653162679494670e+00 4.828632607992305203e+00
3.131144366275339319e+00 4.046730164017294129e+00
3.388159578333816313e+00 3.447617959420863798e+00
3.638741848210948149e+00 2.828281528891392504e+00
3.888315910732085268e+00 2.290665793111627657e+00
4.139052155837465996e+00 1.939201806238609160e+00
4.390305777018236988e+00 1.665917171731499780e+00
4.642172339120373081e+00 1.452623736890505945e+00
4.894678666149941293e+00 1.292127188042101915e+00
5.147269052361176378e+00 1.126423743689374257e+00
5.398003206656323272e+00 1.019242620247790221e+00
5.647798235368590269e+00 8.921309233529932659e-01
5.900534302989873581e+00 7.909969749296803521e-01
6.151460297009074374e+00 7.049335562605847372e-01
6.402630176204441526e+00 6.428409975408032606e-01
6.655964674748322096e+00 5.954849918771353279e-01
6.908782583105771202e+00 5.326711879371187619e-01
7.159060853508338873e+00 4.984048410848480604e-01
7.409414762591408632e+00 4.482129437729917565e-01
7.659227149364629561e+00 4.038403303100238650e-01
7.911559474606142395e+00 3.696899344013108712e-01
8.163750941790897997e+00 3.439194974830056539e-01
8.415757210439384295e+00 3.185527863435345108e-01
8.667638839289207198e+00 2.984553281869112840e-01
8.918801124864609520e+00 2.754517669497595356e-01
9.170480108345369530e+00 2.512583620203510115e-01
9.420566033467249412e+00 2.384588370408196878e-01
9.671642335271435797e+00 2.215404255630009089e-01
9.923426157758477473e+00 2.033367355448039704e-01
1.017396902749181820e+01 1.944950060721021834e-01
1.042533700753922155e+01 1.811921109839890742e-01
1.067702948358784276e+01 1.730193741864943513e-01
1.092969337256462303e+01 1.580654723010609664e-01
1.118211872033766419e+01 1.519401018008079418e-01
1.143346516925797296e+01 1.438904294983304466e-01
1.168350508557724687e+01 1.355417780386398152e-01
1.193379937775929100e+01 1.292459545908258567e-01
1.218553055762879112e+01 1.204138400673374076e-01
1.243711650801278878e+01 1.149962690070670396e-01
1.268867268647359303e+01 1.089633319295164188e-01
1.294075027177769144e+01 1.025506040941087382e-01
1.319267287020158363e+01 9.808236809002415790e-02
1.344470571782862756e+01 9.220981970135884442e-02
1.369480150283709641e+01 8.897567095031246043e-02
1.394591277066507828e+01 8.317732183199576246e-02
1.419764645764527167e+01 8.109717408953305562e-02
1.444766774168416212e+01 7.632766218714426287e-02
1.469906835825429070e+01 7.326210781817624196e-02
1.495059118111036511e+01 7.015397315064197947e-02
1.520261612590052991e+01 6.754828882907970566e-02
1.545415944503929495e+01 6.415315575362293132e-02
1.570456072545780124e+01 6.183223008424430095e-02
1.595705800128773966e+01 5.835272369487003868e-02
1.620829297830731619e+01 5.635974989124864498e-02
1.645966591028190962e+01 5.372976168361091875e-02
1.671125708846596325e+01 5.274754016068049917e-02
1.696160259490052624e+01 5.059540817150687264e-02
1.721370276108077135e+01 4.791184613776148377e-02
1.746543424102250341e+01 4.610243719198089951e-02
1.771598473288305442e+01 4.516993398632528078e-02
1.796653767411944003e+01 4.260109078598085103e-02
1.821765658501893270e+01 4.137234686423670732e-02
1.847053788120423334e+01 4.001871674727215666e-02
1.872257696809484173e+01 3.806307160900728598e-02
1.897394097105746269e+01 3.698750289067748165e-02
1.922542454726159988e+01 3.584400392741689256e-02
1.947607703355479103e+01 3.466786889858922138e-02
1.972678839839982601e+01 3.353399668070251166e-02
1.997802698857814363e+01 3.285228199282035771e-02
2.022863620534168660e+01 3.109017685341535289e-02
2.047969598507238231e+01 3.018573905475615757e-02
2.073250439107362553e+01 2.936300289562190566e-02
2.098435855211640089e+01 2.854450135667904731e-02
2.123502923393334640e+01 2.744269966913578940e-02
2.148629411178690773e+01 2.686904439533641109e-02
2.173831825513516591e+01 2.584061903405938249e-02
2.198972260956887226e+01 2.501175152200909788e-02
2.223974971000711420e+01 2.425244192116106368e-02
2.249141870643862973e+01 2.357817193986290472e-02
2.274404614890906373e+01 2.304198306362880908e-02
2.299521835768831579e+01 2.218886342762988947e-02
2.324620084136223852e+01 2.167596050276304059e-02
2.349757798664387209e+01 2.107540474999515523e-02
2.374870488118759937e+01 2.041091585305637376e-02
2.399988781917473091e+01 1.984329658594998283e-02
2.425071646049711305e+01 1.925355387975347804e-02
2.450187830577813841e+01 1.869883918558848737e-02
2.475391093216606109e+01 1.835084013368545874e-02
2.500524226975159792e+01 1.782023105285830689e-02
2.525610980153284402e+01 1.730699536799814447e-02
2.550801425092822328e+01 1.670989689934085712e-02
2.575943113325822864e+01 1.644765893053138153e-02
2.601074166866445125e+01 1.592112773470780174e-02
2.626234447079615464e+01 1.563078800528993131e-02
2.651347712943701751e+01 1.522111758405303265e-02
2.676474177984877656e+01 1.469779826467188834e-02
2.701628079430242479e+01 1.435688665318234775e-02
2.726734205837282232e+01 1.411473496535902393e-02
2.751837013544679422e+01 1.377304869261041821e-02
2.776937726815812724e+01 1.348015045883919384e-02
2.802070160973895341e+01 1.310260597521621488e-02
2.827249982643487058e+01 1.273691273403463990e-02
2.852407603869968966e+01 1.251413209920759946e-02
2.877567300468570721e+01 1.212495754673799733e-02
2.902733523039245256e+01 1.189445026108532956e-02
2.927861073083739996e+01 1.153083440675087105e-02
2.953003196193969160e+01 1.140061767279824077e-02
2.978106336846375157e+01 1.111171203428187523e-02
3.003148440777084716e+01 1.082843758620873759e-02
3.028303386126418673e+01 1.066340321248241720e-02
3.053456493440382857e+01 1.040376648824482483e-02
3.078585183944906944e+01 1.020004505716992291e-02
3.103757946070165730e+01 9.856805786199174940e-03
3.128931656795834826e+01 9.756155166669961548e-03
3.154125974608096428e+01 9.437551161528733717e-03
3.179158626791808828e+01 9.300623266970503913e-03
3.204196438636942190e+01 9.122086297285347117e-03
3.229344668057169798e+01 8.946104019113576902e-03
3.254489998018084407e+01 8.701215119820740126e-03
3.279660140319880668e+01 8.519693660984548403e-03
3.304772754686901237e+01 8.349868776982892829e-03
3.329949953441923327e+01 8.184288330285718546e-03
3.355173249539067371e+01 7.997338363477856857e-03
3.380235474142784824e+01 7.864495943820720356e-03
3.405292218889088218e+01 7.763304883391660555e-03
3.430455901572810262e+01 7.575818182526823305e-03
3.455605119154291316e+01 7.403401633804312411e-03
3.480708698418615654e+01 7.278176305348994270e-03
3.505823042281740243e+01 7.138523111782011515e-03
3.530983122122644602e+01 7.002339260473038757e-03
3.556111974160763367e+01 6.851983660208747773e-03
3.581195885960364933e+01 6.749449066925069900e-03
3.606348577968052638e+01 6.596198700366937354e-03
3.631495136683125935e+01 6.460697017809700383e-03
3.656646781331610185e+01 6.387985685695327445e-03
3.681800948534306173e+01 6.239989993141018682e-03
3.706942350460822411e+01 6.106891314418957592e-03
3.732119977997001570e+01 5.990344001623779981e-03
3.757249197135423202e+01 5.931226106070552895e-03
3.782324055213251057e+01 5.838761998346038255e-03
3.807430609684078604e+01 5.742578547012791752e-03
3.832526519371521090e+01 5.597517170463506796e-03
3.857704530181875668e+01 5.522367407741871764e-03
3.882896255048217427e+01 5.396604625895051223e-03
3.907976684424035341e+01 5.310742351587570062e-03
3.933085588900704010e+01 5.215082411626793639e-03
3.958184533965361140e+01 5.155163033492184653e-03
3.983320492881626507e+01 5.059905472344997275e-03
4.008506787586624398e+01 4.975478664827632375e-03
4.033569471078550350e+01 4.875875998311634749e-03
4.058701345074587863e+01 4.793227145932029212e-03
4.083916815834436420e+01 4.738198673770723998e-03
4.108978611092747713e+01 4.612678677838656129e-03
4.134119394692694271e+01 4.539960048071964814e-03
4.159372926482761557e+01 4.514440046874469356e-03
4.184480996230068683e+01 4.380744230749643135e-03
4.209495048714620680e+01 4.321776227684930201e-03
4.234568601474854432e+01 4.276893463416008186e-03
4.259794184898333214e+01 4.194705756171388487e-03
4.284922176444433717e+01 4.134561024759744741e-03
4.309982534096671003e+01 4.079396924854509707e-03
4.335153475414617930e+01 3.994871920515087431e-03
4.360374984514007224e+01 3.949348371626025186e-03
4.385432838732079830e+01 3.872160457104611899e-03
4.410529766549178277e+01 3.841099421442751086e-03
4.435675536456894008e+01 3.773296055785300626e-03
4.460756668584335927e+01 3.710522815648039513e-03
4.485812369927145937e+01 3.674342249352610754e-03
4.510933196139897206e+01 3.615338663566952312e-03
4.536097672816924131e+01 3.513230561055550108e-03
4.561261869099184452e+01 3.504493797340839639e-03
4.586346064304911607e+01 3.428134205552147134e-03
4.611435299895526185e+01 3.381844995975399545e-03
4.636610302009028572e+01 3.316536343486804241e-03
4.661726081402038346e+01 3.281362034038153280e-03
4.686748045926628237e+01 3.220062452339380460e-03
4.712001000143001761e+01 3.143156730115466164e-03
4.737334269293729960e+01 3.204789173229469820e-03
4.762357272554871912e+01 3.049239267934798076e-03
4.787295862859781437e+01 3.021410293894880635e-03
4.812686710231834297e+01 2.981768707191944420e-03
4.837988354528783930e+01 2.996051512801399443e-03
4.862698975964909209e+01 2.893206555262530996e-03
4.887931961662670233e+01 2.850481250738960606e-03
4.913512531690142282e+01 2.860207586424216505e-03
4.938486646957150583e+01 2.765117132028926950e-03
4.963073103205424985e+01 2.766609747857248086e-03
4.988316058859187763e+01 2.715061763621144132e-03
5.013927392651110893e+01 2.753463621004718833e-03
5.038898445289544270e+01 2.692786225312686441e-03
5.063791314200675941e+01 2.599264572820606488e-03
5.089234515763529032e+01 2.536068986201061616e-03
5.114529266359630810e+01 2.624346053864349670e-03
5.138952878242714206e+01 2.458242837925336127e-03
5.163945178601188246e+01 2.453475655652763519e-03
5.190206698624180603e+01 2.418974331715621935e-03
5.215590084722179398e+01 2.367552727351377676e-03
5.238680673191466042e+01 2.313433606533357549e-03
5.263532591009818873e+01 2.392662927580738175e-03
5.290823119436031874e+01 2.355222619180992200e-03
5.316882575050344428e+01 2.353040058689838399e-03
5.338513341050097694e+01 2.338429227648403542e-03
5.363212510227822349e+01 2.245659807322312844e-03
5.391615723351310407e+01 2.054255687092050846e-03
5.419187693011466678e+01 2.060459814986874590e-03
5.439722241285236493e+01 2.264365956443284769e-03
5.462806064877949552e+01 1.957900512635128622e-03
5.491241494336609463e+01 1.783788213652086601e-03
5.519421446932921782e+01 2.061300221240812847e-03
5.543046826972861396e+01 1.163877022933138255e-03
5.561137265256709128e+01 4.484154471400364668e-03
