3.559856489878782115e-01 6.407345841268415825e+02
6.031648866026231293e-01 2.240925210020683380e+02
8.579160745827347778e-01 9.746427656382572025e+01
1.113464310595710716e+00 4.303743466723773992e+01
1.374039914321364408e+00 3.367914000252595486e+01
1.619154704570298309e+00 1.955526206200980255e+01
1.870686673430271840e+00 1.432260441635276038e+01
2.123290040706380832e+00 1.056105395437707628e+01
2.378144976376236119e+00 7.828205408927120246e+00
2.630489925835516996e+00 5.777074226850086092e+00
2.878653162679494670e+00 5.115814722535375836e+00
3.131144366275339319e+00 3.919268272134889042e+00
3.388159578333816313e+00 3.354780755668415715e+00
3.638741848210948149e+00 2.705391761576461107e+00
3.888315910732085268e+00 2.259514856851690734e+00
4.139052155837465996e+00 1.954391096714610976e+00
4.390305777018236988e+00 1.772048372567938790e+00
4.642172339120373081e+00 1.480324129134413580e+00
4.894678666149941293e+00 1.265447679535884662e+00
5.147269052361176378e+00 1.133651021605561970e+00
5.398003206656323272e+00 1.036625244230714671e+00
5.647798235368590269e+00 9.168619987219518430e-01
5.900534302989873581e+00 7.969509949765963830e-01
6.151460297009074374e+00 7.298286500106540009e-01
6.402630176204441526e+00 6.463737372068787401e-01
6.655964674748322096e+00 5.840703128422622958e-01
6.908782583105771202e+00 5.330121845720678930e-01
7.159060853508338873e+00 4.767360908619917570e-01
7.409414762591408632e+00 4.436331501918179265e-01
7.659227149364629561e+00 4.047101900441890110e-01
7.911559474606142395e+00 3.758728775763016672e-01
8.163750941790897997e+00 3.448846398045637973e-01
8.415757210439384295e+00 3.190323796320876371e-01
8.667638839289207198e+00 2.888835959744580628e-01
8.918801124864609520e+00 2.745692094359794000e-01
9.170480108345369530e+00 2.593026049648421427e-01
9.420566033467249412e+00 2.395304285761906127e-01
9.671642335271435797e+00 2.215380000297457463e-01
9.923426157758477473e+00 2.089069531970224047e-01
1.017396902749181820e+01 1.929096412751996892e-01
1.042533700753922155e+01 1.824439254881720651e-01
1.067702948358784276e+01 1.692372615108815315e-01
1.092969337256462303e+01 1.619942331784369194e-01
1.118211872033766419e+01 1.524977979804286454e-01
1.143346516925797296e+01 1.443082105682409189e-01
1.168350508557724687e+01 1.360669305900401027e-01
1.193379937775929100e+01 1.276447932732333035e-01
1.218553055762879112e+01 1.196227488591610488e-01
1.243711650801278878e+01 1.123647408282451576e-01
1.268867268647359303e+01 1.083498480904305228e-01
1.294075027177769144e+01 1.027435937910254476e-01
1.319267287020158363e+01 9.764423566147188704e-02
1.344470571782862756e+01 9.283874791721848097e-02
1.369480150283709641e+01 8.925799900682306054e-02
1.394591277066507828e+01 8.470152604390146500e-02
1.419764645764527167e+01 8.104163301646033490e-02
1.444766774168416212e+01 7.598597289072508976e-02
1.469906835825429070e+01 7.401263851802053484e-02
1.495059118111036511e+01 6.981381772113033624e-02
1.520261612590052991e+01 6.708980167878320078e-02
1.545415944503929495e+01 6.441898697009554309e-02
1.570456072545780124e+01 6.238758700730186180e-02
1.595705800128773966e+01 5.817410420279368888e-02
1.620829297830731619e+01 5.670578514015362642e-02
1.645966591028190962e+01 5.406264025746886082e-02
1.671125708846596325e+01 5.197299013223442149e-02
1.696160259490052624e+01 5.028773349924672148e-02
1.721370276108077135e+01 4.777510444586598876e-02
1.746543424102250341e+01 4.664705133637522122e-02
1.771598473288305442e+01 4.416527498436307458e-02
1.796653767411944003e+01 4.314086348421652950e-02
1.821765658501893270e+01 4.167362290455003254e-02
1.847053788120423334e+01 4.002066800304687755e-02
1.872257696809484173e+01 3.833541763340996000e-02
1.897394097105746269e+01 3.739046557168275442e-02
1.922542454726159988e+01 3.613312205022872065e-02
1.947607703355479103e+01 3.477443497270129441e-02
1.972678839839982601e+01 3.364530572479346171e-02
1.997802698857814363e+01 3.217777839511484078e-02
2.022863620534168660e+01 3.130220474280126508e-02
2.047969598507238231e+01 3.009704279130686819e-02
2.073250439107362553e+01 2.928778452508539604e-02
2.098435855211640089e+01 2.849443823713246338e-02
2.123502923393334640e+01 2.749029095627690544e-02
2.148629411178690773e+01 2.675467257565357013e-02
2.173831825513516591e+01 2.580708062943368186e-02
2.198972260956887226e+01 2.522483757167558877e-02
2.223974971000711420e+01 2.431941502906251676e-02
2.249141870643862973e+01 2.366229103819844290e-02
2.274404614890906373e+01 2.303988627263759900e-02
2.299521835768831579e+01 2.211043404279745134e-02
2.324620084136223852e+01 2.173100543235059051e-02
2.349757798664387209e+01 2.094775409153671816e-02
2.374870488118759937e+01 2.051100323144003021e-02
2.399988781917473091e+01 1.987969256882604618e-02
2.425071646049711305e+01 1.920267675700721571e-02
2.450187830577813841e+01 1.863320446571327393e-02
2.475391093216606109e+01 1.823173864800031740e-02
2.500524226975159792e+01 1.766359361890319779e-02
2.525610980153284402e+01 1.715145463041535534e-02
2.550801425092822328e+01 1.694633157928789394e-02
2.575943113325822864e+01 1.641627671477372680e-02
2.601074166866445125e+01 1.599849580612740588e-02
2.626234447079615464e+01 1.552615992570128244e-02
2.651347712943701751e+01 1.522590833456081635e-02
2.676474177984877656e+01 1.475969283345330077e-02
2.701628079430242479e+01 1.448319823419858161e-02
2.726734205837282232e+01 1.406461559246311062e-02
2.751837013544679422e+01 1.381084704210356305e-02
2.776937726815812724e+01 1.339522206391660815e-02
2.802070160973895341e+01 1.301531975381281167e-02
2.827249982643487058e+01 1.278102911200611896e-02
2.852407603869968966e+01 1.244327410950595708e-02
2.877567300468570721e+01 1.220814655061816349e-02
2.902733523039245256e+01 1.189607951909073605e-02
2.927861073083739996e+01 1.149381402844897558e-02
2.953003196193969160e+01 1.136637143035792823e-02
2.978106336846375157e+01 1.111053714452660615e-02
3.003148440777084716e+01 1.084843532856580653e-02
3.028303386126418673e+01 1.054258171310488296e-02
3.053456493440382857e+01 1.034223592969705889e-02
3.078585183944906944e+01 1.018473045684432400e-02
3.103757946070165730e+01 9.885472083553347583e-03
3.128931656795834826e+01 9.727434270624753590e-03
3.154125974608096428e+01 9.511848250912457309e-03
3.179158626791808828e+01 9.308142789326345756e-03
3.204196438636942190e+01 9.032346819229061449e-03
3.229344668057169798e+01 8.958755417484620329e-03
3.254489998018084407e+01 8.749105587462523148e-03
3.279660140319880668e+01 8.575263051385393839e-03
3.304772754686901237e+01 8.328950070358730889e-03
3.329949953441923327e+01 8.229893401142995835e-03
3.355173249539067371e+01 8.029288364598857058e-03
3.380235474142784824e+01 7.864622124169854886e-03
3.405292218889088218e+01 7.733289486056304542e-03
3.430455901572810262e+01 7.580311964957718064e-03
3.455605119154291316e+01 7.426088013000270091e-03
3.480708698418615654e+01 7.320082417079685350e-03
3.505823042281740243e+01 7.181585299423072152e-03
3.530983122122644602e+01 7.006859936782782253e-03
3.556111974160763367e+01 6.891367306851640256e-03
3.581195885960364933e+01 6.747682822337691504e-03
3.606348577968052638e+01 6.636771300032325883e-03
3.631495136683125935e+01 6.498236099236395259e-03
3.656646781331610185e+01 6.340694344811403406e-03
3.681800948534306173e+01 6.247807830525025675e-03
3.706942350460822411e+01 6.111573184943886947e-03
3.732119977997001570e+01 5.990038447210129652e-03
3.757249197135423202e+01 5.912155705793137143e-03
3.782324055213251057e+01 5.800511959361062328e-03
3.807430609684078604e+01 5.692387103602050691e-03
3.832526519371521090e+01 5.606740372303296513e-03
3.857704530181875668e+01 5.467591871940424321e-03
3.882896255048217427e+01 5.392044215057304780e-03
3.907976684424035341e+01 5.321574442107308150e-03
3.933085588900704010e+01 5.240073017994002595e-03
3.958184533965361140e+01 5.137688316889758855e-03
3.983320492881626507e+01 5.064776905745831635e-03
4.008506787586624398e+01 4.983893699050646019e-03
4.033569471078550350e+01 4.882409110379341832e-03
4.058701345074587863e+01 4.782762064308687146e-03
4.083916815834436420e+01 4.704365569986755126e-03
4.108978611092747713e+01 4.639143736057034853e-03
4.134119394692694271e+01 4.568967687604194236e-03
4.159372926482761557e+01 4.481950002658783086e-03
4.184480996230068683e+01 4.401399338703074551e-03
4.209495048714620680e+01 4.295405577219973611e-03
4.234568601474854432e+01 4.214496136040108733e-03
4.259794184898333214e+01 4.196020481950451728e-03
4.284922176444433717e+01 4.160582760938659648e-03
4.309982534096671003e+01 4.086598549904021938e-03
4.335153475414617930e+01 4.034664941050808765e-03
4.360374984514007224e+01 3.957565895767270817e-03
4.385432838732079830e+01 3.872694877001583644e-03
4.410529766549178277e+01 3.831568250251613308e-03
4.435675536456894008e+01 3.729408692895951581e-03
4.460756668584335927e+01 3.725866418447095537e-03
4.485812369927145937e+01 3.637329059629068953e-03
4.510933196139897206e+01 3.620012901928066663e-03
4.536097672816924131e+01 3.531396013791797579e-03
4.561261869099184452e+01 3.470030358502562955e-03
4.586346064304911607e+01 3.412946269530239742e-03
4.611435299895526185e+01 3.368097656654351138e-03
4.636610302009028572e+01 3.382141674574512102e-03
4.661726081402038346e+01 3.312448064992827047e-03
4.686748045926628237e+01 3.219274503844566596e-03
4.712001000143001761e+01 3.211485788909596538e-03
4.737334269293729960e+01 3.132606361500539591e-03
4.762357272554871912e+01 3.046152063937043915e-03
4.787295862859781437e+01 3.034214362069354888e-03
4.812686710231834297e+01 3.012852143185947799e-03
4.837988354528783930e+01 2.942604781211453305e-03
4.862698975964909209e+01 2.923086936721977849e-03
4.887931961662670233e+01 2.881773409666827171e-03
4.913512531690142282e+01 2.828894075822797026e-03
4.938486646957150583e+01 2.761636526758909534e-03
4.963073103205424985e+01 2.721153816842865943e-03
4.988316058859187763e+01 2.694560900514213903e-03
5.013927392651110893e+01 2.738274153025517348e-03
5.038898445289544270e+01 2.652612656944997906e-03
5.063791314200675941e+01 2.655940281294791143e-03
5.089234515763529032e+01 2.555134431920952701e-03
5.114529266359630810e+01 2.524039855004527304e-03
5.138952878242714206e+01 2.508249573210587224e-03
5.163945178601188246e+01 2.518406808481908534e-03
5.190206698624180603e+01 2.441480812730297337e-03
5.215590084722179398e+01 2.446871618725976472e-03
5.238680673191466042e+01 2.270731405909054857e-03
5.263532591009818873e+01 2.303446304381088269e-03
5.290823119436031874e+01 2.287377657349261989e-03
5.316882575050344428e+01 2.432612183514432612e-03
5.338513341050097694e+01 2.285005805336250053e-03
5.363212510227822349e+01 2.224825015034960843e-03
5.391615723351310407e+01 2.274663267999995145e-03
5.419187693011466678e+01 2.310977936132194849e-03
5.439722241285236493e+01 2.364453231111533858e-03
5.462806064877949552e+01 2.051344146078433288e-03
5.491241494336609463e+01 2.019702188382860048e-03
5.519421446932921782e+01 2.311778116026723829e-03
5.543046826972861396e+01 2.589744690951246466e-03
5.561137265256709128e+01 1.544967970805180340e-03
