3.559856489878782115e-01 5.208699406653780670e+02
6.031648866026231293e-01 2.227168173308748180e+02
8.579160745827347778e-01 1.084409813758310435e+02
1.113464310595710716e+00 5.111741017831401734e+01
1.374039914321364408e+00 2.858861543347496692e+01
1.619154704570298309e+00 2.091743874418719429e+01
1.870686673430271840e+00 1.392217481765870524e+01
2.123290040706380832e+00 1.079560403162642324e+01
2.378144976376236119e+00 8.212941869090466085e+00
2.630489925835516996e+00 6.166979042358508245e+00
2.878653162679494670e+00 5.206163531950837253e+00
3.131144366275339319e+00 3.949961345260627255e+00
3.388159578333816313e+00 3.316346970479084444e+00
3.638741848210948149e+00 2.841014860498153993e+00
3.888315910732085268e+00 2.200530201466444513e+00
4.139052155837465996e+00 1.982915726485566132e+00
4.390305777018236988e+00 1.647074812352897100e+00
4.642172339120373081e+00 1.485755358035911522e+00
4.894678666149941293e+00 1.262675304619712335e+00
5.147269052361176378e+00 1.116709186811694066e+00
5.398003206656323272e+00 1.005584240400354101e+00
5.647798235368590269e+00 9.024912390096648807e-01
5.900534302989873581e+00 7.831099793006569554e-01
6.151460297009074374e+00 7.135393041668978142e-01
6.402630176204441526e+00 6.441760253389002822e-01
6.655964674748322096e+00 5.803894672050389225e-01
6.908782583105771202e+00 5.159970180727945221e-01
7.159060853508338873e+00 4.887813383241549903e-01
7.409414762591408632e+00 4.429351063585009740e-01
7.659227149364629561e+00 4.120964752002319598e-01
7.911559474606142395e+00 3.790096623778421159e-01
8.163750941790897997e+00 3.470308558440763358e-01
8.415757210439384295e+00 3.154625479750142181e-01
8.667638839289207198e+00 2.982691306677442422e-01
8.918801124864609520e+00 2.769586558815715360e-01
9.170480108345369530e+00 2.540546353936886659e-01
9.420566033467249412e+00 2.328279359505659729e-01
9.671642335271435797e+00 2.219499041520717197e-01
9.923426157758477473e+00 2.077420870114550511e-01
1.017396902749181820e+01 1.958166031019251130e-01
1.042533700753922155e+01 1.816744263053793051e-01
1.067702948358784276e+01 1.702598751517476194e-01
1.092969337256462303e+01 1.610576375750480405e-01
1.118211872033766419e+01 1.503141331776418343e-01
1.143346516925797296e+01 1.425409515793094883e-01
1.168350508557724687e+01 1.352790106565902040e-01
1.193379937775929100e+01 1.284713492214932529e-01
1.218553055762879112e+01 1.196439124111686181e-01
1.243711650801278878e+01 1.128434298095940536e-01
1.268867268647359303e+01 1.071803334591395346e-01
1.294075027177769144e+01 1.031944570900773517e-01
1.319267287020158363e+01 9.846232048575151441e-02
1.344470571782862756e+01 9.281893107672119225e-02
1.369480150283709641e+01 8.915728648638159004e-02
1.394591277066507828e+01 8.452331566623685899e-02
1.419764645764527167e+01 8.050781612016333355e-02
1.444766774168416212e+01 7.681860867411864635e-02
1.469906835825429070e+01 7.378052646262282799e-02
1.495059118111036511e+01 7.074978626648789626e-02
1.520261612590052991e+01 6.747807613926165571e-02
1.545415944503929495e+01 6.439582152691192274e-02
1.570456072545780124e+01 6.104248109093696195e-02
1.595705800128773966e+01 5.855281449895737012e-02
1.620829297830731619e+01 5.692027574540193396e-02
1.645966591028190962e+01 5.403902307950169542e-02
1.671125708846596325e+01 5.219464749161676492e-02
1.696160259490052624e+01 5.062953055197279978e-02
1.721370276108077135e+01 4.795513919056160201e-02
1.746543424102250341e+01 4.690800936918397557e-02
1.771598473288305442e+01 4.429449216261220623e-02
1.796653767411944003e+01 4.288582815868128423e-02
1.821765658501893270e+01 4.129280381055342591e-02
1.847053788120423334e+01 3.990030290311132738e-02
1.872257696809484173e+01 3.889942041329050998e-02
1.897394097105746269e+01 3.737432429410561530e-02
1.922542454726159988e+01 3.589353585071595326e-02
1.947607703355479103e+01 3.460640150114822206e-02
1.972678839839982601e+01 3.355631690948357448e-02
1.997802698857814363e+01 3.245811585827436396e-02
2.022863620534168660e+01 3.119867350037366927e-02
2.047969598507238231e+01 3.026736543626145151e-02
2.073250439107362553e+01 2.965257486797263572e-02
2.098435855211640089e+01 2.833921510089830800e-02
2.123502923393334640e+01 2.734434962890514714e-02
2.148629411178690773e+01 2.682436771291219629e-02
2.173831825513516591e+01 2.605778163359221897e-02
2.198972260956887226e+01 2.500300847027846912e-02
2.223974971000711420e+01 2.447556030808061694e-02
2.249141870643862973e+01 2.352847269853427375e-02
2.274404614890906373e+01 2.300149604125245953e-02
2.299521835768831579e+01 2.230355300644061914e-02
2.324620084136223852e+01 2.178807730539916374e-02
2.349757798664387209e+01 2.100699223208751798e-02
2.374870488118759937e+01 2.043264844104393171e-02
2.399988781917473091e+01 1.986827915291014199e-02
2.425071646049711305e+01 1.932566874924862912e-02
2.450187830577813841e+01 1.865579752894389043e-02
2.475391093216606109e+01 1.827785610400111532e-02
2.500524226975159792e+01 1.773749477900282007e-02
2.525610980153284402e+01 1.732120492442070642e-02
2.550801425092822328e+01 1.678237209294345528e-02
2.575943113325822864e+01 1.634905512327658808e-02
2.601074166866445125e+01 1.599011411290116036e-02
2.626234447079615464e+01 1.577058889607051845e-02
2.651347712943701751e+01 1.527602709235922722e-02
2.676474177984877656e+01 1.476044284555795214e-02
2.701628079430242479e+01 1.445363974223488890e-02
2.726734205837282232e+01 1.412747579123350798e-02
2.751837013544679422e+01 1.361061104045483208e-02
2.776937726815812724e+01 1.341934959985685225e-02
2.802070160973895341e+01 1.301884837246457954e-02
2.827249982643487058e+01 1.277212825451859782e-02
2.852407603869968966e+01 1.251904295788818303e-02
2.877567300468570721e+01 1.212988787759887617e-02
2.902733523039245256e+01 1.187940725741946403e-02
2.927861073083739996e+01 1.162517853157203455e-02
2.953003196193969160e+01 1.144145939191546120e-02
2.978106336846375157e+01 1.104968539367434145e-02
3.003148440777084716e+01 1.082244191202271812e-02
3.028303386126418673e+01 1.059519340502149999e-02
3.053456493440382857e+01 1.037659170716782875e-02
3.078585183944906944e+01 1.009693741617952167e-02
3.103757946070165730e+01 9.909018912189372988e-03
3.128931656795834826e+01 9.697380512324988225e-03
3.154125974608096428e+01 9.507202771420307161e-03
3.179158626791808828e+01 9.277144858333703781e-03
3.204196438636942190e+01 9.137767755607078407e-03
3.229344668057169798e+01 8.883865219251689191e-03
3.254489998018084407e+01 8.684602304467558404e-03
3.279660140319880668e+01 8.522096263707616345e-03
3.304772754686901237e+01 8.378148174570207440e-03
3.329949953441923327e+01 8.186075505746398875e-03
3.355173249539067371e+01 8.036148182726359987e-03
3.380235474142784824e+01 7.890222238854579032e-03
3.405292218889088218e+01 7.702824096738992293e-03
3.430455901572810262e+01 7.553111309588931253e-03
3.455605119154291316e+01 7.421761265011406726e-03
3.480708698418615654e+01 7.264635247103002312e-03
3.505823042281740243e+01 7.148222050141929754e-03
3.530983122122644602e+01 6.992883518509844520e-03
3.556111974160763367e+01 6.852839795714189310e-03
3.581195885960364933e+01 6.744265632973408219e-03
3.606348577968052638e+01 6.577322349863750847e-03
3.631495136683125935e+01 6.458161257363985615e-03
3.656646781331610185e+01 6.325221021680358692e-03
3.681800948534306173e+01 6.191367105848010616e-03
3.706942350460822411e+01 6.142182067578427600e-03
3.732119977997001570e+01 6.005441382225762577e-03
3.757249197135423202e+01 5.938436689025020261e-03
3.782324055213251057e+01 5.838040422355685218e-03
3.807430609684078604e+01 5.701574522205167181e-03
3.832526519371521090e+01 5.572257969183626314e-03
3.857704530181875668e+01 5.490313451261000927e-03
3.882896255048217427e+01 5.444060636884000964e-03
3.907976684424035341e+01 5.325798028709726080e-03
3.933085588900704010e+01 5.221276603782725595e-03
3.958184533965361140e+01 5.159978972902727959e-03
3.983320492881626507e+01 5.044439600052032756e-03
4.008506787586624398e+01 4.949871299595830568e-03
4.033569471078550350e+01 4.851849100132225520e-03
4.058701345074587863e+01 4.809981834295108324e-03
4.083916815834436420e+01 4.708218025730111743e-03
4.108978611092747713e+01 4.641234992826086259e-03
4.134119394692694271e+01 4.593547402491441126e-03
4.159372926482761557e+01 4.472992207641551810e-03
4.184480996230068683e+01 4.438412585373020108e-03
4.209495048714620680e+01 4.385454230111341875e-03
4.234568601474854432e+01 4.260363356316278216e-03
4.259794184898333214e+01 4.203580623315106291e-03
4.284922176444433717e+01 4.141023762489431589e-03
4.309982534096671003e+01 4.046684428508562879e-03
4.335153475414617930e+01 3.988228090630225459e-03
4.360374984514007224e+01 3.927839156288928657e-03
4.385432838732079830e+01 3.880596062009600191e-03
4.410529766549178277e+01 3.840449059317244812e-03
4.435675536456894008e+01 3.748819705574603107e-03
4.460756668584335927e+01 3.716136499931683816e-03
4.485812369927145937e+01 3.638436158835302650e-03
4.510933196139897206e+01 3.606166516557759733e-03
4.536097672816924131e+01 3.540848622262446951e-03
4.561261869099184452e+01 3.449928165669416229e-03
4.586346064304911607e+01 3.414964209148848347e-03
4.611435299895526185e+01 3.361742325934112194e-03
4.636610302009028572e+01 3.323612380313801812e-03
4.661726081402038346e+01 3.246598649250234149e-03
4.686748045926628237e+01 3.290493283525590396e-03
4.712001000143001761e+01 3.210496581974983579e-03
4.737334269293729960e+01 3.135083480935785000e-03
4.762357272554871912e+01 3.047474618124363863e-03
4.787295862859781437e+01 3.048551048652082835e-03
4.812686710231834297e+01 3.048035997700117121e-03
4.837988354528783930e+01 2.963813521247602844e-03
4.862698975964909209e+01 2.886817556146644217e-03
4.887931961662670233e+01 2.904891459474287334e-03
4.913512531690142282e+01 2.877698161884165075e-03
4.938486646957150583e+01 2.789733878341730481e-03
4.963073103205424985e+01 2.813925647380919812e-03
4.988316058859187763e+01 2.756314249527617912e-03
5.013927392651110893e+01 2.664525090827140567e-03
5.038898445289544270e+01 2.637496679014503069e-03
5.063791314200675941e+01 2.563812013781534022e-03
5.089234515763529032e+01 2.703129058181739670e-03
5.114529266359630810e+01 2.554999488190510658e-03
5.138952878242714206e+01 2.555034486093989143e-03
5.163945178601188246e+01 2.504163876138233366e-03
5.190206698624180603e+01 2.468131369459113621e-03
5.215590084722179398e+01 2.343872671493012986e-03
5.238680673191466042e+01 2.261349863714088703e-03
5.263532591009818873e+01 2.416065133615481753e-03
5.290823119436031874e+01 2.240785546019974806e-03
5.316882575050344428e+01 2.416725518236257503e-03
5.338513341050097694e+01 2.150787630249437633e-03
5.363212510227822349e+01 2.229266441113673079e-03
5.391615723351310407e+01 2.090154649437683202e-03
5.419187693011466678e+01 2.096128322560763309e-03
5.439722241285236493e+01 2.165645305255174333e-03
5.462806064877949552e+01 2.182755925830664936e-03
5.491241494336609463e+01 1.871646619118042020e-03
5.519421446932921782e+01 2.234387823915291900e-03
5.543046826972861396e+01 1.539832388532948746e-03
5.561137265256709128e+01 4.292675732090079667e-03
