3.559856489878782115e-01 9.919556502014847865e+02
6.031648866026231293e-01 3.074499956667136757e+02
8.579160745827347778e-01 1.002126060849515028e+02
1.113464310595710716e+00 4.296807616450946199e+01
1.374039914321364408e+00 2.565679126046013181e+01
1.619154704570298309e+00 2.086927905863354127e+01
1.870686673430271840e+00 1.435460668562945408e+01
2.123290040706380832e+00 1.016620427455907461e+01
2.378144976376236119e+00 8.217046949723759042e+00
2.630489925835516996e+00 5.959017837762169201e+00
2.878653162679494670e+00 4.728625587794167195e+00
3.131144366275339319e+00 3.947315293852485141e+00
3.388159578333816313e+00 3.266969609976169142e+00
3.638741848210948149e+00 2.701950964605408068e+00
3.888315910732085268e+00 2.398049118710449790e+00
4.139052155837465996e+00 1.989116838194267878e+00
4.390305777018236988e+00 1.679439249786183197e+00
4.642172339120373081e+00 1.520698650706378885e+00
4.894678666149941293e+00 1.327124394236284477e+00
5.147269052361176378e+00 1.097235236641459943e+00
5.398003206656323272e+00 9.928169161474970084e-01
5.647798235368590269e+00 9.081785603265234430e-01
5.900534302989873581e+00 8.084625434359702378e-01
6.151460297009074374e+00 7.181703638231027309e-01
6.402630176204441526e+00 6.395065638359067606e-01
6.655964674748322096e+00 5.906198116622710659e-01
6.908782583105771202e+00 5.321826099106961028e-01
7.159060853508338873e+00 4.814487112736648422e-01
7.409414762591408632e+00 4.346319375112509542e-01
7.659227149364629561e+00 4.016114874310701688e-01
7.911559474606142395e+00 3.720955078811390426e-01
8.163750941790897997e+00 3.444230894398357390e-01
8.415757210439384295e+00 3.161566360548880295e-01
8.667638839289207198e+00 2.963664468388634288e-01
8.918801124864609520e+00 2.774233292170033005e-01
9.170480108345369530e+00 2.544331329812939413e-01
9.420566033467249412e+00 2.348402222774291226e-01
9.671642335271435797e+00 2.258317637805276612e-01
9.923426157758477473e+00 2.059591916751538632e-01
1.017396902749181820e+01 1.915113173609259978e-01
1.042533700753922155e+01 1.839954910245369391e-01
1.067702948358784276e+01 1.705269275053006850e-01
1.092969337256462303e+01 1.594154436108890238e-01
1.118211872033766419e+01 1.530522961726557829e-01
1.143346516925797296e+01 1.424025306906514243e-01
1.168350508557724687e+01 1.343303236747311058e-01
1.193379937775929100e+01 1.296286812860403814e-01
1.218553055762879112e+01 1.210459943187738030e-01
1.243711650801278878e+01 1.144717208848617385e-01
1.268867268647359303e+01 1.091471374978643938e-01
1.294075027177769144e+01 1.025968495666100266e-01
1.319267287020158363e+01 9.819206884668392477e-02
1.344470571782862756e+01 9.128959740490948105e-02
1.369480150283709641e+01 8.875386664352932775e-02
1.394591277066507828e+01 8.375130721860739313e-02
1.419764645764527167e+01 8.068824322492942902e-02
1.444766774168416212e+01 7.724466862089404695e-02
1.469906835825429070e+01 7.397323565953203839e-02
1.495059118111036511e+01 6.989472276238035964e-02
1.520261612590052991e+01 6.674648789777737345e-02
1.545415944503929495e+01 6.485961694744631079e-02
1.570456072545780124e+01 6.204466897990852658e-02
1.595705800128773966e+01 5.883564885828338614e-02
1.620829297830731619e+01 5.638268283841739448e-02
1.645966591028190962e+01 5.491279690989631784e-02
1.671125708846596325e+01 5.209835020682410112e-02
1.696160259490052624e+01 5.026106283642609029e-02
1.721370276108077135e+01 4.814493775224128191e-02
1.746543424102250341e+01 4.626635234753455339e-02
1.771598473288305442e+01 4.459020562126701781e-02
1.796653767411944003e+01 4.311426652439467183e-02
1.821765658501893270e+01 4.101036383633086674e-02
1.847053788120423334e+01 4.033483610723506696e-02
1.872257696809484173e+01 3.881512797175564605e-02
1.897394097105746269e+01 3.694562156173913231e-02
1.922542454726159988e+01 3.602540291664339117e-02
1.947607703355479103e+01 3.473710071594678095e-02
1.972678839839982601e+01 3.318397090570141678e-02
1.997802698857814363e+01 3.265599565812021821e-02
2.022863620534168660e+01 3.122576330257446214e-02
2.047969598507238231e+01 3.040640235331740562e-02
2.073250439107362553e+01 2.928764708675529391e-02
2.098435855211640089e+01 2.832804574575897155e-02
2.123502923393334640e+01 2.743380549275779498e-02
2.148629411178690773e+01 2.644250635378556438e-02
2.173831825513516591e+01 2.598114331473630814e-02
2.198972260956887226e+01 2.500339240472646690e-02
2.223974971000711420e+01 2.429639764922771408e-02
2.249141870643862973e+01 2.362633342100581291e-02
2.274404614890906373e+01 2.302565525762503840e-02
2.299521835768831579e+01 2.223868258015876398e-02
2.324620084136223852e+01 2.147415815842955433e-02
2.349757798664387209e+01 2.088226589508849346e-02
2.374870488118759937e+01 2.039977695911120853e-02
2.399988781917473091e+01 1.997201474069348892e-02
2.425071646049711305e+01 1.921442158483769105e-02
2.450187830577813841e+01 1.871390818558789707e-02
2.475391093216606109e+01 1.828895101898337858e-02
2.500524226975159792e+01 1.774884904398643659e-02
2.525610980153284402e+01 1.726412563575163706e-02
2.550801425092822328e+01 1.679663622264376474e-02
2.575943113325822864e+01 1.640965485243088204e-02
2.601074166866445125e+01 1.585561879999971072e-02
2.626234447079615464e+01 1.556850100752527402e-02
2.651347712943701751e+01 1.514616641052424391e-02
2.676474177984877656e+01 1.474210329475416845e-02
2.701628079430242479e+01 1.439893570594878713e-02
2.726734205837282232e+01 1.406054736941725856e-02
2.751837013544679422e+01 1.375521753312865074e-02
2.776937726815812724e+01 1.336133852482444123e-02
2.802070160973895341e+01 1.306068864520273584e-02
2.827249982643487058e+01 1.280717975565472642e-02
2.852407603869968966e+01 1.252807034901579943e-02
2.877567300468570721e+01 1.223438758315509994e-02
2.902733523039245256e+01 1.185525969668244604e-02
2.927861073083739996e+01 1.156262526886405774e-02
2.953003196193969160e+01 1.133316865694922529e-02
2.978106336846375157e+01 1.114757410228541662e-02
3.003148440777084716e+01 1.084804978812141038e-02
3.028303386126418673e+01 1.059878972398086219e-02
3.053456493440382857e+01 1.039783874754295241e-02
3.078585183944906944e+01 1.009938810413023996e-02
3.103757946070165730e+01 9.914552138271550547e-03
3.128931656795834826e+01 9.650572622371757919e-03
3.154125974608096428e+01 9.502176539182508735e-03
3.179158626791808828e+01 9.324487900201438792e-03
3.204196438636942190e+01 9.091577915621169154e-03
3.229344668057169798e+01 8.926211212292580952e-03
3.254489998018084407e+01 8.776050096667552952e-03
3.279660140319880668e+01 8.610953906342975681e-03
3.304772754686901237e+01 8.366962371635896026e-03
3.329949953441923327e+01 8.227793880514077188e-03
3.355173249539067371e+01 8.046641575149887995e-03
3.380235474142784824e+01 7.892802500320057063e-03
3.405292218889088218e+01 7.676765995254467706e-03
3.430455901572810262e+01 7.548234640863490767e-03
3.455605119154291316e+01 7.366077011062691082e-03
3.480708698418615654e+01 7.257815411510411610e-03
3.505823042281740243e+01 7.110602369653645956e-03
3.530983122122644602e+01 6.976802957406174135e-03
3.556111974160763367e+01 6.852958221520107952e-03
3.581195885960364933e+01 6.761964638808157929e-03
3.606348577968052638e+01 6.624611141555672433e-03
3.631495136683125935e+01 6.472638393026201170e-03
3.656646781331610185e+01 6.385052566053713019e-03
3.681800948534306173e+01 6.250226149168421758e-03
3.706942350460822411e+01 6.139655609068501302e-03
3.732119977997001570e+01 6.041512081991661474e-03
3.757249197135423202e+01 5.920489827069791260e-03
3.782324055213251057e+01 5.764413464358213689e-03
3.807430609684078604e+01 5.664736133077918553e-03
3.832526519371521090e+01 5.641032937615449508e-03
3.857704530181875668e+01 5.532328850579792782e-03
3.882896255048217427e+01 5.395161938014164486e-03
3.907976684424035341e+01 5.309301630192502994e-03
3.933085588900704010e+01 5.213764410522830212e-03
3.958184533965361140e+01 5.150833933997041661e-03
3.983320492881626507e+01 5.061699202780674429e-03
4.008506787586624398e+01 4.935295865353898914e-03
4.033569471078550350e+01 4.846634965747246768e-03
4.058701345074587863e+01 4.797463288076351043e-03
4.083916815834436420e+01 4.718859270059304507e-03
4.108978611092747713e+01 4.628941796142840154e-03
4.134119394692694271e+01 4.550955641872160215e-03
4.159372926482761557e+01 4.465727212170012526e-03
4.184480996230068683e+01 4.410905398988319501e-03
4.209495048714620680e+01 4.343551079017419526e-03
4.234568601474854432e+01 4.276191858786570869e-03
4.259794184898333214e+01 4.239624272935279409e-03
4.284922176444433717e+01 4.132224429193304474e-03
4.309982534096671003e+01 4.036651495519673512e-03
4.335153475414617930e+01 3.987437041175623600e-03
4.360374984514007224e+01 3.951014375166481303e-03
4.385432838732079830e+01 3.873413743383396970e-03
4.410529766549178277e+01 3.785615996373230870e-03
4.435675536456894008e+01 3.758656305520521185e-03
4.460756668584335927e+01 3.733018790878458917e-03
4.485812369927145937e+01 3.616962875716264736e-03
4.510933196139897206e+01 3.600822728777122034e-03
4.536097672816924131e+01 3.599357905899202084e-03
4.561261869099184452e+01 3.488137381119466810e-03
4.586346064304911607e+01 3.420133987912109437e-03
4.611435299895526185e+01 3.397845444646612964e-03
4.636610302009028572e+01 3.350543414112737255e-03
4.661726081402038346e+01 3.271882684265877729e-03
4.686748045926628237e+01 3.196395371609936711e-03
4.712001000143001761e+01 3.207524191405671486e-03
4.737334269293729960e+01 3.161491978417848257e-03
4.762357272554871912e+01 3.091030330034297020e-03
4.787295862859781437e+01 3.070354908538478356e-03
4.812686710231834297e+01 2.988697503207839775e-03
4.837988354528783930e+01 2.966089520041431671e-03
4.862698975964909209e+01 3.010891820736475658e-03
4.887931961662670233e+01 2.890745171228268229e-03
4.913512531690142282e+01 2.852814178816663691e-03
4.938486646957150583e+01 2.822980201164131467e-03
4.963073103205424985e+01 2.737238953639508417e-03
4.988316058859187763e+01 2.744069560088183753e-03
5.013927392651110893e+01 2.680564152029724177e-03
5.038898445289544270e+01 2.667616993858477111e-03
5.063791314200675941e+01 2.658710718184611500e-03
5.089234515763529032e+01 2.571115618073863910e-03
5.114529266359630810e+01 2.583953624729602196e-03
5.138952878242714206e+01 2.563486039049978332e-03
5.163945178601188246e+01 2.516937702151509585e-03
5.190206698624180603e+01 2.397961671040733066e-03
5.215590084722179398e+01 2.437696010332999260e-03
5.238680673191466042e+01 2.438242536885582186e-03
5.263532591009818873e+01 2.408133398606585041e-03
5.290823119436031874e+01 2.428450094312222061e-03
5.316882575050344428e+01 2.279681617130120425e-03
5.338513341050097694e+01 2.266887796108449111e-03
5.363212510227822349e+01 2.157072261928215991e-03
5.391615723351310407e+01 2.308195972196292519e-03
5.419187693011466678e+01 2.122131998462325163e-03
5.439722241285236493e+01 2.277620038563541414e-03
5.462806064877949552e+01 2.150929165535245009e-03
5.491241494336609463e+01 2.190909078970409204e-03
5.519421446932921782e+01 2.140464673479829973e-03
5.543046826972861396e+01 2.472265810171079062e-03
5.561137265256709128e+01 8.656581577465775716e-04
