3.559856489878782115e-01 7.585864993475013307e+02
6.031648866026231293e-01 1.782935130250370719e+02
8.579160745827347778e-01 9.088164145906485203e+01
1.113464310595710716e+00 4.869562008699340794e+01
1.374039914321364408e+00 2.878749039526507403e+01
1.619154704570298309e+00 1.981408173797041883e+01
1.870686673430271840e+00 1.370992232180781123e+01
2.123290040706380832e+00 9.883345572876695684e+00
2.378144976376236119e+00 7.866267102681007373e+00
2.630489925835516996e+00 6.742554464489820099e+00
2.878653162679494670e+00 5.051533443820047431e+00
3.131144366275339319e+00 3.981706184611743193e+00
3.388159578333816313e+00 3.366643327815639797e+00
3.638741848210948149e+00 2.832858002637050898e+00
3.888315910732085268e+00 2.343383009950148033e+00
4.139052155837465996e+00 1.942009178928030266e+00
4.390305777018236988e+00 1.736404896261132036e+00
4.642172339120373081e+00 1.556275905590577935e+00
4.894678666149941293e+00 1.291629430454552363e+00
5.147269052361176378e+00 1.160449785774360310e+00
5.398003206656323272e+00 1.021144115354943205e+00
5.647798235368590269e+00 8.697556028013945228e-01
5.900534302989873581e+00 7.989355752139255529e-01
6.151460297009074374e+00 7.131141785961786494e-01
6.402630176204441526e+00 6.540038867829830460e-01
6.655964674748322096e+00 5.785691877718588394e-01
6.908782583105771202e+00 5.287150796307423795e-01
7.159060853508338873e+00 4.972103875748429824e-01
7.409414762591408632e+00 4.474888736017459956e-01
7.659227149364629561e+00 4.117827590256284975e-01
7.911559474606142395e+00 3.713040701817890699e-01
8.163750941790897997e+00 3.416807223554889639e-01
8.415757210439384295e+00 3.198671351053582468e-01
8.667638839289207198e+00 2.965433883030690887e-01
8.918801124864609520e+00 2.734838868037935411e-01
9.170480108345369530e+00 2.540092515646769633e-01
9.420566033467249412e+00 2.351160543353413013e-01
9.671642335271435797e+00 2.240727269281671541e-01
9.923426157758477473e+00 2.091322567467473192e-01
1.017396902749181820e+01 1.913173724952306476e-01
1.042533700753922155e+01 1.791980739283488000e-01
1.067702948358784276e+01 1.699330133445400848e-01
1.092969337256462303e+01 1.616828745086322516e-01
1.118211872033766419e+01 1.521370447427421724e-01
1.143346516925797296e+01 1.439678054380263694e-01
1.168350508557724687e+01 1.339455364962792994e-01
1.193379937775929100e+01 1.289378392876858737e-01
1.218553055762879112e+01 1.227406199350798421e-01
1.243711650801278878e+01 1.141436431989283490e-01
1.268867268647359303e+01 1.095887197056438084e-01
1.294075027177769144e+01 1.027007510488604641e-01
1.319267287020158363e+01 9.750878240694009491e-02
1.344470571782862756e+01 9.350825654921961216e-02
1.369480150283709641e+01 8.691256562210973591e-02
1.394591277066507828e+01 8.398673405697511252e-02
1.419764645764527167e+01 8.078304348357122355e-02
1.444766774168416212e+01 7.737777965253257728e-02
1.469906835825429070e+01 7.309358070123332662e-02
1.495059118111036511e+01 6.966636404449418063e-02
1.520261612590052991e+01 6.726999344182180152e-02
1.545415944503929495e+01 6.406655515836472137e-02
1.570456072545780124e+01 6.113288307564697377e-02
1.595705800128773966e+01 5.855295804161336076e-02
1.620829297830731619e+01 5.697910237386353410e-02
1.645966591028190962e+01 5.399906024676889155e-02
1.671125708846596325e+01 5.186046501937609937e-02
1.696160259490052624e+01 5.038148772975967887e-02
1.721370276108077135e+01 4.810163875331187333e-02
1.746543424102250341e+01 4.590401825700612254e-02
1.771598473288305442e+01 4.514914678155272643e-02
1.796653767411944003e+01 4.279953079517651027e-02
1.821765658501893270e+01 4.117116063172895218e-02
1.847053788120423334e+01 4.017095074361765050e-02
1.872257696809484173e+01 3.831296384982007391e-02
1.897394097105746269e+01 3.754176124055655372e-02
1.922542454726159988e+01 3.572723651528146582e-02
1.947607703355479103e+01 3.459713988346369007e-02
1.972678839839982601e+01 3.352644949729017415e-02
1.997802698857814363e+01 3.256143932897451188e-02
2.022863620534168660e+01 3.128726076898543512e-02
2.047969598507238231e+01 3.031603886526458916e-02
2.073250439107362553e+01 2.924056118007588648e-02
2.098435855211640089e+01 2.858237953353592181e-02
2.123502923393334640e+01 2.734711538404241415e-02
2.148629411178690773e+01 2.669147406732355274e-02
2.173831825513516591e+01 2.583822738566261823e-02
2.198972260956887226e+01 2.512821038259019021e-02
2.223974971000711420e+01 2.438184358428056517e-02
2.249141870643862973e+01 2.352087455527274162e-02
2.274404614890906373e+01 2.290338176838599415e-02
2.299521835768831579e+01 2.213716657548608913e-02
2.324620084136223852e+01 2.173364495713343489e-02
2.349757798664387209e+01 2.094299697437199126e-02
2.374870488118759937e+01 2.027389210867276345e-02
2.399988781917473091e+01 1.984954513923401290e-02
2.425071646049711305e+01 1.941936589490261475e-02
2.450187830577813841e+01 1.874284877012809616e-02
2.475391093216606109e+01 1.824059991442998629e-02
2.500524226975159792e+01 1.778613262818441385e-02
2.525610980153284402e+01 1.728037128010178128e-02
2.550801425092822328e+01 1.682443261415217384e-02
2.575943113325822864e+01 1.631517326026379541e-02
2.601074166866445125e+01 1.597811338353179178e-02
2.626234447079615464e+01 1.565501316466175186e-02
2.651347712943701751e+01 1.511024628288910529e-02
2.676474177984877656e+01 1.470311659737603104e-02
2.701628079430242479e+01 1.448203791787474812e-02
2.726734205837282232e+01 1.412301613965720806e-02
2.751837013544679422e+01 1.374943522228371309e-02
2.776937726815812724e+01 1.339343611045065545e-02
2.802070160973895341e+01 1.308785710338794192e-02
2.827249982643487058e+01 1.278753127199689678e-02
2.852407603869968966e+01 1.246091922022180346e-02
2.877567300468570721e+01 1.210205000220355639e-02
2.902733523039245256e+01 1.191776479862055593e-02
2.927861073083739996e+01 1.152811490628440939e-02
2.953003196193969160e+01 1.130308353440179908e-02
2.978106336846375157e+01 1.111229274248686817e-02
3.003148440777084716e+01 1.086095906319343822e-02
3.028303386126418673e+01 1.063389922389912368e-02
3.053456493440382857e+01 1.040183828865632633e-02
3.078585183944906944e+01 1.019061028693953215e-02
3.103757946070165730e+01 9.907745937957864943e-03
3.128931656795834826e+01 9.710255682287094112e-03
3.154125974608096428e+01 9.515614500936814962e-03
3.179158626791808828e+01 9.245533346308065781e-03
3.204196438636942190e+01 9.096227871849237034e-03
3.229344668057169798e+01 8.880791429890779951e-03
3.254489998018084407e+01 8.727183222855221592e-03
3.279660140319880668e+01 8.543825747500078879e-03
3.304772754686901237e+01 8.361143851313392744e-03
3.329949953441923327e+01 8.202326546983888106e-03
3.355173249539067371e+01 8.061460856360355351e-03
3.380235474142784824e+01 7.863157810591141911e-03
3.405292218889088218e+01 7.735595856058316740e-03
3.430455901572810262e+01 7.584291358081391744e-03
3.455605119154291316e+01 7.439612381594231001e-03
3.480708698418615654e+01 7.267760845874212533e-03
3.505823042281740243e+01 7.122017237333604610e-03
3.530983122122644602e+01 6.990264082746112419e-03
3.556111974160763367e+01 6.820817997330750823e-03
3.581195885960364933e+01 6.691426079954365495e-03
3.606348577968052638e+01 6.595381720572563410e-03
3.631495136683125935e+01 6.488347378790557292e-03
3.656646781331610185e+01 6.394443780954564560e-03
3.681800948534306173e+01 6.231017678424634332e-03
3.706942350460822411e+01 6.121998176793880773e-03
3.732119977997001570e+01 6.033141424879971161e-03
3.757249197135423202e+01 5.922969264042469463e-03
3.782324055213251057e+01 5.790953739384877702e-03
3.807430609684078604e+01 5.673795278199845679e-03
3.832526519371521090e+01 5.610250412111409020e-03
3.857704530181875668e+01 5.486845981021570146e-03
3.882896255048217427e+01 5.396836342774709999e-03
3.907976684424035341e+01 5.318365830020597637e-03
3.933085588900704010e+01 5.203641834148695598e-03
3.958184533965361140e+01 5.151665448289240515e-03
3.983320492881626507e+01 4.999247718531153913e-03
4.008506787586624398e+01 4.956570014394871999e-03
4.033569471078550350e+01 4.908543061914895540e-03
4.058701345074587863e+01 4.826991049982045506e-03
4.083916815834436420e+01 4.702877975088654190e-03
4.108978611092747713e+01 4.637834270972737705e-03
4.134119394692694271e+01 4.578963077448224180e-03
4.159372926482761557e+01 4.458024343853957995e-03
4.184480996230068683e+01 4.442390168478392749e-03
4.209495048714620680e+01 4.376965966299409434e-03
4.234568601474854432e+01 4.249619464303661977e-03
4.259794184898333214e+01 4.203145930569546912e-03
4.284922176444433717e+01 4.118585780739014365e-03
4.309982534096671003e+01 4.097289586544833155e-03
4.335153475414617930e+01 3.990677968539746434e-03
4.360374984514007224e+01 3.949395103224828500e-03
4.385432838732079830e+01 3.842238411376808476e-03
4.410529766549178277e+01 3.808794480374078952e-03
4.435675536456894008e+01 3.735331961729756751e-03
4.460756668584335927e+01 3.671445057876687561e-03
4.485812369927145937e+01 3.660014114945605180e-03
4.510933196139897206e+01 3.595293094405275971e-03
4.536097672816924131e+01 3.556146513910594682e-03
4.561261869099184452e+01 3.455767719292519857e-03
4.586346064304911607e+01 3.438425073855320892e-03
4.611435299895526185e+01 3.376073602041107340e-03
4.636610302009028572e+01 3.331239288278344500e-03
4.661726081402038346e+01 3.294834369629478892e-03
4.686748045926628237e+01 3.204583318136477663e-03
4.712001000143001761e+01 3.241775659229695697e-03
4.737334269293729960e+01 3.139094725666793408e-03
4.762357272554871912e+01 3.079804554795566481e-03
4.787295862859781437e+01 3.010666244975639550e-03
4.812686710231834297e+01 3.035251958613633446e-03
4.837988354528783930e+01 2.974057949738556032e-03
4.862698975964909209e+01 2.965541166265810939e-03
4.887931961662670233e+01 2.863415420941350584e-03
4.913512531690142282e+01 2.850849915659096206e-03
4.938486646957150583e+01 2.759703312825166014e-03
4.963073103205424985e+01 2.755466939583415664e-03
4.988316058859187763e+01 2.757393277904237293e-03
5.013927392651110893e+01 2.712276889539544898e-03
5.038898445289544270e+01 2.649796281926702739e-03
5.063791314200675941e+01 2.661650743744681507e-03
5.089234515763529032e+01 2.543573091377018293e-03
5.114529266359630810e+01 2.566104937075929914e-03
5.138952878242714206e+01 2.549659133081495603e-03
5.163945178601188246e+01 2.434647486314969484e-03
5.190206698624180603e+01 2.468983062130495742e-03
5.215590084722179398e+01 2.345709947851946312e-03
5.238680673191466042e+01 2.337868285470074119e-03
5.263532591009818873e+01 2.341038451907252217e-03
5.290823119436031874e+01 2.351216521857303187e-03
5.316882575050344428e+01 2.307177813334710878e-03
5.338513341050097694e+01 2.303889600821404284e-03
5.363212510227822349e+01 2.263394022430754906e-03
5.391615723351310407e+01 2.100142753776407332e-03
5.419187693011466678e+01 2.110159430304599151e-03
5.439722241285236493e+01 2.015718542398188973e-03
5.462806064877949552e+01 2.032540337150732894e-03
5.491241494336609463e+01 1.831081892180533690e-03
5.519421446932921782e+01 1.706287824502504807e-03
5.543046826972861396e+01 1.802625054118666120e-03
5.561137265256709128e+01 2.676038411314184042e-03
