3.559856489878782115e-01 5.180748385534380986e+02
6.031648866026231293e-01 1.905400953540580247e+02
8.579160745827347778e-01 9.608967889664121742e+01
1.113464310595710716e+00 4.900961201935859179e+01
1.374039914321364408e+00 2.870187171865823572e+01
1.619154704570298309e+00 2.145732511416830235e+01
1.870686673430271840e+00 1.486323636468910792e+01
2.123290040706380832e+00 1.136944631359705582e+01
2.378144976376236119e+00 7.869772859897111950e+00
2.630489925835516996e+00 6.512393201822526123e+00
2.878653162679494670e+00 4.689095082006160986e+00
3.131144366275339319e+00 4.031512142480536021e+00
3.388159578333816313e+00 3.309722546770299978e+00
3.638741848210948149e+00 2.797768393479007187e+00
3.888315910732085268e+00 2.290897558487941854e+00
4.139052155837465996e+00 1.938066932331754977e+00
4.390305777018236988e+00 1.759368090291509645e+00
4.642172339120373081e+00 1.510016735389777320e+00
4.894678666149941293e+00 1.270385370281709170e+00
5.147269052361176378e+00 1.113590077011660240e+00
5.398003206656323272e+00 1.005243871438009862e+00
5.647798235368590269e+00 9.076512846323333550e-01
5.900534302989873581e+00 7.973052479336945053e-01
6.151460297009074374e+00 7.049860750621870231e-01
6.402630176204441526e+00 6.421284855360046562e-01
6.655964674748322096e+00 6.060770930053612782e-01
6.908782583105771202e+00 5.375766943009910870e-01
7.159060853508338873e+00 4.853531579213470337e-01
7.409414762591408632e+00 4.391997601028786447e-01
7.659227149364629561e+00 4.113101082973462663e-01
7.911559474606142395e+00 3.708504809809338720e-01
8.163750941790897997e+00 3.382050660828785915e-01
8.415757210439384295e+00 3.191922610580748554e-01
8.667638839289207198e+00 2.949070355066592541e-01
8.918801124864609520e+00 2.789065009921876115e-01
9.170480108345369530e+00 2.479019059408006376e-01
9.420566033467249412e+00 2.374728181263799365e-01
9.671642335271435797e+00 2.222450514961472889e-01
9.923426157758477473e+00 2.080716351748440052e-01
1.017396902749181820e+01 1.938505877674972233e-01
1.042533700753922155e+01 1.825178256876625049e-01
1.067702948358784276e+01 1.703015005767400392e-01
1.092969337256462303e+01 1.587160766710774829e-01
1.118211872033766419e+01 1.513517392261045647e-01
1.143346516925797296e+01 1.422048995496975887e-01
1.168350508557724687e+01 1.350973095734553375e-01
1.193379937775929100e+01 1.278409183490802348e-01
1.218553055762879112e+01 1.197393094883190123e-01
1.243711650801278878e+01 1.137679169864241890e-01
1.268867268647359303e+01 1.076790814350500614e-01
1.294075027177769144e+01 1.030062746604794438e-01
1.319267287020158363e+01 9.853806341250828660e-02
1.344470571782862756e+01 9.312805646766506018e-02
1.369480150283709641e+01 8.790982595801327681e-02
1.394591277066507828e+01 8.451664068203772195e-02
1.419764645764527167e+01 8.008132014325307357e-02
1.444766774168416212e+01 7.645819078796430024e-02
1.469906835825429070e+01 7.307680163671498308e-02
1.495059118111036511e+01 7.071581569410911872e-02
1.520261612590052991e+01 6.647366326141247728e-02
1.545415944503929495e+01 6.379980535429809196e-02
1.570456072545780124e+01 6.093992334365782443e-02
1.595705800128773966e+01 5.906141396738016219e-02
1.620829297830731619e+01 5.651677818665399450e-02
1.645966591028190962e+01 5.444191505646811535e-02
1.671125708846596325e+01 5.262048752435961180e-02
1.696160259490052624e+01 5.009839006300306069e-02
1.721370276108077135e+01 4.814829162080407066e-02
1.746543424102250341e+01 4.636648492282127720e-02
1.771598473288305442e+01 4.522807012687937028e-02
1.796653767411944003e+01 4.306517611449110078e-02
1.821765658501893270e+01 4.197945986639254473e-02
1.847053788120423334e+01 4.048597620221788818e-02
1.872257696809484173e+01 3.869416743412685405e-02
1.897394097105746269e+01 3.725761358342771778e-02
1.922542454726159988e+01 3.597207115440698849e-02
1.947607703355479103e+01 3.490100542100363357e-02
1.972678839839982601e+01 3.369130583618382135e-02
1.997802698857814363e+01 3.253285313433320475e-02
2.022863620534168660e+01 3.150705232176592013e-02
2.047969598507238231e+01 3.049918939754294248e-02
2.073250439107362553e+01 2.946677410727807644e-02
2.098435855211640089e+01 2.818134151721570294e-02
2.123502923393334640e+01 2.762634325701039326e-02
2.148629411178690773e+01 2.675778764472088941e-02
2.173831825513516591e+01 2.584490850458488753e-02
2.198972260956887226e+01 2.513897385642277493e-02
2.223974971000711420e+01 2.455003624057329470e-02
2.249141870643862973e+01 2.340505333710048499e-02
2.274404614890906373e+01 2.295063111136459374e-02
2.299521835768831579e+01 2.236171630747094824e-02
2.324620084136223852e+01 2.153622473151087235e-02
2.349757798664387209e+01 2.117413881520463503e-02
2.374870488118759937e+01 2.035573289844456665e-02
2.399988781917473091e+01 1.976623438116303227e-02
2.425071646049711305e+01 1.929050984976618185e-02
2.450187830577813841e+01 1.861063451750985878e-02
2.475391093216606109e+01 1.835356865708096669e-02
2.500524226975159792e+01 1.781000112137717112e-02
2.525610980153284402e+01 1.724800461704475638e-02
2.550801425092822328e+01 1.677684123252536075e-02
2.575943113325822864e+01 1.630721376990796126e-02
2.601074166866445125e+01 1.608858272106700182e-02
2.626234447079615464e+01 1.555482700277816335e-02
2.651347712943701751e+01 1.518028620832815624e-02
2.676474177984877656e+01 1.479257344678082051e-02
2.701628079430242479e+01 1.442318867098708358e-02
2.726734205837282232e+01 1.412279983005162651e-02
2.751837013544679422e+01 1.370331826324268018e-02
2.776937726815812724e+01 1.341173866068020269e-02
2.802070160973895341e+01 1.306422634998768637e-02
2.827249982643487058e+01 1.273597730284623843e-02
2.852407603869968966e+01 1.239773125265344715e-02
2.877567300468570721e+01 1.216145471130360319e-02
2.902733523039245256e+01 1.191529596301111986e-02
2.927861073083739996e+01 1.161282577478520497e-02
2.953003196193969160e+01 1.129102381519080274e-02
2.978106336846375157e+01 1.119961108043705973e-02
3.003148440777084716e+01 1.080950060505683763e-02
3.028303386126418673e+01 1.057961966552079143e-02
3.053456493440382857e+01 1.029341290537123116e-02
3.078585183944906944e+01 1.016473819144562453e-02
3.103757946070165730e+01 9.930741127163938975e-03
3.128931656795834826e+01 9.713042683685377265e-03
3.154125974608096428e+01 9.446521418747078069e-03
3.179158626791808828e+01 9.275357212345416991e-03
3.204196438636942190e+01 9.105037569400724340e-03
3.229344668057169798e+01 8.916100552531339846e-03
3.254489998018084407e+01 8.705582156683339817e-03
3.279660140319880668e+01 8.518788468919690632e-03
3.304772754686901237e+01 8.376835445262503094e-03
3.329949953441923327e+01 8.227659323728625518e-03
3.355173249539067371e+01 8.059069301278998579e-03
3.380235474142784824e+01 7.915857746370375328e-03
3.405292218889088218e+01 7.678419381249713786e-03
3.430455901572810262e+01 7.560004598082912565e-03
3.455605119154291316e+01 7.402587547361497676e-03
3.480708698418615654e+01 7.281399408004837412e-03
3.505823042281740243e+01 7.117998903525044226e-03
3.530983122122644602e+01 6.959897606970798754e-03
3.556111974160763367e+01 6.884394677296822203e-03
3.581195885960364933e+01 6.741890933549377941e-03
3.606348577968052638e+01 6.645659970242405457e-03
3.631495136683125935e+01 6.504266959345278432e-03
3.656646781331610185e+01 6.356543785265511559e-03
3.681800948534306173e+01 6.272460913958788527e-03
3.706942350460822411e+01 6.174344188104472983e-03
3.732119977997001570e+01 6.015486032895291969e-03
3.757249197135423202e+01 5.936311166398526573e-03
3.782324055213251057e+01 5.787775713034558692e-03
3.807430609684078604e+01 5.693182176762630331e-03
3.832526519371521090e+01 5.586367792821876795e-03
3.857704530181875668e+01 5.500715791861450314e-03
3.882896255048217427e+01 5.395941140667021886e-03
3.907976684424035341e+01 5.309239376982741350e-03
3.933085588900704010e+01 5.214608362831511280e-03
3.958184533965361140e+01 5.167192952582623164e-03
3.983320492881626507e+01 5.038181193074428056e-03
4.008506787586624398e+01 4.946783232140980653e-03
4.033569471078550350e+01 4.863574802242396494e-03
4.058701345074587863e+01 4.805682666471964778e-03
4.083916815834436420e+01 4.701014255382744353e-03
4.108978611092747713e+01 4.630510310409640708e-03
4.134119394692694271e+01 4.590777183495587527e-03
4.159372926482761557e+01 4.488512119351468002e-03
4.184480996230068683e+01 4.435443577140402160e-03
4.209495048714620680e+01 4.313126494913808312e-03
4.234568601474854432e+01 4.259045976423580376e-03
4.259794184898333214e+01 4.201508977517608157e-03
4.284922176444433717e+01 4.134428417561290120e-03
4.309982534096671003e+01 4.087742099409796478e-03
4.335153475414617930e+01 3.991136410420950860e-03
4.360374984514007224e+01 3.930524395611439785e-03
4.385432838732079830e+01 3.875171970708483384e-03
4.410529766549178277e+01 3.835707379232637746e-03
4.435675536456894008e+01 3.734308471354095497e-03
4.460756668584335927e+01 3.690064052706062882e-03
4.485812369927145937e+01 3.639537593840283351e-03
4.510933196139897206e+01 3.594520360093354360e-03
4.536097672816924131e+01 3.549307215827378782e-03
4.561261869099184452e+01 3.469389461812053682e-03
4.586346064304911607e+01 3.438612977380980148e-03
4.611435299895526185e+01 3.355006230259984044e-03
4.636610302009028572e+01 3.350613373179133110e-03
4.661726081402038346e+01 3.340839675802137303e-03
4.686748045926628237e+01 3.186849511773782052e-03
4.712001000143001761e+01 3.174784629754691910e-03
4.737334269293729960e+01 3.164342369364532559e-03
4.762357272554871912e+01 3.098635312166530664e-03
4.787295862859781437e+01 3.050385504256561062e-03
4.812686710231834297e+01 2.995913573984000742e-03
4.837988354528783930e+01 2.984176912504704019e-03
4.862698975964909209e+01 2.952980134393093457e-03
4.887931961662670233e+01 2.885074052013181581e-03
4.913512531690142282e+01 2.825217011932557032e-03
4.938486646957150583e+01 2.809880694696323313e-03
4.963073103205424985e+01 2.770015940531231693e-03
4.988316058859187763e+01 2.745983330781164630e-03
5.013927392651110893e+01 2.781407579009856183e-03
5.038898445289544270e+01 2.662488154402379084e-03
5.063791314200675941e+01 2.611402017881681459e-03
5.089234515763529032e+01 2.622828979190931688e-03
5.114529266359630810e+01 2.573375255142558264e-03
5.138952878242714206e+01 2.601641125813949993e-03
5.163945178601188246e+01 2.428943846138642039e-03
5.190206698624180603e+01 2.414643493865124748e-03
5.215590084722179398e+01 2.458299789823208733e-03
5.238680673191466042e+01 2.324170829662523981e-03
5.263532591009818873e+01 2.313539054871630984e-03
5.290823119436031874e+01 2.324733948990419068e-03
5.316882575050344428e+01 2.334981655643853307e-03
5.338513341050097694e+01 2.290588891566407593e-03
5.363212510227822349e+01 2.229335797349629722e-03
5.391615723351310407e+01 2.134603852573749988e-03
5.419187693011466678e+01 2.212247665348091377e-03
5.439722241285236493e+01 2.176648246157244539e-03
5.462806064877949552e+01 2.111547674482778733e-03
5.491241494336609463e+01 1.872669104083384472e-03
5.519421446932921782e+01 1.870092441718733053e-03
5.543046826972861396e+01 1.734200874720521470e-03
5.561137265256709128e+01 8.418912074293721749e-04
