3.559856489878782115e-01 1.083654840228768080e+03
6.031648866026231293e-01 1.947781246253337599e+02
8.579160745827347778e-01 8.639566711354400752e+01
1.113464310595710716e+00 5.007964799856387828e+01
1.374039914321364408e+00 2.977861453751203769e+01
1.619154704570298309e+00 2.073202737779082128e+01
1.870686673430271840e+00 1.441432005905426372e+01
2.123290040706380832e+00 9.825468891850118069e+00
2.378144976376236119e+00 7.802440325117355080e+00
2.630489925835516996e+00 6.250715779640890091e+00
2.878653162679494670e+00 4.809471346584674123e+00
3.131144366275339319e+00 4.057237922524743468e+00
3.388159578333816313e+00 3.293744664016225787e+00
3.638741848210948149e+00 2.783137184763001759e+00
3.888315910732085268e+00 2.352789119708926791e+00
4.139052155837465996e+00 2.126982140928851628e+00
4.390305777018236988e+00 1.695504062516357102e+00
4.642172339120373081e+00 1.408564734337553581e+00
4.894678666149941293e+00 1.304479623954689416e+00
5.147269052361176378e+00 1.096933694993700081e+00
5.398003206656323272e+00 1.014999224396961663e+00
5.647798235368590269e+00 8.847347069308499901e-01
5.900534302989873581e+00 8.023184849959474896e-01
6.151460297009074374e+00 7.281117306931255140e-01
6.402630176204441526e+00 6.354460271796144033e-01
6.655964674748322096e+00 5.986694738156984608e-01
6.908782583105771202e+00 5.271965199446460026e-01
7.159060853508338873e+00 4.861532367417269462e-01
7.409414762591408632e+00 4.473698255554835468e-01
7.659227149364629561e+00 4.067951595495155059e-01
7.911559474606142395e+00 3.782841442992452841e-01
8.163750941790897997e+00 3.434766196962197315e-01
8.415757210439384295e+00 3.131477325640530385e-01
8.667638839289207198e+00 2.918019648094190566e-01
8.918801124864609520e+00 2.748516669817987479e-01
9.170480108345369530e+00 2.532394143579935197e-01
9.420566033467249412e+00 2.387753413684496062e-01
9.671642335271435797e+00 2.208651205775494786e-01
9.923426157758477473e+00 2.055948909783384682e-01
1.017396902749181820e+01 1.959625452695456793e-01
1.042533700753922155e+01 1.798578981904367935e-01
1.067702948358784276e+01 1.729470098452131899e-01
1.092969337256462303e+01 1.567339186614834512e-01
1.118211872033766419e+01 1.512647149721347839e-01
1.143346516925797296e+01 1.445143456194719067e-01
1.168350508557724687e+01 1.358037203194796538e-01
1.193379937775929100e+01 1.262145553820175348e-01
1.218553055762879112e+01 1.220317645155468561e-01
1.243711650801278878e+01 1.128843689635627701e-01
1.268867268647359303e+01 1.084637519384203941e-01
1.294075027177769144e+01 1.022222364914537468e-01
1.319267287020158363e+01 9.819750307102494136e-02
1.344470571782862756e+01 9.278326423057044192e-02
1.369480150283709641e+01 8.947031362624308093e-02
1.394591277066507828e+01 8.482666646988015757e-02
1.419764645764527167e+01 8.125981348151176120e-02
1.444766774168416212e+01 7.687775289578420435e-02
1.469906835825429070e+01 7.305824084936436702e-02
1.495059118111036511e+01 6.991885626476607163e-02
1.520261612590052991e+01 6.710005137062959035e-02
1.545415944503929495e+01 6.397810504888130911e-02
1.570456072545780124e+01 6.194480189307479540e-02
1.595705800128773966e+01 5.859039196549703510e-02
1.620829297830731619e+01 5.607950541852643744e-02
1.645966591028190962e+01 5.420267296226002202e-02
1.671125708846596325e+01 5.232827848532706910e-02
1.696160259490052624e+01 5.035490360507553775e-02
1.721370276108077135e+01 4.850453166976679414e-02
1.746543424102250341e+01 4.654316577211852629e-02
1.771598473288305442e+01 4.483299372299882207e-02
1.796653767411944003e+01 4.300514966055351412e-02
1.821765658501893270e+01 4.133465647737807891e-02
1.847053788120423334e+01 4.035844609082125944e-02
1.872257696809484173e+01 3.842145970379743508e-02
1.897394097105746269e+01 3.728723212081491711e-02
1.922542454726159988e+01 3.584661064458353336e-02
1.947607703355479103e+01 3.492179179750995455e-02
1.972678839839982601e+01 3.361355142381691058e-02
1.997802698857814363e+01 3.237365801147201738e-02
2.022863620534168660e+01 3.155420402582656547e-02
2.047969598507238231e+01 3.064001446235973050e-02
2.073250439107362553e+01 2.933163936885529316e-02
2.098435855211640089e+01 2.847487315103118186e-02
2.123502923393334640e+01 2.773328157219101531e-02
2.148629411178690773e+01 2.686018309120475483e-02
2.173831825513516591e+01 2.586077695312678434e-02
2.198972260956887226e+01 2.508777127749985819e-02
2.223974971000711420e+01 2.433774459665753731e-02
2.249141870643862973e+01 2.353374383837859851e-02
2.274404614890906373e+01 2.304955402745178378e-02
2.299521835768831579e+01 2.222161851773922850e-02
2.324620084136223852e+01 2.175883455266091823e-02
2.349757798664387209e+01 2.088826121428786001e-02
2.374870488118759937e+01 2.031412206085577571e-02
2.399988781917473091e+01 1.984445279237948348e-02
2.425071646049711305e+01 1.934519947135904597e-02
2.450187830577813841e+01 1.879928046967613633e-02
2.475391093216606109e+01 1.830486298808999338e-02
2.500524226975159792e+01 1.779101864661148530e-02
2.525610980153284402e+01 1.734261100521747312e-02
2.550801425092822328e+01 1.692379014243980406e-02
2.575943113325822864e+01 1.640231901535363010e-02
2.601074166866445125e+01 1.595505598046980875e-02
2.626234447079615464e+01 1.566252031863317115e-02
2.651347712943701751e+01 1.512163154378643945e-02
2.676474177984877656e+01 1.472596921182075559e-02
2.701628079430242479e+01 1.438488755152264945e-02
2.726734205837282232e+01 1.405648071705885641e-02
2.751837013544679422e+01 1.367946527933305324e-02
2.776937726815812724e+01 1.330673149949256756e-02
2.802070160973895341e+01 1.306748790212678389e-02
2.827249982643487058e+01 1.269835897183216669e-02
2.852407603869968966e+01 1.237300322518219628e-02
2.877567300468570721e+01 1.214940785784520208e-02
2.902733523039245256e+01 1.194665873904200010e-02
2.927861073083739996e+01 1.155189910626687466e-02
2.953003196193969160e+01 1.131016026529649103e-02
2.978106336846375157e+01 1.109444400156918246e-02
3.003148440777084716e+01 1.083672113952035068e-02
3.028303386126418673e+01 1.059764745816522968e-02
3.053456493440382857e+01 1.039547872601829896e-02
3.078585183944906944e+01 1.012168878590186984e-02
3.103757946070165730e+01 9.961749026070122401e-03
3.128931656795834826e+01 9.760031045143585660e-03
3.154125974608096428e+01 9.476171559010013873e-03
3.179158626791808828e+01 9.297590021433915081e-03
3.204196438636942190e+01 9.118102209647004075e-03
3.229344668057169798e+01 8.925768919130687082e-03
3.254489998018084407e+01 8.709380286844897734e-03
3.279660140319880668e+01 8.559349346183081284e-03
3.304772754686901237e+01 8.387367882656057358e-03
3.329949953441923327e+01 8.203765925844621471e-03
3.355173249539067371e+01 8.044100030943784202e-03
3.380235474142784824e+01 7.899099265394043251e-03
3.405292218889088218e+01 7.727558381381583255e-03
3.430455901572810262e+01 7.542634972732144283e-03
3.455605119154291316e+01 7.404249462381220018e-03
3.480708698418615654e+01 7.308932318201179570e-03
3.505823042281740243e+01 7.108604447387830046e-03
3.530983122122644602e+01 6.991097528256509652e-03
3.556111974160763367e+01 6.836238196215261610e-03
3.581195885960364933e+01 6.797598214705876524e-03
3.606348577968052638e+01 6.607756880900459567e-03
3.631495136683125935e+01 6.501145293801563647e-03
3.656646781331610185e+01 6.342294060024640696e-03
3.681800948534306173e+01 6.233082054746327295e-03
3.706942350460822411e+01 6.118810296073041652e-03
3.732119977997001570e+01 5.999548706375960709e-03
3.757249197135423202e+01 5.894532159740709445e-03
3.782324055213251057e+01 5.819141853375575830e-03
3.807430609684078604e+01 5.698507558653835223e-03
3.832526519371521090e+01 5.608226714741169038e-03
3.857704530181875668e+01 5.523941092861232686e-03
3.882896255048217427e+01 5.390420224744566641e-03
3.907976684424035341e+01 5.324056827527397055e-03
3.933085588900704010e+01 5.206374488450371020e-03
3.958184533965361140e+01 5.108998747237972031e-03
3.983320492881626507e+01 5.047694555143477334e-03
4.008506787586624398e+01 4.956703467722649477e-03
4.033569471078550350e+01 4.903052341975935174e-03
4.058701345074587863e+01 4.778241251687517961e-03
4.083916815834436420e+01 4.701853654858078116e-03
4.108978611092747713e+01 4.643754141474980973e-03
4.134119394692694271e+01 4.547175710707791751e-03
4.159372926482761557e+01 4.470784165399900589e-03
4.184480996230068683e+01 4.433351556294928830e-03
4.209495048714620680e+01 4.351220538503557111e-03
4.234568601474854432e+01 4.254275444666485127e-03
4.259794184898333214e+01 4.181743184886027413e-03
4.284922176444433717e+01 4.134787195792653802e-03
4.309982534096671003e+01 4.045836852985127546e-03
4.335153475414617930e+01 4.010066302293216131e-03
4.360374984514007224e+01 3.942736215991254900e-03
4.385432838732079830e+01 3.878997345171240896e-03
4.410529766549178277e+01 3.808626928414098056e-03
4.435675536456894008e+01 3.747383418207026265e-03
4.460756668584335927e+01 3.708291776464227394e-03
4.485812369927145937e+01 3.619516571997891032e-03
4.510933196139897206e+01 3.599578496189403780e-03
4.536097672816924131e+01 3.521089706050673038e-03
4.561261869099184452e+01 3.507048241745794413e-03
4.586346064304911607e+01 3.479940226838382656e-03
4.611435299895526185e+01 3.384900774208743704e-03
4.636610302009028572e+01 3.340956765007494812e-03
4.661726081402038346e+01 3.259130519450940868e-03
4.686748045926628237e+01 3.222707794340019111e-03
4.712001000143001761e+01 3.129176927428270472e-03
4.737334269293729960e+01 3.109571199359432384e-03
4.762357272554871912e+01 3.072044848692995558e-03
4.787295862859781437e+01 3.063298449309842259e-03
4.812686710231834297e+01 3.059782498077429167e-03
4.837988354528783930e+01 3.012108682843385021e-03
4.862698975964909209e+01 2.927672987463950105e-03
4.887931961662670233e+01 2.880966474568514256e-03
4.913512531690142282e+01 2.850922725880875898e-03
4.938486646957150583e+01 2.842121858687795318e-03
4.963073103205424985e+01 2.781325585643345741e-03
4.988316058859187763e+01 2.740100170429737251e-03
5.013927392651110893e+01 2.664263196973550799e-03
5.038898445289544270e+01 2.663278467207476959e-03
5.063791314200675941e+01 2.590988434562992593e-03
5.089234515763529032e+01 2.603393789677948753e-03
5.114529266359630810e+01 2.571937622036286897e-03
5.138952878242714206e+01 2.529057796629340972e-03
5.163945178601188246e+01 2.494653243328708199e-03
5.190206698624180603e+01 2.488865009196374392e-03
5.215590084722179398e+01 2.439449647100002706e-03
5.238680673191466042e+01 2.361301638351624710e-03
5.263532591009818873e+01 2.332595438322742059e-03
5.290823119436031874e+01 2.362596613708668313e-03
5.316882575050344428e+01 2.288447284196251045e-03
5.338513341050097694e+01 2.163465962207960711e-03
5.363212510227822349e+01 2.231562152321390612e-03
5.391615723351310407e+01 2.122015149208393136e-03
5.419187693011466678e+01 2.367364362134703141e-03
5.439722241285236493e+01 2.126201075894225672e-03
5.462806064877949552e+01 1.859420695229403644e-03
5.491241494336609463e+01 2.144676036070599073e-03
5.519421446932921782e+01 2.254850641791398321e-03
5.543046826972861396e+01 1.484513486753271608e-03
5.561137265256709128e+01 2.372584200949579090e-03
