3.559856489878782115e-01 6.388204264053396173e+02
6.031648866026231293e-01 1.801033225806140479e+02
8.579160745827347778e-01 1.052841230162297705e+02
1.113464310595710716e+00 4.866632245534199086e+01
1.374039914321364408e+00 3.099729749917113963e+01
1.619154704570298309e+00 2.100906949596391016e+01
1.870686673430271840e+00 1.455568875685523089e+01
2.123290040706380832e+00 9.945557350555546350e+00
2.378144976376236119e+00 8.270594890400094101e+00
2.630489925835516996e+00 6.065294909927487765e+00
2.878653162679494670e+00 4.732146466346469182e+00
3.131144366275339319e+00 4.063862785843631364e+00
3.388159578333816313e+00 3.309460594310400072e+00
3.638741848210948149e+00 2.854192313468348452e+00
3.888315910732085268e+00 2.301599344145024428e+00
4.139052155837465996e+00 1.967158305791934625e+00
4.390305777018236988e+00 1.627285082930646887e+00
4.642172339120373081e+00 1.547014615650403657e+00
4.894678666149941293e+00 1.324064272109375606e+00
5.147269052361176378e+00 1.146392362021221967e+00
5.398003206656323272e+00 9.636531995443627929e-01
5.647798235368590269e+00 9.001243302566326321e-01
5.900534302989873581e+00 8.118480012649239574e-01
6.151460297009074374e+00 7.206858359618074639e-01
6.402630176204441526e+00 6.643814406583220533e-01
6.655964674748322096e+00 5.716085223525053660e-01
6.908782583105771202e+00 5.362248706126293563e-01
7.159060853508338873e+00 4.862931179513372282e-01
7.409414762591408632e+00 4.579811279824553272e-01
7.659227149364629561e+00 4.062550689627936196e-01
7.911559474606142395e+00 3.726499443099339226e-01
8.163750941790897997e+00 3.485980457603642946e-01
8.415757210439384295e+00 3.211731595368657599e-01
8.667638839289207198e+00 2.960180681057902885e-01
8.918801124864609520e+00 2.685166309161755582e-01
9.170480108345369530e+00 2.513727548349370400e-01
9.420566033467249412e+00 2.344796317956509002e-01
9.671642335271435797e+00 2.198935157709570321e-01
9.923426157758477473e+00 2.059147369904552882e-01
1.017396902749181820e+01 1.936326072244607122e-01
1.042533700753922155e+01 1.836930523982782948e-01
1.067702948358784276e+01 1.694857648600410494e-01
1.092969337256462303e+01 1.618792482202804084e-01
1.118211872033766419e+01 1.518434333316688867e-01
1.143346516925797296e+01 1.408315617869263237e-01
1.168350508557724687e+01 1.346770225667024423e-01
1.193379937775929100e+01 1.261474768010624192e-01
1.218553055762879112e+01 1.196405132014861789e-01
1.243711650801278878e+01 1.173847498990137350e-01
1.268867268647359303e+01 1.085916209286674344e-01
1.294075027177769144e+01 1.023041683608621050e-01
1.319267287020158363e+01 9.631590119674544870e-02
1.344470571782862756e+01 9.382055941333493354e-02
1.369480150283709641e+01 8.885782753674882628e-02
1.394591277066507828e+01 8.425633925715432515e-02
1.419764645764527167e+01 8.094063555383984587e-02
1.444766774168416212e+01 7.665571618178963764e-02
1.469906835825429070e+01 7.356979472662893149e-02
1.495059118111036511e+01 7.031830016824283658e-02
1.520261612590052991e+01 6.692912022765667990e-02
1.545415944503929495e+01 6.390648449746767767e-02
1.570456072545780124e+01 6.184598751394747296e-02
1.595705800128773966e+01 5.952205400398729446e-02
1.620829297830731619e+01 5.625318449343232052e-02
1.645966591028190962e+01 5.434995962340102849e-02
1.671125708846596325e+01 5.238327897424619600e-02
1.696160259490052624e+01 5.013909864064420435e-02
1.721370276108077135e+01 4.849233955650803646e-02
1.746543424102250341e+01 4.642996558825993048e-02
1.771598473288305442e+01 4.445260554455729429e-02
1.796653767411944003e+01 4.327909477225285600e-02
1.821765658501893270e+01 4.167061264993870973e-02
1.847053788120423334e+01 3.965404257091223461e-02
1.872257696809484173e+01 3.872427086454073575e-02
1.897394097105746269e+01 3.688438765808699921e-02
1.922542454726159988e+01 3.551435353448343518e-02
1.947607703355479103e+01 3.480112777512330696e-02
1.972678839839982601e+01 3.326795380715411032e-02
1.997802698857814363e+01 3.248577716819933681e-02
2.022863620534168660e+01 3.155065707241047623e-02
2.047969598507238231e+01 3.017422650376777940e-02
2.073250439107362553e+01 2.945691696672316645e-02
2.098435855211640089e+01 2.842045255365053050e-02
2.123502923393334640e+01 2.755222202417280386e-02
2.148629411178690773e+01 2.686147506138049368e-02
2.173831825513516591e+01 2.587601846699412456e-02
2.198972260956887226e+01 2.525285313099098067e-02
2.223974971000711420e+01 2.453000325492137382e-02
2.249141870643862973e+01 2.368510102341619267e-02
2.274404614890906373e+01 2.296185020697384671e-02
2.299521835768831579e+01 2.209989920656418166e-02
2.324620084136223852e+01 2.152396162004310137e-02
2.349757798664387209e+01 2.095416084921611702e-02
2.374870488118759937e+01 2.035362721331133995e-02
2.399988781917473091e+01 1.987046295092844903e-02
2.425071646049711305e+01 1.929230076528435853e-02
2.450187830577813841e+01 1.874465318537628031e-02
2.475391093216606109e+01 1.833844020563300467e-02
2.500524226975159792e+01 1.772847898774321251e-02
2.525610980153284402e+01 1.716588750732053401e-02
2.550801425092822328e+01 1.686823093913971186e-02
2.575943113325822864e+01 1.632225370025259040e-02
2.601074166866445125e+01 1.597059299402264418e-02
2.626234447079615464e+01 1.555427094075683379e-02
2.651347712943701751e+01 1.522050018347904238e-02
2.676474177984877656e+01 1.481090632368937086e-02
2.701628079430242479e+01 1.448025666956112741e-02
2.726734205837282232e+01 1.402168827582254626e-02
2.751837013544679422e+01 1.372424586475257981e-02
2.776937726815812724e+01 1.333467396372435727e-02
2.802070160973895341e+01 1.314127157073399429e-02
2.827249982643487058e+01 1.283496573035477345e-02
2.852407603869968966e+01 1.244379729478858713e-02
2.877567300468570721e+01 1.222263762275466702e-02
2.902733523039245256e+01 1.186671535257393523e-02
2.927861073083739996e+01 1.156274951777835382e-02
2.953003196193969160e+01 1.146458153125755330e-02
2.978106336846375157e+01 1.110517086579731853e-02
3.003148440777084716e+01 1.083632383810977443e-02
3.028303386126418673e+01 1.060810146563858671e-02
3.053456493440382857e+01 1.033637862042351661e-02
3.078585183944906944e+01 1.009579882224314988e-02
3.103757946070165730e+01 9.897560560766429510e-03
3.128931656795834826e+01 9.718555348839702165e-03
3.154125974608096428e+01 9.466020722470982682e-03
3.179158626791808828e+01 9.278342252027168419e-03
3.204196438636942190e+01 9.113434440864185554e-03
3.229344668057169798e+01 8.935192665594697201e-03
3.254489998018084407e+01 8.736900247761983374e-03
3.279660140319880668e+01 8.550226854614146124e-03
3.304772754686901237e+01 8.350606443677174862e-03
3.329949953441923327e+01 8.180784035987818600e-03
3.355173249539067371e+01 8.000649321900185629e-03
3.380235474142784824e+01 7.844478108738903513e-03
3.405292218889088218e+01 7.692687483739009922e-03
3.430455901572810262e+01 7.587246633435882487e-03
3.455605119154291316e+01 7.395778471149908571e-03
3.480708698418615654e+01 7.267960903630512823e-03
3.505823042281740243e+01 7.129645260110450099e-03
3.530983122122644602e+01 7.007251337069835516e-03
3.556111974160763367e+01 6.833763480005937418e-03
3.581195885960364933e+01 6.741212010775472427e-03
3.606348577968052638e+01 6.620807866989152600e-03
3.631495136683125935e+01 6.493381001890938253e-03
3.656646781331610185e+01 6.383417705747336177e-03
3.681800948534306173e+01 6.258858340240344535e-03
3.706942350460822411e+01 6.142697010635195763e-03
3.732119977997001570e+01 6.044317191207812176e-03
3.757249197135423202e+01 5.894809234582350059e-03
3.782324055213251057e+01 5.836430123979776188e-03
3.807430609684078604e+01 5.718190605113867599e-03
3.832526519371521090e+01 5.574339067006082310e-03
3.857704530181875668e+01 5.498920008246726242e-03
3.882896255048217427e+01 5.370843405600595789e-03
3.907976684424035341e+01 5.330627316310321794e-03
3.933085588900704010e+01 5.191254005289859877e-03
3.958184533965361140e+01 5.123970253181887174e-03
3.983320492881626507e+01 5.025715303034338985e-03
4.008506787586624398e+01 4.938485308849098476e-03
4.033569471078550350e+01 4.880118009118723267e-03
4.058701345074587863e+01 4.771736994191113496e-03
4.083916815834436420e+01 4.691807128415460652e-03
4.108978611092747713e+01 4.629878829595690352e-03
4.134119394692694271e+01 4.532203351196789805e-03
4.159372926482761557e+01 4.496672087268124320e-03
4.184480996230068683e+01 4.443122182883791314e-03
4.209495048714620680e+01 4.338395874512858928e-03
4.234568601474854432e+01 4.235697032420680797e-03
4.259794184898333214e+01 4.176154525695516262e-03
4.284922176444433717e+01 4.150864498110809313e-03
4.309982534096671003e+01 4.039612319448335556e-03
4.335153475414617930e+01 3.988764325254245090e-03
4.360374984514007224e+01 3.959148934869012072e-03
4.385432838732079830e+01 3.903049452529292699e-03
4.410529766549178277e+01 3.791773303647871188e-03
4.435675536456894008e+01 3.769017209820581422e-03
4.460756668584335927e+01 3.723508749539080915e-03
4.485812369927145937e+01 3.632957628047564936e-03
4.510933196139897206e+01 3.560123687670461914e-03
4.536097672816924131e+01 3.551035299151692262e-03
4.561261869099184452e+01 3.494913486810247161e-03
4.586346064304911607e+01 3.384710869998659027e-03
4.611435299895526185e+01 3.367304790774137795e-03
4.636610302009028572e+01 3.322853165034484520e-03
4.661726081402038346e+01 3.255926243043087524e-03
4.686748045926628237e+01 3.205620016426597232e-03
4.712001000143001761e+01 3.226845861050299524e-03
4.737334269293729960e+01 3.110250163106723174e-03
4.762357272554871912e+01 3.072346006056571582e-03
4.787295862859781437e+01 3.049138351877019992e-03
4.812686710231834297e+01 2.999208130328017644e-03
4.837988354528783930e+01 2.976324544200961448e-03
4.862698975964909209e+01 2.870824865584041194e-03
4.887931961662670233e+01 2.898378211805831186e-03
4.913512531690142282e+01 2.845185916077323015e-03
4.938486646957150583e+01 2.812695623751671446e-03
4.963073103205424985e+01 2.708644563562416421e-03
4.988316058859187763e+01 2.743978171989460216e-03
5.013927392651110893e+01 2.695718430648549532e-03
5.038898445289544270e+01 2.624587419165626528e-03
5.063791314200675941e+01 2.598730638749385032e-03
5.089234515763529032e+01 2.570466951107362990e-03
5.114529266359630810e+01 2.600228602907166033e-03
5.138952878242714206e+01 2.478020683748194397e-03
5.163945178601188246e+01 2.500997013907862738e-03
5.190206698624180603e+01 2.367325987642161615e-03
5.215590084722179398e+01 2.407672198556952154e-03
5.238680673191466042e+01 2.400307942578114046e-03
5.263532591009818873e+01 2.485564211263344061e-03
5.290823119436031874e+01 2.354139599539594070e-03
5.316882575050344428e+01 2.235401226204556530e-03
5.338513341050097694e+01 2.281601359635468829e-03
5.363212510227822349e+01 2.263812318177491328e-03
5.391615723351310407e+01 2.224052985151591614e-03
5.419187693011466678e+01 2.151118366820420433e-03
5.439722241285236493e+01 2.400399382386540076e-03
5.462806064877949552e+01 2.155314246433611986e-03
5.491241494336609463e+01 1.895591486349985531e-03
5.519421446932921782e+01 2.160793822546575385e-03
5.543046826972861396e+01 2.640534222525107218e-03
5.561137265256709128e+01 5.612414178853988942e-04
