3.559856489878782115e-01 4.173075586634275851e+02
6.031648866026231293e-01 2.045568131995852639e+02
8.579160745827347778e-01 7.141141605784233093e+01
1.113464310595710716e+00 4.934951748966298624e+01
1.374039914321364408e+00 2.941018067040031170e+01
1.619154704570298309e+00 2.089045702110291813e+01
1.870686673430271840e+00 1.320039146105287209e+01
2.123290040706380832e+00 1.025542901809619067e+01
2.378144976376236119e+00 8.012036259867443277e+00
2.630489925835516996e+00 6.554591132696405253e+00
2.878653162679494670e+00 4.827541835532288772e+00
3.131144366275339319e+00 4.050582760194870957e+00
3.388159578333816313e+00 3.355004511648447263e+00
3.638741848210948149e+00 2.903630162859032193e+00
3.888315910732085268e+00 2.277506838917972232e+00
4.139052155837465996e+00 1.994598305564842189e+00
4.390305777018236988e+00 1.798872700356579646e+00
4.642172339120373081e+00 1.419254669776855993e+00
4.894678666149941293e+00 1.295444796301153501e+00
5.147269052361176378e+00 1.101384711288573071e+00
5.398003206656323272e+00 9.921727288060223637e-01
5.647798235368590269e+00 9.171929704599702804e-01
5.900534302989873581e+00 8.254239255341379033e-01
6.151460297009074374e+00 7.232986421026132984e-01
6.402630176204441526e+00 6.390725572886871708e-01
6.655964674748322096e+00 5.820707954541046725e-01
6.908782583105771202e+00 5.306861658362286294e-01
7.159060853508338873e+00 4.848070922925271642e-01
7.409414762591408632e+00 4.399025981888852188e-01
7.659227149364629561e+00 4.015049028003939147e-01
7.911559474606142395e+00 3.832011637070289467e-01
8.163750941790897997e+00 3.395581500253405660e-01
8.415757210439384295e+00 3.132766995593710413e-01
8.667638839289207198e+00 2.922137768744969555e-01
8.918801124864609520e+00 2.750698814098156975e-01
9.170480108345369530e+00 2.514161981740750118e-01
9.420566033467249412e+00 2.353624928204466893e-01
9.671642335271435797e+00 2.206110357649678222e-01
9.923426157758477473e+00 2.110466214470480273e-01
1.017396902749181820e+01 1.959160082695596827e-01
1.042533700753922155e+01 1.807345221809766589e-01
1.067702948358784276e+01 1.717205027481244206e-01
1.092969337256462303e+01 1.639329696978448492e-01
1.118211872033766419e+01 1.529317343295684140e-01
1.143346516925797296e+01 1.447956593171549899e-01
1.168350508557724687e+01 1.339724071881566725e-01
1.193379937775929100e+01 1.286476062073595161e-01
1.218553055762879112e+01 1.200342419467200217e-01
1.243711650801278878e+01 1.147052719003086030e-01
1.268867268647359303e+01 1.074977814308815671e-01
1.294075027177769144e+01 1.034536955617786913e-01
1.319267287020158363e+01 9.838537549023178286e-02
1.344470571782862756e+01 9.275715130182794754e-02
1.369480150283709641e+01 8.841722358929564318e-02
1.394591277066507828e+01 8.410661690839303650e-02
1.419764645764527167e+01 8.053377729327267087e-02
1.444766774168416212e+01 7.769607705413202059e-02
1.469906835825429070e+01 7.368192624246860944e-02
1.495059118111036511e+01 7.041221638177500020e-02
1.520261612590052991e+01 6.698664104938531483e-02
1.545415944503929495e+01 6.451496838262525679e-02
1.570456072545780124e+01 6.146145138526837304e-02
1.595705800128773966e+01 5.856177995264992553e-02
1.620829297830731619e+01 5.627731120491881456e-02
1.645966591028190962e+01 5.423452994730549453e-02
1.671125708846596325e+01 5.225332775942512220e-02
1.696160259490052624e+01 5.030800361120822684e-02
1.721370276108077135e+01 4.842730446652299126e-02
1.746543424102250341e+01 4.693655392042883623e-02
1.771598473288305442e+01 4.428467687503216677e-02
1.796653767411944003e+01 4.285404592659233791e-02
1.821765658501893270e+01 4.172054230629396870e-02
1.847053788120423334e+01 3.987015608494094698e-02
1.872257696809484173e+01 3.862442133288942342e-02
1.897394097105746269e+01 3.742667614975214024e-02
1.922542454726159988e+01 3.607330800663085396e-02
1.947607703355479103e+01 3.456758747901903656e-02
1.972678839839982601e+01 3.323619189524332912e-02
1.997802698857814363e+01 3.234554883662556918e-02
2.022863620534168660e+01 3.137674094344981152e-02
2.047969598507238231e+01 3.043323814539254657e-02
2.073250439107362553e+01 2.956599636181125867e-02
2.098435855211640089e+01 2.854975616783277104e-02
2.123502923393334640e+01 2.767957433410403109e-02
2.148629411178690773e+01 2.663747370920233060e-02
2.173831825513516591e+01 2.594564996173257670e-02
2.198972260956887226e+01 2.522689177668636581e-02
2.223974971000711420e+01 2.439129677031491236e-02
2.249141870643862973e+01 2.368191268553504480e-02
2.274404614890906373e+01 2.292124064239324521e-02
2.299521835768831579e+01 2.210485088056942868e-02
2.324620084136223852e+01 2.160852629443948958e-02
2.349757798664387209e+01 2.110242473929854756e-02
2.374870488118759937e+01 2.044353871578444629e-02
2.399988781917473091e+01 1.990530441999504088e-02
2.425071646049711305e+01 1.924813278967039618e-02
2.450187830577813841e+01 1.861021942146773300e-02
2.475391093216606109e+01 1.827074903751704088e-02
2.500524226975159792e+01 1.786069768367906652e-02
2.525610980153284402e+01 1.717874355647386678e-02
2.550801425092822328e+01 1.691774078200099229e-02
2.575943113325822864e+01 1.638549299344663548e-02
2.601074166866445125e+01 1.598013128245290987e-02
2.626234447079615464e+01 1.550627623368752185e-02
2.651347712943701751e+01 1.526187962950088621e-02
2.676474177984877656e+01 1.470711731008174893e-02
2.701628079430242479e+01 1.446571758011220947e-02
2.726734205837282232e+01 1.405761133895548284e-02
2.751837013544679422e+01 1.375435880198470559e-02
2.776937726815812724e+01 1.344423077657662738e-02
2.802070160973895341e+01 1.304177660068553575e-02
2.827249982643487058e+01 1.271547138243311718e-02
2.852407603869968966e+01 1.250095047650653587e-02
2.877567300468570721e+01 1.214507268885107669e-02
2.902733523039245256e+01 1.196211448622901304e-02
2.927861073083739996e+01 1.163737640783428333e-02
2.953003196193969160e+01 1.134190408026236781e-02
2.978106336846375157e+01 1.099699049869479021e-02
3.003148440777084716e+01 1.085953633283326045e-02
3.028303386126418673e+01 1.054430059724712106e-02
3.053456493440382857e+01 1.041336932426775025e-02
3.078585183944906944e+01 1.012251426956197256e-02
3.103757946070165730e+01 9.900351267962627724e-03
3.128931656795834826e+01 9.682477310903344833e-03
3.154125974608096428e+01 9.442834132945073997e-03
3.179158626791808828e+01 9.298706904956186708e-03
3.204196438636942190e+01 9.123522032930944659e-03
3.229344668057169798e+01 8.955004904606435681e-03
3.254489998018084407e+01 8.736142298644210616e-03
3.279660140319880668e+01 8.593980417106336644e-03
3.304772754686901237e+01 8.348365667898064932e-03
3.329949953441923327e+01 8.199280946369316009e-03
3.355173249539067371e+01 8.016343330620685770e-03
3.380235474142784824e+01 7.859135996483874315e-03
3.405292218889088218e+01 7.694050017538965960e-03
3.430455901572810262e+01 7.567781422489168637e-03
3.455605119154291316e+01 7.433385850051345972e-03
3.480708698418615654e+01 7.322779170594916412e-03
3.505823042281740243e+01 7.101517954345417695e-03
3.530983122122644602e+01 7.054497686746924803e-03
3.556111974160763367e+01 6.904764934058382590e-03
3.581195885960364933e+01 6.748842287169639319e-03
3.606348577968052638e+01 6.615983958957444462e-03
3.631495136683125935e+01 6.495696223918023468e-03
3.656646781331610185e+01 6.332526537706284660e-03
3.681800948534306173e+01 6.247081988824714632e-03
3.706942350460822411e+01 6.135435535570382161e-03
3.732119977997001570e+01 5.991063599013431336e-03
3.757249197135423202e+01 5.932321643277588263e-03
3.782324055213251057e+01 5.844400917045185911e-03
3.807430609684078604e+01 5.695593829810747556e-03
3.832526519371521090e+01 5.575553349813280359e-03
3.857704530181875668e+01 5.509960632240680327e-03
3.882896255048217427e+01 5.421966103731457737e-03
3.907976684424035341e+01 5.291321498987101510e-03
3.933085588900704010e+01 5.231771894341611696e-03
3.958184533965361140e+01 5.124311019250900670e-03
3.983320492881626507e+01 5.040698058034226436e-03
4.008506787586624398e+01 4.951934127171133716e-03
4.033569471078550350e+01 4.842172253022099422e-03
4.058701345074587863e+01 4.789815343293604699e-03
4.083916815834436420e+01 4.686619652157675460e-03
4.108978611092747713e+01 4.632399208345220135e-03
4.134119394692694271e+01 4.559041478453949858e-03
4.159372926482761557e+01 4.488899818557105098e-03
4.184480996230068683e+01 4.348047794747465604e-03
4.209495048714620680e+01 4.360778188294999434e-03
4.234568601474854432e+01 4.245676144427196208e-03
4.259794184898333214e+01 4.195242783093664635e-03
4.284922176444433717e+01 4.138299427709579356e-03
4.309982534096671003e+01 4.092111156403054409e-03
4.335153475414617930e+01 4.014609226316401963e-03
4.360374984514007224e+01 3.926982640734188665e-03
4.385432838732079830e+01 3.857737080394097601e-03
4.410529766549178277e+01 3.855134442905060362e-03
4.435675536456894008e+01 3.757583934097684722e-03
4.460756668584335927e+01 3.722115185524127109e-03
4.485812369927145937e+01 3.646850109268893071e-03
4.510933196139897206e+01 3.627625963955728814e-03
4.536097672816924131e+01 3.509544619091286340e-03
4.561261869099184452e+01 3.434826481770165193e-03
4.586346064304911607e+01 3.415186859947528294e-03
4.611435299895526185e+01 3.377060044307207947e-03
4.636610302009028572e+01 3.314139149030499547e-03
4.661726081402038346e+01 3.288755687481977573e-03
4.686748045926628237e+01 3.220418237951939901e-03
4.712001000143001761e+01 3.165138892368203703e-03
4.737334269293729960e+01 3.168780847143127296e-03
4.762357272554871912e+01 3.092246688745066072e-03
4.787295862859781437e+01 3.006425681120816502e-03
4.812686710231834297e+01 3.006257654479909964e-03
4.837988354528783930e+01 2.990622955251705500e-03
4.862698975964909209e+01 2.968949888555602601e-03
4.887931961662670233e+01 2.858284142998530983e-03
4.913512531690142282e+01 2.754017368668970015e-03
4.938486646957150583e+01 2.817300395461276585e-03
4.963073103205424985e+01 2.746500897049369058e-03
4.988316058859187763e+01 2.767157135712739347e-03
5.013927392651110893e+01 2.658465041196339789e-03
5.038898445289544270e+01 2.722395873133705377e-03
5.063791314200675941e+01 2.549293785980912951e-03
5.089234515763529032e+01 2.630113649611652994e-03
5.114529266359630810e+01 2.581661622557625529e-03
5.138952878242714206e+01 2.568324629075610481e-03
5.163945178601188246e+01 2.470477720512470002e-03
5.190206698624180603e+01 2.447895451524486916e-03
5.215590084722179398e+01 2.405490228856901891e-03
5.238680673191466042e+01 2.384359336257696558e-03
5.263532591009818873e+01 2.370110513069488296e-03
5.290823119436031874e+01 2.275234175789950849e-03
5.316882575050344428e+01 2.239043377170715689e-03
5.338513341050097694e+01 2.175107059441267789e-03
5.363212510227822349e+01 2.171649497535882174e-03
5.391615723351310407e+01 2.038542063818564974e-03
5.419187693011466678e+01 2.276016190422462584e-03
5.439722241285236493e+01 2.204216804135395152e-03
5.462806064877949552e+01 2.067195414072395265e-03
5.491241494336609463e+01 2.044862096628236817e-03
5.519421446932921782e+01 1.699058744252561742e-03
5.543046826972861396e+01 3.156842999359963254e-03
5.561137265256709128e+01 2.126259618935385284e-03
