3.559856489878782115e-01 1.004881083852562028e+03
6.031648866026231293e-01 1.679414984442295236e+02
8.579160745827347778e-01 1.088419140035735921e+02
1.113464310595710716e+00 4.182580136410958715e+01
1.374039914321364408e+00 3.157621130828243139e+01
1.619154704570298309e+00 1.920970421319472266e+01
1.870686673430271840e+00 1.340059222233472624e+01
2.123290040706380832e+00 9.964969550742795334e+00
2.378144976376236119e+00 8.442423837949482035e+00
2.630489925835516996e+00 5.999064065039136473e+00
2.878653162679494670e+00 5.374154495230099471e+00
3.131144366275339319e+00 3.837796233287967596e+00
3.388159578333816313e+00 3.127673985670389900e+00
3.638741848210948149e+00 2.649037722603293066e+00
3.888315910732085268e+00 2.365231355415574832e+00
4.139052155837465996e+00 1.921138856142978746e+00
4.390305777018236988e+00 1.775723005976598934e+00
4.642172339120373081e+00 1.486413271249879209e+00
4.894678666149941293e+00 1.277073198921589547e+00
5.147269052361176378e+00 1.132803491481464642e+00
5.398003206656323272e+00 1.012551865859252942e+00
5.647798235368590269e+00 8.926385369584484142e-01
5.900534302989873581e+00 8.134560455570746251e-01
6.151460297009074374e+00 7.312448592918004975e-01
6.402630176204441526e+00 6.468286492163204393e-01
6.655964674748322096e+00 5.582845427052033349e-01
6.908782583105771202e+00 5.500028765087567884e-01
7.159060853508338873e+00 4.757467778624622223e-01
7.409414762591408632e+00 4.455142267864208860e-01
7.659227149364629561e+00 4.080345664992223176e-01
7.911559474606142395e+00 3.769846758057787128e-01
8.163750941790897997e+00 3.461406643183910226e-01
8.415757210439384295e+00 3.103959978877658399e-01
8.667638839289207198e+00 2.945358700835510879e-01
8.918801124864609520e+00 2.717778241290732533e-01
9.170480108345369530e+00 2.512832947076786838e-01
9.420566033467249412e+00 2.380201089342953158e-01
9.671642335271435797e+00 2.184833006929002563e-01
9.923426157758477473e+00 2.085044585243549242e-01
1.017396902749181820e+01 1.951764581266550447e-01
1.042533700753922155e+01 1.815064226120023660e-01
1.067702948358784276e+01 1.718142340603411589e-01
1.092969337256462303e+01 1.601809738160387964e-01
1.118211872033766419e+01 1.503635002989030522e-01
1.143346516925797296e+01 1.422291360992334608e-01
1.168350508557724687e+01 1.342927838159204135e-01
1.193379937775929100e+01 1.268234822415381935e-01
1.218553055762879112e+01 1.213699807389312241e-01
1.243711650801278878e+01 1.150447012549501991e-01
1.268867268647359303e+01 1.075865166673588003e-01
1.294075027177769144e+01 1.029934406318409740e-01
1.319267287020158363e+01 9.884185259832262149e-02
1.344470571782862756e+01 9.259473618287436536e-02
1.369480150283709641e+01 8.800892403440796485e-02
1.394591277066507828e+01 8.321982960848922639e-02
1.419764645764527167e+01 8.043567343869570396e-02
1.444766774168416212e+01 7.584781450891921184e-02
1.469906835825429070e+01 7.363167339650199261e-02
1.495059118111036511e+01 7.073606660568201865e-02
1.520261612590052991e+01 6.771753307270389488e-02
1.545415944503929495e+01 6.438408395026713749e-02
1.570456072545780124e+01 6.109368387564404618e-02
1.595705800128773966e+01 5.993718986699735768e-02
1.620829297830731619e+01 5.660251146028532493e-02
1.645966591028190962e+01 5.463118527813241171e-02
1.671125708846596325e+01 5.216880050081683373e-02
1.696160259490052624e+01 5.035396438315790230e-02
1.721370276108077135e+01 4.814189396147117161e-02
1.746543424102250341e+01 4.623732950297310823e-02
1.771598473288305442e+01 4.509053862602901974e-02
1.796653767411944003e+01 4.319390836098421782e-02
1.821765658501893270e+01 4.127069758893289753e-02
1.847053788120423334e+01 3.986545625108952468e-02
1.872257696809484173e+01 3.857588508739848848e-02
1.897394097105746269e+01 3.718276717423038558e-02
1.922542454726159988e+01 3.591274677445239344e-02
1.947607703355479103e+01 3.455212275958339380e-02
1.972678839839982601e+01 3.367967319510772189e-02
1.997802698857814363e+01 3.265396724889254448e-02
2.022863620534168660e+01 3.176147377678810446e-02
2.047969598507238231e+01 3.045449904511240632e-02
2.073250439107362553e+01 2.935681436606307065e-02
2.098435855211640089e+01 2.847489335183241155e-02
2.123502923393334640e+01 2.745071994583771560e-02
2.148629411178690773e+01 2.696247919320331546e-02
2.173831825513516591e+01 2.589603841212421986e-02
2.198972260956887226e+01 2.498552067311996319e-02
2.223974971000711420e+01 2.429720751175174984e-02
2.249141870643862973e+01 2.362531876389963731e-02
2.274404614890906373e+01 2.313580414092087506e-02
2.299521835768831579e+01 2.240045756752529274e-02
2.324620084136223852e+01 2.171304580803618337e-02
2.349757798664387209e+01 2.087135863502089655e-02
2.374870488118759937e+01 2.049040302346939041e-02
2.399988781917473091e+01 1.983862433504807524e-02
2.425071646049711305e+01 1.927514263101618927e-02
2.450187830577813841e+01 1.878176316006045440e-02
2.475391093216606109e+01 1.823300425433215313e-02
2.500524226975159792e+01 1.774999892510173080e-02
2.525610980153284402e+01 1.732754700304309919e-02
2.550801425092822328e+01 1.686516569787082850e-02
2.575943113325822864e+01 1.627179449074037110e-02
2.601074166866445125e+01 1.598270688801956343e-02
2.626234447079615464e+01 1.555953082967173086e-02
2.651347712943701751e+01 1.517413732582108439e-02
2.676474177984877656e+01 1.461879464611290542e-02
2.701628079430242479e+01 1.448374911885287782e-02
2.726734205837282232e+01 1.414994890065280134e-02
2.751837013544679422e+01 1.376360571519259952e-02
2.776937726815812724e+01 1.340261321140039791e-02
2.802070160973895341e+01 1.308007780961160244e-02
2.827249982643487058e+01 1.285208034319481815e-02
2.852407603869968966e+01 1.245915886579784457e-02
2.877567300468570721e+01 1.222567843334712405e-02
2.902733523039245256e+01 1.187716721603503979e-02
2.927861073083739996e+01 1.163539087811506570e-02
2.953003196193969160e+01 1.141292435969566525e-02
2.978106336846375157e+01 1.114884803629864578e-02
3.003148440777084716e+01 1.081685716619091610e-02
3.028303386126418673e+01 1.065037791407516532e-02
3.053456493440382857e+01 1.037542203917300211e-02
3.078585183944906944e+01 1.017252335228878597e-02
3.103757946070165730e+01 9.910870410646303863e-03
3.128931656795834826e+01 9.707828301575740018e-03
3.154125974608096428e+01 9.546160874620164202e-03
3.179158626791808828e+01 9.267255713257779512e-03
3.204196438636942190e+01 9.114161432152028536e-03
3.229344668057169798e+01 8.898410861088789509e-03
3.254489998018084407e+01 8.700699187352643055e-03
3.279660140319880668e+01 8.548895730596424436e-03
3.304772754686901237e+01 8.372327445653499067e-03
3.329949953441923327e+01 8.210278597527946934e-03
3.355173249539067371e+01 7.991603274143636512e-03
3.380235474142784824e+01 7.888432845042233146e-03
3.405292218889088218e+01 7.725974921475683987e-03
3.430455901572810262e+01 7.577768234135293102e-03
3.455605119154291316e+01 7.443887461592385568e-03
3.480708698418615654e+01 7.284685520839131317e-03
3.505823042281740243e+01 7.144760333560139579e-03
3.530983122122644602e+01 6.958981034484400079e-03
3.556111974160763367e+01 6.907860774785832755e-03
3.581195885960364933e+01 6.706790824308454628e-03
3.606348577968052638e+01 6.597660252457375300e-03
3.631495136683125935e+01 6.451131726168366463e-03
3.656646781331610185e+01 6.335578917212474938e-03
3.681800948534306173e+01 6.263528824943705338e-03
3.706942350460822411e+01 6.156050341846225522e-03
3.732119977997001570e+01 6.008850093317734224e-03
3.757249197135423202e+01 5.900633588750620918e-03
3.782324055213251057e+01 5.823325721099323338e-03
3.807430609684078604e+01 5.687981195248068521e-03
3.832526519371521090e+01 5.614683423347600552e-03
3.857704530181875668e+01 5.505232906466409407e-03
3.882896255048217427e+01 5.427321941396752794e-03
3.907976684424035341e+01 5.330927103341080546e-03
3.933085588900704010e+01 5.224357640885387080e-03
3.958184533965361140e+01 5.135400159737037867e-03
3.983320492881626507e+01 5.006207505733592522e-03
4.008506787586624398e+01 4.981927748966603724e-03
4.033569471078550350e+01 4.878967113061834747e-03
4.058701345074587863e+01 4.795250324576959093e-03
4.083916815834436420e+01 4.732732606415022275e-03
4.108978611092747713e+01 4.635319873362594642e-03
4.134119394692694271e+01 4.584084376284810157e-03
4.159372926482761557e+01 4.516502377599782535e-03
4.184480996230068683e+01 4.453766243728331416e-03
4.209495048714620680e+01 4.326280919786104975e-03
4.234568601474854432e+01 4.292997141366807802e-03
4.259794184898333214e+01 4.199076889531059426e-03
4.284922176444433717e+01 4.128842153051796686e-03
4.309982534096671003e+01 4.090523745651685784e-03
4.335153475414617930e+01 3.968715526403448872e-03
4.360374984514007224e+01 3.970260960031798611e-03
4.385432838732079830e+01 3.898249066916757190e-03
4.410529766549178277e+01 3.854406824881033596e-03
4.435675536456894008e+01 3.803601944187554301e-03
4.460756668584335927e+01 3.669221738200509689e-03
4.485812369927145937e+01 3.665052059807872437e-03
4.510933196139897206e+01 3.608064378695784603e-03
4.536097672816924131e+01 3.518997700879692228e-03
4.561261869099184452e+01 3.463235005815125996e-03
4.586346064304911607e+01 3.460974915218633426e-03
4.611435299895526185e+01 3.393174410806855650e-03
4.636610302009028572e+01 3.315121823569738748e-03
4.661726081402038346e+01 3.317429390498456698e-03
4.686748045926628237e+01 3.246457856353552641e-03
4.712001000143001761e+01 3.238217360380290545e-03
4.737334269293729960e+01 3.153724058153747553e-03
4.762357272554871912e+01 3.075116676029450869e-03
4.787295862859781437e+01 3.085498749634412591e-03
4.812686710231834297e+01 2.926378723393646946e-03
4.837988354528783930e+01 3.014356545474746255e-03
4.862698975964909209e+01 2.902796178255875794e-03
4.887931961662670233e+01 2.851878849353974704e-03
4.913512531690142282e+01 2.880944600583601380e-03
4.938486646957150583e+01 2.832538977069967365e-03
4.963073103205424985e+01 2.806323191581107206e-03
4.988316058859187763e+01 2.722711154324636458e-03
5.013927392651110893e+01 2.741423246885677043e-03
5.038898445289544270e+01 2.684906713328617019e-03
5.063791314200675941e+01 2.621476747807037402e-03
5.089234515763529032e+01 2.500643242119199132e-03
5.114529266359630810e+01 2.581349561861799851e-03
5.138952878242714206e+01 2.505435506230291494e-03
5.163945178601188246e+01 2.461693000978782634e-03
5.190206698624180603e+01 2.442311523596693741e-03
5.215590084722179398e+01 2.534962101660627378e-03
5.238680673191466042e+01 2.485702629633856128e-03
5.263532591009818873e+01 2.289663119214099037e-03
5.290823119436031874e+01 2.270177775869859204e-03
5.316882575050344428e+01 2.370544529668731654e-03
5.338513341050097694e+01 2.165938056036357910e-03
5.363212510227822349e+01 2.152709179645005081e-03
5.391615723351310407e+01 2.108264555135795724e-03
5.419187693011466678e+01 2.183950926714712387e-03
5.439722241285236493e+01 2.126413366097433793e-03
5.462806064877949552e+01 2.151478125458752833e-03
5.491241494336609463e+01 1.805073065137777688e-03
5.519421446932921782e+01 1.760815896024693237e-03
5.543046826972861396e+01 1.119009713533259407e-03
5.561137265256709128e+01 2.263128445080922740e-03
