3.559856489878782115e-01 7.452546092995746676e+02
6.031648866026231293e-01 2.339049935013730703e+02
8.579160745827347778e-01 7.973130076915835218e+01
1.113464310595710716e+00 5.074079315116600952e+01
1.374039914321364408e+00 3.049925768649315216e+01
1.619154704570298309e+00 2.037232149857720742e+01
1.870686673430271840e+00 1.321870214886803652e+01
2.123290040706380832e+00 1.034394120146470186e+01
2.378144976376236119e+00 7.667967845574335861e+00
2.630489925835516996e+00 6.058643653319404798e+00
2.878653162679494670e+00 4.772487324599288705e+00
3.131144366275339319e+00 3.968284467047574093e+00
3.388159578333816313e+00 3.274749697421599492e+00
3.638741848210948149e+00 2.734779690259946161e+00
3.888315910732085268e+00 2.334375914236592742e+00
4.139052155837465996e+00 1.947076888063578703e+00
4.390305777018236988e+00 1.685479177308591314e+00
4.642172339120373081e+00 1.422061199925639396e+00
4.894678666149941293e+00 1.269579795384568888e+00
5.147269052361176378e+00 1.144158846183340739e+00
5.398003206656323272e+00 1.032433558446117505e+00
5.647798235368590269e+00 8.601737190764739971e-01
5.900534302989873581e+00 8.133878036473841666e-01
6.151460297009074374e+00 7.126140502579322300e-01
6.402630176204441526e+00 6.696521215385349279e-01
6.655964674748322096e+00 5.841499043417406334e-01
6.908782583105771202e+00 5.192515520922282857e-01
7.159060853508338873e+00 4.842268116666356148e-01
7.409414762591408632e+00 4.349570343762936830e-01
7.659227149364629561e+00 4.109102026273752650e-01
7.911559474606142395e+00 3.785435837668663650e-01
8.163750941790897997e+00 3.430796792553484909e-01
8.415757210439384295e+00 3.155164499773715492e-01
8.667638839289207198e+00 2.957680743251645539e-01
8.918801124864609520e+00 2.748927823587574704e-01
9.170480108345369530e+00 2.529342145646978346e-01
9.420566033467249412e+00 2.395427826011844730e-01
9.671642335271435797e+00 2.237365253345140470e-01
9.923426157758477473e+00 2.080397273676541370e-01
1.017396902749181820e+01 1.932339693145361526e-01
1.042533700753922155e+01 1.836286307092277748e-01
1.067702948358784276e+01 1.696930408502032861e-01
1.092969337256462303e+01 1.626756654045232731e-01
1.118211872033766419e+01 1.500439988980628581e-01
1.143346516925797296e+01 1.407801938437175382e-01
1.168350508557724687e+01 1.356080045193475969e-01
1.193379937775929100e+01 1.300729874363409089e-01
1.218553055762879112e+01 1.203634263934847543e-01
1.243711650801278878e+01 1.127421882013973503e-01
1.268867268647359303e+01 1.084530509954766408e-01
1.294075027177769144e+01 1.023987552093482412e-01
1.319267287020158363e+01 9.907819199221859496e-02
1.344470571782862756e+01 9.338356500293111540e-02
1.369480150283709641e+01 8.842011199924114384e-02
1.394591277066507828e+01 8.482514500951740533e-02
1.419764645764527167e+01 8.113768103545036803e-02
1.444766774168416212e+01 7.762613321943120925e-02
1.469906835825429070e+01 7.369573891124010789e-02
1.495059118111036511e+01 6.883083968451624013e-02
1.520261612590052991e+01 6.705974206122530812e-02
1.545415944503929495e+01 6.480216398010581191e-02
1.570456072545780124e+01 6.191896180650934695e-02
1.595705800128773966e+01 5.936231423118919215e-02
1.620829297830731619e+01 5.613709423862264791e-02
1.645966591028190962e+01 5.334650321402475276e-02
1.671125708846596325e+01 5.227744256736874262e-02
1.696160259490052624e+01 4.970188662232408877e-02
1.721370276108077135e+01 4.821959767466957314e-02
1.746543424102250341e+01 4.610359714172494738e-02
1.771598473288305442e+01 4.436348641093326023e-02
1.796653767411944003e+01 4.319934786626646039e-02
1.821765658501893270e+01 4.188304093915554832e-02
1.847053788120423334e+01 4.020921953471983529e-02
1.872257696809484173e+01 3.858256600458703778e-02
1.897394097105746269e+01 3.732370924706639170e-02
1.922542454726159988e+01 3.602684386124054700e-02
1.947607703355479103e+01 3.481824592221847980e-02
1.972678839839982601e+01 3.360808025329269089e-02
1.997802698857814363e+01 3.258434535726275477e-02
2.022863620534168660e+01 3.132170724980440357e-02
2.047969598507238231e+01 3.031649515670717041e-02
2.073250439107362553e+01 2.930815244974642117e-02
2.098435855211640089e+01 2.849357466215300325e-02
2.123502923393334640e+01 2.770983126115980633e-02
2.148629411178690773e+01 2.651678271960961064e-02
2.173831825513516591e+01 2.589492298302781270e-02
2.198972260956887226e+01 2.524646899207053791e-02
2.223974971000711420e+01 2.417096840832642576e-02
2.249141870643862973e+01 2.359032121282105682e-02
2.274404614890906373e+01 2.294273758647975489e-02
2.299521835768831579e+01 2.224011237272264033e-02
2.324620084136223852e+01 2.161964017308399058e-02
2.349757798664387209e+01 2.096899439015728964e-02
2.374870488118759937e+01 2.037686719657635231e-02
2.399988781917473091e+01 1.992177084281995109e-02
2.425071646049711305e+01 1.921231307916496447e-02
2.450187830577813841e+01 1.880768131733695850e-02
2.475391093216606109e+01 1.807261003354297332e-02
2.500524226975159792e+01 1.781363807342891542e-02
2.525610980153284402e+01 1.726034798842574630e-02
2.550801425092822328e+01 1.681485487430232906e-02
2.575943113325822864e+01 1.651190462449641030e-02
2.601074166866445125e+01 1.591531181611207865e-02
2.626234447079615464e+01 1.552743142643684369e-02
2.651347712943701751e+01 1.518389265676366520e-02
2.676474177984877656e+01 1.479350425268564917e-02
2.701628079430242479e+01 1.454836696601186433e-02
2.726734205837282232e+01 1.404814575954219276e-02
2.751837013544679422e+01 1.376464107806211860e-02
2.776937726815812724e+01 1.332328203685030112e-02
2.802070160973895341e+01 1.310749295219925704e-02
2.827249982643487058e+01 1.272712739183166908e-02
2.852407603869968966e+01 1.238651456531941752e-02
2.877567300468570721e+01 1.217468557221501428e-02
2.902733523039245256e+01 1.186360789328725837e-02
2.927861073083739996e+01 1.161555373380559336e-02
2.953003196193969160e+01 1.135147703955492575e-02
2.978106336846375157e+01 1.106937804398641298e-02
3.003148440777084716e+01 1.082041739587527411e-02
3.028303386126418673e+01 1.059379263640649119e-02
3.053456493440382857e+01 1.040164939455429094e-02
3.078585183944906944e+01 1.017916449302467760e-02
3.103757946070165730e+01 9.884737949737723572e-03
3.128931656795834826e+01 9.692431093123021063e-03
3.154125974608096428e+01 9.468252403590747546e-03
3.179158626791808828e+01 9.263065704660157496e-03
3.204196438636942190e+01 9.079043364707797131e-03
3.229344668057169798e+01 8.923288207246480100e-03
3.254489998018084407e+01 8.703807327595260851e-03
3.279660140319880668e+01 8.535071745966626988e-03
3.304772754686901237e+01 8.402832091968884601e-03
3.329949953441923327e+01 8.214755801545500780e-03
3.355173249539067371e+01 8.050348892694051198e-03
3.380235474142784824e+01 7.836366952293005728e-03
3.405292218889088218e+01 7.749605952844792339e-03
3.430455901572810262e+01 7.571743654633574482e-03
3.455605119154291316e+01 7.414454514088297116e-03
3.480708698418615654e+01 7.319648189715134874e-03
3.505823042281740243e+01 7.167528992331214863e-03
3.530983122122644602e+01 6.960783966092513181e-03
3.556111974160763367e+01 6.847819270075652595e-03
3.581195885960364933e+01 6.732325701375731740e-03
3.606348577968052638e+01 6.608750263744841980e-03
3.631495136683125935e+01 6.476600793975558802e-03
3.656646781331610185e+01 6.337363574871870964e-03
3.681800948534306173e+01 6.272045390374547322e-03
3.706942350460822411e+01 6.118780407516340863e-03
3.732119977997001570e+01 6.012420776756203719e-03
3.757249197135423202e+01 5.888024701124553763e-03
3.782324055213251057e+01 5.801503956910382051e-03
3.807430609684078604e+01 5.711812375591455646e-03
3.832526519371521090e+01 5.555639761777571815e-03
3.857704530181875668e+01 5.488573308823613446e-03
3.882896255048217427e+01 5.404515003918589772e-03
3.907976684424035341e+01 5.283227814635832464e-03
3.933085588900704010e+01 5.220624662585896837e-03
3.958184533965361140e+01 5.091393855351481965e-03
3.983320492881626507e+01 5.022096987966567262e-03
4.008506787586624398e+01 4.987603086816309525e-03
4.033569471078550350e+01 4.859636543377621187e-03
4.058701345074587863e+01 4.788223702001227419e-03
4.083916815834436420e+01 4.685341059556977390e-03
4.108978611092747713e+01 4.639076414990770704e-03
4.134119394692694271e+01 4.568574684962350453e-03
4.159372926482761557e+01 4.504555159294119926e-03
4.184480996230068683e+01 4.350799481220231878e-03
4.209495048714620680e+01 4.344970791132296041e-03
4.234568601474854432e+01 4.301890360666493253e-03
4.259794184898333214e+01 4.173242530387036991e-03
4.284922176444433717e+01 4.132446996343686063e-03
4.309982534096671003e+01 4.051712862362352383e-03
4.335153475414617930e+01 3.993967442247333549e-03
4.360374984514007224e+01 3.895313763906226544e-03
4.385432838732079830e+01 3.882396146800093546e-03
4.410529766549178277e+01 3.826263251362975459e-03
4.435675536456894008e+01 3.767331909351037678e-03
4.460756668584335927e+01 3.705746499923717654e-03
4.485812369927145937e+01 3.684499423754030931e-03
4.510933196139897206e+01 3.611672579849812062e-03
4.536097672816924131e+01 3.515924282932228126e-03
4.561261869099184452e+01 3.508298298206732717e-03
4.586346064304911607e+01 3.430637466795755097e-03
4.611435299895526185e+01 3.372915555878396466e-03
4.636610302009028572e+01 3.331589091102152983e-03
4.661726081402038346e+01 3.323150688044451684e-03
4.686748045926628237e+01 3.261758648033943799e-03
4.712001000143001761e+01 3.162599181846335178e-03
4.737334269293729960e+01 3.157451990612517717e-03
4.762357272554871912e+01 3.039444657183078009e-03
4.787295862859781437e+01 3.042513694247021144e-03
4.812686710231834297e+01 2.979634789268129254e-03
4.837988354528783930e+01 2.987656767637241091e-03
4.862698975964909209e+01 2.942145598495611754e-03
4.887931961662670233e+01 2.937908413444776171e-03
4.913512531690142282e+01 2.846958575261237644e-03
4.938486646957150583e+01 2.818687422977647974e-03
4.963073103205424985e+01 2.814309824043867078e-03
4.988316058859187763e+01 2.698742479527870171e-03
5.013927392651110893e+01 2.702160817423711076e-03
5.038898445289544270e+01 2.659723682529991414e-03
5.063791314200675941e+01 2.623031780033988850e-03
5.089234515763529032e+01 2.544021821765241834e-03
5.114529266359630810e+01 2.600200906051300387e-03
5.138952878242714206e+01 2.480901532696857745e-03
5.163945178601188246e+01 2.499703572769054229e-03
5.190206698624180603e+01 2.519862559155810946e-03
5.215590084722179398e+01 2.348359940940783139e-03
5.238680673191466042e+01 2.348076200932578891e-03
5.263532591009818873e+01 2.334794378215892911e-03
5.290823119436031874e+01 2.454657511849106348e-03
5.316882575050344428e+01 2.201242126087751307e-03
5.338513341050097694e+01 2.302261898254814171e-03
5.363212510227822349e+01 2.247450089895785055e-03
5.391615723351310407e+01 2.280850374654433410e-03
5.419187693011466678e+01 2.025600698478754666e-03
5.439722241285236493e+01 1.828877403475060890e-03
5.462806064877949552e+01 2.255420113648003936e-03
5.491241494336609463e+01 2.014529731033850787e-03
5.519421446932921782e+01 2.439469900334550936e-03
5.543046826972861396e+01 2.390692172971697980e-03
5.561137265256709128e+01 9.695029130759753042e-04
