3.559856489878782115e-01 7.847518173736725657e+02
6.031648866026231293e-01 1.879660069720092395e+02
8.579160745827347778e-01 8.430337758533480041e+01
1.113464310595710716e+00 5.398782409760218570e+01
1.374039914321364408e+00 3.354547587379338580e+01
1.619154704570298309e+00 1.893975240786686243e+01
1.870686673430271840e+00 1.541810278187646155e+01
2.123290040706380832e+00 1.054148660900923673e+01
2.378144976376236119e+00 7.681446186267022469e+00
2.630489925835516996e+00 6.411798145720813302e+00
2.878653162679494670e+00 5.114738615939142363e+00
3.131144366275339319e+00 4.015936830127846413e+00
3.388159578333816313e+00 3.311252666043611903e+00
3.638741848210948149e+00 2.713886730126799041e+00
3.888315910732085268e+00 2.408881718191235422e+00
4.139052155837465996e+00 1.980279012649045045e+00
4.390305777018236988e+00 1.724666003058124453e+00
4.642172339120373081e+00 1.434055777927175424e+00
4.894678666149941293e+00 1.311880211802551432e+00
5.147269052361176378e+00 1.155556815853465036e+00
5.398003206656323272e+00 9.988611603025243646e-01
5.647798235368590269e+00 8.893618828028725387e-01
5.900534302989873581e+00 7.779481508887672314e-01
6.151460297009074374e+00 7.174313376850178781e-01
6.402630176204441526e+00 6.709818502930964268e-01
6.655964674748322096e+00 5.953910651141181010e-01
6.908782583105771202e+00 5.376611997181742764e-01
7.159060853508338873e+00 4.803288862895964684e-01
7.409414762591408632e+00 4.472293289334219879e-01
7.659227149364629561e+00 4.157632304741656348e-01
7.911559474606142395e+00 3.793404881151657415e-01
8.163750941790897997e+00 3.387986008409398231e-01
8.415757210439384295e+00 3.275898175823167557e-01
8.667638839289207198e+00 3.007168075390690976e-01
8.918801124864609520e+00 2.726762535064237158e-01
9.170480108345369530e+00 2.541284820320661719e-01
9.420566033467249412e+00 2.487381550626988902e-01
9.671642335271435797e+00 2.182296168654729862e-01
9.923426157758477473e+00 2.065830598424507059e-01
1.017396902749181820e+01 1.927085132328618666e-01
1.042533700753922155e+01 1.856040026708418167e-01
1.067702948358784276e+01 1.729129375342892960e-01
1.092969337256462303e+01 1.600361393724781534e-01
1.118211872033766419e+01 1.508188782650406179e-01
1.143346516925797296e+01 1.423560606974693665e-01
1.168350508557724687e+01 1.361580646305559639e-01
1.193379937775929100e+01 1.280708562177164389e-01
1.218553055762879112e+01 1.214716272288399179e-01
1.243711650801278878e+01 1.145919846152776561e-01
1.268867268647359303e+01 1.098324875587762678e-01
1.294075027177769144e+01 1.022307268192300667e-01
1.319267287020158363e+01 9.891562795549539711e-02
1.344470571782862756e+01 9.281300170229528357e-02
1.369480150283709641e+01 8.865463893357265757e-02
1.394591277066507828e+01 8.415046990872546151e-02
1.419764645764527167e+01 8.048447124181844214e-02
1.444766774168416212e+01 7.721836250586273931e-02
1.469906835825429070e+01 7.277595226236459325e-02
1.495059118111036511e+01 7.046266478243051745e-02
1.520261612590052991e+01 6.711915472814272698e-02
1.545415944503929495e+01 6.432444011321640509e-02
1.570456072545780124e+01 6.207888708212391804e-02
1.595705800128773966e+01 5.961998538838526179e-02
1.620829297830731619e+01 5.656483595770885747e-02
1.645966591028190962e+01 5.442878223542885890e-02
1.671125708846596325e+01 5.231240423184865124e-02
1.696160259490052624e+01 5.006684980646088079e-02
1.721370276108077135e+01 4.830148417279465922e-02
1.746543424102250341e+01 4.671859587869573588e-02
1.771598473288305442e+01 4.454765861970975266e-02
1.796653767411944003e+01 4.303888021003489384e-02
1.821765658501893270e+01 4.159523786765268599e-02
1.847053788120423334e+01 4.008458053806664839e-02
1.872257696809484173e+01 3.835052580204448280e-02
1.897394097105746269e+01 3.735333959513240792e-02
1.922542454726159988e+01 3.551592283859347082e-02
1.947607703355479103e+01 3.470263058094543579e-02
1.972678839839982601e+01 3.357148587113210209e-02
1.997802698857814363e+01 3.252098103962364900e-02
2.022863620534168660e+01 3.147228850851618159e-02
2.047969598507238231e+01 3.031181656543530459e-02
2.073250439107362553e+01 2.919408618876089337e-02
2.098435855211640089e+01 2.847941868439148386e-02
2.123502923393334640e+01 2.763882776764297125e-02
2.148629411178690773e+01 2.666763389197783149e-02
2.173831825513516591e+01 2.605152683415959056e-02
2.198972260956887226e+01 2.506682058237492614e-02
2.223974971000711420e+01 2.443622464056232138e-02
2.249141870643862973e+01 2.363607668640892862e-02
2.274404614890906373e+01 2.297517867003331243e-02
2.299521835768831579e+01 2.218139088178363791e-02
2.324620084136223852e+01 2.142064050400505765e-02
2.349757798664387209e+01 2.093409028779542533e-02
2.374870488118759937e+01 2.027469368972482228e-02
2.399988781917473091e+01 1.983634591450778029e-02
2.425071646049711305e+01 1.911921713205942674e-02
2.450187830577813841e+01 1.878816311326767657e-02
2.475391093216606109e+01 1.825077908704624691e-02
2.500524226975159792e+01 1.779140103759947397e-02
2.525610980153284402e+01 1.713050817333095985e-02
2.550801425092822328e+01 1.683587447480685076e-02
2.575943113325822864e+01 1.640746740573010426e-02
2.601074166866445125e+01 1.584846478237557019e-02
2.626234447079615464e+01 1.559738490253431177e-02
2.651347712943701751e+01 1.510679887425556665e-02
2.676474177984877656e+01 1.488435941729082147e-02
2.701628079430242479e+01 1.439522689179230375e-02
2.726734205837282232e+01 1.411402205932505045e-02
2.751837013544679422e+01 1.376730875995437267e-02
2.776937726815812724e+01 1.350905474156420538e-02
2.802070160973895341e+01 1.299324659182557809e-02
2.827249982643487058e+01 1.270617608401988959e-02
2.852407603869968966e+01 1.249696890957560126e-02
2.877567300468570721e+01 1.221012655971845731e-02
2.902733523039245256e+01 1.185986191114036907e-02
2.927861073083739996e+01 1.162593524843263948e-02
2.953003196193969160e+01 1.131643702837676832e-02
2.978106336846375157e+01 1.103362104721372985e-02
3.003148440777084716e+01 1.081554665754408222e-02
3.028303386126418673e+01 1.058796234256061640e-02
3.053456493440382857e+01 1.037597819913546084e-02
3.078585183944906944e+01 1.012265550256954104e-02
3.103757946070165730e+01 9.897103857414515232e-03
3.128931656795834826e+01 9.702402907482332930e-03
3.154125974608096428e+01 9.543658253191825147e-03
3.179158626791808828e+01 9.259348668094101453e-03
3.204196438636942190e+01 9.066872687213607326e-03
3.229344668057169798e+01 8.899862249159526048e-03
3.254489998018084407e+01 8.713914237743893704e-03
3.279660140319880668e+01 8.559370623691211696e-03
3.304772754686901237e+01 8.380798907084952357e-03
3.329949953441923327e+01 8.201451806256370922e-03
3.355173249539067371e+01 8.020823688036887722e-03
3.380235474142784824e+01 7.863918791327764723e-03
3.405292218889088218e+01 7.738691252601680691e-03
3.430455901572810262e+01 7.575311518608270414e-03
3.455605119154291316e+01 7.420538677725663744e-03
3.480708698418615654e+01 7.294916968315257218e-03
3.505823042281740243e+01 7.126995520908929391e-03
3.530983122122644602e+01 7.002103490420111612e-03
3.556111974160763367e+01 6.888179469222916081e-03
3.581195885960364933e+01 6.772970384753479629e-03
3.606348577968052638e+01 6.610041958377332882e-03
3.631495136683125935e+01 6.486414325089707132e-03
3.656646781331610185e+01 6.372437285402049109e-03
3.681800948534306173e+01 6.282452148455207330e-03
3.706942350460822411e+01 6.134593267898586812e-03
3.732119977997001570e+01 6.020302620424760991e-03
3.757249197135423202e+01 5.946329936805883065e-03
3.782324055213251057e+01 5.800808083272563503e-03
3.807430609684078604e+01 5.673835729343803570e-03
3.832526519371521090e+01 5.646447715153931485e-03
3.857704530181875668e+01 5.503012221276560277e-03
3.882896255048217427e+01 5.351386124786310268e-03
3.907976684424035341e+01 5.301720400189608232e-03
3.933085588900704010e+01 5.223809221777174147e-03
3.958184533965361140e+01 5.126416919574403562e-03
3.983320492881626507e+01 5.024577782436255233e-03
4.008506787586624398e+01 4.970729573933388781e-03
4.033569471078550350e+01 4.876315745721184446e-03
4.058701345074587863e+01 4.782018933338873928e-03
4.083916815834436420e+01 4.710097427292858976e-03
4.108978611092747713e+01 4.617897620499722064e-03
4.134119394692694271e+01 4.530640607017442228e-03
4.159372926482761557e+01 4.454710556504443836e-03
4.184480996230068683e+01 4.437997313580150510e-03
4.209495048714620680e+01 4.333115006018161026e-03
4.234568601474854432e+01 4.261009815479277485e-03
4.259794184898333214e+01 4.187845248106594233e-03
4.284922176444433717e+01 4.135224518323789115e-03
4.309982534096671003e+01 4.045689083500245663e-03
4.335153475414617930e+01 4.000110101658882998e-03
4.360374984514007224e+01 3.935726735316740291e-03
4.385432838732079830e+01 3.890959650567579232e-03
4.410529766549178277e+01 3.830529568674146020e-03
4.435675536456894008e+01 3.761383912666681900e-03
4.460756668584335927e+01 3.723797629012794586e-03
4.485812369927145937e+01 3.664802943219859846e-03
4.510933196139897206e+01 3.623760028754396175e-03
4.536097672816924131e+01 3.516149463532148960e-03
4.561261869099184452e+01 3.509263717009846774e-03
4.586346064304911607e+01 3.458167326382306436e-03
4.611435299895526185e+01 3.368091056889192282e-03
4.636610302009028572e+01 3.350789980482330593e-03
4.661726081402038346e+01 3.289174908433384684e-03
4.686748045926628237e+01 3.195636818462917628e-03
4.712001000143001761e+01 3.225240359592636361e-03
4.737334269293729960e+01 3.146164306562337053e-03
4.762357272554871912e+01 3.077013434635842044e-03
4.787295862859781437e+01 3.032835990623115874e-03
4.812686710231834297e+01 3.051663984462219242e-03
4.837988354528783930e+01 2.968627014236723070e-03
4.862698975964909209e+01 2.956159505484002616e-03
4.887931961662670233e+01 2.862818094785356260e-03
4.913512531690142282e+01 2.854233067725153901e-03
4.938486646957150583e+01 2.817534726896727716e-03
4.963073103205424985e+01 2.801382256509690055e-03
4.988316058859187763e+01 2.711753832490836156e-03
5.013927392651110893e+01 2.659768289787004577e-03
5.038898445289544270e+01 2.672150875033043726e-03
5.063791314200675941e+01 2.638395140344929231e-03
5.089234515763529032e+01 2.618387859069634671e-03
5.114529266359630810e+01 2.571275878377965018e-03
5.138952878242714206e+01 2.498360733313427593e-03
5.163945178601188246e+01 2.465693975699563816e-03
5.190206698624180603e+01 2.448741239861793560e-03
5.215590084722179398e+01 2.476674332287113513e-03
5.238680673191466042e+01 2.326523871668543381e-03
5.263532591009818873e+01 2.299418947275777905e-03
5.290823119436031874e+01 2.303118672189908168e-03
5.316882575050344428e+01 2.314017029770514423e-03
5.338513341050097694e+01 2.275118768525912633e-03
5.363212510227822349e+01 2.271725823119573415e-03
5.391615723351310407e+01 2.320818773939313778e-03
5.419187693011466678e+01 2.303509008078027422e-03
5.439722241285236493e+01 2.103525888240483088e-03
5.462806064877949552e+01 2.206269736363621406e-03
5.491241494336609463e+01 2.091426321051155241e-03
5.519421446932921782e+01 1.957463906131597271e-03
5.543046826972861396e+01 2.263796503155468022e-03
5.561137265256709128e+01 9.798747054989979163e-04
