3.559856489878782115e-01 4.314708495146148834e+02
6.031648866026231293e-01 2.095207125636132730e+02
8.579160745827347778e-01 8.799190446288713474e+01
1.113464310595710716e+00 5.256181334000258687e+01
1.374039914321364408e+00 2.918275470294467766e+01
1.619154704570298309e+00 2.027154151880219857e+01
1.870686673430271840e+00 1.412394717921003817e+01
2.123290040706380832e+00 9.952272609764822420e+00
2.378144976376236119e+00 8.200616326065096828e+00
2.630489925835516996e+00 6.670608909617981475e+00
2.878653162679494670e+00 4.812913973788946365e+00
3.131144366275339319e+00 3.897409200751731362e+00
3.388159578333816313e+00 3.388053614733545160e+00
3.638741848210948149e+00 2.654975622522242062e+00
3.888315910732085268e+00 2.323323691396650403e+00
4.139052155837465996e+00 1.933982852595013568e+00
4.390305777018236988e+00 1.671148574229446293e+00
4.642172339120373081e+00 1.460125694900140880e+00
4.894678666149941293e+00 1.286442668112232735e+00
5.147269052361176378e+00 1.160380366116115392e+00
5.398003206656323272e+00 1.017713920868624555e+00
5.647798235368590269e+00 8.747441991261322158e-01
5.900534302989873581e+00 7.735165314835455996e-01
6.151460297009074374e+00 7.267394711064977253e-01
6.402630176204441526e+00 6.353260548202148694e-01
6.655964674748322096e+00 5.866276440965708661e-01
6.908782583105771202e+00 5.260702612598270322e-01
7.159060853508338873e+00 4.794200395890957367e-01
7.409414762591408632e+00 4.490907356952446583e-01
7.659227149364629561e+00 4.086721107420530075e-01
7.911559474606142395e+00 3.747081034201675265e-01
8.163750941790897997e+00 3.422256220427730700e-01
8.415757210439384295e+00 3.162608394851830762e-01
8.667638839289207198e+00 2.938906619047392810e-01
8.918801124864609520e+00 2.678260445498959474e-01
9.170480108345369530e+00 2.533443895827351411e-01
9.420566033467249412e+00 2.429606028632011749e-01
9.671642335271435797e+00 2.258101244131638652e-01
9.923426157758477473e+00 2.079628003885442555e-01
1.017396902749181820e+01 1.970379868742182239e-01
1.042533700753922155e+01 1.814060116035511594e-01
1.067702948358784276e+01 1.735743640983146152e-01
1.092969337256462303e+01 1.586133985955102688e-01
1.118211872033766419e+01 1.503704444751787217e-01
1.143346516925797296e+01 1.425162377880213049e-01
1.168350508557724687e+01 1.351048853701879993e-01
1.193379937775929100e+01 1.278251885786541586e-01
1.218553055762879112e+01 1.205333398736839895e-01
1.243711650801278878e+01 1.149481333406989075e-01
1.268867268647359303e+01 1.069392207186874444e-01
1.294075027177769144e+01 1.023268107555919543e-01
1.319267287020158363e+01 9.791427250261675042e-02
1.344470571782862756e+01 9.260539424181594981e-02
1.369480150283709641e+01 8.841481375531616560e-02
1.394591277066507828e+01 8.395304024919969521e-02
1.419764645764527167e+01 8.070372105933046325e-02
1.444766774168416212e+01 7.693697829761733664e-02
1.469906835825429070e+01 7.370246099856878064e-02
1.495059118111036511e+01 7.079292332886764905e-02
1.520261612590052991e+01 6.695894212638978105e-02
1.545415944503929495e+01 6.465947758704584936e-02
1.570456072545780124e+01 6.121837659886912586e-02
1.595705800128773966e+01 5.930089603457919939e-02
1.620829297830731619e+01 5.713813437630325953e-02
1.645966591028190962e+01 5.441071621358749971e-02
1.671125708846596325e+01 5.221736286753982104e-02
1.696160259490052624e+01 4.996246523907135056e-02
1.721370276108077135e+01 4.852032379248425592e-02
1.746543424102250341e+01 4.653592817869136450e-02
1.771598473288305442e+01 4.481943938050338833e-02
1.796653767411944003e+01 4.285906488313097340e-02
1.821765658501893270e+01 4.166566208887607925e-02
1.847053788120423334e+01 4.012602833333696328e-02
1.872257696809484173e+01 3.839051336560019012e-02
1.897394097105746269e+01 3.735968874394873102e-02
1.922542454726159988e+01 3.608626194488621236e-02
1.947607703355479103e+01 3.470620675948990486e-02
1.972678839839982601e+01 3.341593265649882988e-02
1.997802698857814363e+01 3.238969005394044809e-02
2.022863620534168660e+01 3.144319841530030663e-02
2.047969598507238231e+01 3.021389365569648183e-02
2.073250439107362553e+01 2.918778502283142853e-02
2.098435855211640089e+01 2.805575169993483262e-02
2.123502923393334640e+01 2.747123606496905054e-02
2.148629411178690773e+01 2.669796108578910421e-02
2.173831825513516591e+01 2.600108948154649866e-02
2.198972260956887226e+01 2.543305286339240037e-02
2.223974971000711420e+01 2.421093696573044587e-02
2.249141870643862973e+01 2.365797622171697187e-02
2.274404614890906373e+01 2.306227406905101210e-02
2.299521835768831579e+01 2.237984368852536168e-02
2.324620084136223852e+01 2.167077327955549415e-02
2.349757798664387209e+01 2.093778743060965147e-02
2.374870488118759937e+01 2.040216566303770448e-02
2.399988781917473091e+01 1.983427274440357352e-02
2.425071646049711305e+01 1.934963568555377045e-02
2.450187830577813841e+01 1.884128252293435640e-02
2.475391093216606109e+01 1.823876255580366909e-02
2.500524226975159792e+01 1.779454537418293306e-02
2.525610980153284402e+01 1.728840970006572872e-02
2.550801425092822328e+01 1.697595247100953247e-02
2.575943113325822864e+01 1.634986857663293935e-02
2.601074166866445125e+01 1.590258920358856437e-02
2.626234447079615464e+01 1.558095576201672453e-02
2.651347712943701751e+01 1.514054650892781954e-02
2.676474177984877656e+01 1.481317223720481253e-02
2.701628079430242479e+01 1.443968014772666238e-02
2.726734205837282232e+01 1.407752928993059871e-02
2.751837013544679422e+01 1.370636939242537468e-02
2.776937726815812724e+01 1.342189590938442680e-02
2.802070160973895341e+01 1.310959067043002482e-02
2.827249982643487058e+01 1.271556648173380842e-02
2.852407603869968966e+01 1.246233859340416944e-02
2.877567300468570721e+01 1.218916707307548045e-02
2.902733523039245256e+01 1.182644865777398267e-02
2.927861073083739996e+01 1.156766588120143602e-02
2.953003196193969160e+01 1.141253435298549002e-02
2.978106336846375157e+01 1.110252428618734716e-02
3.003148440777084716e+01 1.087891399425252453e-02
3.028303386126418673e+01 1.059000654338350909e-02
3.053456493440382857e+01 1.039135515165899581e-02
3.078585183944906944e+01 1.015629251685721580e-02
3.103757946070165730e+01 9.898820805281430962e-03
3.128931656795834826e+01 9.694192669773452758e-03
3.154125974608096428e+01 9.520692927330069374e-03
3.179158626791808828e+01 9.311900007553273670e-03
3.204196438636942190e+01 9.103337728753792962e-03
3.229344668057169798e+01 8.965818311589960829e-03
3.254489998018084407e+01 8.751351246762548858e-03
3.279660140319880668e+01 8.590766396625463056e-03
3.304772754686901237e+01 8.361603108594291983e-03
3.329949953441923327e+01 8.156454452167049077e-03
3.355173249539067371e+01 8.055917791608130721e-03
3.380235474142784824e+01 7.905674695121151299e-03
3.405292218889088218e+01 7.656403201566453626e-03
3.430455901572810262e+01 7.553291376109063336e-03
3.455605119154291316e+01 7.435699895677955022e-03
3.480708698418615654e+01 7.302405648573376956e-03
3.505823042281740243e+01 7.105081689400776120e-03
3.530983122122644602e+01 7.005640030465895909e-03
3.556111974160763367e+01 6.817667324923872875e-03
3.581195885960364933e+01 6.765591831964728499e-03
3.606348577968052638e+01 6.625075823910139133e-03
3.631495136683125935e+01 6.476512963041554730e-03
3.656646781331610185e+01 6.383635516505951207e-03
3.681800948534306173e+01 6.274289116518235766e-03
3.706942350460822411e+01 6.140018352642983950e-03
3.732119977997001570e+01 6.033283147547441674e-03
3.757249197135423202e+01 5.914726177807166051e-03
3.782324055213251057e+01 5.820176622075380612e-03
3.807430609684078604e+01 5.686559680883563825e-03
3.832526519371521090e+01 5.619040145275210757e-03
3.857704530181875668e+01 5.513636508920491397e-03
3.882896255048217427e+01 5.398776701238211691e-03
3.907976684424035341e+01 5.284225466876283327e-03
3.933085588900704010e+01 5.225345440811331177e-03
3.958184533965361140e+01 5.121314160474932896e-03
3.983320492881626507e+01 5.015785804742230354e-03
4.008506787586624398e+01 4.977109954592901647e-03
4.033569471078550350e+01 4.899698362791500041e-03
4.058701345074587863e+01 4.818161343370410722e-03
4.083916815834436420e+01 4.699712463776356715e-03
4.108978611092747713e+01 4.612154205734897254e-03
4.134119394692694271e+01 4.583516551442808236e-03
4.159372926482761557e+01 4.461483085675422948e-03
4.184480996230068683e+01 4.403450765081269765e-03
4.209495048714620680e+01 4.338594348027718928e-03
4.234568601474854432e+01 4.271601133238064549e-03
4.259794184898333214e+01 4.201733949164022583e-03
4.284922176444433717e+01 4.121157384533511228e-03
4.309982534096671003e+01 4.044943482213232515e-03
4.335153475414617930e+01 4.006731696590107132e-03
4.360374984514007224e+01 3.921382759623245548e-03
4.385432838732079830e+01 3.869254157073846474e-03
4.410529766549178277e+01 3.832049138469144269e-03
4.435675536456894008e+01 3.733755508286482408e-03
4.460756668584335927e+01 3.663078327560818914e-03
4.485812369927145937e+01 3.642521481005822539e-03
4.510933196139897206e+01 3.612950235354649153e-03
4.536097672816924131e+01 3.528882396426098658e-03
4.561261869099184452e+01 3.491317431028345252e-03
4.586346064304911607e+01 3.479121858067934364e-03
4.611435299895526185e+01 3.395749582718875312e-03
4.636610302009028572e+01 3.323331631109801686e-03
4.661726081402038346e+01 3.255357014883935186e-03
4.686748045926628237e+01 3.226265005401765702e-03
4.712001000143001761e+01 3.184908938933822369e-03
4.737334269293729960e+01 3.153832324772548341e-03
4.762357272554871912e+01 3.133589347375506391e-03
4.787295862859781437e+01 3.069794544513049488e-03
4.812686710231834297e+01 3.022387976865127928e-03
4.837988354528783930e+01 2.995139667727541623e-03
4.862698975964909209e+01 2.911977509192950012e-03
4.887931961662670233e+01 2.867399768411408364e-03
4.913512531690142282e+01 2.800028833757840958e-03
4.938486646957150583e+01 2.877697216399731708e-03
4.963073103205424985e+01 2.786199203728355854e-03
4.988316058859187763e+01 2.723050645431929987e-03
5.013927392651110893e+01 2.680446317105657228e-03
5.038898445289544270e+01 2.648028152363701704e-03
5.063791314200675941e+01 2.619211157257427761e-03
5.089234515763529032e+01 2.615407160131431701e-03
5.114529266359630810e+01 2.580373620995761279e-03
5.138952878242714206e+01 2.567605020779094305e-03
5.163945178601188246e+01 2.417672818958846101e-03
5.190206698624180603e+01 2.507200619160950168e-03
5.215590084722179398e+01 2.426147008126769249e-03
5.238680673191466042e+01 2.324172638631091803e-03
5.263532591009818873e+01 2.352030868446404379e-03
5.290823119436031874e+01 2.271445995569650999e-03
5.316882575050344428e+01 2.268695943718082673e-03
5.338513341050097694e+01 2.324352103769517734e-03
5.363212510227822349e+01 2.181430413306443584e-03
5.391615723351310407e+01 2.156203232700110682e-03
5.419187693011466678e+01 2.041432245818542747e-03
5.439722241285236493e+01 2.311727473233178738e-03
5.462806064877949552e+01 1.849644645701239553e-03
5.491241494336609463e+01 2.397813918897008338e-03
5.519421446932921782e+01 2.423618173672084739e-03
5.543046826972861396e+01 2.279410400429119059e-03
5.561137265256709128e+01 1.664310580822143211e-03
