3.559856489878782115e-01 7.299713116841843430e+02
6.031648866026231293e-01 1.606109368313952359e+02
8.579160745827347778e-01 8.005571879139291980e+01
1.113464310595710716e+00 5.640282059632354361e+01
1.374039914321364408e+00 3.060758529939260342e+01
1.619154704570298309e+00 2.074660368271625543e+01
1.870686673430271840e+00 1.317073863573829051e+01
2.123290040706380832e+00 9.644204158222816403e+00
2.378144976376236119e+00 7.745569221115390590e+00
2.630489925835516996e+00 6.387284974962916806e+00
2.878653162679494670e+00 5.261176518256586832e+00
3.131144366275339319e+00 4.030537090361312025e+00
3.388159578333816313e+00 3.231109271926024373e+00
3.638741848210948149e+00 2.670263319048900907e+00
3.888315910732085268e+00 2.293403183933107048e+00
4.139052155837465996e+00 1.984284577307625419e+00
4.390305777018236988e+00 1.685377782756808163e+00
4.642172339120373081e+00 1.478436705926248651e+00
4.894678666149941293e+00 1.311254062853951075e+00
5.147269052361176378e+00 1.122688612585192258e+00
5.398003206656323272e+00 1.040658370270866273e+00
5.647798235368590269e+00 9.028799594271584850e-01
5.900534302989873581e+00 7.933237418247220951e-01
6.151460297009074374e+00 6.967118414488004952e-01
6.402630176204441526e+00 6.598592203174814541e-01
6.655964674748322096e+00 6.056633565081146475e-01
6.908782583105771202e+00 5.387108147126981050e-01
7.159060853508338873e+00 4.864355661292036337e-01
7.409414762591408632e+00 4.375599810493087105e-01
7.659227149364629561e+00 4.054591029892772869e-01
7.911559474606142395e+00 3.768252082295772687e-01
8.163750941790897997e+00 3.466602222792272703e-01
8.415757210439384295e+00 3.118014446270080953e-01
8.667638839289207198e+00 2.918812831355700466e-01
8.918801124864609520e+00 2.728474991128929661e-01
9.170480108345369530e+00 2.502370038928887208e-01
9.420566033467249412e+00 2.346990459580038935e-01
9.671642335271435797e+00 2.201885293448526126e-01
9.923426157758477473e+00 2.040162976367791703e-01
1.017396902749181820e+01 1.928848033920127214e-01
1.042533700753922155e+01 1.817519818579490798e-01
1.067702948358784276e+01 1.735476619606840798e-01
1.092969337256462303e+01 1.598336971852075405e-01
1.118211872033766419e+01 1.540485450924583277e-01
1.143346516925797296e+01 1.435654704441040319e-01
1.168350508557724687e+01 1.370584946436988472e-01
1.193379937775929100e+01 1.270997006021740983e-01
1.218553055762879112e+01 1.204657083872005263e-01
1.243711650801278878e+01 1.133712579085881800e-01
1.268867268647359303e+01 1.068352843554444265e-01
1.294075027177769144e+01 1.034233266588384520e-01
1.319267287020158363e+01 9.736506806785794055e-02
1.344470571782862756e+01 9.230147737156832455e-02
1.369480150283709641e+01 8.928079481174046317e-02
1.394591277066507828e+01 8.498059346564951211e-02
1.419764645764527167e+01 8.134958642709741450e-02
1.444766774168416212e+01 7.677803170263167165e-02
1.469906835825429070e+01 7.305209725121583619e-02
1.495059118111036511e+01 6.939651887402294161e-02
1.520261612590052991e+01 6.712670416623313374e-02
1.545415944503929495e+01 6.462523495218396030e-02
1.570456072545780124e+01 6.154238683655878506e-02
1.595705800128773966e+01 5.827138278820673950e-02
1.620829297830731619e+01 5.692029363800441694e-02
1.645966591028190962e+01 5.433932493285608539e-02
1.671125708846596325e+01 5.205014978586351704e-02
1.696160259490052624e+01 5.010251690338936303e-02
1.721370276108077135e+01 4.824271851658033794e-02
1.746543424102250341e+01 4.662122062527663396e-02
1.771598473288305442e+01 4.487149936004199841e-02
1.796653767411944003e+01 4.318099226853089334e-02
1.821765658501893270e+01 4.146385900026493959e-02
1.847053788120423334e+01 4.017135487105492897e-02
1.872257696809484173e+01 3.846318621937677706e-02
1.897394097105746269e+01 3.720704289677574661e-02
1.922542454726159988e+01 3.596249620059021462e-02
1.947607703355479103e+01 3.479303941678265483e-02
1.972678839839982601e+01 3.353348719216813628e-02
1.997802698857814363e+01 3.251166097241165592e-02
2.022863620534168660e+01 3.135620375831996848e-02
2.047969598507238231e+01 3.045882606534373524e-02
2.073250439107362553e+01 2.928953501899454748e-02
2.098435855211640089e+01 2.838549550202697919e-02
2.123502923393334640e+01 2.755149034054687335e-02
2.148629411178690773e+01 2.660578914836810721e-02
2.173831825513516591e+01 2.603376820338727804e-02
2.198972260956887226e+01 2.517373128206297148e-02
2.223974971000711420e+01 2.438347299169716861e-02
2.249141870643862973e+01 2.358988165149715141e-02
2.274404614890906373e+01 2.302337021108025530e-02
2.299521835768831579e+01 2.238310299875114276e-02
2.324620084136223852e+01 2.173071649017047427e-02
2.349757798664387209e+01 2.101953887702412427e-02
2.374870488118759937e+01 2.047048597023340064e-02
2.399988781917473091e+01 1.982566626560116133e-02
2.425071646049711305e+01 1.931394522070674011e-02
2.450187830577813841e+01 1.878556325136716484e-02
2.475391093216606109e+01 1.813978379068812569e-02
2.500524226975159792e+01 1.767921370110515228e-02
2.525610980153284402e+01 1.738701177138864476e-02
2.550801425092822328e+01 1.692588945706822653e-02
2.575943113325822864e+01 1.635841253220622279e-02
2.601074166866445125e+01 1.594710311872589437e-02
2.626234447079615464e+01 1.571279980303307358e-02
2.651347712943701751e+01 1.516069787353352231e-02
2.676474177984877656e+01 1.473282224422080983e-02
2.701628079430242479e+01 1.444179868980001620e-02
2.726734205837282232e+01 1.408169632683589460e-02
2.751837013544679422e+01 1.373495194704421433e-02
2.776937726815812724e+01 1.338813768129007951e-02
2.802070160973895341e+01 1.316464993719578674e-02
2.827249982643487058e+01 1.273926375560984793e-02
2.852407603869968966e+01 1.246612588909872844e-02
2.877567300468570721e+01 1.218886017272329501e-02
2.902733523039245256e+01 1.194884611081655466e-02
2.927861073083739996e+01 1.160233142516712418e-02
2.953003196193969160e+01 1.130975708186708097e-02
2.978106336846375157e+01 1.111124173958255579e-02
3.003148440777084716e+01 1.088589985470084058e-02
3.028303386126418673e+01 1.061867440434295130e-02
3.053456493440382857e+01 1.038495960873923700e-02
3.078585183944906944e+01 1.015625083386217410e-02
3.103757946070165730e+01 9.937461314968356815e-03
3.128931656795834826e+01 9.757854421401229716e-03
3.154125974608096428e+01 9.449257716630934251e-03
3.179158626791808828e+01 9.302486442408141806e-03
3.204196438636942190e+01 9.140438009157370036e-03
3.229344668057169798e+01 8.914256971249479022e-03
3.254489998018084407e+01 8.700654526207499823e-03
3.279660140319880668e+01 8.538164832946351646e-03
3.304772754686901237e+01 8.385434886314874561e-03
3.329949953441923327e+01 8.189556204288451352e-03
3.355173249539067371e+01 8.036009475811496314e-03
3.380235474142784824e+01 7.814895667595469012e-03
3.405292218889088218e+01 7.677787470846778387e-03
3.430455901572810262e+01 7.569430117884764705e-03
3.455605119154291316e+01 7.405766553572429474e-03
3.480708698418615654e+01 7.275040536682724282e-03
3.505823042281740243e+01 7.167593378229738209e-03
3.530983122122644602e+01 6.983229376981741482e-03
3.556111974160763367e+01 6.891825822216916808e-03
3.581195885960364933e+01 6.717648504921431597e-03
3.606348577968052638e+01 6.612748455310823656e-03
3.631495136683125935e+01 6.410624457038108064e-03
3.656646781331610185e+01 6.355648408821182836e-03
3.681800948534306173e+01 6.248125604264013165e-03
3.706942350460822411e+01 6.136658757262041831e-03
3.732119977997001570e+01 5.979855973912769074e-03
3.757249197135423202e+01 5.916059954292159605e-03
3.782324055213251057e+01 5.801609704879271377e-03
3.807430609684078604e+01 5.735045392543609843e-03
3.832526519371521090e+01 5.565981310133538869e-03
3.857704530181875668e+01 5.443428895642880329e-03
3.882896255048217427e+01 5.381855230321351026e-03
3.907976684424035341e+01 5.313821895068475756e-03
3.933085588900704010e+01 5.209358603585326555e-03
3.958184533965361140e+01 5.108173559091984221e-03
3.983320492881626507e+01 5.033477059857676718e-03
4.008506787586624398e+01 4.973988410148197890e-03
4.033569471078550350e+01 4.886179312907005905e-03
4.058701345074587863e+01 4.805021272716886865e-03
4.083916815834436420e+01 4.705588825989244148e-03
4.108978611092747713e+01 4.621875754593321971e-03
4.134119394692694271e+01 4.552085989477238845e-03
4.159372926482761557e+01 4.482999466213354912e-03
4.184480996230068683e+01 4.462544764852807537e-03
4.209495048714620680e+01 4.381703284661139959e-03
4.234568601474854432e+01 4.270301540366855213e-03
4.259794184898333214e+01 4.195922381834299789e-03
4.284922176444433717e+01 4.125464933458811677e-03
4.309982534096671003e+01 4.080611509283690354e-03
4.335153475414617930e+01 4.004623286996844382e-03
4.360374984514007224e+01 3.929907488399673847e-03
4.385432838732079830e+01 3.912035726715156272e-03
4.410529766549178277e+01 3.851643353763384119e-03
4.435675536456894008e+01 3.733742906940852244e-03
4.460756668584335927e+01 3.746594257326414743e-03
4.485812369927145937e+01 3.650784528922488507e-03
4.510933196139897206e+01 3.590093086684495449e-03
4.536097672816924131e+01 3.548935405208800565e-03
4.561261869099184452e+01 3.491551811660998685e-03
4.586346064304911607e+01 3.424719588912635785e-03
4.611435299895526185e+01 3.356330185546418758e-03
4.636610302009028572e+01 3.373347762617741157e-03
4.661726081402038346e+01 3.248262999782357188e-03
4.686748045926628237e+01 3.234103813223526604e-03
4.712001000143001761e+01 3.169633530211404988e-03
4.737334269293729960e+01 3.150047346852863275e-03
4.762357272554871912e+01 3.099468138293248569e-03
4.787295862859781437e+01 3.057556730810808907e-03
4.812686710231834297e+01 3.034034747507698224e-03
4.837988354528783930e+01 3.009628560715317362e-03
4.862698975964909209e+01 2.931323400170855655e-03
4.887931961662670233e+01 2.888667143871379798e-03
4.913512531690142282e+01 2.832683652956575430e-03
4.938486646957150583e+01 2.834028623072872965e-03
4.963073103205424985e+01 2.846008054298080920e-03
4.988316058859187763e+01 2.730486865028712573e-03
5.013927392651110893e+01 2.648227304127254590e-03
5.038898445289544270e+01 2.688636535601645391e-03
5.063791314200675941e+01 2.626452309948789331e-03
5.089234515763529032e+01 2.563492696256819674e-03
5.114529266359630810e+01 2.472350346742933740e-03
5.138952878242714206e+01 2.457525078208625674e-03
5.163945178601188246e+01 2.440997526878826897e-03
5.190206698624180603e+01 2.510360288773199472e-03
5.215590084722179398e+01 2.467698657162468480e-03
5.238680673191466042e+01 2.280086755538676506e-03
5.263532591009818873e+01 2.348840065482649727e-03
5.290823119436031874e+01 2.398210210265289567e-03
5.316882575050344428e+01 2.348200862760790701e-03
5.338513341050097694e+01 2.264757553829652766e-03
5.363212510227822349e+01 2.106516196385100573e-03
5.391615723351310407e+01 2.081758631939028409e-03
5.419187693011466678e+01 2.224801287936543741e-03
5.439722241285236493e+01 2.104390936891964870e-03
5.462806064877949552e+01 2.161479370618770487e-03
5.491241494336609463e+01 2.109032879513721669e-03
5.519421446932921782e+01 1.922711550349024724e-03
5.543046826972861396e+01 2.071233567847448765e-03
5.561137265256709128e+01 9.520939053802965520e-04
