3.559856489878782115e-01 6.181512288926204519e+02
6.031648866026231293e-01 2.358294981493350519e+02
8.579160745827347778e-01 8.548200668250741785e+01
1.113464310595710716e+00 6.047298713663467140e+01
1.374039914321364408e+00 2.938873445497485903e+01
1.619154704570298309e+00 1.950263603966801185e+01
1.870686673430271840e+00 1.401462683583391033e+01
2.123290040706380832e+00 9.808131121313396150e+00
2.378144976376236119e+00 7.087114220486101068e+00
2.630489925835516996e+00 5.904558895508437821e+00
2.878653162679494670e+00 4.737053745783991410e+00
3.131144366275339319e+00 4.218964424826540771e+00
3.388159578333816313e+00 3.327600184007033501e+00
3.638741848210948149e+00 2.705654409828096796e+00
3.888315910732085268e+00 2.397467304018147338e+00
4.139052155837465996e+00 1.947620603769510517e+00
4.390305777018236988e+00 1.738273826421292023e+00
4.642172339120373081e+00 1.459979632110551151e+00
4.894678666149941293e+00 1.303594349378679018e+00
5.147269052361176378e+00 1.151600280462408366e+00
5.398003206656323272e+00 1.009467202420191834e+00
5.647798235368590269e+00 9.320581730375359086e-01
5.900534302989873581e+00 8.011716097355157107e-01
6.151460297009074374e+00 7.393014280241415603e-01
6.402630176204441526e+00 6.569697913995080629e-01
6.655964674748322096e+00 5.759526280641164009e-01
6.908782583105771202e+00 5.202263683438356212e-01
7.159060853508338873e+00 4.830397184019275536e-01
7.409414762591408632e+00 4.438294011445833021e-01
7.659227149364629561e+00 4.107844506324276335e-01
7.911559474606142395e+00 3.736863225416170442e-01
8.163750941790897997e+00 3.483815722635746348e-01
8.415757210439384295e+00 3.205250154228913018e-01
8.667638839289207198e+00 2.941995765754590875e-01
8.918801124864609520e+00 2.760898867289150460e-01
9.170480108345369530e+00 2.537326548269746018e-01
9.420566033467249412e+00 2.327099729140678641e-01
9.671642335271435797e+00 2.238203270843000525e-01
9.923426157758477473e+00 2.080799483919445469e-01
1.017396902749181820e+01 1.922141143365224680e-01
1.042533700753922155e+01 1.812686304530354287e-01
1.067702948358784276e+01 1.720617927294346428e-01
1.092969337256462303e+01 1.615966305850816687e-01
1.118211872033766419e+01 1.526100557412770342e-01
1.143346516925797296e+01 1.427195661616509625e-01
1.168350508557724687e+01 1.348197202366492042e-01
1.193379937775929100e+01 1.278810970741278419e-01
1.218553055762879112e+01 1.205523679197141595e-01
1.243711650801278878e+01 1.132232205379564982e-01
1.268867268647359303e+01 1.081859244500604084e-01
1.294075027177769144e+01 1.022091090145732101e-01
1.319267287020158363e+01 9.776917047961462826e-02
1.344470571782862756e+01 9.374151414012102390e-02
1.369480150283709641e+01 8.831793669315796125e-02
1.394591277066507828e+01 8.409501605040974048e-02
1.419764645764527167e+01 8.073553296067965956e-02
1.444766774168416212e+01 7.684441282170571819e-02
1.469906835825429070e+01 7.343009157841977330e-02
1.495059118111036511e+01 7.042557922741293774e-02
1.520261612590052991e+01 6.677060780732667344e-02
1.545415944503929495e+01 6.503872781108405166e-02
1.570456072545780124e+01 6.241501100355726500e-02
1.595705800128773966e+01 5.915077545319710056e-02
1.620829297830731619e+01 5.626171238413671394e-02
1.645966591028190962e+01 5.417805037253514699e-02
1.671125708846596325e+01 5.188158703005512490e-02
1.696160259490052624e+01 4.996564105828833757e-02
1.721370276108077135e+01 4.813477188006650559e-02
1.746543424102250341e+01 4.649270275572243982e-02
1.771598473288305442e+01 4.523233802242711266e-02
1.796653767411944003e+01 4.334518741765093497e-02
1.821765658501893270e+01 4.135096980469474964e-02
1.847053788120423334e+01 4.012992100428538350e-02
1.872257696809484173e+01 3.827414971450218001e-02
1.897394097105746269e+01 3.719489963232344015e-02
1.922542454726159988e+01 3.591824132320205892e-02
1.947607703355479103e+01 3.504053910675419131e-02
1.972678839839982601e+01 3.316589917029850315e-02
1.997802698857814363e+01 3.240456284699232831e-02
2.022863620534168660e+01 3.135321680427329699e-02
2.047969598507238231e+01 3.069492513097137401e-02
2.073250439107362553e+01 2.954866034132443142e-02
2.098435855211640089e+01 2.852856343852210388e-02
2.123502923393334640e+01 2.779363432287989405e-02
2.148629411178690773e+01 2.648983278833531158e-02
2.173831825513516591e+01 2.591299728999531260e-02
2.198972260956887226e+01 2.511573031100459638e-02
2.223974971000711420e+01 2.424292140600742620e-02
2.249141870643862973e+01 2.353652588427391015e-02
2.274404614890906373e+01 2.302170798242554606e-02
2.299521835768831579e+01 2.234195886858840810e-02
2.324620084136223852e+01 2.159512572696851637e-02
2.349757798664387209e+01 2.100720989872587041e-02
2.374870488118759937e+01 2.042078267563854355e-02
2.399988781917473091e+01 1.972425727060492240e-02
2.425071646049711305e+01 1.916395821914452027e-02
2.450187830577813841e+01 1.865626768257689846e-02
2.475391093216606109e+01 1.829509120401357283e-02
2.500524226975159792e+01 1.780277423745545845e-02
2.525610980153284402e+01 1.738755916299852475e-02
2.550801425092822328e+01 1.674183763901402819e-02
2.575943113325822864e+01 1.626179028646450309e-02
2.601074166866445125e+01 1.603482053061817611e-02
2.626234447079615464e+01 1.548059014237771099e-02
2.651347712943701751e+01 1.519385471344552457e-02
2.676474177984877656e+01 1.481662621383438710e-02
2.701628079430242479e+01 1.444851892051350270e-02
2.726734205837282232e+01 1.405817815525168060e-02
2.751837013544679422e+01 1.369768395780360248e-02
2.776937726815812724e+01 1.335852090756765691e-02
2.802070160973895341e+01 1.305749291393456558e-02
2.827249982643487058e+01 1.279832608880146494e-02
2.852407603869968966e+01 1.252955320493952078e-02
2.877567300468570721e+01 1.219985843067449525e-02
2.902733523039245256e+01 1.188286245657546071e-02
2.927861073083739996e+01 1.164172395355638628e-02
2.953003196193969160e+01 1.131282368954270208e-02
2.978106336846375157e+01 1.104329269244390573e-02
3.003148440777084716e+01 1.082128397338056811e-02
3.028303386126418673e+01 1.071423413732880588e-02
3.053456493440382857e+01 1.036060478213495992e-02
3.078585183944906944e+01 1.015654643346028743e-02
3.103757946070165730e+01 9.913133421360317485e-03
3.128931656795834826e+01 9.661595189652668822e-03
3.154125974608096428e+01 9.510354782013123037e-03
3.179158626791808828e+01 9.291631357494417598e-03
3.204196438636942190e+01 9.111914352580139168e-03
3.229344668057169798e+01 8.952156214664623926e-03
3.254489998018084407e+01 8.746535799616071000e-03
3.279660140319880668e+01 8.591252905543038734e-03
3.304772754686901237e+01 8.359082504706566788e-03
3.329949953441923327e+01 8.203643641730956615e-03
3.355173249539067371e+01 8.024601441290479115e-03
3.380235474142784824e+01 7.916081259758438876e-03
3.405292218889088218e+01 7.731287130322927678e-03
3.430455901572810262e+01 7.551794384814129908e-03
3.455605119154291316e+01 7.396331774514256462e-03
3.480708698418615654e+01 7.248739053002548234e-03
3.505823042281740243e+01 7.145197048854631111e-03
3.530983122122644602e+01 7.020383201389827389e-03
3.556111974160763367e+01 6.903291923511948973e-03
3.581195885960364933e+01 6.770750356754124365e-03
3.606348577968052638e+01 6.599827962807454373e-03
3.631495136683125935e+01 6.496620032297994833e-03
3.656646781331610185e+01 6.336496333227239694e-03
3.681800948534306173e+01 6.247705581117751240e-03
3.706942350460822411e+01 6.135858873912568290e-03
3.732119977997001570e+01 6.038583994914846834e-03
3.757249197135423202e+01 5.910034208384076261e-03
3.782324055213251057e+01 5.810152533861271014e-03
3.807430609684078604e+01 5.707912378985754986e-03
3.832526519371521090e+01 5.645757632767573093e-03
3.857704530181875668e+01 5.479502955510731979e-03
3.882896255048217427e+01 5.417458846939014576e-03
3.907976684424035341e+01 5.303377817153795762e-03
3.933085588900704010e+01 5.219000174692197888e-03
3.958184533965361140e+01 5.134831361171322307e-03
3.983320492881626507e+01 5.000478442502352509e-03
4.008506787586624398e+01 4.945980096516379952e-03
4.033569471078550350e+01 4.865531209108686292e-03
4.058701345074587863e+01 4.794800420377059655e-03
4.083916815834436420e+01 4.687119394212418792e-03
4.108978611092747713e+01 4.627404029856794013e-03
4.134119394692694271e+01 4.547400229156309433e-03
4.159372926482761557e+01 4.484889337221189057e-03
4.184480996230068683e+01 4.420565078642251129e-03
4.209495048714620680e+01 4.333383339675054256e-03
4.234568601474854432e+01 4.272170268255976074e-03
4.259794184898333214e+01 4.204291341792314694e-03
4.284922176444433717e+01 4.142923070021268042e-03
4.309982534096671003e+01 4.052365979336404120e-03
4.335153475414617930e+01 4.018613521937055948e-03
4.360374984514007224e+01 3.925327029359929575e-03
4.385432838732079830e+01 3.906576329113357372e-03
4.410529766549178277e+01 3.812234659220263729e-03
4.435675536456894008e+01 3.762232993182519636e-03
4.460756668584335927e+01 3.680621776598695747e-03
4.485812369927145937e+01 3.589123982756440082e-03
4.510933196139897206e+01 3.593480106964277738e-03
4.536097672816924131e+01 3.572472163768816364e-03
4.561261869099184452e+01 3.490537870677989929e-03
4.586346064304911607e+01 3.463859636108883137e-03
4.611435299895526185e+01 3.407543334722706440e-03
4.636610302009028572e+01 3.312723551723439994e-03
4.661726081402038346e+01 3.291200207862990910e-03
4.686748045926628237e+01 3.246227846339514930e-03
4.712001000143001761e+01 3.194008986596084693e-03
4.737334269293729960e+01 3.171037255797410845e-03
4.762357272554871912e+01 3.123716699583034637e-03
4.787295862859781437e+01 3.082934920990067044e-03
4.812686710231834297e+01 3.003794459463107486e-03
4.837988354528783930e+01 2.980038258986501040e-03
4.862698975964909209e+01 2.901682585024750044e-03
4.887931961662670233e+01 2.879107214660245415e-03
4.913512531690142282e+01 2.782977689414634602e-03
4.938486646957150583e+01 2.790016783037116248e-03
4.963073103205424985e+01 2.738762324177290534e-03
4.988316058859187763e+01 2.691104585545517607e-03
5.013927392651110893e+01 2.664574774244337762e-03
5.038898445289544270e+01 2.604033817824242310e-03
5.063791314200675941e+01 2.604746902673460950e-03
5.089234515763529032e+01 2.568174991158799891e-03
5.114529266359630810e+01 2.542730345026744578e-03
5.138952878242714206e+01 2.580861017922487545e-03
5.163945178601188246e+01 2.403143133717245555e-03
5.190206698624180603e+01 2.425951272686301032e-03
5.215590084722179398e+01 2.472372715122792171e-03
5.238680673191466042e+01 2.305547198094203606e-03
5.263532591009818873e+01 2.298031732731594008e-03
5.290823119436031874e+01 2.196752583204828347e-03
5.316882575050344428e+01 2.259253037164377607e-03
5.338513341050097694e+01 2.267998894511518478e-03
5.363212510227822349e+01 2.153705341957120722e-03
5.391615723351310407e+01 2.344773428902996101e-03
5.419187693011466678e+01 2.129946436349534379e-03
5.439722241285236493e+01 1.915671888989485842e-03
5.462806064877949552e+01 2.067171855548677068e-03
5.491241494336609463e+01 2.371238562829305202e-03
5.519421446932921782e+01 1.950833556011029226e-03
5.543046826972861396e+01 4.227911008831438180e-03
5.561137265256709128e+01 8.245028840867773797e-04
