3.559856489878782115e-01 1.208189762349238890e+03
6.031648866026231293e-01 1.665982912781728942e+02
8.579160745827347778e-01 8.259101499956565817e+01
1.113464310595710716e+00 5.468087443741223552e+01
1.374039914321364408e+00 2.969724865304444350e+01
1.619154704570298309e+00 1.685648218739546067e+01
1.870686673430271840e+00 1.331926006450661149e+01
2.123290040706380832e+00 1.120008857182378215e+01
2.378144976376236119e+00 8.481811585500562245e+00
2.630489925835516996e+00 5.738950124006902520e+00
2.878653162679494670e+00 5.241045208496607266e+00
3.131144366275339319e+00 3.978974744214796910e+00
3.388159578333816313e+00 3.347822187197339705e+00
3.638741848210948149e+00 2.749286989937975267e+00
3.888315910732085268e+00 2.471698096985750936e+00
4.139052155837465996e+00 2.044396648099656932e+00
4.390305777018236988e+00 1.668424578820522530e+00
4.642172339120373081e+00 1.591925853374351885e+00
4.894678666149941293e+00 1.330532300716987804e+00
5.147269052361176378e+00 1.138983684453754197e+00
5.398003206656323272e+00 9.936139129659586899e-01
5.647798235368590269e+00 9.027654132183754454e-01
5.900534302989873581e+00 8.058209322179333833e-01
6.151460297009074374e+00 7.213637912530069807e-01
6.402630176204441526e+00 6.471121455946164946e-01
6.655964674748322096e+00 5.671123200042006429e-01
6.908782583105771202e+00 5.300828562043471415e-01
7.159060853508338873e+00 4.824451286622447044e-01
7.409414762591408632e+00 4.461110465904812861e-01
7.659227149364629561e+00 4.161683819703273501e-01
7.911559474606142395e+00 3.681068425165500146e-01
8.163750941790897997e+00 3.548643986958906482e-01
8.415757210439384295e+00 3.156374171254240357e-01
8.667638839289207198e+00 2.933536212427683698e-01
8.918801124864609520e+00 2.770146296200735048e-01
9.170480108345369530e+00 2.559340338188995090e-01
9.420566033467249412e+00 2.402672861897331702e-01
9.671642335271435797e+00 2.214355927671796676e-01
9.923426157758477473e+00 2.050273112035508327e-01
1.017396902749181820e+01 1.945141956193627841e-01
1.042533700753922155e+01 1.799202216676822341e-01
1.067702948358784276e+01 1.740007821632487128e-01
1.092969337256462303e+01 1.583225666967803813e-01
1.118211872033766419e+01 1.496437694257539419e-01
1.143346516925797296e+01 1.427358944243874717e-01
1.168350508557724687e+01 1.328781750499485048e-01
1.193379937775929100e+01 1.288135417084117773e-01
1.218553055762879112e+01 1.200715278481181009e-01
1.243711650801278878e+01 1.148775379843166300e-01
1.268867268647359303e+01 1.091779128214439148e-01
1.294075027177769144e+01 1.033252818437550569e-01
1.319267287020158363e+01 9.903594611214848464e-02
1.344470571782862756e+01 9.327274937111092179e-02
1.369480150283709641e+01 8.866022253165821432e-02
1.394591277066507828e+01 8.493085640323955188e-02
1.419764645764527167e+01 8.025050633909738829e-02
1.444766774168416212e+01 7.643846396809970967e-02
1.469906835825429070e+01 7.424855208032225817e-02
1.495059118111036511e+01 7.040496270437651694e-02
1.520261612590052991e+01 6.646182025247407421e-02
1.545415944503929495e+01 6.425173552391953702e-02
1.570456072545780124e+01 6.157315655895099354e-02
1.595705800128773966e+01 5.929391630501333610e-02
1.620829297830731619e+01 5.624256349866346011e-02
1.645966591028190962e+01 5.410505418279933781e-02
1.671125708846596325e+01 5.237347360117811795e-02
1.696160259490052624e+01 5.018738604379954782e-02
1.721370276108077135e+01 4.848350034117085428e-02
1.746543424102250341e+01 4.616954011559357141e-02
1.771598473288305442e+01 4.458053950719115255e-02
1.796653767411944003e+01 4.289348345847841110e-02
1.821765658501893270e+01 4.141532878116424565e-02
1.847053788120423334e+01 4.014200469890026601e-02
1.872257696809484173e+01 3.887258442494367222e-02
1.897394097105746269e+01 3.722623042578042385e-02
1.922542454726159988e+01 3.608590437635122994e-02
1.947607703355479103e+01 3.477025862345937274e-02
1.972678839839982601e+01 3.360831794420666291e-02
1.997802698857814363e+01 3.232858340202562214e-02
2.022863620534168660e+01 3.135196262303080461e-02
2.047969598507238231e+01 3.060272744895667363e-02
2.073250439107362553e+01 2.958528571363735343e-02
2.098435855211640089e+01 2.836738218533989275e-02
2.123502923393334640e+01 2.751059518422523456e-02
2.148629411178690773e+01 2.658839783649630945e-02
2.173831825513516591e+01 2.602080609502911701e-02
2.198972260956887226e+01 2.498844590667052487e-02
2.223974971000711420e+01 2.416973982847529442e-02
2.249141870643862973e+01 2.355772434180316427e-02
2.274404614890906373e+01 2.307336933862069381e-02
2.299521835768831579e+01 2.229110902426461108e-02
2.324620084136223852e+01 2.147627590188076058e-02
2.349757798664387209e+01 2.113116770723092591e-02
2.374870488118759937e+01 2.035393471922226569e-02
2.399988781917473091e+01 1.983125157415165790e-02
2.425071646049711305e+01 1.924955680210942502e-02
2.450187830577813841e+01 1.870277497127063523e-02
2.475391093216606109e+01 1.823104329625280934e-02
2.500524226975159792e+01 1.781862269384919956e-02
2.525610980153284402e+01 1.722064784850723534e-02
2.550801425092822328e+01 1.684848788978006093e-02
2.575943113325822864e+01 1.637632327314604216e-02
2.601074166866445125e+01 1.593938358619525347e-02
2.626234447079615464e+01 1.559169327367443923e-02
2.651347712943701751e+01 1.520978187594515529e-02
2.676474177984877656e+01 1.479093760290210550e-02
2.701628079430242479e+01 1.447910162684546212e-02
2.726734205837282232e+01 1.410638560220588318e-02
2.751837013544679422e+01 1.371947073407106359e-02
2.776937726815812724e+01 1.338760554249742926e-02
2.802070160973895341e+01 1.307905852895947622e-02
2.827249982643487058e+01 1.284199143837108474e-02
2.852407603869968966e+01 1.242627843468215379e-02
2.877567300468570721e+01 1.224267888581805075e-02
2.902733523039245256e+01 1.184324034961993510e-02
2.927861073083739996e+01 1.160330030090438690e-02
2.953003196193969160e+01 1.136757410634235514e-02
2.978106336846375157e+01 1.109951060938054249e-02
3.003148440777084716e+01 1.078503230898034820e-02
3.028303386126418673e+01 1.060984808449595175e-02
3.053456493440382857e+01 1.038139178917379772e-02
3.078585183944906944e+01 1.011788171595887249e-02
3.103757946070165730e+01 9.894076778265755573e-03
3.128931656795834826e+01 9.629611025937963309e-03
3.154125974608096428e+01 9.468990234052706081e-03
3.179158626791808828e+01 9.252286183276463641e-03
3.204196438636942190e+01 9.100077004294734526e-03
3.229344668057169798e+01 8.923057254895117030e-03
3.254489998018084407e+01 8.701667082877454634e-03
3.279660140319880668e+01 8.520179493343283880e-03
3.304772754686901237e+01 8.374010523653580007e-03
3.329949953441923327e+01 8.221697429458522596e-03
3.355173249539067371e+01 8.008729341634931304e-03
3.380235474142784824e+01 7.907932003617779149e-03
3.405292218889088218e+01 7.688892436004218095e-03
3.430455901572810262e+01 7.541004240394044537e-03
3.455605119154291316e+01 7.447057061833436790e-03
3.480708698418615654e+01 7.264684752353771716e-03
3.505823042281740243e+01 7.132202097235163310e-03
3.530983122122644602e+01 7.011814956008817143e-03
3.556111974160763367e+01 6.868796052303653525e-03
3.581195885960364933e+01 6.765124005363940159e-03
3.606348577968052638e+01 6.607537787977608643e-03
3.631495136683125935e+01 6.479694885390876319e-03
3.656646781331610185e+01 6.351513004261248943e-03
3.681800948534306173e+01 6.250724456695769780e-03
3.706942350460822411e+01 6.140223774324517041e-03
3.732119977997001570e+01 6.037544133782291392e-03
3.757249197135423202e+01 5.891925629845858742e-03
3.782324055213251057e+01 5.818273449409981993e-03
3.807430609684078604e+01 5.710507843557519926e-03
3.832526519371521090e+01 5.573162731733554386e-03
3.857704530181875668e+01 5.510335592174216666e-03
3.882896255048217427e+01 5.403760478540678945e-03
3.907976684424035341e+01 5.317686286232111217e-03
3.933085588900704010e+01 5.198060000539728859e-03
3.958184533965361140e+01 5.097161783108400401e-03
3.983320492881626507e+01 5.029640018617630159e-03
4.008506787586624398e+01 4.928625387632362687e-03
4.033569471078550350e+01 4.886628911351334308e-03
4.058701345074587863e+01 4.818103984812798814e-03
4.083916815834436420e+01 4.710241641609646049e-03
4.108978611092747713e+01 4.619812894730242203e-03
4.134119394692694271e+01 4.548899102282778946e-03
4.159372926482761557e+01 4.504068389146952470e-03
4.184480996230068683e+01 4.419035961232040989e-03
4.209495048714620680e+01 4.338247762527413544e-03
4.234568601474854432e+01 4.256178951522048871e-03
4.259794184898333214e+01 4.190824954147727086e-03
4.284922176444433717e+01 4.138841810915132660e-03
4.309982534096671003e+01 4.030651057196059199e-03
4.335153475414617930e+01 4.047970898239045337e-03
4.360374984514007224e+01 3.971601333670791469e-03
4.385432838732079830e+01 3.881713852141880240e-03
4.410529766549178277e+01 3.840023240175057927e-03
4.435675536456894008e+01 3.721231671931746546e-03
4.460756668584335927e+01 3.714193736136566816e-03
4.485812369927145937e+01 3.661440396371930684e-03
4.510933196139897206e+01 3.633325144787782207e-03
4.536097672816924131e+01 3.543576978443462207e-03
4.561261869099184452e+01 3.517084262311824788e-03
4.586346064304911607e+01 3.416259648133662240e-03
4.611435299895526185e+01 3.378267121931234108e-03
4.636610302009028572e+01 3.355427501321696197e-03
4.661726081402038346e+01 3.313505745264404018e-03
4.686748045926628237e+01 3.230017853099005458e-03
4.712001000143001761e+01 3.183382762476286761e-03
4.737334269293729960e+01 3.159818475049322364e-03
4.762357272554871912e+01 3.151803739594033482e-03
4.787295862859781437e+01 3.061504098447550507e-03
4.812686710231834297e+01 3.039938516070282704e-03
4.837988354528783930e+01 2.914490985722914367e-03
4.862698975964909209e+01 2.895087956207677456e-03
4.887931961662670233e+01 2.902330531371500894e-03
4.913512531690142282e+01 2.902957912651962531e-03
4.938486646957150583e+01 2.798963761123396746e-03
4.963073103205424985e+01 2.778058585082479777e-03
4.988316058859187763e+01 2.743207198549909263e-03
5.013927392651110893e+01 2.707286700062950472e-03
5.038898445289544270e+01 2.681541479998128877e-03
5.063791314200675941e+01 2.631675687372872583e-03
5.089234515763529032e+01 2.530567373637555850e-03
5.114529266359630810e+01 2.580980099309142153e-03
5.138952878242714206e+01 2.444109572408306816e-03
5.163945178601188246e+01 2.496691396346679536e-03
5.190206698624180603e+01 2.451288209360856160e-03
5.215590084722179398e+01 2.409383923045599341e-03
5.238680673191466042e+01 2.366381541758519422e-03
5.263532591009818873e+01 2.344051452110387530e-03
5.290823119436031874e+01 2.314257021971547531e-03
5.316882575050344428e+01 2.314135157278717977e-03
5.338513341050097694e+01 2.120414756430250187e-03
5.363212510227822349e+01 2.118059933817693571e-03
5.391615723351310407e+01 2.133031456406710678e-03
5.419187693011466678e+01 2.314074679348294365e-03
5.439722241285236493e+01 2.234499103686516438e-03
5.462806064877949552e+01 2.358542817462404989e-03
5.491241494336609463e+01 2.064782685185766013e-03
5.519421446932921782e+01 1.596358195996926349e-03
5.543046826972861396e+01 1.851108041266230847e-03
5.561137265256709128e+01 1.738741773323840755e-03
