3.559856489878782115e-01 7.051361571897263048e+02
6.031648866026231293e-01 2.306063541641718473e+02
8.579160745827347778e-01 9.831745426354871142e+01
1.113464310595710716e+00 6.430642480302903152e+01
1.374039914321364408e+00 3.320302651052322318e+01
1.619154704570298309e+00 1.895281322593816142e+01
1.870686673430271840e+00 1.406594303238515664e+01
2.123290040706380832e+00 1.019109439797108863e+01
2.378144976376236119e+00 7.570556221857557944e+00
2.630489925835516996e+00 6.125209742850599604e+00
2.878653162679494670e+00 4.998361133884658081e+00
3.131144366275339319e+00 4.216032053229785248e+00
3.388159578333816313e+00 3.258767760300947280e+00
3.638741848210948149e+00 2.719333457434536250e+00
3.888315910732085268e+00 2.408522098974748893e+00
4.139052155837465996e+00 1.896277494727063306e+00
4.390305777018236988e+00 1.631164425122078709e+00
4.642172339120373081e+00 1.533028075578548588e+00
4.894678666149941293e+00 1.287940140161380143e+00
5.147269052361176378e+00 1.163680456012509357e+00
5.398003206656323272e+00 1.015241300878427788e+00
5.647798235368590269e+00 8.667160152263089223e-01
5.900534302989873581e+00 8.006599837886375637e-01
6.151460297009074374e+00 7.285551754406108804e-01
6.402630176204441526e+00 6.612153996611346285e-01
6.655964674748322096e+00 5.896855521418149504e-01
6.908782583105771202e+00 5.383203482626053304e-01
7.159060853508338873e+00 4.817013623288601831e-01
7.409414762591408632e+00 4.451103820688593338e-01
7.659227149364629561e+00 4.091691907279676466e-01
7.911559474606142395e+00 3.778394962679415547e-01
8.163750941790897997e+00 3.422920552413374340e-01
8.415757210439384295e+00 3.186511019295093505e-01
8.667638839289207198e+00 2.966601373526647767e-01
8.918801124864609520e+00 2.774022844968429546e-01
9.170480108345369530e+00 2.554058960458470140e-01
9.420566033467249412e+00 2.375668773996642003e-01
9.671642335271435797e+00 2.190490702862986916e-01
9.923426157758477473e+00 2.049457887550308333e-01
1.017396902749181820e+01 1.936740525480219743e-01
1.042533700753922155e+01 1.797948633965569809e-01
1.067702948358784276e+01 1.701355197915933315e-01
1.092969337256462303e+01 1.615451883514797959e-01
1.118211872033766419e+01 1.529715277815370533e-01
1.143346516925797296e+01 1.417110948579994867e-01
1.168350508557724687e+01 1.338677777802287916e-01
1.193379937775929100e+01 1.265050761196023499e-01
1.218553055762879112e+01 1.203420416060988624e-01
1.243711650801278878e+01 1.154824276869427097e-01
1.268867268647359303e+01 1.084289975915133930e-01
1.294075027177769144e+01 1.035674151522733011e-01
1.319267287020158363e+01 9.686483789120182986e-02
1.344470571782862756e+01 9.304204214877827284e-02
1.369480150283709641e+01 8.835815255850888728e-02
1.394591277066507828e+01 8.452075383061986857e-02
1.419764645764527167e+01 7.999896051817562137e-02
1.444766774168416212e+01 7.767400255302876755e-02
1.469906835825429070e+01 7.336254717579097917e-02
1.495059118111036511e+01 7.083539856051278283e-02
1.520261612590052991e+01 6.667570623256743878e-02
1.545415944503929495e+01 6.477773317438527412e-02
1.570456072545780124e+01 6.203178529489556531e-02
1.595705800128773966e+01 5.972348122816409366e-02
1.620829297830731619e+01 5.665631590486473051e-02
1.645966591028190962e+01 5.472655221537195414e-02
1.671125708846596325e+01 5.223813350011233259e-02
1.696160259490052624e+01 5.020238675975549625e-02
1.721370276108077135e+01 4.795906620748813937e-02
1.746543424102250341e+01 4.595686646230510986e-02
1.771598473288305442e+01 4.536510251044299086e-02
1.796653767411944003e+01 4.293789624804358884e-02
1.821765658501893270e+01 4.157314979692042223e-02
1.847053788120423334e+01 3.985963492675181907e-02
1.872257696809484173e+01 3.889740680353986901e-02
1.897394097105746269e+01 3.726069154911119952e-02
1.922542454726159988e+01 3.592125471899539763e-02
1.947607703355479103e+01 3.486424619455646967e-02
1.972678839839982601e+01 3.359701387678929591e-02
1.997802698857814363e+01 3.247959809423207889e-02
2.022863620534168660e+01 3.137716107420412959e-02
2.047969598507238231e+01 3.065850744617011278e-02
2.073250439107362553e+01 2.920641090847131763e-02
2.098435855211640089e+01 2.864063153999186345e-02
2.123502923393334640e+01 2.776057245139907162e-02
2.148629411178690773e+01 2.684859477771484731e-02
2.173831825513516591e+01 2.567614406691416315e-02
2.198972260956887226e+01 2.499253481398110849e-02
2.223974971000711420e+01 2.446315390367667653e-02
2.249141870643862973e+01 2.358863062166017405e-02
2.274404614890906373e+01 2.306632398635864376e-02
2.299521835768831579e+01 2.226971339763108432e-02
2.324620084136223852e+01 2.168624390044438313e-02
2.349757798664387209e+01 2.100705284599432496e-02
2.374870488118759937e+01 2.042559023368379148e-02
2.399988781917473091e+01 1.991051867198867509e-02
2.425071646049711305e+01 1.917419978326722826e-02
2.450187830577813841e+01 1.878288666920243169e-02
2.475391093216606109e+01 1.831261569364839303e-02
2.500524226975159792e+01 1.772335285363271437e-02
2.525610980153284402e+01 1.729956755226210591e-02
2.550801425092822328e+01 1.685846135484309755e-02
2.575943113325822864e+01 1.634427179651693970e-02
2.601074166866445125e+01 1.598005310576872118e-02
2.626234447079615464e+01 1.560274208423152904e-02
2.651347712943701751e+01 1.521853504821427290e-02
2.676474177984877656e+01 1.470956510438187377e-02
2.701628079430242479e+01 1.443574359988034767e-02
2.726734205837282232e+01 1.413184367122960472e-02
2.751837013544679422e+01 1.374723550857144538e-02
2.776937726815812724e+01 1.335916394122673399e-02
2.802070160973895341e+01 1.316141434801180142e-02
2.827249982643487058e+01 1.283019502498104064e-02
2.852407603869968966e+01 1.253788265490502797e-02
2.877567300468570721e+01 1.214413752582692643e-02
2.902733523039245256e+01 1.180537558378837865e-02
2.927861073083739996e+01 1.161089124284406943e-02
2.953003196193969160e+01 1.136214583810232076e-02
2.978106336846375157e+01 1.106449591741483218e-02
3.003148440777084716e+01 1.083324964787804427e-02
3.028303386126418673e+01 1.059650402236785374e-02
3.053456493440382857e+01 1.038625112766979400e-02
3.078585183944906944e+01 1.018137842103418976e-02
3.103757946070165730e+01 9.928896088997427039e-03
3.128931656795834826e+01 9.693023214205681234e-03
3.154125974608096428e+01 9.454641933557203504e-03
3.179158626791808828e+01 9.260465089823638821e-03
3.204196438636942190e+01 9.081013609365843134e-03
3.229344668057169798e+01 8.965170177757197587e-03
3.254489998018084407e+01 8.730413234359161653e-03
3.279660140319880668e+01 8.596130668122857824e-03
3.304772754686901237e+01 8.374490104070713911e-03
3.329949953441923327e+01 8.188888568975188215e-03
3.355173249539067371e+01 7.986652460742213813e-03
3.380235474142784824e+01 7.813694648059267209e-03
3.405292218889088218e+01 7.737049705739876444e-03
3.430455901572810262e+01 7.566724144754185567e-03
3.455605119154291316e+01 7.394189611853144335e-03
3.480708698418615654e+01 7.258584059072979364e-03
3.505823042281740243e+01 7.152220626086686767e-03
3.530983122122644602e+01 7.021825626156977598e-03
3.556111974160763367e+01 6.831803784089614424e-03
3.581195885960364933e+01 6.767679881441920724e-03
3.606348577968052638e+01 6.584183573725863221e-03
3.631495136683125935e+01 6.475128899021746071e-03
3.656646781331610185e+01 6.366708844072383605e-03
3.681800948534306173e+01 6.222800026302897913e-03
3.706942350460822411e+01 6.109444855573189885e-03
3.732119977997001570e+01 6.029946303995289449e-03
3.757249197135423202e+01 5.901609554668400121e-03
3.782324055213251057e+01 5.801459698351787986e-03
3.807430609684078604e+01 5.675859260966915724e-03
3.832526519371521090e+01 5.628646965797848116e-03
3.857704530181875668e+01 5.502763816463997031e-03
3.882896255048217427e+01 5.412831226142364276e-03
3.907976684424035341e+01 5.353959583535067637e-03
3.933085588900704010e+01 5.199276587771528568e-03
3.958184533965361140e+01 5.114918092129176232e-03
3.983320492881626507e+01 5.027620014066020056e-03
4.008506787586624398e+01 4.963483982832471095e-03
4.033569471078550350e+01 4.852290083361930628e-03
4.058701345074587863e+01 4.768902279573476559e-03
4.083916815834436420e+01 4.710238695434896573e-03
4.108978611092747713e+01 4.631484532987785799e-03
4.134119394692694271e+01 4.538572050567289337e-03
4.159372926482761557e+01 4.476351868754925578e-03
4.184480996230068683e+01 4.395104021172117383e-03
4.209495048714620680e+01 4.352509071651098314e-03
4.234568601474854432e+01 4.236449809263052174e-03
4.259794184898333214e+01 4.196215527010919814e-03
4.284922176444433717e+01 4.110090714223825319e-03
4.309982534096671003e+01 4.066031183977773453e-03
4.335153475414617930e+01 3.981238972057885364e-03
4.360374984514007224e+01 3.906910724454070935e-03
4.385432838732079830e+01 3.884853433978613640e-03
4.410529766549178277e+01 3.849509958560884838e-03
4.435675536456894008e+01 3.784959307420620710e-03
4.460756668584335927e+01 3.711223428401836180e-03
4.485812369927145937e+01 3.651646344397256085e-03
4.510933196139897206e+01 3.592284913971648206e-03
4.536097672816924131e+01 3.521460285002257599e-03
4.561261869099184452e+01 3.488373122783119517e-03
4.586346064304911607e+01 3.458638501406067697e-03
4.611435299895526185e+01 3.380001429605590350e-03
4.636610302009028572e+01 3.361659447832417765e-03
4.661726081402038346e+01 3.282809254216033888e-03
4.686748045926628237e+01 3.219736551054569549e-03
4.712001000143001761e+01 3.160770044802556876e-03
4.737334269293729960e+01 3.114821343222240815e-03
4.762357272554871912e+01 3.109614640589831308e-03
4.787295862859781437e+01 3.056486482893491438e-03
4.812686710231834297e+01 3.014016206881841523e-03
4.837988354528783930e+01 2.962535635427648081e-03
4.862698975964909209e+01 2.914898175507526015e-03
4.887931961662670233e+01 2.868185474301572068e-03
4.913512531690142282e+01 2.813449118015508375e-03
4.938486646957150583e+01 2.822996180887374015e-03
4.963073103205424985e+01 2.726121236282051403e-03
4.988316058859187763e+01 2.707910391804949600e-03
5.013927392651110893e+01 2.712866477493936727e-03
5.038898445289544270e+01 2.715898346793337546e-03
5.063791314200675941e+01 2.598541934432496009e-03
5.089234515763529032e+01 2.587621089802375624e-03
5.114529266359630810e+01 2.492947145305852118e-03
5.138952878242714206e+01 2.500107426113413328e-03
5.163945178601188246e+01 2.546949860579508871e-03
5.190206698624180603e+01 2.495269617543325116e-03
5.215590084722179398e+01 2.420250797308673169e-03
5.238680673191466042e+01 2.497156199595959927e-03
5.263532591009818873e+01 2.364028502124355339e-03
5.290823119436031874e+01 2.488172015170909534e-03
5.316882575050344428e+01 2.310187955107786267e-03
5.338513341050097694e+01 2.182456076511613604e-03
5.363212510227822349e+01 2.195145600975590382e-03
5.391615723351310407e+01 2.176968634182877699e-03
5.419187693011466678e+01 2.165864223400801314e-03
5.439722241285236493e+01 2.450087716370283070e-03
5.462806064877949552e+01 2.333780747149556342e-03
5.491241494336609463e+01 1.744955594270919657e-03
5.519421446932921782e+01 2.126693669973801944e-03
5.543046826972861396e+01 2.040886388172967730e-03
5.561137265256709128e+01 4.928597133625439546e-03
