3.559856489878782115e-01 8.929805411814967329e+02
6.031648866026231293e-01 1.785461429277976606e+02
8.579160745827347778e-01 9.216929404768798406e+01
1.113464310595710716e+00 5.029716922708849580e+01
1.374039914321364408e+00 2.982877434821194029e+01
1.619154704570298309e+00 1.984151587261355232e+01
1.870686673430271840e+00 1.457549160943328204e+01
2.123290040706380832e+00 1.127291072655186355e+01
2.378144976376236119e+00 7.894692177681634782e+00
2.630489925835516996e+00 5.690389487427344406e+00
2.878653162679494670e+00 4.993375665723922552e+00
3.131144366275339319e+00 4.135959655288342418e+00
3.388159578333816313e+00 3.235542114422297999e+00
3.638741848210948149e+00 2.718358873447454638e+00
3.888315910732085268e+00 2.245442579855797316e+00
4.139052155837465996e+00 1.981365797716104549e+00
4.390305777018236988e+00 1.710060843585355039e+00
4.642172339120373081e+00 1.477101288068222162e+00
4.894678666149941293e+00 1.295509569993927856e+00
5.147269052361176378e+00 1.167878891774655203e+00
5.398003206656323272e+00 1.008697747280033807e+00
5.647798235368590269e+00 8.873390071857654160e-01
5.900534302989873581e+00 8.050840402420146313e-01
6.151460297009074374e+00 7.053118966395551803e-01
6.402630176204441526e+00 6.421576772983769166e-01
6.655964674748322096e+00 5.835758044280370260e-01
6.908782583105771202e+00 5.407573781316371564e-01
7.159060853508338873e+00 4.808812199998402925e-01
7.409414762591408632e+00 4.427774492087602765e-01
7.659227149364629561e+00 3.988027225753470462e-01
7.911559474606142395e+00 3.739633963140359119e-01
8.163750941790897997e+00 3.434821733261543830e-01
8.415757210439384295e+00 3.224888580809558980e-01
8.667638839289207198e+00 2.937420410980329799e-01
8.918801124864609520e+00 2.725148074587516178e-01
9.170480108345369530e+00 2.540273146687875294e-01
9.420566033467249412e+00 2.384859222013859248e-01
9.671642335271435797e+00 2.200572181612543143e-01
9.923426157758477473e+00 2.054385722357400246e-01
1.017396902749181820e+01 1.914109889284139610e-01
1.042533700753922155e+01 1.801765136785682397e-01
1.067702948358784276e+01 1.719187025707533678e-01
1.092969337256462303e+01 1.577643321101267204e-01
1.118211872033766419e+01 1.530681800423238370e-01
1.143346516925797296e+01 1.432312744351093015e-01
1.168350508557724687e+01 1.338643242647695464e-01
1.193379937775929100e+01 1.279668345009053465e-01
1.218553055762879112e+01 1.196486829694997506e-01
1.243711650801278878e+01 1.159093711578812191e-01
1.268867268647359303e+01 1.072220607714231971e-01
1.294075027177769144e+01 1.019831082073554829e-01
1.319267287020158363e+01 9.768543446102409544e-02
1.344470571782862756e+01 9.358913777593459715e-02
1.369480150283709641e+01 8.680078439375851773e-02
1.394591277066507828e+01 8.454406991612610500e-02
1.419764645764527167e+01 8.068425427321460064e-02
1.444766774168416212e+01 7.761430124902861383e-02
1.469906835825429070e+01 7.291249527552494392e-02
1.495059118111036511e+01 7.074401134456617668e-02
1.520261612590052991e+01 6.620839736634531736e-02
1.545415944503929495e+01 6.469239394983718194e-02
1.570456072545780124e+01 6.215640616066630403e-02
1.595705800128773966e+01 5.905502078910512820e-02
1.620829297830731619e+01 5.632437381092839090e-02
1.645966591028190962e+01 5.431365677106974460e-02
1.671125708846596325e+01 5.168775687719780187e-02
1.696160259490052624e+01 5.021871602060897638e-02
1.721370276108077135e+01 4.854885169833251385e-02
1.746543424102250341e+01 4.631534717997241174e-02
1.771598473288305442e+01 4.432674985457531192e-02
1.796653767411944003e+01 4.247459837169621083e-02
1.821765658501893270e+01 4.149765092194546839e-02
1.847053788120423334e+01 4.024247080981053354e-02
1.872257696809484173e+01 3.862692535256552484e-02
1.897394097105746269e+01 3.730870070697872576e-02
1.922542454726159988e+01 3.589548056283446004e-02
1.947607703355479103e+01 3.460609305092700316e-02
1.972678839839982601e+01 3.338807535522055753e-02
1.997802698857814363e+01 3.236921625935652164e-02
2.022863620534168660e+01 3.113176465677728461e-02
2.047969598507238231e+01 3.037395625245287167e-02
2.073250439107362553e+01 2.945600434256021374e-02
2.098435855211640089e+01 2.855413654509660754e-02
2.123502923393334640e+01 2.763348865188364201e-02
2.148629411178690773e+01 2.673276667879902202e-02
2.173831825513516591e+01 2.579014800579026989e-02
2.198972260956887226e+01 2.498485492023123575e-02
2.223974971000711420e+01 2.451303942770272776e-02
2.249141870643862973e+01 2.371071118209367584e-02
2.274404614890906373e+01 2.290617441876433361e-02
2.299521835768831579e+01 2.216656319246628967e-02
2.324620084136223852e+01 2.164206368100199396e-02
2.349757798664387209e+01 2.092504618468631061e-02
2.374870488118759937e+01 2.036480554502821325e-02
2.399988781917473091e+01 1.989043527569075639e-02
2.425071646049711305e+01 1.936574498436139172e-02
2.450187830577813841e+01 1.877131220914617094e-02
2.475391093216606109e+01 1.818338771238819235e-02
2.500524226975159792e+01 1.780798858443676316e-02
2.525610980153284402e+01 1.742860830059733343e-02
2.550801425092822328e+01 1.689276369180424398e-02
2.575943113325822864e+01 1.641879444446265809e-02
2.601074166866445125e+01 1.595775705366235531e-02
2.626234447079615464e+01 1.575030664967056598e-02
2.651347712943701751e+01 1.523437818929175742e-02
2.676474177984877656e+01 1.475938900540825147e-02
2.701628079430242479e+01 1.444620200772163410e-02
2.726734205837282232e+01 1.397563965388698946e-02
2.751837013544679422e+01 1.369689138970979492e-02
2.776937726815812724e+01 1.333004425896306029e-02
2.802070160973895341e+01 1.306496995566132358e-02
2.827249982643487058e+01 1.273980592274135543e-02
2.852407603869968966e+01 1.237213725256503666e-02
2.877567300468570721e+01 1.210674600606887266e-02
2.902733523039245256e+01 1.191158673298177255e-02
2.927861073083739996e+01 1.164378005385327888e-02
2.953003196193969160e+01 1.132466459033373146e-02
2.978106336846375157e+01 1.104421752115458157e-02
3.003148440777084716e+01 1.083187524872051936e-02
3.028303386126418673e+01 1.059726931216716309e-02
3.053456493440382857e+01 1.037069238318074141e-02
3.078585183944906944e+01 1.008554058720570988e-02
3.103757946070165730e+01 9.907833253795492873e-03
3.128931656795834826e+01 9.708687650369475855e-03
3.154125974608096428e+01 9.504747197503998421e-03
3.179158626791808828e+01 9.285506312773238527e-03
3.204196438636942190e+01 9.123910073196515522e-03
3.229344668057169798e+01 8.885532561031271592e-03
3.254489998018084407e+01 8.733705579212653128e-03
3.279660140319880668e+01 8.577478035804017228e-03
3.304772754686901237e+01 8.370244328681214832e-03
3.329949953441923327e+01 8.231552649294482382e-03
3.355173249539067371e+01 8.035834449454696063e-03
3.380235474142784824e+01 7.870900586628376203e-03
3.405292218889088218e+01 7.714558990760533343e-03
3.430455901572810262e+01 7.553349339559907970e-03
3.455605119154291316e+01 7.403114232724090568e-03
3.480708698418615654e+01 7.305782024357919575e-03
3.505823042281740243e+01 7.140469545660660736e-03
3.530983122122644602e+01 7.026187985295541914e-03
3.556111974160763367e+01 6.852555778180237020e-03
3.581195885960364933e+01 6.720642321371738878e-03
3.606348577968052638e+01 6.594375030425045706e-03
3.631495136683125935e+01 6.496781239957510543e-03
3.656646781331610185e+01 6.368761085523355452e-03
3.681800948534306173e+01 6.235628733038834498e-03
3.706942350460822411e+01 6.161119935428608328e-03
3.732119977997001570e+01 6.043153516669237668e-03
3.757249197135423202e+01 5.919565861342887536e-03
3.782324055213251057e+01 5.814605785908182750e-03
3.807430609684078604e+01 5.707431695853313128e-03
3.832526519371521090e+01 5.567075790295581035e-03
3.857704530181875668e+01 5.460903487181216834e-03
3.882896255048217427e+01 5.401491278381233448e-03
3.907976684424035341e+01 5.319707658454561616e-03
3.933085588900704010e+01 5.219570736870602495e-03
3.958184533965361140e+01 5.136594450894546929e-03
3.983320492881626507e+01 5.039891942256750391e-03
4.008506787586624398e+01 4.925527175701574674e-03
4.033569471078550350e+01 4.845549875968068257e-03
4.058701345074587863e+01 4.820343077166115882e-03
4.083916815834436420e+01 4.706652609818681200e-03
4.108978611092747713e+01 4.648453621885252803e-03
4.134119394692694271e+01 4.557800253049761573e-03
4.159372926482761557e+01 4.463985843246563896e-03
4.184480996230068683e+01 4.441042331789886444e-03
4.209495048714620680e+01 4.331820624329017419e-03
4.234568601474854432e+01 4.268066908410628017e-03
4.259794184898333214e+01 4.244936088033396046e-03
4.284922176444433717e+01 4.141125005824172582e-03
4.309982534096671003e+01 4.065486942053594087e-03
4.335153475414617930e+01 4.003448931615351432e-03
4.360374984514007224e+01 3.939578913716375135e-03
4.385432838732079830e+01 3.851168671874358098e-03
4.410529766549178277e+01 3.814619210133272757e-03
4.435675536456894008e+01 3.737348759613786080e-03
4.460756668584335927e+01 3.721390509846289520e-03
4.485812369927145937e+01 3.610419441765641557e-03
4.510933196139897206e+01 3.582515046254015033e-03
4.536097672816924131e+01 3.550528957855038185e-03
4.561261869099184452e+01 3.494435560239652575e-03
4.586346064304911607e+01 3.417084937074061930e-03
4.611435299895526185e+01 3.381723640153781654e-03
4.636610302009028572e+01 3.306841159577063836e-03
4.661726081402038346e+01 3.320569156872245874e-03
4.686748045926628237e+01 3.233661140542728584e-03
4.712001000143001761e+01 3.191161285343283808e-03
4.737334269293729960e+01 3.183271894215610517e-03
4.762357272554871912e+01 3.054498447527088847e-03
4.787295862859781437e+01 3.082755603241431157e-03
4.812686710231834297e+01 3.018125181765172766e-03
4.837988354528783930e+01 2.923709571650255808e-03
4.862698975964909209e+01 2.983613813136372448e-03
4.887931961662670233e+01 2.838510224246714765e-03
4.913512531690142282e+01 2.814718273284439690e-03
4.938486646957150583e+01 2.837667821450775771e-03
4.963073103205424985e+01 2.808753962999877528e-03
4.988316058859187763e+01 2.695472807620063679e-03
5.013927392651110893e+01 2.635792396566010148e-03
5.038898445289544270e+01 2.693469339724102567e-03
5.063791314200675941e+01 2.615022281534373771e-03
5.089234515763529032e+01 2.548405766848381784e-03
5.114529266359630810e+01 2.478310082731155755e-03
5.138952878242714206e+01 2.444024764459538143e-03
5.163945178601188246e+01 2.466662349036130835e-03
5.190206698624180603e+01 2.432835438596323268e-03
5.215590084722179398e+01 2.375789123037949299e-03
5.238680673191466042e+01 2.355725433820449535e-03
5.263532591009818873e+01 2.374246060198974273e-03
5.290823119436031874e+01 2.377951362628059201e-03
5.316882575050344428e+01 2.171211763231966924e-03
5.338513341050097694e+01 2.282431760909937185e-03
5.363212510227822349e+01 2.406802642239188033e-03
5.391615723351310407e+01 2.205972795763924427e-03
5.419187693011466678e+01 2.209779333406410376e-03
5.439722241285236493e+01 2.030342119258347639e-03
5.462806064877949552e+01 1.863299945208071002e-03
5.491241494336609463e+01 1.847045497519073532e-03
5.519421446932921782e+01 2.165237907347775884e-03
5.543046826972861396e+01 1.638713928511744246e-03
5.561137265256709128e+01 1.476259437213408438e-03
