3.559856489878782115e-01 4.877497155322914182e+02
6.031648866026231293e-01 2.192964702676435138e+02
8.579160745827347778e-01 9.763049772912496849e+01
1.113464310595710716e+00 5.119415232112275760e+01
1.374039914321364408e+00 3.448793257766352838e+01
1.619154704570298309e+00 2.019349913648202843e+01
1.870686673430271840e+00 1.330403699790874583e+01
2.123290040706380832e+00 9.831521438359029474e+00
2.378144976376236119e+00 8.555023508707856550e+00
2.630489925835516996e+00 6.301829768655062836e+00
2.878653162679494670e+00 4.930387909645572719e+00
3.131144366275339319e+00 3.938284478937824407e+00
3.388159578333816313e+00 3.324301844865101163e+00
3.638741848210948149e+00 2.777305595812842309e+00
3.888315910732085268e+00 2.286047882393082542e+00
4.139052155837465996e+00 2.004638821698300877e+00
4.390305777018236988e+00 1.698883134908240056e+00
4.642172339120373081e+00 1.471159850714675477e+00
4.894678666149941293e+00 1.243535742796535004e+00
5.147269052361176378e+00 1.155674994626517016e+00
5.398003206656323272e+00 9.598488888036411648e-01
5.647798235368590269e+00 9.091164518389081017e-01
5.900534302989873581e+00 7.977306367624404926e-01
6.151460297009074374e+00 7.260083196328770416e-01
6.402630176204441526e+00 6.372770677639362225e-01
6.655964674748322096e+00 5.831693130143713599e-01
6.908782583105771202e+00 5.344219364435496278e-01
7.159060853508338873e+00 4.784442286984521009e-01
7.409414762591408632e+00 4.378775561513207348e-01
7.659227149364629561e+00 3.961692851497445322e-01
7.911559474606142395e+00 3.704441242488374364e-01
8.163750941790897997e+00 3.425753237467501489e-01
8.415757210439384295e+00 3.186772161750290322e-01
8.667638839289207198e+00 2.994371188850295518e-01
8.918801124864609520e+00 2.744867093910485223e-01
9.170480108345369530e+00 2.509078818006221789e-01
9.420566033467249412e+00 2.408215508664854621e-01
9.671642335271435797e+00 2.255093146151694872e-01
9.923426157758477473e+00 2.043267884603586770e-01
1.017396902749181820e+01 1.889747442032234659e-01
1.042533700753922155e+01 1.789055270837000555e-01
1.067702948358784276e+01 1.727266522085010581e-01
1.092969337256462303e+01 1.601289554879395394e-01
1.118211872033766419e+01 1.500409865186426717e-01
1.143346516925797296e+01 1.419655207991057100e-01
1.168350508557724687e+01 1.358650492742561056e-01
1.193379937775929100e+01 1.270002358948211785e-01
1.218553055762879112e+01 1.207715273224648361e-01
1.243711650801278878e+01 1.140675717718325488e-01
1.268867268647359303e+01 1.077725115497349812e-01
1.294075027177769144e+01 1.037607460715809643e-01
1.319267287020158363e+01 9.923319585412700150e-02
1.344470571782862756e+01 9.348434224115702296e-02
1.369480150283709641e+01 8.759882646795212613e-02
1.394591277066507828e+01 8.439919714750231117e-02
1.419764645764527167e+01 7.987096099490975654e-02
1.444766774168416212e+01 7.687496371666638351e-02
1.469906835825429070e+01 7.394975260568463493e-02
1.495059118111036511e+01 7.049623324560520821e-02
1.520261612590052991e+01 6.705926319698007898e-02
1.545415944503929495e+01 6.397320580227112974e-02
1.570456072545780124e+01 6.115146210832872464e-02
1.595705800128773966e+01 5.930910222289521166e-02
1.620829297830731619e+01 5.710555419887529405e-02
1.645966591028190962e+01 5.428823998028961539e-02
1.671125708846596325e+01 5.203430741209048860e-02
1.696160259490052624e+01 5.013772895304353244e-02
1.721370276108077135e+01 4.807044695038693166e-02
1.746543424102250341e+01 4.674511091205380692e-02
1.771598473288305442e+01 4.458628864886432508e-02
1.796653767411944003e+01 4.318100993068448717e-02
1.821765658501893270e+01 4.143996173967326446e-02
1.847053788120423334e+01 3.989805904204072468e-02
1.872257696809484173e+01 3.820165243479948375e-02
1.897394097105746269e+01 3.733208113213360574e-02
1.922542454726159988e+01 3.609536208759581838e-02
1.947607703355479103e+01 3.451065124806924206e-02
1.972678839839982601e+01 3.360289392594335844e-02
1.997802698857814363e+01 3.262744529162218965e-02
2.022863620534168660e+01 3.123184200558602394e-02
2.047969598507238231e+01 3.052129014762769779e-02
2.073250439107362553e+01 2.939445034004756555e-02
2.098435855211640089e+01 2.850534450787645807e-02
2.123502923393334640e+01 2.747020540863896743e-02
2.148629411178690773e+01 2.667154028417258529e-02
2.173831825513516591e+01 2.585685179175530035e-02
2.198972260956887226e+01 2.506019231103160522e-02
2.223974971000711420e+01 2.433221173998483672e-02
2.249141870643862973e+01 2.354982601454811558e-02
2.274404614890906373e+01 2.298506406255212617e-02
2.299521835768831579e+01 2.221730544320237033e-02
2.324620084136223852e+01 2.148717175611724803e-02
2.349757798664387209e+01 2.106089515994689562e-02
2.374870488118759937e+01 2.036098887066826318e-02
2.399988781917473091e+01 1.994238385498761298e-02
2.425071646049711305e+01 1.926142971448077321e-02
2.450187830577813841e+01 1.877108676553660219e-02
2.475391093216606109e+01 1.839257248484378951e-02
2.500524226975159792e+01 1.788817607454796718e-02
2.525610980153284402e+01 1.734130096511450267e-02
2.550801425092822328e+01 1.677869625161380190e-02
2.575943113325822864e+01 1.634740496951496425e-02
2.601074166866445125e+01 1.588245064603055826e-02
2.626234447079615464e+01 1.555833165601520386e-02
2.651347712943701751e+01 1.522894104922786242e-02
2.676474177984877656e+01 1.481568947261410231e-02
2.701628079430242479e+01 1.442613414467084666e-02
2.726734205837282232e+01 1.409428053008206574e-02
2.751837013544679422e+01 1.372768705427371977e-02
2.776937726815812724e+01 1.331978500276456007e-02
2.802070160973895341e+01 1.304199533611000855e-02
2.827249982643487058e+01 1.274258828322702777e-02
2.852407603869968966e+01 1.250886779919138138e-02
2.877567300468570721e+01 1.223094922741003662e-02
2.902733523039245256e+01 1.187324165611283906e-02
2.927861073083739996e+01 1.160001933618517479e-02
2.953003196193969160e+01 1.132844827398564631e-02
2.978106336846375157e+01 1.112795536280220855e-02
3.003148440777084716e+01 1.085527908889483487e-02
3.028303386126418673e+01 1.067915211263962411e-02
3.053456493440382857e+01 1.035523535868260181e-02
3.078585183944906944e+01 1.014937916468800633e-02
3.103757946070165730e+01 9.967668243717942370e-03
3.128931656795834826e+01 9.699397013542471191e-03
3.154125974608096428e+01 9.436952191747600624e-03
3.179158626791808828e+01 9.325431430820525433e-03
3.204196438636942190e+01 9.099923421347917707e-03
3.229344668057169798e+01 8.877477208613055587e-03
3.254489998018084407e+01 8.693911825896032466e-03
3.279660140319880668e+01 8.523208325753600309e-03
3.304772754686901237e+01 8.395457478242582955e-03
3.329949953441923327e+01 8.208459716291097163e-03
3.355173249539067371e+01 8.015403709077216152e-03
3.380235474142784824e+01 7.918350140480810359e-03
3.405292218889088218e+01 7.725471029100478351e-03
3.430455901572810262e+01 7.579711360072321179e-03
3.455605119154291316e+01 7.375885974745581553e-03
3.480708698418615654e+01 7.291827473672346863e-03
3.505823042281740243e+01 7.135141952929222736e-03
3.530983122122644602e+01 6.992530029219321680e-03
3.556111974160763367e+01 6.817704438114813477e-03
3.581195885960364933e+01 6.736869541745302628e-03
3.606348577968052638e+01 6.597627307429060513e-03
3.631495136683125935e+01 6.449397761978483724e-03
3.656646781331610185e+01 6.377701161660755472e-03
3.681800948534306173e+01 6.276633059274097995e-03
3.706942350460822411e+01 6.146657355757959365e-03
3.732119977997001570e+01 6.021396372944817429e-03
3.757249197135423202e+01 5.879415605842597259e-03
3.782324055213251057e+01 5.791707749471350537e-03
3.807430609684078604e+01 5.714415702998932103e-03
3.832526519371521090e+01 5.611707916915004493e-03
3.857704530181875668e+01 5.513023397292021906e-03
3.882896255048217427e+01 5.444473427849570897e-03
3.907976684424035341e+01 5.330398628076312394e-03
3.933085588900704010e+01 5.236190464424554311e-03
3.958184533965361140e+01 5.125480281808641493e-03
3.983320492881626507e+01 5.046596931777010998e-03
4.008506787586624398e+01 4.971857148181301096e-03
4.033569471078550350e+01 4.873545653566961795e-03
4.058701345074587863e+01 4.824261532497155572e-03
4.083916815834436420e+01 4.725548184012965877e-03
4.108978611092747713e+01 4.612146114913163314e-03
4.134119394692694271e+01 4.538609056647509472e-03
4.159372926482761557e+01 4.463922280109117700e-03
4.184480996230068683e+01 4.375801261328974429e-03
4.209495048714620680e+01 4.356541004178668061e-03
4.234568601474854432e+01 4.249674851583009130e-03
4.259794184898333214e+01 4.219961268242342772e-03
4.284922176444433717e+01 4.115885752095894794e-03
4.309982534096671003e+01 4.086767678254497535e-03
4.335153475414617930e+01 3.991361837834519338e-03
4.360374984514007224e+01 3.953458062650652867e-03
4.385432838732079830e+01 3.901721182104824631e-03
4.410529766549178277e+01 3.840609052475718252e-03
4.435675536456894008e+01 3.777448462350897242e-03
4.460756668584335927e+01 3.702598550134058187e-03
4.485812369927145937e+01 3.691084947453100642e-03
4.510933196139897206e+01 3.609676441526961290e-03
4.536097672816924131e+01 3.560942155337785704e-03
4.561261869099184452e+01 3.473271384376740503e-03
4.586346064304911607e+01 3.456320093441713707e-03
4.611435299895526185e+01 3.323264969543083657e-03
4.636610302009028572e+01 3.320928274537296443e-03
4.661726081402038346e+01 3.304160480285879206e-03
4.686748045926628237e+01 3.207499715239065397e-03
4.712001000143001761e+01 3.201874720488622709e-03
4.737334269293729960e+01 3.107407304181026685e-03
4.762357272554871912e+01 3.105439479845120004e-03
4.787295862859781437e+01 3.032994966922426903e-03
4.812686710231834297e+01 2.975958410397274660e-03
4.837988354528783930e+01 2.951717523273499587e-03
4.862698975964909209e+01 2.903858932789789033e-03
4.887931961662670233e+01 2.891105900948500850e-03
4.913512531690142282e+01 2.789646649567837679e-03
4.938486646957150583e+01 2.783444646959133770e-03
4.963073103205424985e+01 2.744033371971573224e-03
4.988316058859187763e+01 2.636953438662513038e-03
5.013927392651110893e+01 2.669975696727484079e-03
5.038898445289544270e+01 2.680058260594186774e-03
5.063791314200675941e+01 2.645697006721463036e-03
5.089234515763529032e+01 2.550460845457016082e-03
5.114529266359630810e+01 2.560343216468125190e-03
5.138952878242714206e+01 2.516890905854734465e-03
5.163945178601188246e+01 2.552200457769888530e-03
5.190206698624180603e+01 2.428679344628532303e-03
5.215590084722179398e+01 2.463882101554473302e-03
5.238680673191466042e+01 2.410991828147623309e-03
5.263532591009818873e+01 2.417146949042698820e-03
5.290823119436031874e+01 2.379734544710340304e-03
5.316882575050344428e+01 2.254625129256202648e-03
5.338513341050097694e+01 2.221791341417173483e-03
5.363212510227822349e+01 2.348471058877026497e-03
5.391615723351310407e+01 2.178227069293503255e-03
5.419187693011466678e+01 2.100745093036496258e-03
5.439722241285236493e+01 1.969480583928574346e-03
5.462806064877949552e+01 2.119729553425057835e-03
5.491241494336609463e+01 2.173382358534894226e-03
5.519421446932921782e+01 2.176644780515281895e-03
5.543046826972861396e+01 1.964220692477698475e-03
5.561137265256709128e+01 1.122499713007090111e-03
