3.559856489878782115e-01 4.987614625638424855e+02
6.031648866026231293e-01 2.028028110075931068e+02
8.579160745827347778e-01 9.914776470068193248e+01
1.113464310595710716e+00 5.648865413397857793e+01
1.374039914321364408e+00 2.966105593543097996e+01
1.619154704570298309e+00 1.992218703512627087e+01
1.870686673430271840e+00 1.393911371725826776e+01
2.123290040706380832e+00 1.096024870264076512e+01
2.378144976376236119e+00 7.692915072273719623e+00
2.630489925835516996e+00 6.701557851024695367e+00
2.878653162679494670e+00 5.426299962598464255e+00
3.131144366275339319e+00 4.052843004776319979e+00
3.388159578333816313e+00 3.336273911281426585e+00
3.638741848210948149e+00 2.655565093141616373e+00
3.888315910732085268e+00 2.356088528442112917e+00
4.139052155837465996e+00 2.027885738032334295e+00
4.390305777018236988e+00 1.722896345163244636e+00
4.642172339120373081e+00 1.474428990079715840e+00
4.894678666149941293e+00 1.291951224311091773e+00
5.147269052361176378e+00 1.135587879569638137e+00
5.398003206656323272e+00 1.017167262865586341e+00
5.647798235368590269e+00 8.890406266738337671e-01
5.900534302989873581e+00 8.133222145281688853e-01
6.151460297009074374e+00 7.116265324403067138e-01
6.402630176204441526e+00 6.406371964080236348e-01
6.655964674748322096e+00 5.736126648716773913e-01
6.908782583105771202e+00 5.307588875479374302e-01
7.159060853508338873e+00 4.808263627245060734e-01
7.409414762591408632e+00 4.415560488556460883e-01
7.659227149364629561e+00 4.053119615324514702e-01
7.911559474606142395e+00 3.741497260392140922e-01
8.163750941790897997e+00 3.504111153071285956e-01
8.415757210439384295e+00 3.249046471765481559e-01
8.667638839289207198e+00 2.904792835445467736e-01
8.918801124864609520e+00 2.775951404999706384e-01
9.170480108345369530e+00 2.536163131027324158e-01
9.420566033467249412e+00 2.426158995515032002e-01
9.671642335271435797e+00 2.246704366415354648e-01
9.923426157758477473e+00 2.084749058142952027e-01
1.017396902749181820e+01 1.945141759951037885e-01
1.042533700753922155e+01 1.829785166708273458e-01
1.067702948358784276e+01 1.699061552876714731e-01
1.092969337256462303e+01 1.596808455216341960e-01
1.118211872033766419e+01 1.531653061606675359e-01
1.143346516925797296e+01 1.421588072935995595e-01
1.168350508557724687e+01 1.356875188137152133e-01
1.193379937775929100e+01 1.274080687774773180e-01
1.218553055762879112e+01 1.203052229594438333e-01
1.243711650801278878e+01 1.143895324530796176e-01
1.268867268647359303e+01 1.076311301251138414e-01
1.294075027177769144e+01 1.010726176266434906e-01
1.319267287020158363e+01 9.746872900025581321e-02
1.344470571782862756e+01 9.305984754142469784e-02
1.369480150283709641e+01 8.843144923433696181e-02
1.394591277066507828e+01 8.363010342410050202e-02
1.419764645764527167e+01 8.002965038945687726e-02
1.444766774168416212e+01 7.624177855244099189e-02
1.469906835825429070e+01 7.392953717616373988e-02
1.495059118111036511e+01 6.973347289269903049e-02
1.520261612590052991e+01 6.726594225337689803e-02
1.545415944503929495e+01 6.369555678652273623e-02
1.570456072545780124e+01 6.155211502187776101e-02
1.595705800128773966e+01 5.897552781446503689e-02
1.620829297830731619e+01 5.620083557072091257e-02
1.645966591028190962e+01 5.416340968033910019e-02
1.671125708846596325e+01 5.189001629641556285e-02
1.696160259490052624e+01 4.979377782001125768e-02
1.721370276108077135e+01 4.815799147367574862e-02
1.746543424102250341e+01 4.570103801459138998e-02
1.771598473288305442e+01 4.453526299834560664e-02
1.796653767411944003e+01 4.285317643974514978e-02
1.821765658501893270e+01 4.151550005722604714e-02
1.847053788120423334e+01 4.041797342151451367e-02
1.872257696809484173e+01 3.895790960379159895e-02
1.897394097105746269e+01 3.737966155964794063e-02
1.922542454726159988e+01 3.590696958589126991e-02
1.947607703355479103e+01 3.465049119204280381e-02
1.972678839839982601e+01 3.361755697905743911e-02
1.997802698857814363e+01 3.235504188395312702e-02
2.022863620534168660e+01 3.141710485882651810e-02
2.047969598507238231e+01 3.031907675536911831e-02
2.073250439107362553e+01 2.967808815112603707e-02
2.098435855211640089e+01 2.852818146699384952e-02
2.123502923393334640e+01 2.749029660262014910e-02
2.148629411178690773e+01 2.679022922345720981e-02
2.173831825513516591e+01 2.595289811938029934e-02
2.198972260956887226e+01 2.512797939059862110e-02
2.223974971000711420e+01 2.422501120774062447e-02
2.249141870643862973e+01 2.357370646276190154e-02
2.274404614890906373e+01 2.302994757596133618e-02
2.299521835768831579e+01 2.235187342612083780e-02
2.324620084136223852e+01 2.148285580773883624e-02
2.349757798664387209e+01 2.091453842603011384e-02
2.374870488118759937e+01 2.043414032762541979e-02
2.399988781917473091e+01 1.994298738193537451e-02
2.425071646049711305e+01 1.925694020433885503e-02
2.450187830577813841e+01 1.873359200669927338e-02
2.475391093216606109e+01 1.824776017103150669e-02
2.500524226975159792e+01 1.788015549267039581e-02
2.525610980153284402e+01 1.723977016827710554e-02
2.550801425092822328e+01 1.678649997819965309e-02
2.575943113325822864e+01 1.647584052175115124e-02
2.601074166866445125e+01 1.600108049555286696e-02
2.626234447079615464e+01 1.557887922359047113e-02
2.651347712943701751e+01 1.513726703254521071e-02
2.676474177984877656e+01 1.477035257126646343e-02
2.701628079430242479e+01 1.438535619061453996e-02
2.726734205837282232e+01 1.412222482526702752e-02
2.751837013544679422e+01 1.376418785970129864e-02
2.776937726815812724e+01 1.336403421505966832e-02
2.802070160973895341e+01 1.308126400280127527e-02
2.827249982643487058e+01 1.265907642550488481e-02
2.852407603869968966e+01 1.251133994202855391e-02
2.877567300468570721e+01 1.219640051423926709e-02
2.902733523039245256e+01 1.189757180383346769e-02
2.927861073083739996e+01 1.161526939565838724e-02
2.953003196193969160e+01 1.133371258241516050e-02
2.978106336846375157e+01 1.109154453969622700e-02
3.003148440777084716e+01 1.084728851886290410e-02
3.028303386126418673e+01 1.054502742907989857e-02
3.053456493440382857e+01 1.038993159291180281e-02
3.078585183944906944e+01 1.006999433949251101e-02
3.103757946070165730e+01 9.856777344360271795e-03
3.128931656795834826e+01 9.655931581382771328e-03
3.154125974608096428e+01 9.461942935105540839e-03
3.179158626791808828e+01 9.263983341163534863e-03
3.204196438636942190e+01 9.105409151562620165e-03
3.229344668057169798e+01 8.928291548638552649e-03
3.254489998018084407e+01 8.723376698579853386e-03
3.279660140319880668e+01 8.547638089937109607e-03
3.304772754686901237e+01 8.373221449670549196e-03
3.329949953441923327e+01 8.181297656795113657e-03
3.355173249539067371e+01 8.071962643981571428e-03
3.380235474142784824e+01 7.888057345444208363e-03
3.405292218889088218e+01 7.725182094736823130e-03
3.430455901572810262e+01 7.564656343142175596e-03
3.455605119154291316e+01 7.366137689426150749e-03
3.480708698418615654e+01 7.277197690481317094e-03
3.505823042281740243e+01 7.137262350955509566e-03
3.530983122122644602e+01 6.942988471969448530e-03
3.556111974160763367e+01 6.863040119338589297e-03
3.581195885960364933e+01 6.706169902150948235e-03
3.606348577968052638e+01 6.626159614588161134e-03
3.631495136683125935e+01 6.449914342609231084e-03
3.656646781331610185e+01 6.381450163680611916e-03
3.681800948534306173e+01 6.252505914004766185e-03
3.706942350460822411e+01 6.115530513690863382e-03
3.732119977997001570e+01 6.027129407880657194e-03
3.757249197135423202e+01 5.904584034523408485e-03
3.782324055213251057e+01 5.816934815284257806e-03
3.807430609684078604e+01 5.726690188068528191e-03
3.832526519371521090e+01 5.634341084037075217e-03
3.857704530181875668e+01 5.484267412818317859e-03
3.882896255048217427e+01 5.380864052319018868e-03
3.907976684424035341e+01 5.314427453243090668e-03
3.933085588900704010e+01 5.194937169619105385e-03
3.958184533965361140e+01 5.176131888835201235e-03
3.983320492881626507e+01 5.033476655491658618e-03
4.008506787586624398e+01 4.982503064326541595e-03
4.033569471078550350e+01 4.867653887077264506e-03
4.058701345074587863e+01 4.788252216873001982e-03
4.083916815834436420e+01 4.681784067727269572e-03
4.108978611092747713e+01 4.587185166204692070e-03
4.134119394692694271e+01 4.545004985554724694e-03
4.159372926482761557e+01 4.482733295605902633e-03
4.184480996230068683e+01 4.408102399043604264e-03
4.209495048714620680e+01 4.322790283413252034e-03
4.234568601474854432e+01 4.255443795981041742e-03
4.259794184898333214e+01 4.225050245068866402e-03
4.284922176444433717e+01 4.121724485757431895e-03
4.309982534096671003e+01 4.078455550794471592e-03
4.335153475414617930e+01 3.985974748372531247e-03
4.360374984514007224e+01 3.952087249371974420e-03
4.385432838732079830e+01 3.880925021317481113e-03
4.410529766549178277e+01 3.863767218545297033e-03
4.435675536456894008e+01 3.751752535106133140e-03
4.460756668584335927e+01 3.676124763142794415e-03
4.485812369927145937e+01 3.643226303918655276e-03
4.510933196139897206e+01 3.566784236746700729e-03
4.536097672816924131e+01 3.549146782328236466e-03
4.561261869099184452e+01 3.459375290707747148e-03
4.586346064304911607e+01 3.446343045137403513e-03
4.611435299895526185e+01 3.346413128288303930e-03
4.636610302009028572e+01 3.311316189832855510e-03
4.661726081402038346e+01 3.281821372326957763e-03
4.686748045926628237e+01 3.271037278123753271e-03
4.712001000143001761e+01 3.191349738610322218e-03
4.737334269293729960e+01 3.141730528306100386e-03
4.762357272554871912e+01 3.080279421247382032e-03
4.787295862859781437e+01 3.076680984183686844e-03
4.812686710231834297e+01 2.997746822932577469e-03
4.837988354528783930e+01 2.960164513056388110e-03
4.862698975964909209e+01 2.902586144646015186e-03
4.887931961662670233e+01 2.859153656111678571e-03
4.913512531690142282e+01 2.822915696646137972e-03
4.938486646957150583e+01 2.836127528597147309e-03
4.963073103205424985e+01 2.793133178991157560e-03
4.988316058859187763e+01 2.747456949765887581e-03
5.013927392651110893e+01 2.705234880926221230e-03
5.038898445289544270e+01 2.606376873588968184e-03
5.063791314200675941e+01 2.588340343013436837e-03
5.089234515763529032e+01 2.606019580270113861e-03
5.114529266359630810e+01 2.584399464244084392e-03
5.138952878242714206e+01 2.483136376663840680e-03
5.163945178601188246e+01 2.504893122819380757e-03
5.190206698624180603e+01 2.517014577553299600e-03
5.215590084722179398e+01 2.367476068686647818e-03
5.238680673191466042e+01 2.270273092035663982e-03
5.263532591009818873e+01 2.347274318075417889e-03
5.290823119436031874e+01 2.304902644213082351e-03
5.316882575050344428e+01 2.297705262401117041e-03
5.338513341050097694e+01 2.314915083595547873e-03
5.363212510227822349e+01 2.215083200515732126e-03
5.391615723351310407e+01 2.330290238807688520e-03
5.419187693011466678e+01 2.315351465073467365e-03
5.439722241285236493e+01 2.103475886088755371e-03
5.462806064877949552e+01 2.272864392739516130e-03
5.491241494336609463e+01 2.163671755302211223e-03
5.519421446932921782e+01 2.160951142926905051e-03
5.543046826972861396e+01 1.345117340605637285e-03
5.561137265256709128e+01 5.623354226397678712e-04
