3.559856489878782115e-01 5.567540860199407007e+02
6.031648866026231293e-01 2.142824299032481008e+02
8.579160745827347778e-01 7.310129534954623409e+01
1.113464310595710716e+00 4.225345838811823995e+01
1.374039914321364408e+00 2.739212877138266222e+01
1.619154704570298309e+00 2.081023932714445479e+01
1.870686673430271840e+00 1.363747078662719403e+01
2.123290040706380832e+00 1.056814970173751611e+01
2.378144976376236119e+00 7.848682429733387700e+00
2.630489925835516996e+00 6.263813694567550883e+00
2.878653162679494670e+00 4.900341746300496126e+00
3.131144366275339319e+00 3.863475725072576417e+00
3.388159578333816313e+00 3.222605795681454666e+00
3.638741848210948149e+00 2.770941382362402727e+00
3.888315910732085268e+00 2.268644872047940186e+00
4.139052155837465996e+00 1.904931343541226729e+00
4.390305777018236988e+00 1.657040101669398302e+00
4.642172339120373081e+00 1.448282711311071225e+00
4.894678666149941293e+00 1.250309548311350438e+00
5.147269052361176378e+00 1.150108272070949456e+00
5.398003206656323272e+00 9.825133684848201820e-01
5.647798235368590269e+00 9.003205305493842125e-01
5.900534302989873581e+00 7.911583334642062759e-01
6.151460297009074374e+00 7.265606249007812156e-01
6.402630176204441526e+00 6.518063999060554892e-01
6.655964674748322096e+00 5.740657907917542380e-01
6.908782583105771202e+00 5.160164248881912163e-01
7.159060853508338873e+00 4.997986841611687381e-01
7.409414762591408632e+00 4.398995007301093052e-01
7.659227149364629561e+00 4.034666227100626168e-01
7.911559474606142395e+00 3.724429232069214613e-01
8.163750941790897997e+00 3.450228463362489117e-01
8.415757210439384295e+00 3.208788264093635489e-01
8.667638839289207198e+00 2.941362045281883386e-01
8.918801124864609520e+00 2.739833241929077734e-01
9.170480108345369530e+00 2.534106773681151226e-01
9.420566033467249412e+00 2.381452180958746612e-01
9.671642335271435797e+00 2.222087782634924735e-01
9.923426157758477473e+00 2.083791970081635969e-01
1.017396902749181820e+01 1.993401728513548576e-01
1.042533700753922155e+01 1.813026930116943269e-01
1.067702948358784276e+01 1.718851642648961675e-01
1.092969337256462303e+01 1.626885972019702087e-01
1.118211872033766419e+01 1.518540451715757744e-01
1.143346516925797296e+01 1.435731021970220456e-01
1.168350508557724687e+01 1.339329219513031577e-01
1.193379937775929100e+01 1.289909410271861401e-01
1.218553055762879112e+01 1.209487609187927110e-01
1.243711650801278878e+01 1.144860431098291692e-01
1.268867268647359303e+01 1.090993877358204384e-01
1.294075027177769144e+01 1.027258470516425604e-01
1.319267287020158363e+01 9.642636698594006517e-02
1.344470571782862756e+01 9.263655600626165276e-02
1.369480150283709641e+01 8.723364444744168000e-02
1.394591277066507828e+01 8.412171561544823373e-02
1.419764645764527167e+01 8.012501963659222903e-02
1.444766774168416212e+01 7.739736602869265458e-02
1.469906835825429070e+01 7.375541852080039207e-02
1.495059118111036511e+01 6.961637579931673203e-02
1.520261612590052991e+01 6.711328850580529359e-02
1.545415944503929495e+01 6.427125454509330371e-02
1.570456072545780124e+01 6.123722881653567013e-02
1.595705800128773966e+01 5.917691641649389794e-02
1.620829297830731619e+01 5.702189350043931210e-02
1.645966591028190962e+01 5.434076305519872085e-02
1.671125708846596325e+01 5.169953725656281640e-02
1.696160259490052624e+01 4.992329147588064897e-02
1.721370276108077135e+01 4.832385752665824957e-02
1.746543424102250341e+01 4.641469541698031026e-02
1.771598473288305442e+01 4.511471061404345034e-02
1.796653767411944003e+01 4.323527723314564419e-02
1.821765658501893270e+01 4.158417847578933790e-02
1.847053788120423334e+01 3.992310440754359702e-02
1.872257696809484173e+01 3.845391810140862815e-02
1.897394097105746269e+01 3.704092536144668740e-02
1.922542454726159988e+01 3.581840297831706543e-02
1.947607703355479103e+01 3.461979149629720864e-02
1.972678839839982601e+01 3.347888642102655327e-02
1.997802698857814363e+01 3.227160265169793513e-02
2.022863620534168660e+01 3.140867624782901074e-02
2.047969598507238231e+01 3.048488487068852851e-02
2.073250439107362553e+01 2.939156641067320469e-02
2.098435855211640089e+01 2.835561206503043122e-02
2.123502923393334640e+01 2.747993386106037036e-02
2.148629411178690773e+01 2.657568241383274563e-02
2.173831825513516591e+01 2.570372193400932009e-02
2.198972260956887226e+01 2.526172846296902141e-02
2.223974971000711420e+01 2.448408336696975690e-02
2.249141870643862973e+01 2.366249735801193022e-02
2.274404614890906373e+01 2.279304643276436684e-02
2.299521835768831579e+01 2.222399999656799255e-02
2.324620084136223852e+01 2.159231926169851573e-02
2.349757798664387209e+01 2.099616545931809464e-02
2.374870488118759937e+01 2.052082617538155199e-02
2.399988781917473091e+01 1.991935376414500497e-02
2.425071646049711305e+01 1.930948771727392793e-02
2.450187830577813841e+01 1.872640128581138513e-02
2.475391093216606109e+01 1.827005547874076263e-02
2.500524226975159792e+01 1.773832442365234213e-02
2.525610980153284402e+01 1.730593490246076088e-02
2.550801425092822328e+01 1.689489802574204239e-02
2.575943113325822864e+01 1.637767019193344178e-02
2.601074166866445125e+01 1.598801536387531655e-02
2.626234447079615464e+01 1.552019526744278372e-02
2.651347712943701751e+01 1.518361468356563791e-02
2.676474177984877656e+01 1.479126237753091051e-02
2.701628079430242479e+01 1.445730588076021318e-02
2.726734205837282232e+01 1.406642443089150055e-02
2.751837013544679422e+01 1.368325938816706243e-02
2.776937726815812724e+01 1.348510338641426345e-02
2.802070160973895341e+01 1.304146745942428437e-02
2.827249982643487058e+01 1.279212214522116101e-02
2.852407603869968966e+01 1.240677019315395736e-02
2.877567300468570721e+01 1.230192886192731615e-02
2.902733523039245256e+01 1.183210152399128204e-02
2.927861073083739996e+01 1.162454587135273651e-02
2.953003196193969160e+01 1.136984014273470685e-02
2.978106336846375157e+01 1.107728655712759101e-02
3.003148440777084716e+01 1.086777491502089778e-02
3.028303386126418673e+01 1.058558535998916673e-02
3.053456493440382857e+01 1.036249243477604422e-02
3.078585183944906944e+01 1.016149547023767821e-02
3.103757946070165730e+01 9.942941861928943428e-03
3.128931656795834826e+01 9.710139389330558687e-03
3.154125974608096428e+01 9.548086446034097577e-03
3.179158626791808828e+01 9.307985370859771235e-03
3.204196438636942190e+01 9.130707549676044324e-03
3.229344668057169798e+01 8.872345354806011192e-03
3.254489998018084407e+01 8.669060960955207035e-03
3.279660140319880668e+01 8.538439110578501315e-03
3.304772754686901237e+01 8.359689661285347670e-03
3.329949953441923327e+01 8.199982495627759077e-03
3.355173249539067371e+01 8.030827728769309587e-03
3.380235474142784824e+01 7.884280207103036564e-03
3.405292218889088218e+01 7.697934407779441317e-03
3.430455901572810262e+01 7.555036059519973368e-03
3.455605119154291316e+01 7.481789569814089116e-03
3.480708698418615654e+01 7.270740182452398170e-03
3.505823042281740243e+01 7.102248615878090088e-03
3.530983122122644602e+01 6.991150169793253905e-03
3.556111974160763367e+01 6.818117454717568561e-03
3.581195885960364933e+01 6.738171498759444600e-03
3.606348577968052638e+01 6.560599508432208953e-03
3.631495136683125935e+01 6.512705078427625215e-03
3.656646781331610185e+01 6.382731793777617416e-03
3.681800948534306173e+01 6.227486085346554436e-03
3.706942350460822411e+01 6.134899671393048010e-03
3.732119977997001570e+01 6.021799322571722360e-03
3.757249197135423202e+01 5.925342448691444351e-03
3.782324055213251057e+01 5.801256176760304605e-03
3.807430609684078604e+01 5.727628549058712791e-03
3.832526519371521090e+01 5.616923218927639266e-03
3.857704530181875668e+01 5.517221416930028800e-03
3.882896255048217427e+01 5.391583706877349329e-03
3.907976684424035341e+01 5.330590485951001295e-03
3.933085588900704010e+01 5.242314750847464587e-03
3.958184533965361140e+01 5.131388463470671311e-03
3.983320492881626507e+01 5.006427549454823579e-03
4.008506787586624398e+01 5.010965766033281983e-03
4.033569471078550350e+01 4.848325347159140528e-03
4.058701345074587863e+01 4.770653404974220524e-03
4.083916815834436420e+01 4.676164352573169460e-03
4.108978611092747713e+01 4.635539275401351182e-03
4.134119394692694271e+01 4.539911890270162918e-03
4.159372926482761557e+01 4.461888003353782321e-03
4.184480996230068683e+01 4.399109485470298515e-03
4.209495048714620680e+01 4.327451744516090659e-03
4.234568601474854432e+01 4.301219854713224898e-03
4.259794184898333214e+01 4.207486673247748214e-03
4.284922176444433717e+01 4.161286509054152281e-03
4.309982534096671003e+01 4.050827060414160553e-03
4.335153475414617930e+01 4.004308209963033764e-03
4.360374984514007224e+01 3.924911080959783694e-03
4.385432838732079830e+01 3.864994322125382426e-03
4.410529766549178277e+01 3.821822246049105462e-03
4.435675536456894008e+01 3.737042243304605944e-03
4.460756668584335927e+01 3.718663909091850066e-03
4.485812369927145937e+01 3.630373824509690230e-03
4.510933196139897206e+01 3.599964103987313754e-03
4.536097672816924131e+01 3.565927398275574832e-03
4.561261869099184452e+01 3.502721872306711979e-03
4.586346064304911607e+01 3.403885526808520575e-03
4.611435299895526185e+01 3.347212529426249385e-03
4.636610302009028572e+01 3.301483666719116136e-03
4.661726081402038346e+01 3.289975989592875631e-03
4.686748045926628237e+01 3.228880262977854715e-03
4.712001000143001761e+01 3.147376976964573383e-03
4.737334269293729960e+01 3.173716595071202420e-03
4.762357272554871912e+01 3.068885146217064427e-03
4.787295862859781437e+01 3.035627742303708895e-03
4.812686710231834297e+01 3.031716841427355147e-03
4.837988354528783930e+01 2.981919367371029840e-03
4.862698975964909209e+01 2.927955776059357283e-03
4.887931961662670233e+01 2.875158596716597629e-03
4.913512531690142282e+01 2.766805267356091044e-03
4.938486646957150583e+01 2.851905582705401357e-03
4.963073103205424985e+01 2.753320633706004845e-03
4.988316058859187763e+01 2.752208882544835301e-03
5.013927392651110893e+01 2.750232594319238378e-03
5.038898445289544270e+01 2.663085691278532178e-03
5.063791314200675941e+01 2.598164243403755080e-03
5.089234515763529032e+01 2.596552398362326000e-03
5.114529266359630810e+01 2.580655520459445348e-03
5.138952878242714206e+01 2.515582269535319992e-03
5.163945178601188246e+01 2.499358992607657228e-03
5.190206698624180603e+01 2.538528071182574123e-03
5.215590084722179398e+01 2.360028408370017181e-03
5.238680673191466042e+01 2.327923385741513355e-03
5.263532591009818873e+01 2.395539765794561359e-03
5.290823119436031874e+01 2.298901068897000848e-03
5.316882575050344428e+01 2.232779990804226698e-03
5.338513341050097694e+01 2.281943318993787367e-03
5.363212510227822349e+01 2.307959467357543343e-03
5.391615723351310407e+01 2.065276000486442054e-03
5.419187693011466678e+01 2.128000746522500618e-03
5.439722241285236493e+01 2.204059281989360648e-03
5.462806064877949552e+01 2.062272397558758026e-03
5.491241494336609463e+01 2.065590171383440386e-03
5.519421446932921782e+01 2.345087793443353160e-03
5.543046826972861396e+01 2.023790801278271302e-03
5.561137265256709128e+01 2.541683224553642484e-03
