3.559856489878782115e-01 8.613886717228567704e+02
6.031648866026231293e-01 1.811608685392972404e+02
8.579160745827347778e-01 1.023697148863975031e+02
1.113464310595710716e+00 5.295152121758741970e+01
1.374039914321364408e+00 3.145044126765709080e+01
1.619154704570298309e+00 1.908292150993237613e+01
1.870686673430271840e+00 1.449142159748222447e+01
2.123290040706380832e+00 1.032635126765635647e+01
2.378144976376236119e+00 7.858866019009022708e+00
2.630489925835516996e+00 6.169058210049010782e+00
2.878653162679494670e+00 4.894293724959315028e+00
3.131144366275339319e+00 4.091598483563307909e+00
3.388159578333816313e+00 3.158105233822347202e+00
3.638741848210948149e+00 2.769376971994670367e+00
3.888315910732085268e+00 2.398552096537041489e+00
4.139052155837465996e+00 2.008211895161823080e+00
4.390305777018236988e+00 1.669217779774425869e+00
4.642172339120373081e+00 1.518494704098479309e+00
4.894678666149941293e+00 1.300903410843528007e+00
5.147269052361176378e+00 1.115076431817087377e+00
5.398003206656323272e+00 9.979983293667915589e-01
5.647798235368590269e+00 8.924234427205368636e-01
5.900534302989873581e+00 7.976144688298426599e-01
6.151460297009074374e+00 6.941633005481178120e-01
6.402630176204441526e+00 6.488513135650423314e-01
6.655964674748322096e+00 5.935316277150681774e-01
6.908782583105771202e+00 5.416739557943011096e-01
7.159060853508338873e+00 4.846075399124705751e-01
7.409414762591408632e+00 4.426524916158137146e-01
7.659227149364629561e+00 4.058376756850543554e-01
7.911559474606142395e+00 3.756290468147632233e-01
8.163750941790897997e+00 3.459524781559375484e-01
8.415757210439384295e+00 3.234249471478981008e-01
8.667638839289207198e+00 2.981524985504583891e-01
8.918801124864609520e+00 2.720510755652562063e-01
9.170480108345369530e+00 2.507467928406661994e-01
9.420566033467249412e+00 2.381197701939461453e-01
9.671642335271435797e+00 2.206239354225550398e-01
9.923426157758477473e+00 2.064907551447069112e-01
1.017396902749181820e+01 1.922360518059468004e-01
1.042533700753922155e+01 1.804181443941276219e-01
1.067702948358784276e+01 1.700248232677794569e-01
1.092969337256462303e+01 1.596353416357164656e-01
1.118211872033766419e+01 1.495276943353514854e-01
1.143346516925797296e+01 1.463709060593191280e-01
1.168350508557724687e+01 1.361055352767233384e-01
1.193379937775929100e+01 1.280433550892805528e-01
1.218553055762879112e+01 1.197422726994814141e-01
1.243711650801278878e+01 1.139342586519867945e-01
1.268867268647359303e+01 1.077212559477522952e-01
1.294075027177769144e+01 1.028725844745576323e-01
1.319267287020158363e+01 9.749068411666393652e-02
1.344470571782862756e+01 9.337174517905706683e-02
1.369480150283709641e+01 8.906473424414557138e-02
1.394591277066507828e+01 8.494511677579399955e-02
1.419764645764527167e+01 8.056459556074961614e-02
1.444766774168416212e+01 7.727282911239126417e-02
1.469906835825429070e+01 7.299496551411181755e-02
1.495059118111036511e+01 7.023180906519856104e-02
1.520261612590052991e+01 6.713215730077817800e-02
1.545415944503929495e+01 6.426597303585483700e-02
1.570456072545780124e+01 6.202351940749176173e-02
1.595705800128773966e+01 5.964922433929027018e-02
1.620829297830731619e+01 5.648632723950484935e-02
1.645966591028190962e+01 5.458400829189512943e-02
1.671125708846596325e+01 5.233646516581180741e-02
1.696160259490052624e+01 4.993266207634099174e-02
1.721370276108077135e+01 4.841899390981948409e-02
1.746543424102250341e+01 4.661095020839990666e-02
1.771598473288305442e+01 4.456661955453555118e-02
1.796653767411944003e+01 4.242036906474265512e-02
1.821765658501893270e+01 4.103309454756740027e-02
1.847053788120423334e+01 4.022769166696518045e-02
1.872257696809484173e+01 3.866467589237339991e-02
1.897394097105746269e+01 3.698026472879071408e-02
1.922542454726159988e+01 3.584890253156673701e-02
1.947607703355479103e+01 3.513363553631668884e-02
1.972678839839982601e+01 3.344087339975253259e-02
1.997802698857814363e+01 3.237362127520545391e-02
2.022863620534168660e+01 3.141627656876501418e-02
2.047969598507238231e+01 3.058992686126292895e-02
2.073250439107362553e+01 2.943407138466888617e-02
2.098435855211640089e+01 2.857162343149481296e-02
2.123502923393334640e+01 2.745645103381201546e-02
2.148629411178690773e+01 2.673007017778748079e-02
2.173831825513516591e+01 2.612684052499033779e-02
2.198972260956887226e+01 2.488928234951232055e-02
2.223974971000711420e+01 2.425618437747924586e-02
2.249141870643862973e+01 2.369535051226888053e-02
2.274404614890906373e+01 2.295375752509169059e-02
2.299521835768831579e+01 2.229397051636975921e-02
2.324620084136223852e+01 2.155606830165959428e-02
2.349757798664387209e+01 2.101566550618714016e-02
2.374870488118759937e+01 2.048559763465538849e-02
2.399988781917473091e+01 1.976246221137737541e-02
2.425071646049711305e+01 1.923468973502719462e-02
2.450187830577813841e+01 1.882154737335497291e-02
2.475391093216606109e+01 1.824054611715553859e-02
2.500524226975159792e+01 1.775253880732995115e-02
2.525610980153284402e+01 1.742804886504067952e-02
2.550801425092822328e+01 1.682301594845015194e-02
2.575943113325822864e+01 1.642876659080158216e-02
2.601074166866445125e+01 1.599691114079363624e-02
2.626234447079615464e+01 1.542054586133437787e-02
2.651347712943701751e+01 1.512432391347661755e-02
2.676474177984877656e+01 1.476626072698309332e-02
2.701628079430242479e+01 1.439652207081642404e-02
2.726734205837282232e+01 1.412366082280088093e-02
2.751837013544679422e+01 1.371598284566051019e-02
2.776937726815812724e+01 1.343651811199872599e-02
2.802070160973895341e+01 1.305051036383732266e-02
2.827249982643487058e+01 1.274683935714560241e-02
2.852407603869968966e+01 1.248416616991349266e-02
2.877567300468570721e+01 1.215793484675043758e-02
2.902733523039245256e+01 1.190384369798773087e-02
2.927861073083739996e+01 1.160219211939117825e-02
2.953003196193969160e+01 1.130189816989837955e-02
2.978106336846375157e+01 1.104494776960587323e-02
3.003148440777084716e+01 1.087899681739030837e-02
3.028303386126418673e+01 1.051766679463845069e-02
3.053456493440382857e+01 1.036712316089805422e-02
3.078585183944906944e+01 1.016079196780626456e-02
3.103757946070165730e+01 9.936586080234155113e-03
3.128931656795834826e+01 9.686389682707520835e-03
3.154125974608096428e+01 9.461965373483783096e-03
3.179158626791808828e+01 9.290779216469719631e-03
3.204196438636942190e+01 9.081875860870442310e-03
3.229344668057169798e+01 8.916502462454583069e-03
3.254489998018084407e+01 8.733278644326554485e-03
3.279660140319880668e+01 8.513048148458501191e-03
3.304772754686901237e+01 8.356293977064312151e-03
3.329949953441923327e+01 8.211230928839872989e-03
3.355173249539067371e+01 8.066058323023584525e-03
3.380235474142784824e+01 7.818226713489988614e-03
3.405292218889088218e+01 7.712686083352450657e-03
3.430455901572810262e+01 7.536859735609360671e-03
3.455605119154291316e+01 7.410103256408368845e-03
3.480708698418615654e+01 7.298895055628166692e-03
3.505823042281740243e+01 7.151364515318362099e-03
3.530983122122644602e+01 7.006523025993133605e-03
3.556111974160763367e+01 6.873420795252905072e-03
3.581195885960364933e+01 6.741425812421707707e-03
3.606348577968052638e+01 6.556629889381200213e-03
3.631495136683125935e+01 6.475819317464018461e-03
3.656646781331610185e+01 6.366830604421151556e-03
3.681800948534306173e+01 6.225253966261578599e-03
3.706942350460822411e+01 6.101496390944564571e-03
3.732119977997001570e+01 6.006948479167857104e-03
3.757249197135423202e+01 5.897635261398722142e-03
3.782324055213251057e+01 5.818646862676499047e-03
3.807430609684078604e+01 5.719766842112044419e-03
3.832526519371521090e+01 5.614439882037913776e-03
3.857704530181875668e+01 5.500639951069269222e-03
3.882896255048217427e+01 5.416615789298504652e-03
3.907976684424035341e+01 5.318262640598706709e-03
3.933085588900704010e+01 5.190015531733493254e-03
3.958184533965361140e+01 5.143297633614310992e-03
3.983320492881626507e+01 5.050551218330957826e-03
4.008506787586624398e+01 5.001977965541827380e-03
4.033569471078550350e+01 4.898785619825483592e-03
4.058701345074587863e+01 4.760206524956870841e-03
4.083916815834436420e+01 4.694999010572640900e-03
4.108978611092747713e+01 4.630888341449698915e-03
4.134119394692694271e+01 4.554185527438832717e-03
4.159372926482761557e+01 4.474362363268206272e-03
4.184480996230068683e+01 4.426957226291331621e-03
4.209495048714620680e+01 4.304285700046550818e-03
4.234568601474854432e+01 4.248313757162062304e-03
4.259794184898333214e+01 4.212169569330057907e-03
4.284922176444433717e+01 4.118298303063554558e-03
4.309982534096671003e+01 4.062972215048403328e-03
4.335153475414617930e+01 3.993153758253140118e-03
4.360374984514007224e+01 3.959388560723291033e-03
4.385432838732079830e+01 3.887710251749658397e-03
4.410529766549178277e+01 3.824477830084797077e-03
4.435675536456894008e+01 3.761694310403684849e-03
4.460756668584335927e+01 3.695925930396970482e-03
4.485812369927145937e+01 3.661829275887764582e-03
4.510933196139897206e+01 3.556579764866425221e-03
4.536097672816924131e+01 3.545926215570472523e-03
4.561261869099184452e+01 3.516107978633639490e-03
4.586346064304911607e+01 3.443832329784171729e-03
4.611435299895526185e+01 3.356411295245786269e-03
4.636610302009028572e+01 3.331794808642387761e-03
4.661726081402038346e+01 3.286373055707213567e-03
4.686748045926628237e+01 3.202555360280833537e-03
4.712001000143001761e+01 3.157311508269320180e-03
4.737334269293729960e+01 3.132783509341824889e-03
4.762357272554871912e+01 3.044159444863047716e-03
4.787295862859781437e+01 3.087288249411493726e-03
4.812686710231834297e+01 2.984707799655430920e-03
4.837988354528783930e+01 2.958705548754475296e-03
4.862698975964909209e+01 2.965634843692709858e-03
4.887931961662670233e+01 2.924380282173756878e-03
4.913512531690142282e+01 2.865193621609544473e-03
4.938486646957150583e+01 2.857604292950585798e-03
4.963073103205424985e+01 2.792570366149049743e-03
4.988316058859187763e+01 2.738734537936040811e-03
5.013927392651110893e+01 2.693117325549003200e-03
5.038898445289544270e+01 2.727571175366684097e-03
5.063791314200675941e+01 2.630807070222028043e-03
5.089234515763529032e+01 2.592960105165934611e-03
5.114529266359630810e+01 2.556003185896841157e-03
5.138952878242714206e+01 2.488013183645375673e-03
5.163945178601188246e+01 2.436126210466355978e-03
5.190206698624180603e+01 2.376643188761501987e-03
5.215590084722179398e+01 2.369666902301983437e-03
5.238680673191466042e+01 2.398071491795746371e-03
5.263532591009818873e+01 2.405879940896390838e-03
5.290823119436031874e+01 2.265667614699335558e-03
5.316882575050344428e+01 2.260770873577137765e-03
5.338513341050097694e+01 2.245767996533458259e-03
5.363212510227822349e+01 2.317998386394091136e-03
5.391615723351310407e+01 2.309894470414110279e-03
5.419187693011466678e+01 2.076244737632326406e-03
5.439722241285236493e+01 1.844614768509486146e-03
5.462806064877949552e+01 2.153717414849873075e-03
5.491241494336609463e+01 2.172940929259355169e-03
5.519421446932921782e+01 1.868998629248485319e-03
5.543046826972861396e+01 3.432585810503859490e-03
5.561137265256709128e+01 2.112023753128040165e-03
