3.559856489878782115e-01 8.156888097415459242e+02
6.031648866026231293e-01 2.707959422156851019e+02
8.579160745827347778e-01 9.338334083758908832e+01
1.113464310595710716e+00 4.778623318063604586e+01
1.374039914321364408e+00 3.476339646328206356e+01
1.619154704570298309e+00 1.978626360589909794e+01
1.870686673430271840e+00 1.582808484265399507e+01
2.123290040706380832e+00 9.971984033729777153e+00
2.378144976376236119e+00 8.074889558289207514e+00
2.630489925835516996e+00 6.103423053455704128e+00
2.878653162679494670e+00 4.963287790755204654e+00
3.131144366275339319e+00 3.990652972225918749e+00
3.388159578333816313e+00 3.087798177053836302e+00
3.638741848210948149e+00 2.753081414995725673e+00
3.888315910732085268e+00 2.325732428477839786e+00
4.139052155837465996e+00 1.959389529857270995e+00
4.390305777018236988e+00 1.681432297349816585e+00
4.642172339120373081e+00 1.487832749502727481e+00
4.894678666149941293e+00 1.310952184936125420e+00
5.147269052361176378e+00 1.141831260664837089e+00
5.398003206656323272e+00 1.015464639548840475e+00
5.647798235368590269e+00 9.003111588772060303e-01
5.900534302989873581e+00 7.992772459511839900e-01
6.151460297009074374e+00 7.195998109908176010e-01
6.402630176204441526e+00 6.501276660251343875e-01
6.655964674748322096e+00 5.868134242300677705e-01
6.908782583105771202e+00 5.498454775618923929e-01
7.159060853508338873e+00 4.774108324445584528e-01
7.409414762591408632e+00 4.516284325904993957e-01
7.659227149364629561e+00 4.079662313487234515e-01
7.911559474606142395e+00 3.788603612364537798e-01
8.163750941790897997e+00 3.406360139208872151e-01
8.415757210439384295e+00 3.181988364531360691e-01
8.667638839289207198e+00 2.947624484252385213e-01
8.918801124864609520e+00 2.775475191862544766e-01
9.170480108345369530e+00 2.515206963773936044e-01
9.420566033467249412e+00 2.363010114627440705e-01
9.671642335271435797e+00 2.198157637667289277e-01
9.923426157758477473e+00 2.070509258910508965e-01
1.017396902749181820e+01 1.912949481981746080e-01
1.042533700753922155e+01 1.834468072408465822e-01
1.067702948358784276e+01 1.716020387091382327e-01
1.092969337256462303e+01 1.616281143399122266e-01
1.118211872033766419e+01 1.483377656035283765e-01
1.143346516925797296e+01 1.408726856333647470e-01
1.168350508557724687e+01 1.367441887059576977e-01
1.193379937775929100e+01 1.276287462423774388e-01
1.218553055762879112e+01 1.219261825557984569e-01
1.243711650801278878e+01 1.129986921788819348e-01
1.268867268647359303e+01 1.074884172346213390e-01
1.294075027177769144e+01 1.013309425289596472e-01
1.319267287020158363e+01 9.760828895225161228e-02
1.344470571782862756e+01 9.226728921302226882e-02
1.369480150283709641e+01 8.896224278019139453e-02
1.394591277066507828e+01 8.462113450004975224e-02
1.419764645764527167e+01 8.065996763130167668e-02
1.444766774168416212e+01 7.732673296118032502e-02
1.469906835825429070e+01 7.322753779521896933e-02
1.495059118111036511e+01 6.923362469086004334e-02
1.520261612590052991e+01 6.714242697922052916e-02
1.545415944503929495e+01 6.444428111900921130e-02
1.570456072545780124e+01 6.148584911514858725e-02
1.595705800128773966e+01 5.907314004125611279e-02
1.620829297830731619e+01 5.656808590760074168e-02
1.645966591028190962e+01 5.423765017095339563e-02
1.671125708846596325e+01 5.143711804298023438e-02
1.696160259490052624e+01 5.002970963968327717e-02
1.721370276108077135e+01 4.815284877339672670e-02
1.746543424102250341e+01 4.613179629484812083e-02
1.771598473288305442e+01 4.451988322045420665e-02
1.796653767411944003e+01 4.301976676018481188e-02
1.821765658501893270e+01 4.174197017864302028e-02
1.847053788120423334e+01 4.018931745709184572e-02
1.872257696809484173e+01 3.880756301975692157e-02
1.897394097105746269e+01 3.705199983882382503e-02
1.922542454726159988e+01 3.619196302145490790e-02
1.947607703355479103e+01 3.467403053687245079e-02
1.972678839839982601e+01 3.347668826872845366e-02
1.997802698857814363e+01 3.259305173988092524e-02
2.022863620534168660e+01 3.146357603967701866e-02
2.047969598507238231e+01 3.032359790672126132e-02
2.073250439107362553e+01 2.942135671494236840e-02
2.098435855211640089e+01 2.857367283031901975e-02
2.123502923393334640e+01 2.763827506246942928e-02
2.148629411178690773e+01 2.672697969353374919e-02
2.173831825513516591e+01 2.589184155164441642e-02
2.198972260956887226e+01 2.511957102487828719e-02
2.223974971000711420e+01 2.444613870286590010e-02
2.249141870643862973e+01 2.359041526904654892e-02
2.274404614890906373e+01 2.284153661731403231e-02
2.299521835768831579e+01 2.223876735718041675e-02
2.324620084136223852e+01 2.153584408896886543e-02
2.349757798664387209e+01 2.103320476111543436e-02
2.374870488118759937e+01 2.055963306668105381e-02
2.399988781917473091e+01 1.984260528999226905e-02
2.425071646049711305e+01 1.926425454647291008e-02
2.450187830577813841e+01 1.875101539405859066e-02
2.475391093216606109e+01 1.834761312230526881e-02
2.500524226975159792e+01 1.778763360072888391e-02
2.525610980153284402e+01 1.732355706665767228e-02
2.550801425092822328e+01 1.690043558590877126e-02
2.575943113325822864e+01 1.628520773519860632e-02
2.601074166866445125e+01 1.584843493255783109e-02
2.626234447079615464e+01 1.558360041421333331e-02
2.651347712943701751e+01 1.519880283691273613e-02
2.676474177984877656e+01 1.486116518910808419e-02
2.701628079430242479e+01 1.433379765056436161e-02
2.726734205837282232e+01 1.410746915758390868e-02
2.751837013544679422e+01 1.369128698837956092e-02
2.776937726815812724e+01 1.330389512703859280e-02
2.802070160973895341e+01 1.304745812187764822e-02
2.827249982643487058e+01 1.280610672466383007e-02
2.852407603869968966e+01 1.246149944487133510e-02
2.877567300468570721e+01 1.217020939811940677e-02
2.902733523039245256e+01 1.188141069213837116e-02
2.927861073083739996e+01 1.165418225417592241e-02
2.953003196193969160e+01 1.137288013516005343e-02
2.978106336846375157e+01 1.107896333363504217e-02
3.003148440777084716e+01 1.080724389128939235e-02
3.028303386126418673e+01 1.062629313852994466e-02
3.053456493440382857e+01 1.033526989412419939e-02
3.078585183944906944e+01 1.021324241999991417e-02
3.103757946070165730e+01 9.898628889320080712e-03
3.128931656795834826e+01 9.763964326932567800e-03
3.154125974608096428e+01 9.523373676982964386e-03
3.179158626791808828e+01 9.283231629790241954e-03
3.204196438636942190e+01 9.085866764020466418e-03
3.229344668057169798e+01 8.914360485383986121e-03
3.254489998018084407e+01 8.722953851673907050e-03
3.279660140319880668e+01 8.539273151229877581e-03
3.304772754686901237e+01 8.360104867809078216e-03
3.329949953441923327e+01 8.214280765015260360e-03
3.355173249539067371e+01 8.018118927732244619e-03
3.380235474142784824e+01 7.884514790705371423e-03
3.405292218889088218e+01 7.708549326150848820e-03
3.430455901572810262e+01 7.575075593257150561e-03
3.455605119154291316e+01 7.466618830128632020e-03
3.480708698418615654e+01 7.268246665265280272e-03
3.505823042281740243e+01 7.158456686483550234e-03
3.530983122122644602e+01 6.968839067721450953e-03
3.556111974160763367e+01 6.875777842399657426e-03
3.581195885960364933e+01 6.741528075132065603e-03
3.606348577968052638e+01 6.592244613915785104e-03
3.631495136683125935e+01 6.486849744307724222e-03
3.656646781331610185e+01 6.369953399567180805e-03
3.681800948534306173e+01 6.210777578704885019e-03
3.706942350460822411e+01 6.119538456257721595e-03
3.732119977997001570e+01 6.018241774754692387e-03
3.757249197135423202e+01 5.952915354554166871e-03
3.782324055213251057e+01 5.810668131555887447e-03
3.807430609684078604e+01 5.665464573061500426e-03
3.832526519371521090e+01 5.606021083749265430e-03
3.857704530181875668e+01 5.507724161860043030e-03
3.882896255048217427e+01 5.402874947028922514e-03
3.907976684424035341e+01 5.279250240162187968e-03
3.933085588900704010e+01 5.226997481479691773e-03
3.958184533965361140e+01 5.153938370823267327e-03
3.983320492881626507e+01 5.013331134836518897e-03
4.008506787586624398e+01 4.956197905744963265e-03
4.033569471078550350e+01 4.880679996320431285e-03
4.058701345074587863e+01 4.794113866741881412e-03
4.083916815834436420e+01 4.724195985946158527e-03
4.108978611092747713e+01 4.620637023362273409e-03
4.134119394692694271e+01 4.558271996120333812e-03
4.159372926482761557e+01 4.465469817392730446e-03
4.184480996230068683e+01 4.397649233085813673e-03
4.209495048714620680e+01 4.323060863554345316e-03
4.234568601474854432e+01 4.276908213357787439e-03
4.259794184898333214e+01 4.182456277792341408e-03
4.284922176444433717e+01 4.086473975857908558e-03
4.309982534096671003e+01 4.054215357333112654e-03
4.335153475414617930e+01 3.972822815634296199e-03
4.360374984514007224e+01 3.975197248877887675e-03
4.385432838732079830e+01 3.866790338097151562e-03
4.410529766549178277e+01 3.838413564025419406e-03
4.435675536456894008e+01 3.741218289328189159e-03
4.460756668584335927e+01 3.729474057198529750e-03
4.485812369927145937e+01 3.645475520298425889e-03
4.510933196139897206e+01 3.605593280320391718e-03
4.536097672816924131e+01 3.511007217769454829e-03
4.561261869099184452e+01 3.515471485416195134e-03
4.586346064304911607e+01 3.437235561868187683e-03
4.611435299895526185e+01 3.350574219480030765e-03
4.636610302009028572e+01 3.297867604185732594e-03
4.661726081402038346e+01 3.242381162897773738e-03
4.686748045926628237e+01 3.244655002460140100e-03
4.712001000143001761e+01 3.242981668942595576e-03
4.737334269293729960e+01 3.148057413212018967e-03
4.762357272554871912e+01 3.092707394672941559e-03
4.787295862859781437e+01 3.057196694708624700e-03
4.812686710231834297e+01 3.041588837886669353e-03
4.837988354528783930e+01 2.991208372917943462e-03
4.862698975964909209e+01 2.885999092011982438e-03
4.887931961662670233e+01 2.873032243726188727e-03
4.913512531690142282e+01 2.832195828441584889e-03
4.938486646957150583e+01 2.800509638132711240e-03
4.963073103205424985e+01 2.800552460048417753e-03
4.988316058859187763e+01 2.783289486219996545e-03
5.013927392651110893e+01 2.689218837639630131e-03
5.038898445289544270e+01 2.614248561674626953e-03
5.063791314200675941e+01 2.627522989525176399e-03
5.089234515763529032e+01 2.632510719244515306e-03
5.114529266359630810e+01 2.556829207255056913e-03
5.138952878242714206e+01 2.521750123218834995e-03
5.163945178601188246e+01 2.519126537865635281e-03
5.190206698624180603e+01 2.472096797566640351e-03
5.215590084722179398e+01 2.447908044875359446e-03
5.238680673191466042e+01 2.380189157954838881e-03
5.263532591009818873e+01 2.306008009640737443e-03
5.290823119436031874e+01 2.237239127543470384e-03
5.316882575050344428e+01 2.241499777718448331e-03
5.338513341050097694e+01 2.190837552804021475e-03
5.363212510227822349e+01 2.245954395857294519e-03
5.391615723351310407e+01 2.206121060631155168e-03
5.419187693011466678e+01 2.181889639915117647e-03
5.439722241285236493e+01 2.250663392200541544e-03
5.462806064877949552e+01 2.381167428381385058e-03
5.491241494336609463e+01 2.285580762745753006e-03
5.519421446932921782e+01 2.781447035659905843e-03
5.543046826972861396e+01 1.487243836612353902e-03
5.561137265256709128e+01 2.860176933793391000e-03
