3.559856489878782115e-01 4.980012645933761632e+02
6.031648866026231293e-01 1.760445035890009819e+02
8.579160745827347778e-01 9.413947945583568355e+01
1.113464310595710716e+00 4.688900184253881775e+01
1.374039914321364408e+00 3.035222803919185353e+01
1.619154704570298309e+00 1.893360700225869664e+01
1.870686673430271840e+00 1.362163387951808247e+01
2.123290040706380832e+00 1.102915505566823562e+01
2.378144976376236119e+00 7.658096334025798591e+00
2.630489925835516996e+00 6.520686774408051889e+00
2.878653162679494670e+00 4.909740632331206278e+00
3.131144366275339319e+00 4.056612905486034037e+00
3.388159578333816313e+00 3.509918112712851368e+00
3.638741848210948149e+00 2.874209418101863367e+00
3.888315910732085268e+00 2.212355771479738831e+00
4.139052155837465996e+00 2.047289216556924973e+00
4.390305777018236988e+00 1.708939256050217459e+00
4.642172339120373081e+00 1.450408887053746598e+00
4.894678666149941293e+00 1.298022897448653179e+00
5.147269052361176378e+00 1.117473719516863806e+00
5.398003206656323272e+00 1.009361550964452459e+00
5.647798235368590269e+00 8.886349421100502299e-01
5.900534302989873581e+00 8.018780848765559854e-01
6.151460297009074374e+00 7.207318104973468031e-01
6.402630176204441526e+00 6.522615493996540836e-01
6.655964674748322096e+00 5.962061351586674940e-01
6.908782583105771202e+00 5.379706612835299939e-01
7.159060853508338873e+00 4.915378478060340450e-01
7.409414762591408632e+00 4.408678241083010541e-01
7.659227149364629561e+00 4.096249706671084012e-01
7.911559474606142395e+00 3.806513373743250495e-01
8.163750941790897997e+00 3.505390214660240034e-01
8.415757210439384295e+00 3.211616140083822235e-01
8.667638839289207198e+00 2.926457648682277424e-01
8.918801124864609520e+00 2.744216044572191371e-01
9.170480108345369530e+00 2.577480113092774916e-01
9.420566033467249412e+00 2.377246717500480777e-01
9.671642335271435797e+00 2.211941285469178342e-01
9.923426157758477473e+00 2.064133090244816005e-01
1.017396902749181820e+01 1.955138875319365754e-01
1.042533700753922155e+01 1.822055193306308385e-01
1.067702948358784276e+01 1.732105392006819400e-01
1.092969337256462303e+01 1.591736242522253930e-01
1.118211872033766419e+01 1.528426908444276699e-01
1.143346516925797296e+01 1.440544369842274020e-01
1.168350508557724687e+01 1.356496190697258908e-01
1.193379937775929100e+01 1.293398764716808813e-01
1.218553055762879112e+01 1.195674845887057525e-01
1.243711650801278878e+01 1.162283606101571776e-01
1.268867268647359303e+01 1.101080571946959491e-01
1.294075027177769144e+01 1.017660166465977345e-01
1.319267287020158363e+01 9.747350591861707325e-02
1.344470571782862756e+01 9.331952500999050881e-02
1.369480150283709641e+01 8.984905578946938975e-02
1.394591277066507828e+01 8.407352798911019165e-02
1.419764645764527167e+01 8.034836614909766916e-02
1.444766774168416212e+01 7.759173303948417588e-02
1.469906835825429070e+01 7.370108270922856586e-02
1.495059118111036511e+01 7.017347788865298253e-02
1.520261612590052991e+01 6.753940005677425140e-02
1.545415944503929495e+01 6.386433409413047602e-02
1.570456072545780124e+01 6.155969029283155092e-02
1.595705800128773966e+01 5.835756191601693121e-02
1.620829297830731619e+01 5.645563251536383359e-02
1.645966591028190962e+01 5.437406972596556948e-02
1.671125708846596325e+01 5.227276046134401999e-02
1.696160259490052624e+01 5.071324919024779165e-02
1.721370276108077135e+01 4.801201647527738453e-02
1.746543424102250341e+01 4.606200928415281337e-02
1.771598473288305442e+01 4.503511339039317773e-02
1.796653767411944003e+01 4.328446942274986886e-02
1.821765658501893270e+01 4.102865547456981121e-02
1.847053788120423334e+01 3.997650818814487556e-02
1.872257696809484173e+01 3.881649731162146316e-02
1.897394097105746269e+01 3.717459922082766433e-02
1.922542454726159988e+01 3.589009209068699108e-02
1.947607703355479103e+01 3.476351420973208123e-02
1.972678839839982601e+01 3.367117724187946443e-02
1.997802698857814363e+01 3.248730778567213151e-02
2.022863620534168660e+01 3.122868901637729927e-02
2.047969598507238231e+01 3.054652165021430610e-02
2.073250439107362553e+01 2.927230721265417640e-02
2.098435855211640089e+01 2.829884967068886301e-02
2.123502923393334640e+01 2.765283909497867620e-02
2.148629411178690773e+01 2.665518367335371550e-02
2.173831825513516591e+01 2.581287806235460155e-02
2.198972260956887226e+01 2.510800282129685423e-02
2.223974971000711420e+01 2.425449227412508971e-02
2.249141870643862973e+01 2.354759973371640946e-02
2.274404614890906373e+01 2.284699996963394930e-02
2.299521835768831579e+01 2.227662287868343444e-02
2.324620084136223852e+01 2.155830546864240596e-02
2.349757798664387209e+01 2.099535111896544751e-02
2.374870488118759937e+01 2.051997446092309121e-02
2.399988781917473091e+01 1.985337679821880946e-02
2.425071646049711305e+01 1.926708920675932260e-02
2.450187830577813841e+01 1.872778827027946069e-02
2.475391093216606109e+01 1.813020896744871324e-02
2.500524226975159792e+01 1.775348619234107250e-02
2.525610980153284402e+01 1.727587057724832773e-02
2.550801425092822328e+01 1.692071890217851371e-02
2.575943113325822864e+01 1.652630060318626901e-02
2.601074166866445125e+01 1.588749329687522485e-02
2.626234447079615464e+01 1.556374060359718564e-02
2.651347712943701751e+01 1.509360008680163401e-02
2.676474177984877656e+01 1.484987903820203514e-02
2.701628079430242479e+01 1.434426061829663021e-02
2.726734205837282232e+01 1.400017931690493607e-02
2.751837013544679422e+01 1.364317736465310571e-02
2.776937726815812724e+01 1.341144622543925108e-02
2.802070160973895341e+01 1.310713180200209597e-02
2.827249982643487058e+01 1.278584506130425388e-02
2.852407603869968966e+01 1.238886765623402157e-02
2.877567300468570721e+01 1.215629737380435373e-02
2.902733523039245256e+01 1.187583533098237991e-02
2.927861073083739996e+01 1.162591759732542300e-02
2.953003196193969160e+01 1.138030317085127543e-02
2.978106336846375157e+01 1.102624527033035061e-02
3.003148440777084716e+01 1.089385773810283044e-02
3.028303386126418673e+01 1.061020759608410392e-02
3.053456493440382857e+01 1.035924076229188112e-02
3.078585183944906944e+01 1.018051883405501901e-02
3.103757946070165730e+01 9.887015067052262046e-03
3.128931656795834826e+01 9.665631226621238317e-03
3.154125974608096428e+01 9.497844554751395940e-03
3.179158626791808828e+01 9.290128993920230768e-03
3.204196438636942190e+01 9.117577363669826865e-03
3.229344668057169798e+01 8.880515937503013005e-03
3.254489998018084407e+01 8.715112534637230873e-03
3.279660140319880668e+01 8.563271855610364580e-03
3.304772754686901237e+01 8.343303874677869894e-03
3.329949953441923327e+01 8.209474042705932131e-03
3.355173249539067371e+01 8.004461465857364011e-03
3.380235474142784824e+01 7.870858075947806745e-03
3.405292218889088218e+01 7.710715468358317337e-03
3.430455901572810262e+01 7.537977096368181189e-03
3.455605119154291316e+01 7.411366133140605272e-03
3.480708698418615654e+01 7.266005288064716038e-03
3.505823042281740243e+01 7.119622090495580577e-03
3.530983122122644602e+01 6.970373336224924832e-03
3.556111974160763367e+01 6.860336415398241711e-03
3.581195885960364933e+01 6.749119849435882348e-03
3.606348577968052638e+01 6.612073879832839826e-03
3.631495136683125935e+01 6.485110797352157050e-03
3.656646781331610185e+01 6.399029563002969420e-03
3.681800948534306173e+01 6.257829651466191231e-03
3.706942350460822411e+01 6.096304843373304659e-03
3.732119977997001570e+01 6.042375165913100102e-03
3.757249197135423202e+01 5.892395911930600402e-03
3.782324055213251057e+01 5.836639821672135083e-03
3.807430609684078604e+01 5.671362296675075236e-03
3.832526519371521090e+01 5.569615240547779594e-03
3.857704530181875668e+01 5.492830108142456556e-03
3.882896255048217427e+01 5.426990546800374536e-03
3.907976684424035341e+01 5.271592128485057087e-03
3.933085588900704010e+01 5.202269039670168876e-03
3.958184533965361140e+01 5.136529834887641581e-03
3.983320492881626507e+01 5.057080339763492770e-03
4.008506787586624398e+01 4.956788491396657906e-03
4.033569471078550350e+01 4.888482224028482814e-03
4.058701345074587863e+01 4.805848439603948447e-03
4.083916815834436420e+01 4.717642283083754544e-03
4.108978611092747713e+01 4.646601913054765678e-03
4.134119394692694271e+01 4.548521874591684479e-03
4.159372926482761557e+01 4.496677254677557828e-03
4.184480996230068683e+01 4.393557967811181214e-03
4.209495048714620680e+01 4.335817272593934894e-03
4.234568601474854432e+01 4.296257246626715952e-03
4.259794184898333214e+01 4.203879670837814761e-03
4.284922176444433717e+01 4.144562212445324426e-03
4.309982534096671003e+01 4.086328919275275876e-03
4.335153475414617930e+01 3.986452196492727175e-03
4.360374984514007224e+01 3.923268132033057819e-03
4.385432838732079830e+01 3.862723653169288819e-03
4.410529766549178277e+01 3.792405220130004497e-03
4.435675536456894008e+01 3.749023974610422080e-03
4.460756668584335927e+01 3.709416927687627773e-03
4.485812369927145937e+01 3.644247668934809652e-03
4.510933196139897206e+01 3.595922453337024264e-03
4.536097672816924131e+01 3.567603178126174321e-03
4.561261869099184452e+01 3.504143549843214724e-03
4.586346064304911607e+01 3.452137249748267293e-03
4.611435299895526185e+01 3.383044993425589602e-03
4.636610302009028572e+01 3.354681966432585417e-03
4.661726081402038346e+01 3.275141243005435295e-03
4.686748045926628237e+01 3.267947759722565453e-03
4.712001000143001761e+01 3.178754062057990038e-03
4.737334269293729960e+01 3.116961416736690419e-03
4.762357272554871912e+01 3.085226918263545871e-03
4.787295862859781437e+01 3.055976932705248283e-03
4.812686710231834297e+01 2.949221007132091059e-03
4.837988354528783930e+01 2.867154201841504244e-03
4.862698975964909209e+01 2.928895597179703193e-03
4.887931961662670233e+01 2.868907537798433358e-03
4.913512531690142282e+01 2.833435144505432393e-03
4.938486646957150583e+01 2.803981503601765419e-03
4.963073103205424985e+01 2.830101660892075672e-03
4.988316058859187763e+01 2.710738946046121513e-03
5.013927392651110893e+01 2.653144563543648454e-03
5.038898445289544270e+01 2.662851471248521042e-03
5.063791314200675941e+01 2.601299992107882451e-03
5.089234515763529032e+01 2.539357753421163464e-03
5.114529266359630810e+01 2.548293706305001117e-03
5.138952878242714206e+01 2.515867327634313099e-03
5.163945178601188246e+01 2.452313778116518069e-03
5.190206698624180603e+01 2.440888094840226383e-03
5.215590084722179398e+01 2.467169216648203676e-03
5.238680673191466042e+01 2.389477450143206658e-03
5.263532591009818873e+01 2.298790607551377471e-03
5.290823119436031874e+01 2.331844719436690794e-03
5.316882575050344428e+01 2.295592325770051071e-03
5.338513341050097694e+01 2.364712783913833303e-03
5.363212510227822349e+01 2.247033862359472303e-03
5.391615723351310407e+01 2.256632427297254606e-03
5.419187693011466678e+01 2.230483465811971145e-03
5.439722241285236493e+01 2.134725663900984612e-03
5.462806064877949552e+01 1.900012211881132833e-03
5.491241494336609463e+01 1.887397295715383897e-03
5.519421446932921782e+01 1.879575375290940117e-03
5.543046826972861396e+01 1.949618250322137985e-03
5.561137265256709128e+01 1.406399575252991526e-03
