3.559856489878782115e-01 7.689091425956335115e+02
6.031648866026231293e-01 2.435339060368025059e+02
8.579160745827347778e-01 7.696625628001334007e+01
1.113464310595710716e+00 5.095973981077529658e+01
1.374039914321364408e+00 2.808803193024364120e+01
1.619154704570298309e+00 2.117962131724956265e+01
1.870686673430271840e+00 1.565217048812155376e+01
2.123290040706380832e+00 1.056503914969386138e+01
2.378144976376236119e+00 7.491212143657107525e+00
2.630489925835516996e+00 6.515712065245013562e+00
2.878653162679494670e+00 5.173621104777349267e+00
3.131144366275339319e+00 3.715413254720066227e+00
3.388159578333816313e+00 3.160659936986491836e+00
3.638741848210948149e+00 2.711447230224429905e+00
3.888315910732085268e+00 2.319494850203033032e+00
4.139052155837465996e+00 1.966557252317278959e+00
4.390305777018236988e+00 1.747240278442814487e+00
4.642172339120373081e+00 1.470557778149976569e+00
4.894678666149941293e+00 1.288193882488951614e+00
5.147269052361176378e+00 1.128009050131711044e+00
5.398003206656323272e+00 1.041463702741577180e+00
5.647798235368590269e+00 8.953256539082457000e-01
5.900534302989873581e+00 7.892576116564542499e-01
6.151460297009074374e+00 7.084516607956031775e-01
6.402630176204441526e+00 6.499364730432982684e-01
6.655964674748322096e+00 5.978466000492895782e-01
6.908782583105771202e+00 5.226035691435518826e-01
7.159060853508338873e+00 4.916039827363051229e-01
7.409414762591408632e+00 4.468423465859863719e-01
7.659227149364629561e+00 4.077820504529945933e-01
7.911559474606142395e+00 3.771223144635511004e-01
8.163750941790897997e+00 3.404293852162950107e-01
8.415757210439384295e+00 3.247419397698751986e-01
8.667638839289207198e+00 2.952271329819883272e-01
8.918801124864609520e+00 2.761343606550208385e-01
9.170480108345369530e+00 2.593557618857216807e-01
9.420566033467249412e+00 2.371538891538122751e-01
9.671642335271435797e+00 2.219148699556195981e-01
9.923426157758477473e+00 2.053125645293583657e-01
1.017396902749181820e+01 1.915100240881785487e-01
1.042533700753922155e+01 1.807875322447019262e-01
1.067702948358784276e+01 1.689457054053631335e-01
1.092969337256462303e+01 1.599453638915624143e-01
1.118211872033766419e+01 1.533818203489372978e-01
1.143346516925797296e+01 1.415775837815534122e-01
1.168350508557724687e+01 1.343814709424817067e-01
1.193379937775929100e+01 1.306618935991304409e-01
1.218553055762879112e+01 1.195033237363756218e-01
1.243711650801278878e+01 1.142307339601653232e-01
1.268867268647359303e+01 1.084494976121620352e-01
1.294075027177769144e+01 1.021696937059166227e-01
1.319267287020158363e+01 9.750764279472196039e-02
1.344470571782862756e+01 9.247005176827313710e-02
1.369480150283709641e+01 8.948004880499242641e-02
1.394591277066507828e+01 8.401004210358607727e-02
1.419764645764527167e+01 8.068156370711021541e-02
1.444766774168416212e+01 7.709605122728568904e-02
1.469906835825429070e+01 7.305408891404183147e-02
1.495059118111036511e+01 7.025166571801676196e-02
1.520261612590052991e+01 6.669952616148042135e-02
1.545415944503929495e+01 6.420363157790634490e-02
1.570456072545780124e+01 6.092712585641865686e-02
1.595705800128773966e+01 5.862889317926909399e-02
1.620829297830731619e+01 5.636414830970842144e-02
1.645966591028190962e+01 5.509051902097029940e-02
1.671125708846596325e+01 5.239446903606188172e-02
1.696160259490052624e+01 4.997443881388718284e-02
1.721370276108077135e+01 4.794031822714443086e-02
1.746543424102250341e+01 4.647286858761977280e-02
1.771598473288305442e+01 4.468866585648847978e-02
1.796653767411944003e+01 4.247106615387958445e-02
1.821765658501893270e+01 4.181648520607731540e-02
1.847053788120423334e+01 4.010664082611382214e-02
1.872257696809484173e+01 3.884048304784157996e-02
1.897394097105746269e+01 3.750571089753855503e-02
1.922542454726159988e+01 3.578392042098251652e-02
1.947607703355479103e+01 3.473118534570334565e-02
1.972678839839982601e+01 3.372335700670582581e-02
1.997802698857814363e+01 3.222904725854449509e-02
2.022863620534168660e+01 3.167711463759020907e-02
2.047969598507238231e+01 3.035113653028024064e-02
2.073250439107362553e+01 2.927910425133496003e-02
2.098435855211640089e+01 2.843601242370795770e-02
2.123502923393334640e+01 2.764948395588734051e-02
2.148629411178690773e+01 2.652993778228495553e-02
2.173831825513516591e+01 2.590685497919037114e-02
2.198972260956887226e+01 2.509407262679506923e-02
2.223974971000711420e+01 2.440586666345601410e-02
2.249141870643862973e+01 2.360987035944882295e-02
2.274404614890906373e+01 2.277113545529673572e-02
2.299521835768831579e+01 2.226298341971687245e-02
2.324620084136223852e+01 2.171139353409847275e-02
2.349757798664387209e+01 2.088127678534296844e-02
2.374870488118759937e+01 2.038057979533105732e-02
2.399988781917473091e+01 1.971235158128448878e-02
2.425071646049711305e+01 1.922965468654384141e-02
2.450187830577813841e+01 1.871344532386439233e-02
2.475391093216606109e+01 1.818061563855688512e-02
2.500524226975159792e+01 1.774419068527257476e-02
2.525610980153284402e+01 1.732812277028588505e-02
2.550801425092822328e+01 1.687756416771461418e-02
2.575943113325822864e+01 1.646279374372151133e-02
2.601074166866445125e+01 1.588959819437650578e-02
2.626234447079615464e+01 1.570757888587601819e-02
2.651347712943701751e+01 1.516176759270041439e-02
2.676474177984877656e+01 1.471066812705528783e-02
2.701628079430242479e+01 1.439431606773875459e-02
2.726734205837282232e+01 1.404797497679446082e-02
2.751837013544679422e+01 1.372072559115558588e-02
2.776937726815812724e+01 1.343188386100019859e-02
2.802070160973895341e+01 1.301520401314993323e-02
2.827249982643487058e+01 1.272784535553374112e-02
2.852407603869968966e+01 1.247264196758236278e-02
2.877567300468570721e+01 1.218620594996187162e-02
2.902733523039245256e+01 1.183425270672454864e-02
2.927861073083739996e+01 1.157461940563781627e-02
2.953003196193969160e+01 1.131811106850307350e-02
2.978106336846375157e+01 1.112072190375269429e-02
3.003148440777084716e+01 1.091432146329586635e-02
3.028303386126418673e+01 1.055050885145133836e-02
3.053456493440382857e+01 1.037467313204882419e-02
3.078585183944906944e+01 1.017824467277572524e-02
3.103757946070165730e+01 9.851195532028676413e-03
3.128931656795834826e+01 9.670930405672248723e-03
3.154125974608096428e+01 9.516711673716404460e-03
3.179158626791808828e+01 9.277276075092683039e-03
3.204196438636942190e+01 9.084168116207389301e-03
3.229344668057169798e+01 8.889568700628838402e-03
3.254489998018084407e+01 8.672606015536399662e-03
3.279660140319880668e+01 8.582152474369966061e-03
3.304772754686901237e+01 8.348409306919419778e-03
3.329949953441923327e+01 8.211834961511635389e-03
3.355173249539067371e+01 8.034870940106611861e-03
3.380235474142784824e+01 7.905643972984101667e-03
3.405292218889088218e+01 7.754081289424094407e-03
3.430455901572810262e+01 7.556405798003560347e-03
3.455605119154291316e+01 7.424271781091456787e-03
3.480708698418615654e+01 7.249195428083323942e-03
3.505823042281740243e+01 7.143636030545075233e-03
3.530983122122644602e+01 6.982866445254459938e-03
3.556111974160763367e+01 6.875736045061024704e-03
3.581195885960364933e+01 6.757957149575367917e-03
3.606348577968052638e+01 6.594418404691779548e-03
3.631495136683125935e+01 6.468901033636396611e-03
3.656646781331610185e+01 6.364026053550565082e-03
3.681800948534306173e+01 6.258736010146709848e-03
3.706942350460822411e+01 6.117132116597499836e-03
3.732119977997001570e+01 6.024296694651064266e-03
3.757249197135423202e+01 5.942723754141160560e-03
3.782324055213251057e+01 5.789742983536397790e-03
3.807430609684078604e+01 5.716344188333309824e-03
3.832526519371521090e+01 5.556051906980969714e-03
3.857704530181875668e+01 5.498256072263815568e-03
3.882896255048217427e+01 5.413528568405719978e-03
3.907976684424035341e+01 5.306620999950715720e-03
3.933085588900704010e+01 5.238159773866439724e-03
3.958184533965361140e+01 5.096614516227929506e-03
3.983320492881626507e+01 5.050643727378175546e-03
4.008506787586624398e+01 4.987339941298541204e-03
4.033569471078550350e+01 4.862172988981932481e-03
4.058701345074587863e+01 4.799422231826363031e-03
4.083916815834436420e+01 4.729543481704384829e-03
4.108978611092747713e+01 4.648934683136034252e-03
4.134119394692694271e+01 4.559406329801516181e-03
4.159372926482761557e+01 4.509586003758956144e-03
4.184480996230068683e+01 4.417818431363363003e-03
4.209495048714620680e+01 4.310408957083514819e-03
4.234568601474854432e+01 4.257297433066261835e-03
4.259794184898333214e+01 4.208903375486157741e-03
4.284922176444433717e+01 4.151250899356024107e-03
4.309982534096671003e+01 4.065194502858267452e-03
4.335153475414617930e+01 4.001297104912028731e-03
4.360374984514007224e+01 3.948676921569437871e-03
4.385432838732079830e+01 3.875775859814412517e-03
4.410529766549178277e+01 3.832723257482510259e-03
4.435675536456894008e+01 3.792039176434190261e-03
4.460756668584335927e+01 3.720434670092450172e-03
4.485812369927145937e+01 3.640919410300862569e-03
4.510933196139897206e+01 3.563811622551571554e-03
4.536097672816924131e+01 3.551693012577546507e-03
4.561261869099184452e+01 3.532590936103769536e-03
4.586346064304911607e+01 3.441657759960408715e-03
4.611435299895526185e+01 3.389522263857098778e-03
4.636610302009028572e+01 3.361644078938526726e-03
4.661726081402038346e+01 3.324845342392112810e-03
4.686748045926628237e+01 3.251861350448912499e-03
4.712001000143001761e+01 3.165608164197009598e-03
4.737334269293729960e+01 3.086914786246176736e-03
4.762357272554871912e+01 3.047928275964333078e-03
4.787295862859781437e+01 3.052329514757013817e-03
4.812686710231834297e+01 2.958837924197938851e-03
4.837988354528783930e+01 2.959631101769143353e-03
4.862698975964909209e+01 2.914022570950790172e-03
4.887931961662670233e+01 2.892878848910819013e-03
4.913512531690142282e+01 2.807293223745181438e-03
4.938486646957150583e+01 2.854325018346696996e-03
4.963073103205424985e+01 2.762872496023910298e-03
4.988316058859187763e+01 2.702939876088187362e-03
5.013927392651110893e+01 2.723808872840045772e-03
5.038898445289544270e+01 2.671146361711252207e-03
5.063791314200675941e+01 2.574382171620318276e-03
5.089234515763529032e+01 2.537760873073810746e-03
5.114529266359630810e+01 2.594959624040341084e-03
5.138952878242714206e+01 2.567948791150029188e-03
5.163945178601188246e+01 2.486477775735279356e-03
5.190206698624180603e+01 2.403949903799922766e-03
5.215590084722179398e+01 2.317561544723986938e-03
5.238680673191466042e+01 2.431910043106660403e-03
5.263532591009818873e+01 2.414663115803594631e-03
5.290823119436031874e+01 2.304760733738722006e-03
5.316882575050344428e+01 2.304320663898424409e-03
5.338513341050097694e+01 2.212986719515494180e-03
5.363212510227822349e+01 2.180005946712151865e-03
5.391615723351310407e+01 2.135059504885703906e-03
5.419187693011466678e+01 2.274570057307189874e-03
5.439722241285236493e+01 2.214794102112469919e-03
5.462806064877949552e+01 2.090986074408195290e-03
5.491241494336609463e+01 1.785959758993142799e-03
5.519421446932921782e+01 2.289044927791460474e-03
5.543046826972861396e+01 2.205439406522962005e-03
5.561137265256709128e+01 3.210208820882081045e-03
