3.559856489878782115e-01 8.832242293711248067e+02
6.031648866026231293e-01 2.368207985922540502e+02
8.579160745827347778e-01 8.460472049861382970e+01
1.113464310595710716e+00 4.341984851042919757e+01
1.374039914321364408e+00 3.041547283382559641e+01
1.619154704570298309e+00 1.943690206099471141e+01
1.870686673430271840e+00 1.417215084264704039e+01
2.123290040706380832e+00 9.946639314772772522e+00
2.378144976376236119e+00 8.212185993717573851e+00
2.630489925835516996e+00 6.035632830289268114e+00
2.878653162679494670e+00 4.797577491254797266e+00
3.131144366275339319e+00 4.024221716922502523e+00
3.388159578333816313e+00 3.405971652371476921e+00
3.638741848210948149e+00 2.725820870070990054e+00
3.888315910732085268e+00 2.388687749235637980e+00
4.139052155837465996e+00 2.049225118209632157e+00
4.390305777018236988e+00 1.688046502475146537e+00
4.642172339120373081e+00 1.496501051280830996e+00
4.894678666149941293e+00 1.265845551518476553e+00
5.147269052361176378e+00 1.112554292520303134e+00
5.398003206656323272e+00 1.000639821875056512e+00
5.647798235368590269e+00 9.044028836741504485e-01
5.900534302989873581e+00 7.777529240912287589e-01
6.151460297009074374e+00 7.174112152398998132e-01
6.402630176204441526e+00 6.602940133824168889e-01
6.655964674748322096e+00 5.933583924453819103e-01
6.908782583105771202e+00 5.337079230849989253e-01
7.159060853508338873e+00 4.730969606020462570e-01
7.409414762591408632e+00 4.421299261922747581e-01
7.659227149364629561e+00 4.138593601190495574e-01
7.911559474606142395e+00 3.723633591904679796e-01
8.163750941790897997e+00 3.466309409209457626e-01
8.415757210439384295e+00 3.155365524870113458e-01
8.667638839289207198e+00 2.998204310207392975e-01
8.918801124864609520e+00 2.721529722422181274e-01
9.170480108345369530e+00 2.549891461653571723e-01
9.420566033467249412e+00 2.348552854937662193e-01
9.671642335271435797e+00 2.230086651600566017e-01
9.923426157758477473e+00 2.110126995804695871e-01
1.017396902749181820e+01 1.948911453212850975e-01
1.042533700753922155e+01 1.788445686809363167e-01
1.067702948358784276e+01 1.697833507769166694e-01
1.092969337256462303e+01 1.596673122425020519e-01
1.118211872033766419e+01 1.516961106912393387e-01
1.143346516925797296e+01 1.415520756925479628e-01
1.168350508557724687e+01 1.348746969342606850e-01
1.193379937775929100e+01 1.275493678195485370e-01
1.218553055762879112e+01 1.215980514224081072e-01
1.243711650801278878e+01 1.152523345208518041e-01
1.268867268647359303e+01 1.081993105078953715e-01
1.294075027177769144e+01 1.028881655348296564e-01
1.319267287020158363e+01 9.690106615381206823e-02
1.344470571782862756e+01 9.319515662812062617e-02
1.369480150283709641e+01 8.864196604055601947e-02
1.394591277066507828e+01 8.421300971185743944e-02
1.419764645764527167e+01 8.045205636096994239e-02
1.444766774168416212e+01 7.699135692024723643e-02
1.469906835825429070e+01 7.442150779332611099e-02
1.495059118111036511e+01 7.014611467962561520e-02
1.520261612590052991e+01 6.737995970501303722e-02
1.545415944503929495e+01 6.402504628637130379e-02
1.570456072545780124e+01 6.065148172232245199e-02
1.595705800128773966e+01 5.919313792050272943e-02
1.620829297830731619e+01 5.648254344636393504e-02
1.645966591028190962e+01 5.466071334678069410e-02
1.671125708846596325e+01 5.193320056642471150e-02
1.696160259490052624e+01 5.015096797871124862e-02
1.721370276108077135e+01 4.854576491672581151e-02
1.746543424102250341e+01 4.612868853074067466e-02
1.771598473288305442e+01 4.473572865149652578e-02
1.796653767411944003e+01 4.327655962724023114e-02
1.821765658501893270e+01 4.134833010391605196e-02
1.847053788120423334e+01 3.989737567604578067e-02
1.872257696809484173e+01 3.858767778666673948e-02
1.897394097105746269e+01 3.729154066263306450e-02
1.922542454726159988e+01 3.600428613629431257e-02
1.947607703355479103e+01 3.460407831835505404e-02
1.972678839839982601e+01 3.359530383456168362e-02
1.997802698857814363e+01 3.253136795554106148e-02
2.022863620534168660e+01 3.113177862026236115e-02
2.047969598507238231e+01 3.027775301313095566e-02
2.073250439107362553e+01 2.939020655110989588e-02
2.098435855211640089e+01 2.831748079968662499e-02
2.123502923393334640e+01 2.762943259255110431e-02
2.148629411178690773e+01 2.666880414471809596e-02
2.173831825513516591e+01 2.567067123058412031e-02
2.198972260956887226e+01 2.504934134900815498e-02
2.223974971000711420e+01 2.433846034772649616e-02
2.249141870643862973e+01 2.354670950949553157e-02
2.274404614890906373e+01 2.282083063178077034e-02
2.299521835768831579e+01 2.205184368130234246e-02
2.324620084136223852e+01 2.172394119103201321e-02
2.349757798664387209e+01 2.129813945851863344e-02
2.374870488118759937e+01 2.031457615225535154e-02
2.399988781917473091e+01 1.991039428900383962e-02
2.425071646049711305e+01 1.936718415828374631e-02
2.450187830577813841e+01 1.880585245671572911e-02
2.475391093216606109e+01 1.820366309252450729e-02
2.500524226975159792e+01 1.780006370406582439e-02
2.525610980153284402e+01 1.723091079931229549e-02
2.550801425092822328e+01 1.692430422565137718e-02
2.575943113325822864e+01 1.644900678182176570e-02
2.601074166866445125e+01 1.605377855120017350e-02
2.626234447079615464e+01 1.557586857796605315e-02
2.651347712943701751e+01 1.522374855830794377e-02
2.676474177984877656e+01 1.483911868128429817e-02
2.701628079430242479e+01 1.441621898667809834e-02
2.726734205837282232e+01 1.408519586890826306e-02
2.751837013544679422e+01 1.380249823152067401e-02
2.776937726815812724e+01 1.340106946427950529e-02
2.802070160973895341e+01 1.318878634793146411e-02
2.827249982643487058e+01 1.289027058329182684e-02
2.852407603869968966e+01 1.244835373935287461e-02
2.877567300468570721e+01 1.211566691307540064e-02
2.902733523039245256e+01 1.182641031789634714e-02
2.927861073083739996e+01 1.159775812208142451e-02
2.953003196193969160e+01 1.130015901422685987e-02
2.978106336846375157e+01 1.108796957881831059e-02
3.003148440777084716e+01 1.086127814314182677e-02
3.028303386126418673e+01 1.059595227035568278e-02
3.053456493440382857e+01 1.039405872645557047e-02
3.078585183944906944e+01 1.008239036113554692e-02
3.103757946070165730e+01 9.895749654912864082e-03
3.128931656795834826e+01 9.721224959957214945e-03
3.154125974608096428e+01 9.497505311578467724e-03
3.179158626791808828e+01 9.256839410699390508e-03
3.204196438636942190e+01 9.112555881406473463e-03
3.229344668057169798e+01 8.875822876212767498e-03
3.254489998018084407e+01 8.689602822241055888e-03
3.279660140319880668e+01 8.528350466871925314e-03
3.304772754686901237e+01 8.392552053942870308e-03
3.329949953441923327e+01 8.174153256116784005e-03
3.355173249539067371e+01 8.007777646596325738e-03
3.380235474142784824e+01 7.921857620153188381e-03
3.405292218889088218e+01 7.731685609662612355e-03
3.430455901572810262e+01 7.568020329065429375e-03
3.455605119154291316e+01 7.430838008449756893e-03
3.480708698418615654e+01 7.281104267147559331e-03
3.505823042281740243e+01 7.129839339657552746e-03
3.530983122122644602e+01 7.016320256388085611e-03
3.556111974160763367e+01 6.865010404059234371e-03
3.581195885960364933e+01 6.711239881581117055e-03
3.606348577968052638e+01 6.628375022795193403e-03
3.631495136683125935e+01 6.516931093294016722e-03
3.656646781331610185e+01 6.315293770657853106e-03
3.681800948534306173e+01 6.250705690707209806e-03
3.706942350460822411e+01 6.150174342317125606e-03
3.732119977997001570e+01 6.044356217967846757e-03
3.757249197135423202e+01 5.910753596758562198e-03
3.782324055213251057e+01 5.799891820843239461e-03
3.807430609684078604e+01 5.685597342276871476e-03
3.832526519371521090e+01 5.601266117395703979e-03
3.857704530181875668e+01 5.523675935168360744e-03
3.882896255048217427e+01 5.390784512312386118e-03
3.907976684424035341e+01 5.283999392930989990e-03
3.933085588900704010e+01 5.218516947816882572e-03
3.958184533965361140e+01 5.134652687184729225e-03
3.983320492881626507e+01 5.059749431037109321e-03
4.008506787586624398e+01 4.932590969782069470e-03
4.033569471078550350e+01 4.901555874896710782e-03
4.058701345074587863e+01 4.803032609631444766e-03
4.083916815834436420e+01 4.689670536419963953e-03
4.108978611092747713e+01 4.646505301276955199e-03
4.134119394692694271e+01 4.549516417130533216e-03
4.159372926482761557e+01 4.495403552377618718e-03
4.184480996230068683e+01 4.415829098056404597e-03
4.209495048714620680e+01 4.330228946328586875e-03
4.234568601474854432e+01 4.272609213698990924e-03
4.259794184898333214e+01 4.182833445975646554e-03
4.284922176444433717e+01 4.136738816802788647e-03
4.309982534096671003e+01 4.045085358664558470e-03
4.335153475414617930e+01 4.018244928494084378e-03
4.360374984514007224e+01 3.942606710227805795e-03
4.385432838732079830e+01 3.861397975098089866e-03
4.410529766549178277e+01 3.804284831789499048e-03
4.435675536456894008e+01 3.777075095440221228e-03
4.460756668584335927e+01 3.702357559674129394e-03
4.485812369927145937e+01 3.634511131776778283e-03
4.510933196139897206e+01 3.593014381004994758e-03
4.536097672816924131e+01 3.497432174419620645e-03
4.561261869099184452e+01 3.491942385417473160e-03
4.586346064304911607e+01 3.441372305661837255e-03
4.611435299895526185e+01 3.326371099278999793e-03
4.636610302009028572e+01 3.343133714256565220e-03
4.661726081402038346e+01 3.284273163763613227e-03
4.686748045926628237e+01 3.229450194748945731e-03
4.712001000143001761e+01 3.179346451274863827e-03
4.737334269293729960e+01 3.160599196511113419e-03
4.762357272554871912e+01 3.072145023565504666e-03
4.787295862859781437e+01 3.030704081732679168e-03
4.812686710231834297e+01 2.927281962539219663e-03
4.837988354528783930e+01 2.991025109195775272e-03
4.862698975964909209e+01 2.986028400605580772e-03
4.887931961662670233e+01 2.894305308788602989e-03
4.913512531690142282e+01 2.846702791827972114e-03
4.938486646957150583e+01 2.810119755053019051e-03
4.963073103205424985e+01 2.745925167860993523e-03
4.988316058859187763e+01 2.694128438610435793e-03
5.013927392651110893e+01 2.699650384448139175e-03
5.038898445289544270e+01 2.585333414876584031e-03
5.063791314200675941e+01 2.620918259219353740e-03
5.089234515763529032e+01 2.615876144946502769e-03
5.114529266359630810e+01 2.528221858630637277e-03
5.138952878242714206e+01 2.555134089970049777e-03
5.163945178601188246e+01 2.496645599704851344e-03
5.190206698624180603e+01 2.435419543924176398e-03
5.215590084722179398e+01 2.419786929144768662e-03
5.238680673191466042e+01 2.371455836361585200e-03
5.263532591009818873e+01 2.373097889502317516e-03
5.290823119436031874e+01 2.377547199045434469e-03
5.316882575050344428e+01 2.327350119844707240e-03
5.338513341050097694e+01 2.307978184847205710e-03
5.363212510227822349e+01 2.235191033404659335e-03
5.391615723351310407e+01 2.073962320896582251e-03
5.419187693011466678e+01 2.081328319844354038e-03
5.439722241285236493e+01 2.168984880432728128e-03
5.462806064877949552e+01 2.055776503146709670e-03
5.491241494336609463e+01 2.078411338487653765e-03
5.519421446932921782e+01 1.932645403729009405e-03
5.543046826972861396e+01 2.012572784888309527e-03
5.561137265256709128e+01 8.543687716352743296e-04
