3.559856489878782115e-01 5.522732215413806216e+02
6.031648866026231293e-01 2.128095813470090718e+02
8.579160745827347778e-01 9.764583960508215910e+01
1.113464310595710716e+00 5.021564150083565181e+01
1.374039914321364408e+00 3.222253184602374176e+01
1.619154704570298309e+00 1.913613154646793291e+01
1.870686673430271840e+00 1.461398909020594772e+01
2.123290040706380832e+00 1.037403660809537698e+01
2.378144976376236119e+00 7.811751607641613582e+00
2.630489925835516996e+00 5.985468370096768354e+00
2.878653162679494670e+00 4.924782952693640858e+00
3.131144366275339319e+00 4.141745013673202358e+00
3.388159578333816313e+00 3.228016157769374672e+00
3.638741848210948149e+00 2.737227023325277564e+00
3.888315910732085268e+00 2.316479820657336042e+00
4.139052155837465996e+00 1.951151089338738709e+00
4.390305777018236988e+00 1.749981798592318949e+00
4.642172339120373081e+00 1.485898405675768252e+00
4.894678666149941293e+00 1.318995530909078173e+00
5.147269052361176378e+00 1.151826404784038083e+00
5.398003206656323272e+00 9.902341236318353834e-01
5.647798235368590269e+00 9.429012185506848720e-01
5.900534302989873581e+00 8.113942303082657403e-01
6.151460297009074374e+00 7.341419155431252452e-01
6.402630176204441526e+00 6.579456776219392289e-01
6.655964674748322096e+00 5.952891341309994866e-01
6.908782583105771202e+00 5.220584263396780278e-01
7.159060853508338873e+00 4.831616936979682975e-01
7.409414762591408632e+00 4.390055127414448366e-01
7.659227149364629561e+00 4.117103588430474637e-01
7.911559474606142395e+00 3.722996478147950206e-01
8.163750941790897997e+00 3.496525574950343773e-01
8.415757210439384295e+00 3.158421696929756273e-01
8.667638839289207198e+00 2.965247836388453795e-01
8.918801124864609520e+00 2.683526013326942294e-01
9.170480108345369530e+00 2.531151374617459648e-01
9.420566033467249412e+00 2.351229055229475395e-01
9.671642335271435797e+00 2.242548814064388996e-01
9.923426157758477473e+00 2.070442694307230713e-01
1.017396902749181820e+01 1.967468565259780922e-01
1.042533700753922155e+01 1.834763594252077357e-01
1.067702948358784276e+01 1.713475019895093765e-01
1.092969337256462303e+01 1.601822606110696878e-01
1.118211872033766419e+01 1.515815706522694595e-01
1.143346516925797296e+01 1.418104013455286083e-01
1.168350508557724687e+01 1.330210917150125294e-01
1.193379937775929100e+01 1.283239424568559106e-01
1.218553055762879112e+01 1.219435863880754811e-01
1.243711650801278878e+01 1.128141839176617922e-01
1.268867268647359303e+01 1.071609992197353339e-01
1.294075027177769144e+01 1.039964095906217023e-01
1.319267287020158363e+01 9.767467358218705209e-02
1.344470571782862756e+01 9.217059771095918730e-02
1.369480150283709641e+01 8.810570034842724052e-02
1.394591277066507828e+01 8.507323618196468984e-02
1.419764645764527167e+01 8.072407646319412766e-02
1.444766774168416212e+01 7.640812819963768709e-02
1.469906835825429070e+01 7.348025961630381964e-02
1.495059118111036511e+01 6.961848411497383038e-02
1.520261612590052991e+01 6.739406834730486684e-02
1.545415944503929495e+01 6.397967205849693084e-02
1.570456072545780124e+01 6.123357345113258215e-02
1.595705800128773966e+01 5.861983036360178534e-02
1.620829297830731619e+01 5.671889570390621638e-02
1.645966591028190962e+01 5.415998690864774756e-02
1.671125708846596325e+01 5.184827840335139160e-02
1.696160259490052624e+01 5.012709595412832148e-02
1.721370276108077135e+01 4.861061887861197611e-02
1.746543424102250341e+01 4.624449551939013164e-02
1.771598473288305442e+01 4.474162691004412301e-02
1.796653767411944003e+01 4.340138657026307301e-02
1.821765658501893270e+01 4.175620233720212654e-02
1.847053788120423334e+01 4.001228967533666803e-02
1.872257696809484173e+01 3.871807214872287350e-02
1.897394097105746269e+01 3.729303911673263056e-02
1.922542454726159988e+01 3.591714006945380400e-02
1.947607703355479103e+01 3.506144438448705047e-02
1.972678839839982601e+01 3.352550998350704858e-02
1.997802698857814363e+01 3.237255038954709591e-02
2.022863620534168660e+01 3.129488300749676960e-02
2.047969598507238231e+01 3.035845854520685325e-02
2.073250439107362553e+01 2.938453970811751720e-02
2.098435855211640089e+01 2.825200761287174553e-02
2.123502923393334640e+01 2.751052023998502502e-02
2.148629411178690773e+01 2.659417397816684833e-02
2.173831825513516591e+01 2.575125983909621122e-02
2.198972260956887226e+01 2.517392049088284026e-02
2.223974971000711420e+01 2.437045630253880518e-02
2.249141870643862973e+01 2.372323773602588379e-02
2.274404614890906373e+01 2.283280348245278132e-02
2.299521835768831579e+01 2.201479150060522624e-02
2.324620084136223852e+01 2.164897203351549837e-02
2.349757798664387209e+01 2.099515576349645848e-02
2.374870488118759937e+01 2.022521300965818974e-02
2.399988781917473091e+01 1.988162881785288452e-02
2.425071646049711305e+01 1.913634512913029925e-02
2.450187830577813841e+01 1.876953351056072014e-02
2.475391093216606109e+01 1.831242203389824713e-02
2.500524226975159792e+01 1.775313066350408045e-02
2.525610980153284402e+01 1.720764107784611419e-02
2.550801425092822328e+01 1.695052753125914774e-02
2.575943113325822864e+01 1.648369973662985183e-02
2.601074166866445125e+01 1.595794550208233867e-02
2.626234447079615464e+01 1.555949778496903274e-02
2.651347712943701751e+01 1.512293014273736330e-02
2.676474177984877656e+01 1.474816355170851558e-02
2.701628079430242479e+01 1.439001735595456764e-02
2.726734205837282232e+01 1.408915790499284601e-02
2.751837013544679422e+01 1.368526598005910359e-02
2.776937726815812724e+01 1.330065105483247551e-02
2.802070160973895341e+01 1.300177845675594065e-02
2.827249982643487058e+01 1.272164382494050255e-02
2.852407603869968966e+01 1.250373050897196463e-02
2.877567300468570721e+01 1.225474980816542575e-02
2.902733523039245256e+01 1.186560383960412121e-02
2.927861073083739996e+01 1.157922330187648868e-02
2.953003196193969160e+01 1.137531114293711780e-02
2.978106336846375157e+01 1.110700397117152412e-02
3.003148440777084716e+01 1.085903485352365284e-02
3.028303386126418673e+01 1.064777896933174692e-02
3.053456493440382857e+01 1.034172837019199480e-02
3.078585183944906944e+01 1.009731383884913611e-02
3.103757946070165730e+01 9.878834869322176276e-03
3.128931656795834826e+01 9.661322579573770886e-03
3.154125974608096428e+01 9.471021729655226470e-03
3.179158626791808828e+01 9.273324062888724933e-03
3.204196438636942190e+01 9.063266789037443399e-03
3.229344668057169798e+01 8.909158519505652393e-03
3.254489998018084407e+01 8.775194355483122155e-03
3.279660140319880668e+01 8.533473311270875147e-03
3.304772754686901237e+01 8.324158248021584078e-03
3.329949953441923327e+01 8.197068770205645852e-03
3.355173249539067371e+01 7.972628297263490565e-03
3.380235474142784824e+01 7.864750037352487635e-03
3.405292218889088218e+01 7.766429800738472965e-03
3.430455901572810262e+01 7.553520940157193615e-03
3.455605119154291316e+01 7.419581052141707364e-03
3.480708698418615654e+01 7.340679409893728462e-03
3.505823042281740243e+01 7.110277423281519127e-03
3.530983122122644602e+01 7.005137445046396259e-03
3.556111974160763367e+01 6.879807547706974329e-03
3.581195885960364933e+01 6.740565617132013472e-03
3.606348577968052638e+01 6.590194925743106912e-03
3.631495136683125935e+01 6.512402119779783782e-03
3.656646781331610185e+01 6.365086413917002937e-03
3.681800948534306173e+01 6.270547593571671428e-03
3.706942350460822411e+01 6.145517057674486361e-03
3.732119977997001570e+01 6.015711065058921767e-03
3.757249197135423202e+01 5.862767942255692373e-03
3.782324055213251057e+01 5.809749807736200311e-03
3.807430609684078604e+01 5.703430247544345917e-03
3.832526519371521090e+01 5.602568650691131663e-03
3.857704530181875668e+01 5.511040822913308712e-03
3.882896255048217427e+01 5.388751566515737751e-03
3.907976684424035341e+01 5.320050667334807852e-03
3.933085588900704010e+01 5.201403252227435395e-03
3.958184533965361140e+01 5.124221791372185648e-03
3.983320492881626507e+01 5.080310025374327847e-03
4.008506787586624398e+01 4.969252136516425292e-03
4.033569471078550350e+01 4.884085728139000299e-03
4.058701345074587863e+01 4.805242863504263252e-03
4.083916815834436420e+01 4.707714966470225026e-03
4.108978611092747713e+01 4.619098890337909602e-03
4.134119394692694271e+01 4.561310502309862819e-03
4.159372926482761557e+01 4.495792068398344471e-03
4.184480996230068683e+01 4.405744905968407565e-03
4.209495048714620680e+01 4.334931832281905054e-03
4.234568601474854432e+01 4.278820749629532946e-03
4.259794184898333214e+01 4.200118134216990901e-03
4.284922176444433717e+01 4.143991502188539532e-03
4.309982534096671003e+01 4.038479554517824220e-03
4.335153475414617930e+01 4.007459589704522734e-03
4.360374984514007224e+01 3.926115814239810112e-03
4.385432838732079830e+01 3.892391948516809187e-03
4.410529766549178277e+01 3.820918752026461473e-03
4.435675536456894008e+01 3.776229545581984409e-03
4.460756668584335927e+01 3.718357734083539441e-03
4.485812369927145937e+01 3.608048719217826338e-03
4.510933196139897206e+01 3.625533836692998533e-03
4.536097672816924131e+01 3.529222007078368969e-03
4.561261869099184452e+01 3.489827969075972713e-03
4.586346064304911607e+01 3.436400790678896099e-03
4.611435299895526185e+01 3.366268240622594284e-03
4.636610302009028572e+01 3.304310936939433997e-03
4.661726081402038346e+01 3.265913720749590281e-03
4.686748045926628237e+01 3.224473006448799230e-03
4.712001000143001761e+01 3.164970277814977643e-03
4.737334269293729960e+01 3.096550129058367289e-03
4.762357272554871912e+01 3.083323443720760448e-03
4.787295862859781437e+01 3.062672626315712191e-03
4.812686710231834297e+01 2.960868768490625049e-03
4.837988354528783930e+01 2.969568125437752754e-03
4.862698975964909209e+01 2.911931283137232391e-03
4.887931961662670233e+01 2.890092978872297810e-03
4.913512531690142282e+01 2.827684789126848949e-03
4.938486646957150583e+01 2.853877653214189659e-03
4.963073103205424985e+01 2.820423665789932588e-03
4.988316058859187763e+01 2.687650091820100763e-03
5.013927392651110893e+01 2.659426724109071206e-03
5.038898445289544270e+01 2.676003793440449776e-03
5.063791314200675941e+01 2.599344268519740691e-03
5.089234515763529032e+01 2.563455218338460666e-03
5.114529266359630810e+01 2.605352632233385018e-03
5.138952878242714206e+01 2.458567522323945424e-03
5.163945178601188246e+01 2.497309039039365564e-03
5.190206698624180603e+01 2.451843469985220438e-03
5.215590084722179398e+01 2.385698256328075417e-03
5.238680673191466042e+01 2.448660926026562362e-03
5.263532591009818873e+01 2.394329592686519383e-03
5.290823119436031874e+01 2.251593654074320397e-03
5.316882575050344428e+01 2.140553393129811591e-03
5.338513341050097694e+01 2.402421067922939912e-03
5.363212510227822349e+01 2.237859111351213001e-03
5.391615723351310407e+01 2.254869105968029981e-03
5.419187693011466678e+01 2.145487779727992851e-03
5.439722241285236493e+01 2.076006517132578978e-03
5.462806064877949552e+01 2.271789431582196817e-03
5.491241494336609463e+01 1.922216181649513385e-03
5.519421446932921782e+01 2.368669341866460817e-03
5.543046826972861396e+01 3.027378182814847302e-03
5.561137265256709128e+01 2.156854273600199504e-03
