3.559856489878782115e-01 6.748520366164709685e+02
6.031648866026231293e-01 1.698013835114913093e+02
8.579160745827347778e-01 9.650066705872386308e+01
1.113464310595710716e+00 4.008855919507163179e+01
1.374039914321364408e+00 3.343596806623988016e+01
1.619154704570298309e+00 1.992817016142360842e+01
1.870686673430271840e+00 1.354793253797889463e+01
2.123290040706380832e+00 1.095455414968414942e+01
2.378144976376236119e+00 7.647506277828217236e+00
2.630489925835516996e+00 6.487430513560962453e+00
2.878653162679494670e+00 4.974370309245796484e+00
3.131144366275339319e+00 3.958832169474586937e+00
3.388159578333816313e+00 3.222927873386447484e+00
3.638741848210948149e+00 2.738905897563087777e+00
3.888315910732085268e+00 2.359436491655798385e+00
4.139052155837465996e+00 1.956226465294188754e+00
4.390305777018236988e+00 1.748404148325875429e+00
4.642172339120373081e+00 1.532651217561909585e+00
4.894678666149941293e+00 1.251631904630815306e+00
5.147269052361176378e+00 1.153131205356781930e+00
5.398003206656323272e+00 1.031235031144979608e+00
5.647798235368590269e+00 8.961894533869119162e-01
5.900534302989873581e+00 7.760517511337533536e-01
6.151460297009074374e+00 7.233548934656527374e-01
6.402630176204441526e+00 6.426771982459842381e-01
6.655964674748322096e+00 5.897012242078365496e-01
6.908782583105771202e+00 5.536561672038622373e-01
7.159060853508338873e+00 5.003754515586550378e-01
7.409414762591408632e+00 4.419565792176319285e-01
7.659227149364629561e+00 4.137856480413840132e-01
7.911559474606142395e+00 3.775673142968997142e-01
8.163750941790897997e+00 3.483997548014027834e-01
8.415757210439384295e+00 3.187039408464326651e-01
8.667638839289207198e+00 2.977023925527991777e-01
8.918801124864609520e+00 2.718399102643085374e-01
9.170480108345369530e+00 2.518610441763249885e-01
9.420566033467249412e+00 2.404600031224083112e-01
9.671642335271435797e+00 2.193148096846186113e-01
9.923426157758477473e+00 2.062742023554862969e-01
1.017396902749181820e+01 1.941193475839533000e-01
1.042533700753922155e+01 1.833105318995505439e-01
1.067702948358784276e+01 1.715094642693698879e-01
1.092969337256462303e+01 1.628279749067627902e-01
1.118211872033766419e+01 1.526839031769859079e-01
1.143346516925797296e+01 1.425370152987966710e-01
1.168350508557724687e+01 1.336243667681177860e-01
1.193379937775929100e+01 1.277534227313069093e-01
1.218553055762879112e+01 1.231065301523195099e-01
1.243711650801278878e+01 1.138132848818533133e-01
1.268867268647359303e+01 1.077047684898479463e-01
1.294075027177769144e+01 1.028363452883092888e-01
1.319267287020158363e+01 9.803916832578209173e-02
1.344470571782862756e+01 9.323025638628355816e-02
1.369480150283709641e+01 8.885933938165319068e-02
1.394591277066507828e+01 8.459188797399011528e-02
1.419764645764527167e+01 8.055292834561335324e-02
1.444766774168416212e+01 7.670781192568743023e-02
1.469906835825429070e+01 7.434186523742443431e-02
1.495059118111036511e+01 6.941738372883277108e-02
1.520261612590052991e+01 6.771075009992942595e-02
1.545415944503929495e+01 6.467366278128985901e-02
1.570456072545780124e+01 6.111246692463776636e-02
1.595705800128773966e+01 5.942087104766646810e-02
1.620829297830731619e+01 5.659886342216245703e-02
1.645966591028190962e+01 5.418557299688758766e-02
1.671125708846596325e+01 5.215506964899934567e-02
1.696160259490052624e+01 5.000256223121839899e-02
1.721370276108077135e+01 4.823487651987079516e-02
1.746543424102250341e+01 4.643464119685335872e-02
1.771598473288305442e+01 4.464669872156957348e-02
1.796653767411944003e+01 4.342817201048584236e-02
1.821765658501893270e+01 4.127920114905091892e-02
1.847053788120423334e+01 4.023934163242732370e-02
1.872257696809484173e+01 3.789622659873908422e-02
1.897394097105746269e+01 3.712485801640805216e-02
1.922542454726159988e+01 3.591612357167901781e-02
1.947607703355479103e+01 3.479253984792952947e-02
1.972678839839982601e+01 3.337075378904097445e-02
1.997802698857814363e+01 3.238074506454484414e-02
2.022863620534168660e+01 3.131463653427118271e-02
2.047969598507238231e+01 3.019424440188589118e-02
2.073250439107362553e+01 2.943818919618854113e-02
2.098435855211640089e+01 2.876023069492247147e-02
2.123502923393334640e+01 2.751921501106472864e-02
2.148629411178690773e+01 2.659257890457556242e-02
2.173831825513516591e+01 2.591490222688599618e-02
2.198972260956887226e+01 2.511470710420122404e-02
2.223974971000711420e+01 2.426872644154548508e-02
2.249141870643862973e+01 2.354786160737273523e-02
2.274404614890906373e+01 2.295408941219198584e-02
2.299521835768831579e+01 2.203949548233084116e-02
2.324620084136223852e+01 2.151203405535223254e-02
2.349757798664387209e+01 2.120849638263654080e-02
2.374870488118759937e+01 2.043286549164659294e-02
2.399988781917473091e+01 1.979884822796617802e-02
2.425071646049711305e+01 1.929050690337892268e-02
2.450187830577813841e+01 1.871139834683685499e-02
2.475391093216606109e+01 1.812599853727445837e-02
2.500524226975159792e+01 1.774984794463812729e-02
2.525610980153284402e+01 1.745740899877202754e-02
2.550801425092822328e+01 1.692447992697428821e-02
2.575943113325822864e+01 1.655265448716274762e-02
2.601074166866445125e+01 1.591132117429037637e-02
2.626234447079615464e+01 1.557986228436935260e-02
2.651347712943701751e+01 1.522485179839251461e-02
2.676474177984877656e+01 1.479568101421304023e-02
2.701628079430242479e+01 1.451068825909010082e-02
2.726734205837282232e+01 1.409162014269700093e-02
2.751837013544679422e+01 1.377754803367167540e-02
2.776937726815812724e+01 1.340595565512054527e-02
2.802070160973895341e+01 1.312666930017283330e-02
2.827249982643487058e+01 1.283049201742701012e-02
2.852407603869968966e+01 1.243049315245794810e-02
2.877567300468570721e+01 1.213275421853001086e-02
2.902733523039245256e+01 1.189005205410030748e-02
2.927861073083739996e+01 1.171856472767443189e-02
2.953003196193969160e+01 1.132727247256928513e-02
2.978106336846375157e+01 1.110267202400413641e-02
3.003148440777084716e+01 1.081670914772201939e-02
3.028303386126418673e+01 1.060648996357608717e-02
3.053456493440382857e+01 1.031775187580434398e-02
3.078585183944906944e+01 1.012093740821403375e-02
3.103757946070165730e+01 9.892713023045760640e-03
3.128931656795834826e+01 9.714453585020739815e-03
3.154125974608096428e+01 9.477319357977732200e-03
3.179158626791808828e+01 9.268325965576886677e-03
3.204196438636942190e+01 9.066348810551901755e-03
3.229344668057169798e+01 8.912504840026645378e-03
3.254489998018084407e+01 8.722523424576538245e-03
3.279660140319880668e+01 8.553074608246970939e-03
3.304772754686901237e+01 8.351737836705428603e-03
3.329949953441923327e+01 8.207973916341364251e-03
3.355173249539067371e+01 8.065717550796443203e-03
3.380235474142784824e+01 7.846594391783853761e-03
3.405292218889088218e+01 7.693869115410736405e-03
3.430455901572810262e+01 7.589495341048665793e-03
3.455605119154291316e+01 7.467464408721068321e-03
3.480708698418615654e+01 7.272249494515099603e-03
3.505823042281740243e+01 7.115573850960619715e-03
3.530983122122644602e+01 7.025143802523486219e-03
3.556111974160763367e+01 6.862339600768860293e-03
3.581195885960364933e+01 6.757253037524248857e-03
3.606348577968052638e+01 6.613412306365402601e-03
3.631495136683125935e+01 6.501315719714777924e-03
3.656646781331610185e+01 6.352610303688414548e-03
3.681800948534306173e+01 6.258199541173442744e-03
3.706942350460822411e+01 6.147679757902211120e-03
3.732119977997001570e+01 6.040195460293580967e-03
3.757249197135423202e+01 5.899437524250436028e-03
3.782324055213251057e+01 5.778438836494757466e-03
3.807430609684078604e+01 5.723318861755759442e-03
3.832526519371521090e+01 5.611784432324638631e-03
3.857704530181875668e+01 5.505705707563731191e-03
3.882896255048217427e+01 5.401456625511375995e-03
3.907976684424035341e+01 5.342470939990283732e-03
3.933085588900704010e+01 5.201651199283795907e-03
3.958184533965361140e+01 5.150076017392651515e-03
3.983320492881626507e+01 5.037273494471302543e-03
4.008506787586624398e+01 4.953369243260400540e-03
4.033569471078550350e+01 4.869338847750058485e-03
4.058701345074587863e+01 4.793754275925111649e-03
4.083916815834436420e+01 4.680004545653222887e-03
4.108978611092747713e+01 4.611849864574549436e-03
4.134119394692694271e+01 4.587161188931077570e-03
4.159372926482761557e+01 4.464649690238248723e-03
4.184480996230068683e+01 4.417526528868099232e-03
4.209495048714620680e+01 4.341154961783340316e-03
4.234568601474854432e+01 4.256021424806922734e-03
4.259794184898333214e+01 4.211246493203677638e-03
4.284922176444433717e+01 4.121876185354918058e-03
4.309982534096671003e+01 4.043191282584270886e-03
4.335153475414617930e+01 4.006015281584929776e-03
4.360374984514007224e+01 3.922753225602800507e-03
4.385432838732079830e+01 3.869911437077828975e-03
4.410529766549178277e+01 3.822974428796563177e-03
4.435675536456894008e+01 3.776020813380879301e-03
4.460756668584335927e+01 3.697313781967304959e-03
4.485812369927145937e+01 3.641932652026004004e-03
4.510933196139897206e+01 3.582200640583691788e-03
4.536097672816924131e+01 3.514020329334525440e-03
4.561261869099184452e+01 3.527804800415678451e-03
4.586346064304911607e+01 3.467913139321440220e-03
4.611435299895526185e+01 3.325659603055906768e-03
4.636610302009028572e+01 3.341963856308391694e-03
4.661726081402038346e+01 3.291939299638128782e-03
4.686748045926628237e+01 3.241320951698087316e-03
4.712001000143001761e+01 3.157757626807291152e-03
4.737334269293729960e+01 3.124711435573273265e-03
4.762357272554871912e+01 3.121779397201230113e-03
4.787295862859781437e+01 3.063188180256865099e-03
4.812686710231834297e+01 3.023590052887768862e-03
4.837988354528783930e+01 2.977362444590403879e-03
4.862698975964909209e+01 2.928790711866313418e-03
4.887931961662670233e+01 2.921401848393280661e-03
4.913512531690142282e+01 2.844156051996343457e-03
4.938486646957150583e+01 2.806983529338629661e-03
4.963073103205424985e+01 2.797204044274762859e-03
4.988316058859187763e+01 2.759311498228329221e-03
5.013927392651110893e+01 2.648356628322811896e-03
5.038898445289544270e+01 2.641891467554442589e-03
5.063791314200675941e+01 2.674799894716270096e-03
5.089234515763529032e+01 2.594230062813397599e-03
5.114529266359630810e+01 2.570143110068688532e-03
5.138952878242714206e+01 2.460426843492442926e-03
5.163945178601188246e+01 2.446478459598304921e-03
5.190206698624180603e+01 2.478327167721845747e-03
5.215590084722179398e+01 2.393657355933335746e-03
5.238680673191466042e+01 2.377033634762238615e-03
5.263532591009818873e+01 2.387440324532003489e-03
5.290823119436031874e+01 2.383800123115693143e-03
5.316882575050344428e+01 2.393302559056432154e-03
5.338513341050097694e+01 2.246417045612966647e-03
5.363212510227822349e+01 2.073185167612246523e-03
5.391615723351310407e+01 2.192079065613795202e-03
5.419187693011466678e+01 2.354927965534455488e-03
5.439722241285236493e+01 1.973341991908417799e-03
5.462806064877949552e+01 2.209919578825807022e-03
5.491241494336609463e+01 1.872174536798437618e-03
5.519421446932921782e+01 2.158557941739088371e-03
5.543046826972861396e+01 1.886678327675861628e-03
5.561137265256709128e+01 1.173589369399331492e-03
