3.559856489878782115e-01 1.056209882193240674e+03
6.031648866026231293e-01 1.742715852164073738e+02
8.579160745827347778e-01 7.270460703458832086e+01
1.113464310595710716e+00 5.195177779115147843e+01
1.374039914321364408e+00 2.972561775916368632e+01
1.619154704570298309e+00 2.015956081521394339e+01
1.870686673430271840e+00 1.393556529640977537e+01
2.123290040706380832e+00 1.037212359271934226e+01
2.378144976376236119e+00 7.372039933870281558e+00
2.630489925835516996e+00 6.182068345426960043e+00
2.878653162679494670e+00 4.828266180566529009e+00
3.131144366275339319e+00 4.169760437572453959e+00
3.388159578333816313e+00 3.237837778269057498e+00
3.638741848210948149e+00 2.624881088721128020e+00
3.888315910732085268e+00 2.291172932762750580e+00
4.139052155837465996e+00 2.018770177004177047e+00
4.390305777018236988e+00 1.693725802360954269e+00
4.642172339120373081e+00 1.506034305964893738e+00
4.894678666149941293e+00 1.286803347127757124e+00
5.147269052361176378e+00 1.153772488554809961e+00
5.398003206656323272e+00 1.026114078558074905e+00
5.647798235368590269e+00 9.004963461226411781e-01
5.900534302989873581e+00 8.065197529826267919e-01
6.151460297009074374e+00 7.261963107848320442e-01
6.402630176204441526e+00 6.445769883196748040e-01
6.655964674748322096e+00 5.981645918261204731e-01
6.908782583105771202e+00 5.261756823151318985e-01
7.159060853508338873e+00 4.824036999413506832e-01
7.409414762591408632e+00 4.407253878128159497e-01
7.659227149364629561e+00 4.088878063135278906e-01
7.911559474606142395e+00 3.791103063640847148e-01
8.163750941790897997e+00 3.481652611083906890e-01
8.415757210439384295e+00 3.226431710909997141e-01
8.667638839289207198e+00 3.025395789068773822e-01
8.918801124864609520e+00 2.689233494886653086e-01
9.170480108345369530e+00 2.541873839879070784e-01
9.420566033467249412e+00 2.383479385811862472e-01
9.671642335271435797e+00 2.179565331556682917e-01
9.923426157758477473e+00 2.068157865747940194e-01
1.017396902749181820e+01 1.926064468838586397e-01
1.042533700753922155e+01 1.826726435603781284e-01
1.067702948358784276e+01 1.704963929337155459e-01
1.092969337256462303e+01 1.609770568189207440e-01
1.118211872033766419e+01 1.499625647233857051e-01
1.143346516925797296e+01 1.433266034995071825e-01
1.168350508557724687e+01 1.327589720704824006e-01
1.193379937775929100e+01 1.273161010190572151e-01
1.218553055762879112e+01 1.204268681303604510e-01
1.243711650801278878e+01 1.155274023020778779e-01
1.268867268647359303e+01 1.093402346770352834e-01
1.294075027177769144e+01 1.018989312718891205e-01
1.319267287020158363e+01 9.850535416702069225e-02
1.344470571782862756e+01 9.307530730273551323e-02
1.369480150283709641e+01 8.851303103558441632e-02
1.394591277066507828e+01 8.394933675188144540e-02
1.419764645764527167e+01 8.039639750168887933e-02
1.444766774168416212e+01 7.629651943135001835e-02
1.469906835825429070e+01 7.434785587296992293e-02
1.495059118111036511e+01 7.114992652826089559e-02
1.520261612590052991e+01 6.694074953148276830e-02
1.545415944503929495e+01 6.468153696833310595e-02
1.570456072545780124e+01 6.178488203272596707e-02
1.595705800128773966e+01 5.883304321979964530e-02
1.620829297830731619e+01 5.678562031948907601e-02
1.645966591028190962e+01 5.439833524049580288e-02
1.671125708846596325e+01 5.221887292259114188e-02
1.696160259490052624e+01 5.071874443645583985e-02
1.721370276108077135e+01 4.821808437228443378e-02
1.746543424102250341e+01 4.642969582337614504e-02
1.771598473288305442e+01 4.470697999978858611e-02
1.796653767411944003e+01 4.299647271431904921e-02
1.821765658501893270e+01 4.174421950344248122e-02
1.847053788120423334e+01 3.986729702467761705e-02
1.872257696809484173e+01 3.829594054658477797e-02
1.897394097105746269e+01 3.706014773437547177e-02
1.922542454726159988e+01 3.605516612152159101e-02
1.947607703355479103e+01 3.466717760742304977e-02
1.972678839839982601e+01 3.353128998505195552e-02
1.997802698857814363e+01 3.255495682189703255e-02
2.022863620534168660e+01 3.133717755141288835e-02
2.047969598507238231e+01 3.032060532750994672e-02
2.073250439107362553e+01 2.950360414486532037e-02
2.098435855211640089e+01 2.833178826650882554e-02
2.123502923393334640e+01 2.774914609301798799e-02
2.148629411178690773e+01 2.650823907190474893e-02
2.173831825513516591e+01 2.578656681691844643e-02
2.198972260956887226e+01 2.510567972746547555e-02
2.223974971000711420e+01 2.423289817441861421e-02
2.249141870643862973e+01 2.365040844327656253e-02
2.274404614890906373e+01 2.291216959241255957e-02
2.299521835768831579e+01 2.233756677969207100e-02
2.324620084136223852e+01 2.144499344610743125e-02
2.349757798664387209e+01 2.082835856115698020e-02
2.374870488118759937e+01 2.044168904369038364e-02
2.399988781917473091e+01 1.975138957155245234e-02
2.425071646049711305e+01 1.924687247775891397e-02
2.450187830577813841e+01 1.877464806701134234e-02
2.475391093216606109e+01 1.823013130757019165e-02
2.500524226975159792e+01 1.774068856457414883e-02
2.525610980153284402e+01 1.742874505486642980e-02
2.550801425092822328e+01 1.691617243632417833e-02
2.575943113325822864e+01 1.644519185968562960e-02
2.601074166866445125e+01 1.604030299007188146e-02
2.626234447079615464e+01 1.558247964933066020e-02
2.651347712943701751e+01 1.522000298800087192e-02
2.676474177984877656e+01 1.485551523144434602e-02
2.701628079430242479e+01 1.453962938214653673e-02
2.726734205837282232e+01 1.407748569053064724e-02
2.751837013544679422e+01 1.370016815622219532e-02
2.776937726815812724e+01 1.342316415437914273e-02
2.802070160973895341e+01 1.302678697494757780e-02
2.827249982643487058e+01 1.279233844990075759e-02
2.852407603869968966e+01 1.247376656803126163e-02
2.877567300468570721e+01 1.211819222431704916e-02
2.902733523039245256e+01 1.187347109315669072e-02
2.927861073083739996e+01 1.160283630806418186e-02
2.953003196193969160e+01 1.133450873209932916e-02
2.978106336846375157e+01 1.107911031852610445e-02
3.003148440777084716e+01 1.087693462846262005e-02
3.028303386126418673e+01 1.058038459977266726e-02
3.053456493440382857e+01 1.037973215236611714e-02
3.078585183944906944e+01 1.009358767075305315e-02
3.103757946070165730e+01 9.909360949331714671e-03
3.128931656795834826e+01 9.656759804870383018e-03
3.154125974608096428e+01 9.479316995282652952e-03
3.179158626791808828e+01 9.291867725328001315e-03
3.204196438636942190e+01 9.077213105929527945e-03
3.229344668057169798e+01 8.940750704262794696e-03
3.254489998018084407e+01 8.711391986462457479e-03
3.279660140319880668e+01 8.580861140739080503e-03
3.304772754686901237e+01 8.354498934378212088e-03
3.329949953441923327e+01 8.194545916776034555e-03
3.355173249539067371e+01 8.028932796602222463e-03
3.380235474142784824e+01 7.874177957768143873e-03
3.405292218889088218e+01 7.665177927575018979e-03
3.430455901572810262e+01 7.557368768304251888e-03
3.455605119154291316e+01 7.386654460871478443e-03
3.480708698418615654e+01 7.257596870626013830e-03
3.505823042281740243e+01 7.138819520097986621e-03
3.530983122122644602e+01 6.997810025908730164e-03
3.556111974160763367e+01 6.877535803285247940e-03
3.581195885960364933e+01 6.713875783463949323e-03
3.606348577968052638e+01 6.613531710956424559e-03
3.631495136683125935e+01 6.534492227420918287e-03
3.656646781331610185e+01 6.414201063050978951e-03
3.681800948534306173e+01 6.205017140281635438e-03
3.706942350460822411e+01 6.130327343024826077e-03
3.732119977997001570e+01 6.019483799632301298e-03
3.757249197135423202e+01 5.883546025851476256e-03
3.782324055213251057e+01 5.803770005328790123e-03
3.807430609684078604e+01 5.687173954820420874e-03
3.832526519371521090e+01 5.598087609726439332e-03
3.857704530181875668e+01 5.487250924470871323e-03
3.882896255048217427e+01 5.393022253712018328e-03
3.907976684424035341e+01 5.363569756594921585e-03
3.933085588900704010e+01 5.217302636749705097e-03
3.958184533965361140e+01 5.135302453577405245e-03
3.983320492881626507e+01 5.059182109595084485e-03
4.008506787586624398e+01 4.982992297869318077e-03
4.033569471078550350e+01 4.899486504607678330e-03
4.058701345074587863e+01 4.818819133576191134e-03
4.083916815834436420e+01 4.714954482912613910e-03
4.108978611092747713e+01 4.645717769333868041e-03
4.134119394692694271e+01 4.577834752636129878e-03
4.159372926482761557e+01 4.475683912636905550e-03
4.184480996230068683e+01 4.400057737932794484e-03
4.209495048714620680e+01 4.316340183790043188e-03
4.234568601474854432e+01 4.269846494173508422e-03
4.259794184898333214e+01 4.238239281036676985e-03
4.284922176444433717e+01 4.151027645721007756e-03
4.309982534096671003e+01 4.054254532598496746e-03
4.335153475414617930e+01 4.028301381925793699e-03
4.360374984514007224e+01 3.961308321127825043e-03
4.385432838732079830e+01 3.868656873858726530e-03
4.410529766549178277e+01 3.863029478302748999e-03
4.435675536456894008e+01 3.798098908764524322e-03
4.460756668584335927e+01 3.693271558115495366e-03
4.485812369927145937e+01 3.694916619626475475e-03
4.510933196139897206e+01 3.609460889100901074e-03
4.536097672816924131e+01 3.530746471697797113e-03
4.561261869099184452e+01 3.468787731486504267e-03
4.586346064304911607e+01 3.428042745101723444e-03
4.611435299895526185e+01 3.407335941004379937e-03
4.636610302009028572e+01 3.342755092574558901e-03
4.661726081402038346e+01 3.262346064014640980e-03
4.686748045926628237e+01 3.230588416186978059e-03
4.712001000143001761e+01 3.233161915785229788e-03
4.737334269293729960e+01 3.162232970560536951e-03
4.762357272554871912e+01 3.081664369860057963e-03
4.787295862859781437e+01 3.057325128602799477e-03
4.812686710231834297e+01 3.028469310861949676e-03
4.837988354528783930e+01 3.001571739588085840e-03
4.862698975964909209e+01 2.938372009625558456e-03
4.887931961662670233e+01 2.911864758042369012e-03
4.913512531690142282e+01 2.820178563394241424e-03
4.938486646957150583e+01 2.828093396422010509e-03
4.963073103205424985e+01 2.727677752694513454e-03
4.988316058859187763e+01 2.661503394539614046e-03
5.013927392651110893e+01 2.684450558034938688e-03
5.038898445289544270e+01 2.625123987559643043e-03
5.063791314200675941e+01 2.582944509917028085e-03
5.089234515763529032e+01 2.567071812890231019e-03
5.114529266359630810e+01 2.547672493219384996e-03
5.138952878242714206e+01 2.506345635845838322e-03
5.163945178601188246e+01 2.536546337669563517e-03
5.190206698624180603e+01 2.328125038460079638e-03
5.215590084722179398e+01 2.310950803482045204e-03
5.238680673191466042e+01 2.459019477407879944e-03
5.263532591009818873e+01 2.382425889481146371e-03
5.290823119436031874e+01 2.290871796705106715e-03
5.316882575050344428e+01 2.341872678211127067e-03
5.338513341050097694e+01 2.118760417983226504e-03
5.363212510227822349e+01 2.280127855029679285e-03
5.391615723351310407e+01 2.279493787138205801e-03
5.419187693011466678e+01 2.325738964776066699e-03
5.439722241285236493e+01 2.235517426399584711e-03
5.462806064877949552e+01 2.255115412590609058e-03
5.491241494336609463e+01 2.098305968040311501e-03
5.519421446932921782e+01 2.136108775237551514e-03
5.543046826972861396e+01 1.955330028775574720e-03
5.561137265256709128e+01 8.813673930047572977e-04
