3.559856489878782115e-01 5.184450120350684301e+02
6.031648866026231293e-01 1.803620667714955914e+02
8.579160745827347778e-01 9.253640860891059106e+01
1.113464310595710716e+00 4.896436874102480630e+01
1.374039914321364408e+00 2.991417814371819617e+01
1.619154704570298309e+00 2.223014998470064896e+01
1.870686673430271840e+00 1.569686903004193823e+01
2.123290040706380832e+00 1.026236424103931633e+01
2.378144976376236119e+00 8.136255815945389713e+00
2.630489925835516996e+00 6.534434507787849178e+00
2.878653162679494670e+00 5.020474926911386859e+00
3.131144366275339319e+00 4.021191022389571046e+00
3.388159578333816313e+00 3.213851366039294000e+00
3.638741848210948149e+00 2.712820744047740096e+00
3.888315910732085268e+00 2.339870860117206686e+00
4.139052155837465996e+00 2.018904540380700663e+00
4.390305777018236988e+00 1.664334542606577427e+00
4.642172339120373081e+00 1.494426177203559192e+00
4.894678666149941293e+00 1.303642915840340200e+00
5.147269052361176378e+00 1.130578843791207877e+00
5.398003206656323272e+00 9.994376421603133887e-01
5.647798235368590269e+00 8.974753868468899887e-01
5.900534302989873581e+00 7.925241955908917113e-01
6.151460297009074374e+00 7.047677849177886866e-01
6.402630176204441526e+00 6.305657942168981789e-01
6.655964674748322096e+00 5.835268345122106570e-01
6.908782583105771202e+00 5.314138746391775525e-01
7.159060853508338873e+00 4.764509464341348810e-01
7.409414762591408632e+00 4.419781130322094076e-01
7.659227149364629561e+00 4.153551565672401469e-01
7.911559474606142395e+00 3.792907044988383380e-01
8.163750941790897997e+00 3.426365762883790134e-01
8.415757210439384295e+00 3.200316400171131503e-01
8.667638839289207198e+00 2.928456466440685357e-01
8.918801124864609520e+00 2.756501724243098361e-01
9.170480108345369530e+00 2.514165362192768427e-01
9.420566033467249412e+00 2.360401520078534987e-01
9.671642335271435797e+00 2.204146075070176070e-01
9.923426157758477473e+00 2.102643408419744564e-01
1.017396902749181820e+01 1.943873376750266668e-01
1.042533700753922155e+01 1.815250860885260498e-01
1.067702948358784276e+01 1.701748439123318690e-01
1.092969337256462303e+01 1.598430224643520303e-01
1.118211872033766419e+01 1.502984989062934040e-01
1.143346516925797296e+01 1.416406738382031683e-01
1.168350508557724687e+01 1.346671071260681363e-01
1.193379937775929100e+01 1.291729655621720041e-01
1.218553055762879112e+01 1.204261009220140427e-01
1.243711650801278878e+01 1.147538896275381165e-01
1.268867268647359303e+01 1.090701448963345144e-01
1.294075027177769144e+01 1.025785117095869420e-01
1.319267287020158363e+01 9.726728578242548051e-02
1.344470571782862756e+01 9.378692332937504927e-02
1.369480150283709641e+01 8.805648248819532287e-02
1.394591277066507828e+01 8.447043598647038798e-02
1.419764645764527167e+01 8.090290856501940187e-02
1.444766774168416212e+01 7.662686731963463949e-02
1.469906835825429070e+01 7.287155576544707136e-02
1.495059118111036511e+01 6.981891799839952395e-02
1.520261612590052991e+01 6.675142036323661321e-02
1.545415944503929495e+01 6.458526903452151136e-02
1.570456072545780124e+01 6.183067841241537965e-02
1.595705800128773966e+01 5.885690708133946986e-02
1.620829297830731619e+01 5.646927780338872882e-02
1.645966591028190962e+01 5.411386497228677650e-02
1.671125708846596325e+01 5.218199879566009364e-02
1.696160259490052624e+01 5.061136441428391863e-02
1.721370276108077135e+01 4.830618238416081733e-02
1.746543424102250341e+01 4.645709394718237212e-02
1.771598473288305442e+01 4.441788881449296178e-02
1.796653767411944003e+01 4.315763306056924486e-02
1.821765658501893270e+01 4.151264673432718266e-02
1.847053788120423334e+01 3.968069784405237749e-02
1.872257696809484173e+01 3.850293221882621075e-02
1.897394097105746269e+01 3.747258127017996654e-02
1.922542454726159988e+01 3.635734544930438461e-02
1.947607703355479103e+01 3.442837893749470246e-02
1.972678839839982601e+01 3.358819107480484623e-02
1.997802698857814363e+01 3.238154530936433045e-02
2.022863620534168660e+01 3.141470521753684381e-02
2.047969598507238231e+01 3.016084128574179901e-02
2.073250439107362553e+01 2.947285050468370637e-02
2.098435855211640089e+01 2.841874786413315160e-02
2.123502923393334640e+01 2.721964839966885957e-02
2.148629411178690773e+01 2.677624231854332584e-02
2.173831825513516591e+01 2.604831151142217305e-02
2.198972260956887226e+01 2.519339670690644295e-02
2.223974971000711420e+01 2.432102108757213180e-02
2.249141870643862973e+01 2.355960063514584910e-02
2.274404614890906373e+01 2.288999523076177059e-02
2.299521835768831579e+01 2.212517786894213981e-02
2.324620084136223852e+01 2.165789586584334139e-02
2.349757798664387209e+01 2.110505933441657322e-02
2.374870488118759937e+01 2.045831750074858860e-02
2.399988781917473091e+01 1.988999930830507440e-02
2.425071646049711305e+01 1.933360348335907281e-02
2.450187830577813841e+01 1.873344706805399676e-02
2.475391093216606109e+01 1.841824216548431856e-02
2.500524226975159792e+01 1.776446072891027517e-02
2.525610980153284402e+01 1.734661133432257793e-02
2.550801425092822328e+01 1.686142534788476199e-02
2.575943113325822864e+01 1.631736392602634728e-02
2.601074166866445125e+01 1.604636953662570698e-02
2.626234447079615464e+01 1.558958290212460011e-02
2.651347712943701751e+01 1.507528881945019959e-02
2.676474177984877656e+01 1.488200727823453008e-02
2.701628079430242479e+01 1.440356901893466435e-02
2.726734205837282232e+01 1.404557615677928285e-02
2.751837013544679422e+01 1.368403618674311761e-02
2.776937726815812724e+01 1.338529344600188770e-02
2.802070160973895341e+01 1.305954828065357745e-02
2.827249982643487058e+01 1.271584380985245691e-02
2.852407603869968966e+01 1.247692634884970710e-02
2.877567300468570721e+01 1.209524197200629800e-02
2.902733523039245256e+01 1.187124186775393928e-02
2.927861073083739996e+01 1.166024584393518006e-02
2.953003196193969160e+01 1.126527661235460741e-02
2.978106336846375157e+01 1.106683950772141198e-02
3.003148440777084716e+01 1.087694584636433003e-02
3.028303386126418673e+01 1.064496198218555997e-02
3.053456493440382857e+01 1.031103163700362001e-02
3.078585183944906944e+01 1.012205500947284745e-02
3.103757946070165730e+01 9.931253386425793403e-03
3.128931656795834826e+01 9.681847856756289547e-03
3.154125974608096428e+01 9.462390322063215717e-03
3.179158626791808828e+01 9.255175818158350998e-03
3.204196438636942190e+01 9.101850952585066254e-03
3.229344668057169798e+01 8.870434196561345283e-03
3.254489998018084407e+01 8.768347310895570693e-03
3.279660140319880668e+01 8.534956035343340894e-03
3.304772754686901237e+01 8.376107650230670346e-03
3.329949953441923327e+01 8.234715833741714647e-03
3.355173249539067371e+01 8.090121753344033453e-03
3.380235474142784824e+01 7.868435162084002482e-03
3.405292218889088218e+01 7.681188391282576904e-03
3.430455901572810262e+01 7.575028500096735867e-03
3.455605119154291316e+01 7.401250988102162434e-03
3.480708698418615654e+01 7.243467363271856134e-03
3.505823042281740243e+01 7.157088446076349288e-03
3.530983122122644602e+01 7.023836206775242209e-03
3.556111974160763367e+01 6.864514414715522719e-03
3.581195885960364933e+01 6.665697117277557399e-03
3.606348577968052638e+01 6.590216318926589434e-03
3.631495136683125935e+01 6.471017130054556449e-03
3.656646781331610185e+01 6.360122796557008892e-03
3.681800948534306173e+01 6.257784658037678777e-03
3.706942350460822411e+01 6.167070838260672004e-03
3.732119977997001570e+01 6.019307189307068068e-03
3.757249197135423202e+01 5.921251931192810132e-03
3.782324055213251057e+01 5.804904142334067763e-03
3.807430609684078604e+01 5.667877467992523191e-03
3.832526519371521090e+01 5.606565194176619214e-03
3.857704530181875668e+01 5.527158161805255723e-03
3.882896255048217427e+01 5.379595861696371412e-03
3.907976684424035341e+01 5.293673952844600572e-03
3.933085588900704010e+01 5.224356365378110024e-03
3.958184533965361140e+01 5.127106802556937772e-03
3.983320492881626507e+01 5.038116893357154347e-03
4.008506787586624398e+01 4.981986693897723882e-03
4.033569471078550350e+01 4.915078782976881056e-03
4.058701345074587863e+01 4.771052583196482011e-03
4.083916815834436420e+01 4.687894115108274216e-03
4.108978611092747713e+01 4.636366331683705079e-03
4.134119394692694271e+01 4.532110715566985658e-03
4.159372926482761557e+01 4.505536234383997543e-03
4.184480996230068683e+01 4.407787421723437238e-03
4.209495048714620680e+01 4.320709201746255820e-03
4.234568601474854432e+01 4.253361158405253098e-03
4.259794184898333214e+01 4.222444237626797256e-03
4.284922176444433717e+01 4.138465118967712443e-03
4.309982534096671003e+01 4.054413560405869046e-03
4.335153475414617930e+01 3.995323719445632686e-03
4.360374984514007224e+01 3.976374971472687418e-03
4.385432838732079830e+01 3.888072905254950223e-03
4.410529766549178277e+01 3.824656573111142807e-03
4.435675536456894008e+01 3.764863202079556451e-03
4.460756668584335927e+01 3.703865919253455236e-03
4.485812369927145937e+01 3.651104400098004708e-03
4.510933196139897206e+01 3.605873682325787775e-03
4.536097672816924131e+01 3.564173253716474820e-03
4.561261869099184452e+01 3.484448540922523152e-03
4.586346064304911607e+01 3.433981049447073185e-03
4.611435299895526185e+01 3.389193672816816130e-03
4.636610302009028572e+01 3.281893073280292995e-03
4.661726081402038346e+01 3.297673344840081934e-03
4.686748045926628237e+01 3.263885045552040662e-03
4.712001000143001761e+01 3.157075715723326598e-03
4.737334269293729960e+01 3.135928949859916916e-03
4.762357272554871912e+01 3.099988126557185007e-03
4.787295862859781437e+01 3.086706847111718704e-03
4.812686710231834297e+01 3.014343046652699989e-03
4.837988354528783930e+01 2.978073877332836072e-03
4.862698975964909209e+01 2.943405193475116637e-03
4.887931961662670233e+01 2.932328344739598951e-03
4.913512531690142282e+01 2.848706967848428900e-03
4.938486646957150583e+01 2.793978113376054551e-03
4.963073103205424985e+01 2.759109041442098925e-03
4.988316058859187763e+01 2.713327414738845450e-03
5.013927392651110893e+01 2.763872792621252603e-03
5.038898445289544270e+01 2.614206512141766057e-03
5.063791314200675941e+01 2.621092950454604990e-03
5.089234515763529032e+01 2.594730219688122681e-03
5.114529266359630810e+01 2.534615529085942204e-03
5.138952878242714206e+01 2.493880022628978520e-03
5.163945178601188246e+01 2.499578452746048247e-03
5.190206698624180603e+01 2.435775184170448256e-03
5.215590084722179398e+01 2.457420944975868913e-03
5.238680673191466042e+01 2.340134057097985852e-03
5.263532591009818873e+01 2.339451355305729053e-03
5.290823119436031874e+01 2.305181747638916385e-03
5.316882575050344428e+01 2.215542126924132261e-03
5.338513341050097694e+01 2.132744804140732087e-03
5.363212510227822349e+01 2.215603598969661213e-03
5.391615723351310407e+01 2.187722675895062592e-03
5.419187693011466678e+01 2.038766914727006396e-03
5.439722241285236493e+01 1.994433618265439596e-03
5.462806064877949552e+01 1.981795067663790974e-03
5.491241494336609463e+01 2.117258408320668844e-03
5.519421446932921782e+01 2.234539590332471938e-03
5.543046826972861396e+01 1.406584631654266221e-03
5.561137265256709128e+01 1.327569996475730287e-03
