3.559856489878782115e-01 4.854607884682444592e+02
6.031648866026231293e-01 1.798358296772498761e+02
8.579160745827347778e-01 8.513699983756258405e+01
1.113464310595710716e+00 5.062746414674754902e+01
1.374039914321364408e+00 3.292372524605240613e+01
1.619154704570298309e+00 2.163334887551978625e+01
1.870686673430271840e+00 1.517269864141622904e+01
2.123290040706380832e+00 1.013439332720321140e+01
2.378144976376236119e+00 7.920176318262591053e+00
2.630489925835516996e+00 6.535917782087363292e+00
2.878653162679494670e+00 4.840219790189486559e+00
3.131144366275339319e+00 3.958396865190577429e+00
3.388159578333816313e+00 3.180588634281527938e+00
3.638741848210948149e+00 2.771765597267644932e+00
3.888315910732085268e+00 2.255853431887749228e+00
4.139052155837465996e+00 1.952734441019451150e+00
4.390305777018236988e+00 1.701931080407022900e+00
4.642172339120373081e+00 1.461683825093792910e+00
4.894678666149941293e+00 1.284559716512283289e+00
5.147269052361176378e+00 1.121165712938951620e+00
5.398003206656323272e+00 9.968422589959039515e-01
5.647798235368590269e+00 9.117923746936212881e-01
5.900534302989873581e+00 8.017376303605606713e-01
6.151460297009074374e+00 7.305911335326683576e-01
6.402630176204441526e+00 6.477120830869447232e-01
6.655964674748322096e+00 5.959296545167760417e-01
6.908782583105771202e+00 5.294600330957275336e-01
7.159060853508338873e+00 4.865892854310974180e-01
7.409414762591408632e+00 4.494345168729971807e-01
7.659227149364629561e+00 4.147089961502181121e-01
7.911559474606142395e+00 3.757061167217116138e-01
8.163750941790897997e+00 3.498264442420853104e-01
8.415757210439384295e+00 3.127375993673852661e-01
8.667638839289207198e+00 2.979963967370016231e-01
8.918801124864609520e+00 2.754768626864727565e-01
9.170480108345369530e+00 2.543630204397615002e-01
9.420566033467249412e+00 2.377216376492433669e-01
9.671642335271435797e+00 2.208955657653602911e-01
9.923426157758477473e+00 2.079315358940272140e-01
1.017396902749181820e+01 1.925379921787701842e-01
1.042533700753922155e+01 1.835665366247598296e-01
1.067702948358784276e+01 1.684757590084545731e-01
1.092969337256462303e+01 1.590448218675366288e-01
1.118211872033766419e+01 1.498908098929715715e-01
1.143346516925797296e+01 1.451523104910551754e-01
1.168350508557724687e+01 1.357659160193409320e-01
1.193379937775929100e+01 1.279115920803092221e-01
1.218553055762879112e+01 1.213445598491853100e-01
1.243711650801278878e+01 1.126228848225303281e-01
1.268867268647359303e+01 1.092898550981231537e-01
1.294075027177769144e+01 1.033873588562116558e-01
1.319267287020158363e+01 9.733648570574710002e-02
1.344470571782862756e+01 9.330602738771137661e-02
1.369480150283709641e+01 8.830326157527491893e-02
1.394591277066507828e+01 8.471861877670233687e-02
1.419764645764527167e+01 7.963850483652881729e-02
1.444766774168416212e+01 7.802530115143446743e-02
1.469906835825429070e+01 7.271416845053209344e-02
1.495059118111036511e+01 7.039258326967000323e-02
1.520261612590052991e+01 6.809183505248811441e-02
1.545415944503929495e+01 6.403828175572488790e-02
1.570456072545780124e+01 6.189161086931915107e-02
1.595705800128773966e+01 5.932150351084856943e-02
1.620829297830731619e+01 5.669458246232722543e-02
1.645966591028190962e+01 5.448389874078223005e-02
1.671125708846596325e+01 5.292376652065583498e-02
1.696160259490052624e+01 5.034287014925925563e-02
1.721370276108077135e+01 4.839781728088370094e-02
1.746543424102250341e+01 4.654571798969889262e-02
1.771598473288305442e+01 4.458391702829129360e-02
1.796653767411944003e+01 4.313075619915345688e-02
1.821765658501893270e+01 4.172820924912912927e-02
1.847053788120423334e+01 3.990678424911518057e-02
1.872257696809484173e+01 3.869225907615372884e-02
1.897394097105746269e+01 3.721460003573938413e-02
1.922542454726159988e+01 3.620371352752456418e-02
1.947607703355479103e+01 3.454513235234057261e-02
1.972678839839982601e+01 3.366039504136188881e-02
1.997802698857814363e+01 3.243449389436924707e-02
2.022863620534168660e+01 3.126759913248915168e-02
2.047969598507238231e+01 3.050586716442486163e-02
2.073250439107362553e+01 2.941772049995125538e-02
2.098435855211640089e+01 2.828993705998309599e-02
2.123502923393334640e+01 2.770158909221937318e-02
2.148629411178690773e+01 2.658771192058693306e-02
2.173831825513516591e+01 2.585209121840572125e-02
2.198972260956887226e+01 2.536032496857306903e-02
2.223974971000711420e+01 2.438018629372520896e-02
2.249141870643862973e+01 2.350623865469616755e-02
2.274404614890906373e+01 2.303299320224518401e-02
2.299521835768831579e+01 2.225206665434241449e-02
2.324620084136223852e+01 2.165446320069269737e-02
2.349757798664387209e+01 2.087936918946864048e-02
2.374870488118759937e+01 2.032742034058873659e-02
2.399988781917473091e+01 1.988918059816265071e-02
2.425071646049711305e+01 1.943885623891176626e-02
2.450187830577813841e+01 1.872069623134113570e-02
2.475391093216606109e+01 1.816623692774103904e-02
2.500524226975159792e+01 1.775633075605687408e-02
2.525610980153284402e+01 1.732484449607855567e-02
2.550801425092822328e+01 1.685401566035127710e-02
2.575943113325822864e+01 1.641908357106235464e-02
2.601074166866445125e+01 1.607709047591063603e-02
2.626234447079615464e+01 1.552496455868639103e-02
2.651347712943701751e+01 1.509929966806366174e-02
2.676474177984877656e+01 1.477754205651549829e-02
2.701628079430242479e+01 1.431406690185266228e-02
2.726734205837282232e+01 1.418694544828128651e-02
2.751837013544679422e+01 1.375400301843469723e-02
2.776937726815812724e+01 1.334597575687409415e-02
2.802070160973895341e+01 1.306738902575044735e-02
2.827249982643487058e+01 1.273001984890986815e-02
2.852407603869968966e+01 1.241116194123620745e-02
2.877567300468570721e+01 1.219578272477817027e-02
2.902733523039245256e+01 1.191942150827641003e-02
2.927861073083739996e+01 1.155195345989311340e-02
2.953003196193969160e+01 1.133615173707888148e-02
2.978106336846375157e+01 1.109175675376007988e-02
3.003148440777084716e+01 1.082041933910283041e-02
3.028303386126418673e+01 1.063356297122197876e-02
3.053456493440382857e+01 1.037056364777207140e-02
3.078585183944906944e+01 1.015568703229627508e-02
3.103757946070165730e+01 9.895908415141308617e-03
3.128931656795834826e+01 9.722853644503684847e-03
3.154125974608096428e+01 9.554316344858081525e-03
3.179158626791808828e+01 9.295372683342574896e-03
3.204196438636942190e+01 9.093296373654382453e-03
3.229344668057169798e+01 8.852645179065929751e-03
3.254489998018084407e+01 8.740975189688349883e-03
3.279660140319880668e+01 8.503667850923908936e-03
3.304772754686901237e+01 8.337899489683702620e-03
3.329949953441923327e+01 8.199232846640525790e-03
3.355173249539067371e+01 8.050965397296041756e-03
3.380235474142784824e+01 7.875731058811374571e-03
3.405292218889088218e+01 7.682207847068247067e-03
3.430455901572810262e+01 7.551490238622376311e-03
3.455605119154291316e+01 7.411352802523513313e-03
3.480708698418615654e+01 7.294169288267759142e-03
3.505823042281740243e+01 7.128176363680627237e-03
3.530983122122644602e+01 7.008046649597639982e-03
3.556111974160763367e+01 6.900377413536190607e-03
3.581195885960364933e+01 6.696202631055611469e-03
3.606348577968052638e+01 6.606386079236616950e-03
3.631495136683125935e+01 6.486314545389876458e-03
3.656646781331610185e+01 6.371272206147669120e-03
3.681800948534306173e+01 6.233758970230784437e-03
3.706942350460822411e+01 6.153606992324447272e-03
3.732119977997001570e+01 6.024787960468125370e-03
3.757249197135423202e+01 5.910522279978173976e-03
3.782324055213251057e+01 5.814730485922818201e-03
3.807430609684078604e+01 5.686114607056687829e-03
3.832526519371521090e+01 5.601495087317929535e-03
3.857704530181875668e+01 5.516771068056635155e-03
3.882896255048217427e+01 5.416117050468793881e-03
3.907976684424035341e+01 5.290697505221427649e-03
3.933085588900704010e+01 5.177613821938154004e-03
3.958184533965361140e+01 5.113837592885125093e-03
3.983320492881626507e+01 5.036576570638161797e-03
4.008506787586624398e+01 4.928210829342161495e-03
4.033569471078550350e+01 4.879253261463392666e-03
4.058701345074587863e+01 4.784687734893558475e-03
4.083916815834436420e+01 4.705945324805786874e-03
4.108978611092747713e+01 4.664199017486931123e-03
4.134119394692694271e+01 4.534463110225185611e-03
4.159372926482761557e+01 4.470584686647689765e-03
4.184480996230068683e+01 4.394183945896777861e-03
4.209495048714620680e+01 4.338872749540733861e-03
4.234568601474854432e+01 4.295268867490541730e-03
4.259794184898333214e+01 4.172897140517722522e-03
4.284922176444433717e+01 4.074817033573675633e-03
4.309982534096671003e+01 4.087867502482737947e-03
4.335153475414617930e+01 4.007086158983467865e-03
4.360374984514007224e+01 3.944209837832272914e-03
4.385432838732079830e+01 3.903634728065529316e-03
4.410529766549178277e+01 3.827491692459795807e-03
4.435675536456894008e+01 3.767060304102549592e-03
4.460756668584335927e+01 3.703439553719482802e-03
4.485812369927145937e+01 3.651254936440494637e-03
4.510933196139897206e+01 3.646610420131527874e-03
4.536097672816924131e+01 3.579191391223305718e-03
4.561261869099184452e+01 3.470958688539230522e-03
4.586346064304911607e+01 3.451641130911794076e-03
4.611435299895526185e+01 3.426917565575513316e-03
4.636610302009028572e+01 3.326938633071824334e-03
4.661726081402038346e+01 3.287658098911496775e-03
4.686748045926628237e+01 3.273236717396062808e-03
4.712001000143001761e+01 3.199649514620702545e-03
4.737334269293729960e+01 3.102373052328822548e-03
4.762357272554871912e+01 3.045760177447811873e-03
4.787295862859781437e+01 3.046334426384880896e-03
4.812686710231834297e+01 2.925803115461412390e-03
4.837988354528783930e+01 2.979225129713078662e-03
4.862698975964909209e+01 2.880784936494677761e-03
4.887931961662670233e+01 2.904906079367594162e-03
4.913512531690142282e+01 2.800723354938024472e-03
4.938486646957150583e+01 2.862664704029426778e-03
4.963073103205424985e+01 2.795971903735580254e-03
4.988316058859187763e+01 2.756848312769373879e-03
5.013927392651110893e+01 2.666352183914628190e-03
5.038898445289544270e+01 2.679958624516664157e-03
5.063791314200675941e+01 2.694249555275265127e-03
5.089234515763529032e+01 2.651495535887686463e-03
5.114529266359630810e+01 2.627025769135663859e-03
5.138952878242714206e+01 2.420776564487549069e-03
5.163945178601188246e+01 2.392917264217244919e-03
5.190206698624180603e+01 2.417301764019249514e-03
5.215590084722179398e+01 2.369950508268742206e-03
5.238680673191466042e+01 2.433094223536982556e-03
5.263532591009818873e+01 2.328933761969025247e-03
5.290823119436031874e+01 2.303460759477725297e-03
5.316882575050344428e+01 2.219041174574221120e-03
5.338513341050097694e+01 2.254471795867342594e-03
5.363212510227822349e+01 2.264624764599174143e-03
5.391615723351310407e+01 2.176760525807092984e-03
5.419187693011466678e+01 2.209616246756596243e-03
5.439722241285236493e+01 2.251490216356233798e-03
5.462806064877949552e+01 2.254753550147522989e-03
5.491241494336609463e+01 1.823671569820284289e-03
5.519421446932921782e+01 2.264064775474868875e-03
5.543046826972861396e+01 2.461829099681336550e-03
5.561137265256709128e+01 2.815598570952958409e-03
