3.559856489878782115e-01 5.758611987322879031e+02
6.031648866026231293e-01 1.885744370371932632e+02
8.579160745827347778e-01 8.562398882143419598e+01
1.113464310595710716e+00 5.413496926432767253e+01
1.374039914321364408e+00 3.383855085315912703e+01
1.619154704570298309e+00 1.652665347035675225e+01
1.870686673430271840e+00 1.301261157689030412e+01
2.123290040706380832e+00 1.096780473928104627e+01
2.378144976376236119e+00 7.958044501225235656e+00
2.630489925835516996e+00 5.927940994894654203e+00
2.878653162679494670e+00 4.690981558963430054e+00
3.131144366275339319e+00 4.043318334523718249e+00
3.388159578333816313e+00 3.205835057288779044e+00
3.638741848210948149e+00 2.677000163338381089e+00
3.888315910732085268e+00 2.410339644874091913e+00
4.139052155837465996e+00 1.881263199278545128e+00
4.390305777018236988e+00 1.706837486716666685e+00
4.642172339120373081e+00 1.468810107962698952e+00
4.894678666149941293e+00 1.313157121605249777e+00
5.147269052361176378e+00 1.103265560676510715e+00
5.398003206656323272e+00 1.020268590375851270e+00
5.647798235368590269e+00 8.860494991063428971e-01
5.900534302989873581e+00 7.909141195787137146e-01
6.151460297009074374e+00 7.361974242063076268e-01
6.402630176204441526e+00 6.314758687076922339e-01
6.655964674748322096e+00 5.856424109218180130e-01
6.908782583105771202e+00 5.281119408815000416e-01
7.159060853508338873e+00 4.897719338479724072e-01
7.409414762591408632e+00 4.442437119382469102e-01
7.659227149364629561e+00 4.092307339682335066e-01
7.911559474606142395e+00 3.707102099748423862e-01
8.163750941790897997e+00 3.445066778161535170e-01
8.415757210439384295e+00 3.149916450286651681e-01
8.667638839289207198e+00 2.974327844075261296e-01
8.918801124864609520e+00 2.697623660580864557e-01
9.170480108345369530e+00 2.524149357486702994e-01
9.420566033467249412e+00 2.406116436108236833e-01
9.671642335271435797e+00 2.220208392968593125e-01
9.923426157758477473e+00 2.055415513992513155e-01
1.017396902749181820e+01 1.943255886167219448e-01
1.042533700753922155e+01 1.783456160107869948e-01
1.067702948358784276e+01 1.708823487820565479e-01
1.092969337256462303e+01 1.629468133309310285e-01
1.118211872033766419e+01 1.516424052593512151e-01
1.143346516925797296e+01 1.431953090215687951e-01
1.168350508557724687e+01 1.361001571310289371e-01
1.193379937775929100e+01 1.281128074044078635e-01
1.218553055762879112e+01 1.219111545716868722e-01
1.243711650801278878e+01 1.138903929183713581e-01
1.268867268647359303e+01 1.075435860166354257e-01
1.294075027177769144e+01 1.030482475066145931e-01
1.319267287020158363e+01 9.749215491877694095e-02
1.344470571782862756e+01 9.335778792948189186e-02
1.369480150283709641e+01 8.802593408783354612e-02
1.394591277066507828e+01 8.444162257110686409e-02
1.419764645764527167e+01 7.990038838254544251e-02
1.444766774168416212e+01 7.697866643759557204e-02
1.469906835825429070e+01 7.286148835517231026e-02
1.495059118111036511e+01 6.917036036804105614e-02
1.520261612590052991e+01 6.702515175898882127e-02
1.545415944503929495e+01 6.462628259753853965e-02
1.570456072545780124e+01 6.177607579924053460e-02
1.595705800128773966e+01 5.868462400704902576e-02
1.620829297830731619e+01 5.737969730446986633e-02
1.645966591028190962e+01 5.422587947819852011e-02
1.671125708846596325e+01 5.189955945471583926e-02
1.696160259490052624e+01 5.012062317797949529e-02
1.721370276108077135e+01 4.759288989583924240e-02
1.746543424102250341e+01 4.678750573842217764e-02
1.771598473288305442e+01 4.441931592493541386e-02
1.796653767411944003e+01 4.243150297134189175e-02
1.821765658501893270e+01 4.105310565290383462e-02
1.847053788120423334e+01 4.021318845042082257e-02
1.872257696809484173e+01 3.854460149469611518e-02
1.897394097105746269e+01 3.702862926289906403e-02
1.922542454726159988e+01 3.599978762345102529e-02
1.947607703355479103e+01 3.474546738133958007e-02
1.972678839839982601e+01 3.329524617374949452e-02
1.997802698857814363e+01 3.231265968497971236e-02
2.022863620534168660e+01 3.127377129592983501e-02
2.047969598507238231e+01 3.020432479670511622e-02
2.073250439107362553e+01 2.937564944525529118e-02
2.098435855211640089e+01 2.835990105219186874e-02
2.123502923393334640e+01 2.734998052012969916e-02
2.148629411178690773e+01 2.691863083766894010e-02
2.173831825513516591e+01 2.581500669909888440e-02
2.198972260956887226e+01 2.505222005255427695e-02
2.223974971000711420e+01 2.435655740835505206e-02
2.249141870643862973e+01 2.375779717631452612e-02
2.274404614890906373e+01 2.292561622791180684e-02
2.299521835768831579e+01 2.208443899304968552e-02
2.324620084136223852e+01 2.144409612508346719e-02
2.349757798664387209e+01 2.094914693184271245e-02
2.374870488118759937e+01 2.032949655681703938e-02
2.399988781917473091e+01 1.987928633715293006e-02
2.425071646049711305e+01 1.918571355604226439e-02
2.450187830577813841e+01 1.881000036700220673e-02
2.475391093216606109e+01 1.814687119816633595e-02
2.500524226975159792e+01 1.779149846933239867e-02
2.525610980153284402e+01 1.718652649240643912e-02
2.550801425092822328e+01 1.688890095212452341e-02
2.575943113325822864e+01 1.647675122164556083e-02
2.601074166866445125e+01 1.600474897498970969e-02
2.626234447079615464e+01 1.553653236897275906e-02
2.651347712943701751e+01 1.516312167570627728e-02
2.676474177984877656e+01 1.474532529432954001e-02
2.701628079430242479e+01 1.440483092475332294e-02
2.726734205837282232e+01 1.419082409611802098e-02
2.751837013544679422e+01 1.366700939262651196e-02
2.776937726815812724e+01 1.340053311910555621e-02
2.802070160973895341e+01 1.313091026130269387e-02
2.827249982643487058e+01 1.273952523914765635e-02
2.852407603869968966e+01 1.245131795278213611e-02
2.877567300468570721e+01 1.218554043004519381e-02
2.902733523039245256e+01 1.192031228021483633e-02
2.927861073083739996e+01 1.161988846753192299e-02
2.953003196193969160e+01 1.136377296508186974e-02
2.978106336846375157e+01 1.113326977863835290e-02
3.003148440777084716e+01 1.075480452560541311e-02
3.028303386126418673e+01 1.059402524584966872e-02
3.053456493440382857e+01 1.040815231241820973e-02
3.078585183944906944e+01 1.013323905179393941e-02
3.103757946070165730e+01 9.910919639938620129e-03
3.128931656795834826e+01 9.769954628791878773e-03
3.154125974608096428e+01 9.545262347470216333e-03
3.179158626791808828e+01 9.291075706216126578e-03
3.204196438636942190e+01 9.092054526880610776e-03
3.229344668057169798e+01 8.918718398470184758e-03
3.254489998018084407e+01 8.749598841723001119e-03
3.279660140319880668e+01 8.544832926057514128e-03
3.304772754686901237e+01 8.362975716055692094e-03
3.329949953441923327e+01 8.216727621746586566e-03
3.355173249539067371e+01 8.021192832784403842e-03
3.380235474142784824e+01 7.886982880293044035e-03
3.405292218889088218e+01 7.715065647275845886e-03
3.430455901572810262e+01 7.573421350709000355e-03
3.455605119154291316e+01 7.424853341474098485e-03
3.480708698418615654e+01 7.269052417845941680e-03
3.505823042281740243e+01 7.124496562063571160e-03
3.530983122122644602e+01 6.995461803364062467e-03
3.556111974160763367e+01 6.846277769249770224e-03
3.581195885960364933e+01 6.679384969792320249e-03
3.606348577968052638e+01 6.615493498939101040e-03
3.631495136683125935e+01 6.499016363083334920e-03
3.656646781331610185e+01 6.324273982010556253e-03
3.681800948534306173e+01 6.223139897878519726e-03
3.706942350460822411e+01 6.149853408755005801e-03
3.732119977997001570e+01 6.021229844561436749e-03
3.757249197135423202e+01 5.894518210376524861e-03
3.782324055213251057e+01 5.792304839141917266e-03
3.807430609684078604e+01 5.697749832437836760e-03
3.832526519371521090e+01 5.599601329951310255e-03
3.857704530181875668e+01 5.488428490133365374e-03
3.882896255048217427e+01 5.388926900304369730e-03
3.907976684424035341e+01 5.327780105009263280e-03
3.933085588900704010e+01 5.242043800439413585e-03
3.958184533965361140e+01 5.146622150615054285e-03
3.983320492881626507e+01 5.029089789334169683e-03
4.008506787586624398e+01 4.989971108145202158e-03
4.033569471078550350e+01 4.861095654373524290e-03
4.058701345074587863e+01 4.803087727328029556e-03
4.083916815834436420e+01 4.709559202871076156e-03
4.108978611092747713e+01 4.608253731157309699e-03
4.134119394692694271e+01 4.523566252567055510e-03
4.159372926482761557e+01 4.474857419022758818e-03
4.184480996230068683e+01 4.431874797696672315e-03
4.209495048714620680e+01 4.351233566901068980e-03
4.234568601474854432e+01 4.284391468729826027e-03
4.259794184898333214e+01 4.201907084469613113e-03
4.284922176444433717e+01 4.118499960920211748e-03
4.309982534096671003e+01 4.031806115348724254e-03
4.335153475414617930e+01 4.015930352010161491e-03
4.360374984514007224e+01 3.978402677638759148e-03
4.385432838732079830e+01 3.868814734368980924e-03
4.410529766549178277e+01 3.869868968409376393e-03
4.435675536456894008e+01 3.743072724012972037e-03
4.460756668584335927e+01 3.712866630979526437e-03
4.485812369927145937e+01 3.683626132460686691e-03
4.510933196139897206e+01 3.574264453153727823e-03
4.536097672816924131e+01 3.552970107983015671e-03
4.561261869099184452e+01 3.497463520201596343e-03
4.586346064304911607e+01 3.416673154168924868e-03
4.611435299895526185e+01 3.351671109538548448e-03
4.636610302009028572e+01 3.315851601183179061e-03
4.661726081402038346e+01 3.260713572156882355e-03
4.686748045926628237e+01 3.215936573875403763e-03
4.712001000143001761e+01 3.182791386483247234e-03
4.737334269293729960e+01 3.096579433305931845e-03
4.762357272554871912e+01 3.109171558449884409e-03
4.787295862859781437e+01 3.062960865169536695e-03
4.812686710231834297e+01 3.025249846665978466e-03
4.837988354528783930e+01 3.009808070633134859e-03
4.862698975964909209e+01 2.918369486339313090e-03
4.887931961662670233e+01 2.856253298758279404e-03
4.913512531690142282e+01 2.872085146746968659e-03
4.938486646957150583e+01 2.772244715750654155e-03
4.963073103205424985e+01 2.792007309975667526e-03
4.988316058859187763e+01 2.714869920582939702e-03
5.013927392651110893e+01 2.686129190981438337e-03
5.038898445289544270e+01 2.638587161352186350e-03
5.063791314200675941e+01 2.654080062256968311e-03
5.089234515763529032e+01 2.580353151716252048e-03
5.114529266359630810e+01 2.518784046061582974e-03
5.138952878242714206e+01 2.545816799025735124e-03
5.163945178601188246e+01 2.502841789732260496e-03
5.190206698624180603e+01 2.350724440646404564e-03
5.215590084722179398e+01 2.383741994029492384e-03
5.238680673191466042e+01 2.361326087694965402e-03
5.263532591009818873e+01 2.382661376138058094e-03
5.290823119436031874e+01 2.329973096135264619e-03
5.316882575050344428e+01 2.281738786376666210e-03
5.338513341050097694e+01 2.230472241464853157e-03
5.363212510227822349e+01 2.214550320808049422e-03
5.391615723351310407e+01 2.190669280522260925e-03
5.419187693011466678e+01 1.975309735779265385e-03
5.439722241285236493e+01 2.091489674528063808e-03
5.462806064877949552e+01 2.152243682516267759e-03
5.491241494336609463e+01 2.062929082369743643e-03
5.519421446932921782e+01 1.277473849738744970e-03
5.543046826972861396e+01 2.903375106215480561e-03
5.561137265256709128e+01 4.699536229661656914e-04
