3.559856489878782115e-01 4.482004305212935265e+02
6.031648866026231293e-01 2.475603641150634360e+02
8.579160745827347778e-01 8.918218386649402873e+01
1.113464310595710716e+00 5.506631268720160222e+01
1.374039914321364408e+00 3.247085774097811139e+01
1.619154704570298309e+00 1.977505494724859503e+01
1.870686673430271840e+00 1.393968244433763815e+01
2.123290040706380832e+00 1.033818327772449130e+01
2.378144976376236119e+00 7.310360910574114968e+00
2.630489925835516996e+00 6.727920741035712915e+00
2.878653162679494670e+00 4.931003268510226079e+00
3.131144366275339319e+00 3.819420058597413181e+00
3.388159578333816313e+00 3.280528432446970122e+00
3.638741848210948149e+00 2.524840087613884343e+00
3.888315910732085268e+00 2.360931920361889702e+00
4.139052155837465996e+00 1.997566608882587635e+00
4.390305777018236988e+00 1.750337478894545162e+00
4.642172339120373081e+00 1.491457474253467641e+00
4.894678666149941293e+00 1.293142724715633518e+00
5.147269052361176378e+00 1.136339033553230182e+00
5.398003206656323272e+00 1.004175502982906476e+00
5.647798235368590269e+00 8.884597673448314525e-01
5.900534302989873581e+00 7.996537467876094762e-01
6.151460297009074374e+00 7.115344796659868187e-01
6.402630176204441526e+00 6.426224093005425964e-01
6.655964674748322096e+00 6.066957847631400114e-01
6.908782583105771202e+00 5.425795158046986533e-01
7.159060853508338873e+00 4.891576059107940466e-01
7.409414762591408632e+00 4.399228667032919482e-01
7.659227149364629561e+00 4.075078218378569428e-01
7.911559474606142395e+00 3.770403898861321990e-01
8.163750941790897997e+00 3.435996813612977041e-01
8.415757210439384295e+00 3.167053464262145623e-01
8.667638839289207198e+00 2.950524049267761462e-01
8.918801124864609520e+00 2.750673543675520305e-01
9.170480108345369530e+00 2.588659783527313407e-01
9.420566033467249412e+00 2.355912155113042417e-01
9.671642335271435797e+00 2.207970173477610543e-01
9.923426157758477473e+00 2.090310605223063556e-01
1.017396902749181820e+01 1.936711516070434014e-01
1.042533700753922155e+01 1.791888132233629694e-01
1.067702948358784276e+01 1.746543463568141219e-01
1.092969337256462303e+01 1.638311089563554979e-01
1.118211872033766419e+01 1.530142606405761607e-01
1.143346516925797296e+01 1.444365692741682028e-01
1.168350508557724687e+01 1.343985656233926407e-01
1.193379937775929100e+01 1.282868636595959067e-01
1.218553055762879112e+01 1.188486887419228089e-01
1.243711650801278878e+01 1.139575316736878979e-01
1.268867268647359303e+01 1.080638935030004272e-01
1.294075027177769144e+01 1.031554563490119508e-01
1.319267287020158363e+01 9.697661563976656129e-02
1.344470571782862756e+01 9.235756207410357466e-02
1.369480150283709641e+01 8.755673130829257078e-02
1.394591277066507828e+01 8.512765708500262540e-02
1.419764645764527167e+01 8.187356467915471447e-02
1.444766774168416212e+01 7.696772863944895127e-02
1.469906835825429070e+01 7.298751374417131177e-02
1.495059118111036511e+01 7.017980631857222151e-02
1.520261612590052991e+01 6.652702844765170931e-02
1.545415944503929495e+01 6.406684295798992235e-02
1.570456072545780124e+01 6.180114204246584669e-02
1.595705800128773966e+01 5.889334161583664740e-02
1.620829297830731619e+01 5.621124017814330132e-02
1.645966591028190962e+01 5.458054479930123798e-02
1.671125708846596325e+01 5.214274611117349773e-02
1.696160259490052624e+01 4.990806803254620866e-02
1.721370276108077135e+01 4.859646687096047524e-02
1.746543424102250341e+01 4.647222757771048846e-02
1.771598473288305442e+01 4.491058853133397810e-02
1.796653767411944003e+01 4.329911959190576448e-02
1.821765658501893270e+01 4.164105764215553923e-02
1.847053788120423334e+01 4.002142459525005747e-02
1.872257696809484173e+01 3.861854210561328771e-02
1.897394097105746269e+01 3.672797495567729775e-02
1.922542454726159988e+01 3.620546705214951894e-02
1.947607703355479103e+01 3.491860057850063037e-02
1.972678839839982601e+01 3.376721628065872116e-02
1.997802698857814363e+01 3.226606784359971336e-02
2.022863620534168660e+01 3.138015894433762720e-02
2.047969598507238231e+01 3.037620266442149497e-02
2.073250439107362553e+01 2.929445449657317249e-02
2.098435855211640089e+01 2.848704620230899098e-02
2.123502923393334640e+01 2.763958797144065033e-02
2.148629411178690773e+01 2.670244587296143404e-02
2.173831825513516591e+01 2.577184413220397902e-02
2.198972260956887226e+01 2.508846616698913803e-02
2.223974971000711420e+01 2.421160182646352882e-02
2.249141870643862973e+01 2.358102376978055831e-02
2.274404614890906373e+01 2.295450461830774239e-02
2.299521835768831579e+01 2.219737635757729546e-02
2.324620084136223852e+01 2.153893448367462382e-02
2.349757798664387209e+01 2.106264452745633398e-02
2.374870488118759937e+01 2.051503567501190839e-02
2.399988781917473091e+01 1.973387962549372904e-02
2.425071646049711305e+01 1.939525554301339133e-02
2.450187830577813841e+01 1.883089118165092238e-02
2.475391093216606109e+01 1.824176086107677855e-02
2.500524226975159792e+01 1.783567338445615422e-02
2.525610980153284402e+01 1.740353032121087773e-02
2.550801425092822328e+01 1.678949318408654370e-02
2.575943113325822864e+01 1.642799077659786583e-02
2.601074166866445125e+01 1.605706134053562148e-02
2.626234447079615464e+01 1.556186424443990572e-02
2.651347712943701751e+01 1.515676946679185046e-02
2.676474177984877656e+01 1.479464720404931842e-02
2.701628079430242479e+01 1.437056809898266778e-02
2.726734205837282232e+01 1.406877565749693054e-02
2.751837013544679422e+01 1.363371708488034934e-02
2.776937726815812724e+01 1.337370706927957544e-02
2.802070160973895341e+01 1.316431092154225421e-02
2.827249982643487058e+01 1.281064265390306246e-02
2.852407603869968966e+01 1.250559494245226735e-02
2.877567300468570721e+01 1.213006089871306904e-02
2.902733523039245256e+01 1.192861020681395406e-02
2.927861073083739996e+01 1.152631846799661609e-02
2.953003196193969160e+01 1.141761217977251691e-02
2.978106336846375157e+01 1.107448028636246959e-02
3.003148440777084716e+01 1.078178321346170629e-02
3.028303386126418673e+01 1.060935692468619254e-02
3.053456493440382857e+01 1.041631763333161591e-02
3.078585183944906944e+01 1.013283537884079183e-02
3.103757946070165730e+01 9.908341528640016507e-03
3.128931656795834826e+01 9.702116668689090423e-03
3.154125974608096428e+01 9.518300824706945468e-03
3.179158626791808828e+01 9.300301626063021271e-03
3.204196438636942190e+01 9.086491121869735149e-03
3.229344668057169798e+01 8.947861767048499032e-03
3.254489998018084407e+01 8.694377716930840744e-03
3.279660140319880668e+01 8.517821977874638975e-03
3.304772754686901237e+01 8.355135621290948889e-03
3.329949953441923327e+01 8.237493360505089568e-03
3.355173249539067371e+01 8.056520186344694190e-03
3.380235474142784824e+01 7.883770219707693025e-03
3.405292218889088218e+01 7.742854354001766672e-03
3.430455901572810262e+01 7.567250086553382708e-03
3.455605119154291316e+01 7.408600057892584384e-03
3.480708698418615654e+01 7.280808413113048702e-03
3.505823042281740243e+01 7.137361717251525586e-03
3.530983122122644602e+01 6.999774567133324951e-03
3.556111974160763367e+01 6.858430498926393684e-03
3.581195885960364933e+01 6.740012403343439464e-03
3.606348577968052638e+01 6.624528623665639285e-03
3.631495136683125935e+01 6.503658255752189227e-03
3.656646781331610185e+01 6.359869749163771582e-03
3.681800948534306173e+01 6.263630118034229158e-03
3.706942350460822411e+01 6.120756869748699043e-03
3.732119977997001570e+01 6.007328074648139379e-03
3.757249197135423202e+01 5.895999477321322950e-03
3.782324055213251057e+01 5.788366695178439637e-03
3.807430609684078604e+01 5.725825864525687509e-03
3.832526519371521090e+01 5.583325473562434152e-03
3.857704530181875668e+01 5.475302963420157487e-03
3.882896255048217427e+01 5.423528193391181050e-03
3.907976684424035341e+01 5.305661626922699228e-03
3.933085588900704010e+01 5.235487890897700704e-03
3.958184533965361140e+01 5.109017995059312277e-03
3.983320492881626507e+01 5.034816261274084083e-03
4.008506787586624398e+01 4.935728310587456265e-03
4.033569471078550350e+01 4.884630317455057082e-03
4.058701345074587863e+01 4.752718296624547367e-03
4.083916815834436420e+01 4.718835457558427128e-03
4.108978611092747713e+01 4.618292025630561445e-03
4.134119394692694271e+01 4.545085527397216968e-03
4.159372926482761557e+01 4.461930592122207405e-03
4.184480996230068683e+01 4.383366840662462904e-03
4.209495048714620680e+01 4.332703047812544971e-03
4.234568601474854432e+01 4.255676645356178990e-03
4.259794184898333214e+01 4.207670665768117879e-03
4.284922176444433717e+01 4.113144019612438411e-03
4.309982534096671003e+01 4.074586802135424755e-03
4.335153475414617930e+01 3.988536484248107750e-03
4.360374984514007224e+01 3.950915980892114217e-03
4.385432838732079830e+01 3.908132329147488704e-03
4.410529766549178277e+01 3.805729596727078223e-03
4.435675536456894008e+01 3.745767378690516118e-03
4.460756668584335927e+01 3.686415641580910972e-03
4.485812369927145937e+01 3.631563785642622118e-03
4.510933196139897206e+01 3.614871383232597102e-03
4.536097672816924131e+01 3.529455952635413615e-03
4.561261869099184452e+01 3.472700702770294221e-03
4.586346064304911607e+01 3.383721454271913613e-03
4.611435299895526185e+01 3.353973316179764772e-03
4.636610302009028572e+01 3.299537724017640936e-03
4.661726081402038346e+01 3.286138656883502967e-03
4.686748045926628237e+01 3.259808766638502570e-03
4.712001000143001761e+01 3.193661111004526734e-03
4.737334269293729960e+01 3.103347492213553126e-03
4.762357272554871912e+01 3.115345712796533436e-03
4.787295862859781437e+01 3.031897316163328134e-03
4.812686710231834297e+01 3.004923735173675899e-03
4.837988354528783930e+01 2.949744613008658829e-03
4.862698975964909209e+01 2.882922975539505515e-03
4.887931961662670233e+01 2.885617795795345029e-03
4.913512531690142282e+01 2.841908141776600203e-03
4.938486646957150583e+01 2.804183115696248178e-03
4.963073103205424985e+01 2.704594027442005100e-03
4.988316058859187763e+01 2.774590966287248522e-03
5.013927392651110893e+01 2.691539509390604087e-03
5.038898445289544270e+01 2.636028771990796705e-03
5.063791314200675941e+01 2.562503201510262733e-03
5.089234515763529032e+01 2.632256729896506869e-03
5.114529266359630810e+01 2.465113875715617322e-03
5.138952878242714206e+01 2.491720696465763319e-03
5.163945178601188246e+01 2.452015605214222151e-03
5.190206698624180603e+01 2.402306819235672242e-03
5.215590084722179398e+01 2.436596770311515170e-03
5.238680673191466042e+01 2.348488622633149170e-03
5.263532591009818873e+01 2.382053660272632871e-03
5.290823119436031874e+01 2.331194613452500577e-03
5.316882575050344428e+01 2.326412400020847534e-03
5.338513341050097694e+01 2.281418331339973155e-03
5.363212510227822349e+01 2.313383465106325868e-03
5.391615723351310407e+01 2.271653733807076515e-03
5.419187693011466678e+01 1.946582197796254722e-03
5.439722241285236493e+01 2.096933200138421070e-03
5.462806064877949552e+01 2.006735369613914938e-03
5.491241494336609463e+01 2.108320576517430916e-03
5.519421446932921782e+01 2.268074142063032910e-03
5.543046826972861396e+01 3.289632954249086666e-03
5.561137265256709128e+01 2.421740677195109801e-03
