3.559856489878782115e-01 5.234552862317161726e+02
6.031648866026231293e-01 2.071967803742854528e+02
8.579160745827347778e-01 8.866425010530899442e+01
1.113464310595710716e+00 4.784606812749694171e+01
1.374039914321364408e+00 2.879776965499248575e+01
1.619154704570298309e+00 1.974887126539580251e+01
1.870686673430271840e+00 1.402636245655218339e+01
2.123290040706380832e+00 9.658466786167755558e+00
2.378144976376236119e+00 8.295696976447359816e+00
2.630489925835516996e+00 6.259195388569524177e+00
2.878653162679494670e+00 5.125710122766797383e+00
3.131144366275339319e+00 3.816490506503787294e+00
3.388159578333816313e+00 3.124206538285835499e+00
3.638741848210948149e+00 2.830999027173374039e+00
3.888315910732085268e+00 2.341624298059520548e+00
4.139052155837465996e+00 2.008367239532104165e+00
4.390305777018236988e+00 1.718106957801668999e+00
4.642172339120373081e+00 1.501543093023949949e+00
4.894678666149941293e+00 1.312094411834652474e+00
5.147269052361176378e+00 1.124516072427515168e+00
5.398003206656323272e+00 1.001139739403550166e+00
5.647798235368590269e+00 8.829980115792118722e-01
5.900534302989873581e+00 8.490975325135261542e-01
6.151460297009074374e+00 7.362128677599846238e-01
6.402630176204441526e+00 6.511965636556718007e-01
6.655964674748322096e+00 6.036481687638757254e-01
6.908782583105771202e+00 5.379228788572205655e-01
7.159060853508338873e+00 4.946069877971914219e-01
7.409414762591408632e+00 4.378127629388741671e-01
7.659227149364629561e+00 4.056188870922269873e-01
7.911559474606142395e+00 3.698317163542647057e-01
8.163750941790897997e+00 3.482117951173354098e-01
8.415757210439384295e+00 3.198121580697953492e-01
8.667638839289207198e+00 2.907943654278064560e-01
8.918801124864609520e+00 2.774354255813318848e-01
9.170480108345369530e+00 2.551428200651828515e-01
9.420566033467249412e+00 2.397701920892475747e-01
9.671642335271435797e+00 2.198239568074103756e-01
9.923426157758477473e+00 2.063991520362823129e-01
1.017396902749181820e+01 1.942831206360330354e-01
1.042533700753922155e+01 1.829070873666340247e-01
1.067702948358784276e+01 1.725284465605548545e-01
1.092969337256462303e+01 1.624321256410959646e-01
1.118211872033766419e+01 1.506343887426135897e-01
1.143346516925797296e+01 1.426852229031702057e-01
1.168350508557724687e+01 1.339331686994324477e-01
1.193379937775929100e+01 1.282086795928819578e-01
1.218553055762879112e+01 1.208553750078356220e-01
1.243711650801278878e+01 1.140008431796267901e-01
1.268867268647359303e+01 1.070462454414930487e-01
1.294075027177769144e+01 1.038100803879215411e-01
1.319267287020158363e+01 9.806873129603975447e-02
1.344470571782862756e+01 9.095271021646914034e-02
1.369480150283709641e+01 8.834152706021172752e-02
1.394591277066507828e+01 8.431327783420571043e-02
1.419764645764527167e+01 8.139393531684925576e-02
1.444766774168416212e+01 7.689442420230242770e-02
1.469906835825429070e+01 7.346986082590165057e-02
1.495059118111036511e+01 7.003233025968282066e-02
1.520261612590052991e+01 6.748930556067726794e-02
1.545415944503929495e+01 6.441661206723398037e-02
1.570456072545780124e+01 6.158512736684696592e-02
1.595705800128773966e+01 5.935110607827366602e-02
1.620829297830731619e+01 5.658253699953409710e-02
1.645966591028190962e+01 5.446398017579046069e-02
1.671125708846596325e+01 5.214683200546172542e-02
1.696160259490052624e+01 5.013257742493387042e-02
1.721370276108077135e+01 4.815421278715732722e-02
1.746543424102250341e+01 4.639711672394265102e-02
1.771598473288305442e+01 4.457732295497024433e-02
1.796653767411944003e+01 4.309208206121378087e-02
1.821765658501893270e+01 4.127952027271907659e-02
1.847053788120423334e+01 3.989635411727215225e-02
1.872257696809484173e+01 3.859200149462487656e-02
1.897394097105746269e+01 3.735325848215183958e-02
1.922542454726159988e+01 3.592235084411195267e-02
1.947607703355479103e+01 3.466061964793943490e-02
1.972678839839982601e+01 3.366750361312247086e-02
1.997802698857814363e+01 3.252455864186053897e-02
2.022863620534168660e+01 3.131306633390172622e-02
2.047969598507238231e+01 3.045092970064263230e-02
2.073250439107362553e+01 2.937400892514842321e-02
2.098435855211640089e+01 2.849435305736639640e-02
2.123502923393334640e+01 2.739819969923384252e-02
2.148629411178690773e+01 2.680957632998863874e-02
2.173831825513516591e+01 2.588673363109977518e-02
2.198972260956887226e+01 2.514569947319911583e-02
2.223974971000711420e+01 2.433470903962911547e-02
2.249141870643862973e+01 2.353700227450765403e-02
2.274404614890906373e+01 2.302031007516904329e-02
2.299521835768831579e+01 2.211468011644671453e-02
2.324620084136223852e+01 2.168362523474198778e-02
2.349757798664387209e+01 2.106200285008572384e-02
2.374870488118759937e+01 2.034534612967391770e-02
2.399988781917473091e+01 2.004385548527600966e-02
2.425071646049711305e+01 1.916865243959654797e-02
2.450187830577813841e+01 1.887885751047031421e-02
2.475391093216606109e+01 1.817551766827796289e-02
2.500524226975159792e+01 1.781324844366255836e-02
2.525610980153284402e+01 1.726112808099508275e-02
2.550801425092822328e+01 1.687370334634533814e-02
2.575943113325822864e+01 1.635887258387705434e-02
2.601074166866445125e+01 1.597563008837934312e-02
2.626234447079615464e+01 1.559696950862272426e-02
2.651347712943701751e+01 1.512130942253526837e-02
2.676474177984877656e+01 1.472179079361021770e-02
2.701628079430242479e+01 1.443603186534605891e-02
2.726734205837282232e+01 1.409606133141198293e-02
2.751837013544679422e+01 1.368990204233430825e-02
2.776937726815812724e+01 1.337681376561691837e-02
2.802070160973895341e+01 1.311839911111370612e-02
2.827249982643487058e+01 1.282250271383918519e-02
2.852407603869968966e+01 1.248771314804614924e-02
2.877567300468570721e+01 1.220490962714498168e-02
2.902733523039245256e+01 1.181644320985386631e-02
2.927861073083739996e+01 1.156517829864614141e-02
2.953003196193969160e+01 1.135219039611399736e-02
2.978106336846375157e+01 1.115673146660162152e-02
3.003148440777084716e+01 1.084541167369976536e-02
3.028303386126418673e+01 1.056905093984869190e-02
3.053456493440382857e+01 1.035318056563406738e-02
3.078585183944906944e+01 1.007998496526064415e-02
3.103757946070165730e+01 9.956389719585715184e-03
3.128931656795834826e+01 9.684633181123404252e-03
3.154125974608096428e+01 9.454383787747917475e-03
3.179158626791808828e+01 9.273947102305758750e-03
3.204196438636942190e+01 9.110858492830520641e-03
3.229344668057169798e+01 8.894883321650131139e-03
3.254489998018084407e+01 8.757845121859184415e-03
3.279660140319880668e+01 8.556534851058714142e-03
3.304772754686901237e+01 8.309070713126712193e-03
3.329949953441923327e+01 8.201361960719350322e-03
3.355173249539067371e+01 8.001823066773263923e-03
3.380235474142784824e+01 7.857200180786970412e-03
3.405292218889088218e+01 7.666911594417967317e-03
3.430455901572810262e+01 7.567206850618929392e-03
3.455605119154291316e+01 7.406310483758084089e-03
3.480708698418615654e+01 7.257297455329957993e-03
3.505823042281740243e+01 7.112978333010304931e-03
3.530983122122644602e+01 7.023567511943922675e-03
3.556111974160763367e+01 6.837759822284613341e-03
3.581195885960364933e+01 6.712997121934944841e-03
3.606348577968052638e+01 6.568282786639639652e-03
3.631495136683125935e+01 6.462799389489004391e-03
3.656646781331610185e+01 6.375748096750124064e-03
3.681800948534306173e+01 6.256899056734738229e-03
3.706942350460822411e+01 6.152396794903374107e-03
3.732119977997001570e+01 6.016225089690607417e-03
3.757249197135423202e+01 5.931801004403464139e-03
3.782324055213251057e+01 5.829301909929606763e-03
3.807430609684078604e+01 5.696757409866046694e-03
3.832526519371521090e+01 5.598720848062860127e-03
3.857704530181875668e+01 5.514253406137288073e-03
3.882896255048217427e+01 5.398084237487065645e-03
3.907976684424035341e+01 5.321884752853741837e-03
3.933085588900704010e+01 5.194377586011193586e-03
3.958184533965361140e+01 5.080649894136059913e-03
3.983320492881626507e+01 5.039973546429757888e-03
4.008506787586624398e+01 4.943951226169495707e-03
4.033569471078550350e+01 4.907465607981942313e-03
4.058701345074587863e+01 4.806738337466595103e-03
4.083916815834436420e+01 4.736018563542725331e-03
4.108978611092747713e+01 4.586531074645085714e-03
4.134119394692694271e+01 4.540064262329323100e-03
4.159372926482761557e+01 4.485531792264517946e-03
4.184480996230068683e+01 4.416821543677789882e-03
4.209495048714620680e+01 4.322709728635967634e-03
4.234568601474854432e+01 4.247319317876275049e-03
4.259794184898333214e+01 4.184268424612138521e-03
4.284922176444433717e+01 4.110091247301390048e-03
4.309982534096671003e+01 4.098490640426769548e-03
4.335153475414617930e+01 3.989087784979380644e-03
4.360374984514007224e+01 3.935306605988317212e-03
4.385432838732079830e+01 3.874006383359703508e-03
4.410529766549178277e+01 3.841503193447904415e-03
4.435675536456894008e+01 3.783514887637035896e-03
4.460756668584335927e+01 3.713490385123372275e-03
4.485812369927145937e+01 3.655713669541784099e-03
4.510933196139897206e+01 3.568653841595144025e-03
4.536097672816924131e+01 3.580392670337122132e-03
4.561261869099184452e+01 3.477917704640106755e-03
4.586346064304911607e+01 3.396911446099747274e-03
4.611435299895526185e+01 3.369064028287127588e-03
4.636610302009028572e+01 3.312588736027802933e-03
4.661726081402038346e+01 3.285297341076222344e-03
4.686748045926628237e+01 3.244968992009295873e-03
4.712001000143001761e+01 3.222209749687879234e-03
4.737334269293729960e+01 3.154411963835387564e-03
4.762357272554871912e+01 3.066385512036281895e-03
4.787295862859781437e+01 3.001324382030982896e-03
4.812686710231834297e+01 3.000635261743078794e-03
4.837988354528783930e+01 2.948219286038515543e-03
4.862698975964909209e+01 2.933370602227932267e-03
4.887931961662670233e+01 2.877206682113756745e-03
4.913512531690142282e+01 2.792336115254588289e-03
4.938486646957150583e+01 2.726622114567445535e-03
4.963073103205424985e+01 2.738897417725491470e-03
4.988316058859187763e+01 2.716735426732647552e-03
5.013927392651110893e+01 2.612695917219739778e-03
5.038898445289544270e+01 2.659950522068924017e-03
5.063791314200675941e+01 2.669016376835451048e-03
5.089234515763529032e+01 2.608664983994402140e-03
5.114529266359630810e+01 2.554146725194474544e-03
5.138952878242714206e+01 2.506181336332573457e-03
5.163945178601188246e+01 2.476881777971521627e-03
5.190206698624180603e+01 2.418180851108108279e-03
5.215590084722179398e+01 2.439698810790767985e-03
5.238680673191466042e+01 2.343776527692148764e-03
5.263532591009818873e+01 2.390221631745264273e-03
5.290823119436031874e+01 2.359905117126958555e-03
5.316882575050344428e+01 2.329686734246956287e-03
5.338513341050097694e+01 2.270070602036899834e-03
5.363212510227822349e+01 2.299114192559760343e-03
5.391615723351310407e+01 2.353082021906552357e-03
5.419187693011466678e+01 1.913122405236025681e-03
5.439722241285236493e+01 1.991403605781935562e-03
5.462806064877949552e+01 2.147261832497260499e-03
5.491241494336609463e+01 2.279203595825455425e-03
5.519421446932921782e+01 2.146882703855295359e-03
5.543046826972861396e+01 2.577179482867980598e-03
5.561137265256709128e+01 1.874593728877542442e-03
