3.559856489878782115e-01 5.740807139174853546e+02
6.031648866026231293e-01 1.556995457453222400e+02
8.579160745827347778e-01 9.109801816935774355e+01
1.113464310595710716e+00 4.353716228798416665e+01
1.374039914321364408e+00 3.420005652914306182e+01
1.619154704570298309e+00 2.096850744370021857e+01
1.870686673430271840e+00 1.457364547631993190e+01
2.123290040706380832e+00 1.084645377982039527e+01
2.378144976376236119e+00 8.440300628607671385e+00
2.630489925835516996e+00 6.249095863372000181e+00
2.878653162679494670e+00 5.006828785922881053e+00
3.131144366275339319e+00 3.991967987906625215e+00
3.388159578333816313e+00 3.333210624213479800e+00
3.638741848210948149e+00 2.946558459646608785e+00
3.888315910732085268e+00 2.310971319685025893e+00
4.139052155837465996e+00 1.968367479931964814e+00
4.390305777018236988e+00 1.699617070769747107e+00
4.642172339120373081e+00 1.468892518069164321e+00
4.894678666149941293e+00 1.278826491953967359e+00
5.147269052361176378e+00 1.143216108584050428e+00
5.398003206656323272e+00 9.955580959048871970e-01
5.647798235368590269e+00 8.952498752167848961e-01
5.900534302989873581e+00 7.959103393697670725e-01
6.151460297009074374e+00 7.226942310311670337e-01
6.402630176204441526e+00 6.408553465109390057e-01
6.655964674748322096e+00 5.881559179316901975e-01
6.908782583105771202e+00 5.288833669386976410e-01
7.159060853508338873e+00 4.754251786711430339e-01
7.409414762591408632e+00 4.469638148121283794e-01
7.659227149364629561e+00 3.943046270972788703e-01
7.911559474606142395e+00 3.774703398030628820e-01
8.163750941790897997e+00 3.380014200269772506e-01
8.415757210439384295e+00 3.199237958679568283e-01
8.667638839289207198e+00 2.944568733015469619e-01
8.918801124864609520e+00 2.747822017757015067e-01
9.170480108345369530e+00 2.537820207983575993e-01
9.420566033467249412e+00 2.362431424391721879e-01
9.671642335271435797e+00 2.218544217939014684e-01
9.923426157758477473e+00 2.107888666712254000e-01
1.017396902749181820e+01 1.928782169811106284e-01
1.042533700753922155e+01 1.833831214611209848e-01
1.067702948358784276e+01 1.730261158987186632e-01
1.092969337256462303e+01 1.608242331601517916e-01
1.118211872033766419e+01 1.510944571900345035e-01
1.143346516925797296e+01 1.422508997255446384e-01
1.168350508557724687e+01 1.334081673219690289e-01
1.193379937775929100e+01 1.275544938848007792e-01
1.218553055762879112e+01 1.201085115434205319e-01
1.243711650801278878e+01 1.147854816919826326e-01
1.268867268647359303e+01 1.089459226066323422e-01
1.294075027177769144e+01 1.029612967330270634e-01
1.319267287020158363e+01 9.778846885631747865e-02
1.344470571782862756e+01 9.309803955542320097e-02
1.369480150283709641e+01 9.026199159153359963e-02
1.394591277066507828e+01 8.435177328959028720e-02
1.419764645764527167e+01 7.946803126139144469e-02
1.444766774168416212e+01 7.721906456942990993e-02
1.469906835825429070e+01 7.326179457727223510e-02
1.495059118111036511e+01 6.923129113581824590e-02
1.520261612590052991e+01 6.768056326382793086e-02
1.545415944503929495e+01 6.481980281272352318e-02
1.570456072545780124e+01 6.222744683619458456e-02
1.595705800128773966e+01 5.852572382441810495e-02
1.620829297830731619e+01 5.666890531558904653e-02
1.645966591028190962e+01 5.445250068160513435e-02
1.671125708846596325e+01 5.211161504862905913e-02
1.696160259490052624e+01 5.080622626688455212e-02
1.721370276108077135e+01 4.853182935156831468e-02
1.746543424102250341e+01 4.639437771907399533e-02
1.771598473288305442e+01 4.455776312428538777e-02
1.796653767411944003e+01 4.248620096138790853e-02
1.821765658501893270e+01 4.154058588908987604e-02
1.847053788120423334e+01 3.966109702788246649e-02
1.872257696809484173e+01 3.880791469171714081e-02
1.897394097105746269e+01 3.721842777816680714e-02
1.922542454726159988e+01 3.628115000369885185e-02
1.947607703355479103e+01 3.448730971517233179e-02
1.972678839839982601e+01 3.340033921512196996e-02
1.997802698857814363e+01 3.255203654687248427e-02
2.022863620534168660e+01 3.134890241447779724e-02
2.047969598507238231e+01 3.051109036694730353e-02
2.073250439107362553e+01 2.948229823803470012e-02
2.098435855211640089e+01 2.869828772165997771e-02
2.123502923393334640e+01 2.737235672595270120e-02
2.148629411178690773e+01 2.684815375063810683e-02
2.173831825513516591e+01 2.600376454137295554e-02
2.198972260956887226e+01 2.506703673593767279e-02
2.223974971000711420e+01 2.430387019009064981e-02
2.249141870643862973e+01 2.370866345384899099e-02
2.274404614890906373e+01 2.291555671534360739e-02
2.299521835768831579e+01 2.208328670413737399e-02
2.324620084136223852e+01 2.173263940169973055e-02
2.349757798664387209e+01 2.097386719949475078e-02
2.374870488118759937e+01 2.045926812900666220e-02
2.399988781917473091e+01 1.986418123466703392e-02
2.425071646049711305e+01 1.929699960592240471e-02
2.450187830577813841e+01 1.872997396935833711e-02
2.475391093216606109e+01 1.822246605189837762e-02
2.500524226975159792e+01 1.768290429890691240e-02
2.525610980153284402e+01 1.726990566063684590e-02
2.550801425092822328e+01 1.682570370603522769e-02
2.575943113325822864e+01 1.646686852955283123e-02
2.601074166866445125e+01 1.590421532470705918e-02
2.626234447079615464e+01 1.558390581839533447e-02
2.651347712943701751e+01 1.521622358007961896e-02
2.676474177984877656e+01 1.477364734468309022e-02
2.701628079430242479e+01 1.451757937140909366e-02
2.726734205837282232e+01 1.405317472491427085e-02
2.751837013544679422e+01 1.374080968778426323e-02
2.776937726815812724e+01 1.342501690389093401e-02
2.802070160973895341e+01 1.309990374773307813e-02
2.827249982643487058e+01 1.277160613659254415e-02
2.852407603869968966e+01 1.241552423942533269e-02
2.877567300468570721e+01 1.218113650890103629e-02
2.902733523039245256e+01 1.186690010043040672e-02
2.927861073083739996e+01 1.156382208170922063e-02
2.953003196193969160e+01 1.131421981264716867e-02
2.978106336846375157e+01 1.107727421895994893e-02
3.003148440777084716e+01 1.078334883915357811e-02
3.028303386126418673e+01 1.063027193560282108e-02
3.053456493440382857e+01 1.038198151872796182e-02
3.078585183944906944e+01 1.013111919793765157e-02
3.103757946070165730e+01 9.938622256125210705e-03
3.128931656795834826e+01 9.762822221419036745e-03
3.154125974608096428e+01 9.467367972689735151e-03
3.179158626791808828e+01 9.277875577366248225e-03
3.204196438636942190e+01 9.076036534425584515e-03
3.229344668057169798e+01 8.893454838536925949e-03
3.254489998018084407e+01 8.738157756271876589e-03
3.279660140319880668e+01 8.554708634328471104e-03
3.304772754686901237e+01 8.369711550552213358e-03
3.329949953441923327e+01 8.210059667839672906e-03
3.355173249539067371e+01 8.026098033886387359e-03
3.380235474142784824e+01 7.883383464249450398e-03
3.405292218889088218e+01 7.729340901717737279e-03
3.430455901572810262e+01 7.543324704470435668e-03
3.455605119154291316e+01 7.408741637469611757e-03
3.480708698418615654e+01 7.226742566624518548e-03
3.505823042281740243e+01 7.153243699259481149e-03
3.530983122122644602e+01 7.023821685172598750e-03
3.556111974160763367e+01 6.866600415313207917e-03
3.581195885960364933e+01 6.713517885027716486e-03
3.606348577968052638e+01 6.580345069619213637e-03
3.631495136683125935e+01 6.479379336833996847e-03
3.656646781331610185e+01 6.379372788108047046e-03
3.681800948534306173e+01 6.231318187863098788e-03
3.706942350460822411e+01 6.135969414492536446e-03
3.732119977997001570e+01 6.017488826017927325e-03
3.757249197135423202e+01 5.912023262780258248e-03
3.782324055213251057e+01 5.821544674999930627e-03
3.807430609684078604e+01 5.688712733342140768e-03
3.832526519371521090e+01 5.565600090982857941e-03
3.857704530181875668e+01 5.511639191986109770e-03
3.882896255048217427e+01 5.365000515710978239e-03
3.907976684424035341e+01 5.349037619374274154e-03
3.933085588900704010e+01 5.216440383932594189e-03
3.958184533965361140e+01 5.110878905991270843e-03
3.983320492881626507e+01 5.045698342595964121e-03
4.008506787586624398e+01 4.947337218369476583e-03
4.033569471078550350e+01 4.852139456059536594e-03
4.058701345074587863e+01 4.771302891097943533e-03
4.083916815834436420e+01 4.700564821969230485e-03
4.108978611092747713e+01 4.622016246978504113e-03
4.134119394692694271e+01 4.565179294420265883e-03
4.159372926482761557e+01 4.449459241216843601e-03
4.184480996230068683e+01 4.401403225469844964e-03
4.209495048714620680e+01 4.341611515762788809e-03
4.234568601474854432e+01 4.283577967394111216e-03
4.259794184898333214e+01 4.214600670804960827e-03
4.284922176444433717e+01 4.126840457167537876e-03
4.309982534096671003e+01 4.038098793166366302e-03
4.335153475414617930e+01 4.019172582087268686e-03
4.360374984514007224e+01 3.911250540419902201e-03
4.385432838732079830e+01 3.896040891255552353e-03
4.410529766549178277e+01 3.858954901738907879e-03
4.435675536456894008e+01 3.767225711582283029e-03
4.460756668584335927e+01 3.682008593119323256e-03
4.485812369927145937e+01 3.594564235208464863e-03
4.510933196139897206e+01 3.573814648575434488e-03
4.536097672816924131e+01 3.526259639573148252e-03
4.561261869099184452e+01 3.471748130189670004e-03
4.586346064304911607e+01 3.446083475632100070e-03
4.611435299895526185e+01 3.373523294285835517e-03
4.636610302009028572e+01 3.373087136317619392e-03
4.661726081402038346e+01 3.262679472072716521e-03
4.686748045926628237e+01 3.227471750401056383e-03
4.712001000143001761e+01 3.250179241064388245e-03
4.737334269293729960e+01 3.134569729837894791e-03
4.762357272554871912e+01 3.042721458998747831e-03
4.787295862859781437e+01 3.061856598444593746e-03
4.812686710231834297e+01 2.971398392887275326e-03
4.837988354528783930e+01 2.952585518756503657e-03
4.862698975964909209e+01 2.933732237173533076e-03
4.887931961662670233e+01 2.862074523859339630e-03
4.913512531690142282e+01 2.802554271177135504e-03
4.938486646957150583e+01 2.788151800065998692e-03
4.963073103205424985e+01 2.787598131475095640e-03
4.988316058859187763e+01 2.759237357351845919e-03
5.013927392651110893e+01 2.738365301071155403e-03
5.038898445289544270e+01 2.700201122384757006e-03
5.063791314200675941e+01 2.673230499163706860e-03
5.089234515763529032e+01 2.571611622720328984e-03
5.114529266359630810e+01 2.609414720987813727e-03
5.138952878242714206e+01 2.512150474891523561e-03
5.163945178601188246e+01 2.473029407998953919e-03
5.190206698624180603e+01 2.472536707390858568e-03
5.215590084722179398e+01 2.440501615044696898e-03
5.238680673191466042e+01 2.406617693878564199e-03
5.263532591009818873e+01 2.333066290806189418e-03
5.290823119436031874e+01 2.289845508967797150e-03
5.316882575050344428e+01 2.275488762161026121e-03
5.338513341050097694e+01 2.207064542132352800e-03
5.363212510227822349e+01 2.257574568712662072e-03
5.391615723351310407e+01 2.221001324634700857e-03
5.419187693011466678e+01 2.214989924603517554e-03
5.439722241285236493e+01 2.006166296139660302e-03
5.462806064877949552e+01 1.995744056481272601e-03
5.491241494336609463e+01 1.970331491631191131e-03
5.519421446932921782e+01 1.748516825951758032e-03
5.543046826972861396e+01 2.451220335992497328e-03
5.561137265256709128e+01 2.560985251395399721e-03
