3.559856489878782115e-01 9.958690397403014458e+02
6.031648866026231293e-01 1.349908067919321013e+02
8.579160745827347778e-01 8.764858895720277587e+01
1.113464310595710716e+00 5.588026288731360580e+01
1.374039914321364408e+00 3.232602907992026786e+01
1.619154704570298309e+00 2.049705421906875102e+01
1.870686673430271840e+00 1.583122284550959158e+01
2.123290040706380832e+00 1.073880031298917714e+01
2.378144976376236119e+00 7.943166708566503864e+00
2.630489925835516996e+00 6.548947269514301617e+00
2.878653162679494670e+00 4.812946410482227932e+00
3.131144366275339319e+00 4.215942904018554316e+00
3.388159578333816313e+00 3.222728285335791032e+00
3.638741848210948149e+00 2.855911415848335633e+00
3.888315910732085268e+00 2.161648632104920420e+00
4.139052155837465996e+00 1.966750380202784365e+00
4.390305777018236988e+00 1.818791927800720964e+00
4.642172339120373081e+00 1.532724053535141628e+00
4.894678666149941293e+00 1.308302897075124260e+00
5.147269052361176378e+00 1.151624748269684861e+00
5.398003206656323272e+00 9.913797574579160665e-01
5.647798235368590269e+00 8.943026972784231532e-01
5.900534302989873581e+00 8.039473531549631291e-01
6.151460297009074374e+00 7.229958451475269054e-01
6.402630176204441526e+00 6.378271408319566849e-01
6.655964674748322096e+00 5.808913490721847595e-01
6.908782583105771202e+00 5.298806024714962648e-01
7.159060853508338873e+00 4.812389857882611310e-01
7.409414762591408632e+00 4.503547508263851529e-01
7.659227149364629561e+00 3.997099915373827361e-01
7.911559474606142395e+00 3.703821535970708290e-01
8.163750941790897997e+00 3.407386266656436402e-01
8.415757210439384295e+00 3.145931640580700295e-01
8.667638839289207198e+00 2.967569052648821315e-01
8.918801124864609520e+00 2.753634685852420771e-01
9.170480108345369530e+00 2.582464644122314246e-01
9.420566033467249412e+00 2.370384186113431435e-01
9.671642335271435797e+00 2.196623585499349052e-01
9.923426157758477473e+00 2.084877974321217853e-01
1.017396902749181820e+01 1.964132676211383099e-01
1.042533700753922155e+01 1.779255234458204937e-01
1.067702948358784276e+01 1.691528136231021939e-01
1.092969337256462303e+01 1.613395392510836301e-01
1.118211872033766419e+01 1.536087095196511654e-01
1.143346516925797296e+01 1.429804664383962920e-01
1.168350508557724687e+01 1.346005364531145665e-01
1.193379937775929100e+01 1.284908633255528176e-01
1.218553055762879112e+01 1.215507943118732392e-01
1.243711650801278878e+01 1.137682125530573990e-01
1.268867268647359303e+01 1.087035785640590446e-01
1.294075027177769144e+01 1.014271744100317119e-01
1.319267287020158363e+01 9.893885003829569480e-02
1.344470571782862756e+01 9.367797329558105734e-02
1.369480150283709641e+01 8.901385790873414527e-02
1.394591277066507828e+01 8.404577160281916093e-02
1.419764645764527167e+01 8.032772477119991261e-02
1.444766774168416212e+01 7.586356109220779298e-02
1.469906835825429070e+01 7.371149635523428778e-02
1.495059118111036511e+01 7.034912358777645203e-02
1.520261612590052991e+01 6.682989054464355538e-02
1.545415944503929495e+01 6.394703997094530745e-02
1.570456072545780124e+01 6.142297193532023081e-02
1.595705800128773966e+01 5.888281103044679804e-02
1.620829297830731619e+01 5.648479839224180427e-02
1.645966591028190962e+01 5.448523335333074757e-02
1.671125708846596325e+01 5.217005100138929347e-02
1.696160259490052624e+01 5.019665252429022367e-02
1.721370276108077135e+01 4.833733595738843453e-02
1.746543424102250341e+01 4.672913987618515508e-02
1.771598473288305442e+01 4.465458412429403057e-02
1.796653767411944003e+01 4.310406447439176642e-02
1.821765658501893270e+01 4.164343607337418762e-02
1.847053788120423334e+01 4.025274961303844379e-02
1.872257696809484173e+01 3.840081282945830010e-02
1.897394097105746269e+01 3.691664728041628429e-02
1.922542454726159988e+01 3.593331972205479619e-02
1.947607703355479103e+01 3.450777606322563695e-02
1.972678839839982601e+01 3.357480777634862246e-02
1.997802698857814363e+01 3.226714463995004889e-02
2.022863620534168660e+01 3.134589624113780226e-02
2.047969598507238231e+01 3.023541231338311083e-02
2.073250439107362553e+01 2.929625698927267735e-02
2.098435855211640089e+01 2.835480586736454159e-02
2.123502923393334640e+01 2.750041073780512893e-02
2.148629411178690773e+01 2.664452414334984864e-02
2.173831825513516591e+01 2.595584838959206012e-02
2.198972260956887226e+01 2.509237771659430030e-02
2.223974971000711420e+01 2.439535555451019175e-02
2.249141870643862973e+01 2.363494406808673912e-02
2.274404614890906373e+01 2.295892119589233379e-02
2.299521835768831579e+01 2.201440955617454606e-02
2.324620084136223852e+01 2.156829275397218956e-02
2.349757798664387209e+01 2.113213745498487839e-02
2.374870488118759937e+01 2.047502478751804869e-02
2.399988781917473091e+01 1.987877085450982448e-02
2.425071646049711305e+01 1.923017729116176938e-02
2.450187830577813841e+01 1.879957132697982966e-02
2.475391093216606109e+01 1.821736817686293863e-02
2.500524226975159792e+01 1.785389530873427583e-02
2.525610980153284402e+01 1.743075480835081653e-02
2.550801425092822328e+01 1.688487149345150803e-02
2.575943113325822864e+01 1.635412463837227631e-02
2.601074166866445125e+01 1.595891195815288960e-02
2.626234447079615464e+01 1.561225360097823894e-02
2.651347712943701751e+01 1.515240315317567012e-02
2.676474177984877656e+01 1.477537542868909842e-02
2.701628079430242479e+01 1.445575828277989583e-02
2.726734205837282232e+01 1.401431479928997789e-02
2.751837013544679422e+01 1.372560148639316753e-02
2.776937726815812724e+01 1.334029275182394003e-02
2.802070160973895341e+01 1.307231920337502927e-02
2.827249982643487058e+01 1.280553073414739812e-02
2.852407603869968966e+01 1.247201428034986660e-02
2.877567300468570721e+01 1.214709700120642291e-02
2.902733523039245256e+01 1.192019278977658747e-02
2.927861073083739996e+01 1.162717128202164774e-02
2.953003196193969160e+01 1.129926350030239883e-02
2.978106336846375157e+01 1.106959210729613168e-02
3.003148440777084716e+01 1.084401557833284194e-02
3.028303386126418673e+01 1.066290967879351959e-02
3.053456493440382857e+01 1.039248721773779367e-02
3.078585183944906944e+01 1.013824854726037665e-02
3.103757946070165730e+01 9.905365640874644328e-03
3.128931656795834826e+01 9.696427107493011538e-03
3.154125974608096428e+01 9.551760972434963567e-03
3.179158626791808828e+01 9.283620368672465192e-03
3.204196438636942190e+01 9.082382016820818998e-03
3.229344668057169798e+01 8.913495170888548549e-03
3.254489998018084407e+01 8.751134544081266842e-03
3.279660140319880668e+01 8.579294793324048277e-03
3.304772754686901237e+01 8.368746393537044789e-03
3.329949953441923327e+01 8.145819711264152066e-03
3.355173249539067371e+01 8.007849008876834207e-03
3.380235474142784824e+01 7.873728335694614444e-03
3.405292218889088218e+01 7.718973219402081205e-03
3.430455901572810262e+01 7.528362328001197631e-03
3.455605119154291316e+01 7.436262809840534817e-03
3.480708698418615654e+01 7.275548990106350811e-03
3.505823042281740243e+01 7.123712861084297542e-03
3.530983122122644602e+01 6.997543705328337568e-03
3.556111974160763367e+01 6.892020709350531876e-03
3.581195885960364933e+01 6.717708131988351858e-03
3.606348577968052638e+01 6.597344199516217561e-03
3.631495136683125935e+01 6.481322152226091406e-03
3.656646781331610185e+01 6.339103406652937464e-03
3.681800948534306173e+01 6.250518062052454367e-03
3.706942350460822411e+01 6.141073261052675501e-03
3.732119977997001570e+01 6.004425767592677654e-03
3.757249197135423202e+01 5.882186851939701262e-03
3.782324055213251057e+01 5.796917293323713798e-03
3.807430609684078604e+01 5.703079130807934584e-03
3.832526519371521090e+01 5.615558022221343350e-03
3.857704530181875668e+01 5.481392898980846223e-03
3.882896255048217427e+01 5.350807100198418098e-03
3.907976684424035341e+01 5.300940741701599956e-03
3.933085588900704010e+01 5.196652998242073593e-03
3.958184533965361140e+01 5.098323680052918583e-03
3.983320492881626507e+01 5.039569339631801669e-03
4.008506787586624398e+01 4.966059309981222213e-03
4.033569471078550350e+01 4.878567058398871129e-03
4.058701345074587863e+01 4.804242126841530569e-03
4.083916815834436420e+01 4.669273390656906823e-03
4.108978611092747713e+01 4.633749932085808217e-03
4.134119394692694271e+01 4.568814555515070611e-03
4.159372926482761557e+01 4.490895103577246562e-03
4.184480996230068683e+01 4.399347961262400040e-03
4.209495048714620680e+01 4.354347623399461992e-03
4.234568601474854432e+01 4.262190494685131302e-03
4.259794184898333214e+01 4.206166208663522990e-03
4.284922176444433717e+01 4.120638467690783055e-03
4.309982534096671003e+01 4.055813627433587851e-03
4.335153475414617930e+01 4.011235717012702831e-03
4.360374984514007224e+01 3.956600278478160024e-03
4.385432838732079830e+01 3.865257865043024606e-03
4.410529766549178277e+01 3.804704441445160706e-03
4.435675536456894008e+01 3.781454619876543390e-03
4.460756668584335927e+01 3.689570541793254881e-03
4.485812369927145937e+01 3.661656324451627569e-03
4.510933196139897206e+01 3.595128930547034345e-03
4.536097672816924131e+01 3.539072039584827481e-03
4.561261869099184452e+01 3.483015325097385106e-03
4.586346064304911607e+01 3.467689655832624247e-03
4.611435299895526185e+01 3.393238614533886262e-03
4.636610302009028572e+01 3.356085315656810123e-03
4.661726081402038346e+01 3.325802012262301516e-03
4.686748045926628237e+01 3.291616342333005072e-03
4.712001000143001761e+01 3.163785287261087001e-03
4.737334269293729960e+01 3.137036100219022915e-03
4.762357272554871912e+01 3.095891571136860816e-03
4.787295862859781437e+01 3.061534929509527811e-03
4.812686710231834297e+01 3.025336035898544117e-03
4.837988354528783930e+01 2.911688513924982815e-03
4.862698975964909209e+01 2.943937209729677838e-03
4.887931961662670233e+01 2.892692846857290116e-03
4.913512531690142282e+01 2.803535768845079410e-03
4.938486646957150583e+01 2.851715810998205983e-03
4.963073103205424985e+01 2.802043748185173693e-03
4.988316058859187763e+01 2.736676469890861416e-03
5.013927392651110893e+01 2.697610634982636809e-03
5.038898445289544270e+01 2.635849164985737750e-03
5.063791314200675941e+01 2.598644816637828755e-03
5.089234515763529032e+01 2.572954357246548009e-03
5.114529266359630810e+01 2.486003823146518479e-03
5.138952878242714206e+01 2.507999958634603895e-03
5.163945178601188246e+01 2.435481506673559202e-03
5.190206698624180603e+01 2.457682284726276940e-03
5.215590084722179398e+01 2.322885214380962862e-03
5.238680673191466042e+01 2.408541483235732399e-03
5.263532591009818873e+01 2.354586143411047452e-03
5.290823119436031874e+01 2.450843701968380851e-03
5.316882575050344428e+01 2.299739273767089590e-03
5.338513341050097694e+01 2.333709550503777763e-03
5.363212510227822349e+01 2.140809214319579473e-03
5.391615723351310407e+01 2.125648770852364960e-03
5.419187693011466678e+01 2.016807284033080277e-03
5.439722241285236493e+01 2.606644744997361086e-03
5.462806064877949552e+01 2.073749457112316480e-03
5.491241494336609463e+01 2.055216883015365589e-03
5.519421446932921782e+01 1.710638826272279549e-03
5.543046826972861396e+01 2.256399414041127417e-03
5.561137265256709128e+01 1.803958907109576943e-03
