3.559856489878782115e-01 5.163449991642132773e+02
6.031648866026231293e-01 2.085469776616972695e+02
8.579160745827347778e-01 8.613876807795995205e+01
1.113464310595710716e+00 4.961076487397533441e+01
1.374039914321364408e+00 3.210995160810323057e+01
1.619154704570298309e+00 2.045141935357867169e+01
1.870686673430271840e+00 1.516688835104717192e+01
2.123290040706380832e+00 9.837369036544034273e+00
2.378144976376236119e+00 8.325028815398962223e+00
2.630489925835516996e+00 6.549733938685606383e+00
2.878653162679494670e+00 5.040373064926812141e+00
3.131144366275339319e+00 4.206075980395176828e+00
3.388159578333816313e+00 3.349252829554584032e+00
3.638741848210948149e+00 2.714302719270347719e+00
3.888315910732085268e+00 2.397025024094814327e+00
4.139052155837465996e+00 2.021650232935981784e+00
4.390305777018236988e+00 1.726989758027923871e+00
4.642172339120373081e+00 1.456327724471782936e+00
4.894678666149941293e+00 1.280586018584234820e+00
5.147269052361176378e+00 1.126316243173465681e+00
5.398003206656323272e+00 1.005329522909236495e+00
5.647798235368590269e+00 9.020034801305805150e-01
5.900534302989873581e+00 8.029059156747399006e-01
6.151460297009074374e+00 7.168969241865432718e-01
6.402630176204441526e+00 6.490412585783710275e-01
6.655964674748322096e+00 5.929281717202079527e-01
6.908782583105771202e+00 5.281902411718238932e-01
7.159060853508338873e+00 4.857088089964627375e-01
7.409414762591408632e+00 4.405634855533162586e-01
7.659227149364629561e+00 4.046972615124583283e-01
7.911559474606142395e+00 3.639522042530460855e-01
8.163750941790897997e+00 3.434044592099180782e-01
8.415757210439384295e+00 3.187630261236946705e-01
8.667638839289207198e+00 2.971767884551710925e-01
8.918801124864609520e+00 2.744575920317200435e-01
9.170480108345369530e+00 2.594671702735060759e-01
9.420566033467249412e+00 2.356681702868756167e-01
9.671642335271435797e+00 2.268920132236318943e-01
9.923426157758477473e+00 2.062494492229412224e-01
1.017396902749181820e+01 1.941952684840662635e-01
1.042533700753922155e+01 1.834356646343224539e-01
1.067702948358784276e+01 1.675649321074031695e-01
1.092969337256462303e+01 1.592899069716988414e-01
1.118211872033766419e+01 1.474650298258127212e-01
1.143346516925797296e+01 1.430078577697511122e-01
1.168350508557724687e+01 1.322137933733671389e-01
1.193379937775929100e+01 1.272421975715306575e-01
1.218553055762879112e+01 1.216604151090429076e-01
1.243711650801278878e+01 1.150467613369670072e-01
1.268867268647359303e+01 1.091610846440599913e-01
1.294075027177769144e+01 1.030387748698802231e-01
1.319267287020158363e+01 9.764491151269685809e-02
1.344470571782862756e+01 9.131688771483918721e-02
1.369480150283709641e+01 8.812519667525482714e-02
1.394591277066507828e+01 8.469436928375727314e-02
1.419764645764527167e+01 7.956637392401148812e-02
1.444766774168416212e+01 7.748438861250600551e-02
1.469906835825429070e+01 7.269046005987467307e-02
1.495059118111036511e+01 6.915822746655288233e-02
1.520261612590052991e+01 6.730996156463713020e-02
1.545415944503929495e+01 6.395749691780791557e-02
1.570456072545780124e+01 6.146579466573992567e-02
1.595705800128773966e+01 5.865543395830852963e-02
1.620829297830731619e+01 5.655865366783069392e-02
1.645966591028190962e+01 5.459197001488759471e-02
1.671125708846596325e+01 5.262780879253827621e-02
1.696160259490052624e+01 4.936899285834321638e-02
1.721370276108077135e+01 4.838283572029999230e-02
1.746543424102250341e+01 4.649167048529536522e-02
1.771598473288305442e+01 4.483691169591675491e-02
1.796653767411944003e+01 4.297557461801477380e-02
1.821765658501893270e+01 4.160886723193604753e-02
1.847053788120423334e+01 4.018700293242966765e-02
1.872257696809484173e+01 3.873183058145828611e-02
1.897394097105746269e+01 3.790665279577159347e-02
1.922542454726159988e+01 3.573687887895011378e-02
1.947607703355479103e+01 3.475712807363755263e-02
1.972678839839982601e+01 3.348702183440855490e-02
1.997802698857814363e+01 3.237475992430591254e-02
2.022863620534168660e+01 3.119687608431676723e-02
2.047969598507238231e+01 3.040760994012284280e-02
2.073250439107362553e+01 2.950233059436168856e-02
2.098435855211640089e+01 2.851470918268088350e-02
2.123502923393334640e+01 2.747737213615274524e-02
2.148629411178690773e+01 2.677671808673999163e-02
2.173831825513516591e+01 2.590148728530175526e-02
2.198972260956887226e+01 2.523105786144649865e-02
2.223974971000711420e+01 2.434490568350542242e-02
2.249141870643862973e+01 2.356228251751842431e-02
2.274404614890906373e+01 2.286398474105622025e-02
2.299521835768831579e+01 2.227767324713028976e-02
2.324620084136223852e+01 2.154923073385336257e-02
2.349757798664387209e+01 2.097330069328951635e-02
2.374870488118759937e+01 2.039743703617863738e-02
2.399988781917473091e+01 1.980116009451723252e-02
2.425071646049711305e+01 1.916340473266651620e-02
2.450187830577813841e+01 1.881541119894801842e-02
2.475391093216606109e+01 1.820621772460100790e-02
2.500524226975159792e+01 1.780312502266742647e-02
2.525610980153284402e+01 1.735594148004141607e-02
2.550801425092822328e+01 1.685765153324468579e-02
2.575943113325822864e+01 1.636780379715096698e-02
2.601074166866445125e+01 1.600552585594901267e-02
2.626234447079615464e+01 1.559979415883165979e-02
2.651347712943701751e+01 1.522420759324206140e-02
2.676474177984877656e+01 1.479302424069053185e-02
2.701628079430242479e+01 1.445313970177969538e-02
2.726734205837282232e+01 1.411804160310907962e-02
2.751837013544679422e+01 1.376904834439849311e-02
2.776937726815812724e+01 1.338346315527099741e-02
2.802070160973895341e+01 1.318194191613283016e-02
2.827249982643487058e+01 1.273632166503284313e-02
2.852407603869968966e+01 1.250559662639836277e-02
2.877567300468570721e+01 1.224105974921271649e-02
2.902733523039245256e+01 1.187075628798892578e-02
2.927861073083739996e+01 1.160154986750568280e-02
2.953003196193969160e+01 1.131517519246118438e-02
2.978106336846375157e+01 1.106773137979357759e-02
3.003148440777084716e+01 1.083613228092716006e-02
3.028303386126418673e+01 1.056529607463889235e-02
3.053456493440382857e+01 1.035199493331008178e-02
3.078585183944906944e+01 1.010542639878984905e-02
3.103757946070165730e+01 9.837177793481628393e-03
3.128931656795834826e+01 9.676974896564181916e-03
3.154125974608096428e+01 9.552366283398255886e-03
3.179158626791808828e+01 9.345509424430541168e-03
3.204196438636942190e+01 9.062998888679814694e-03
3.229344668057169798e+01 8.968224122578026189e-03
3.254489998018084407e+01 8.741088528018293308e-03
3.279660140319880668e+01 8.538852996230642672e-03
3.304772754686901237e+01 8.354283335436470809e-03
3.329949953441923327e+01 8.238607336683946569e-03
3.355173249539067371e+01 8.012162314861149062e-03
3.380235474142784824e+01 7.884526726204122218e-03
3.405292218889088218e+01 7.718612424827038694e-03
3.430455901572810262e+01 7.557160261116285110e-03
3.455605119154291316e+01 7.388943520841669520e-03
3.480708698418615654e+01 7.275205152511480741e-03
3.505823042281740243e+01 7.096663662117530524e-03
3.530983122122644602e+01 6.970764072172485823e-03
3.556111974160763367e+01 6.852023317678081378e-03
3.581195885960364933e+01 6.724757240570461599e-03
3.606348577968052638e+01 6.570484498286784797e-03
3.631495136683125935e+01 6.484497027294682664e-03
3.656646781331610185e+01 6.356003439573710591e-03
3.681800948534306173e+01 6.246465016924223831e-03
3.706942350460822411e+01 6.145515982736838786e-03
3.732119977997001570e+01 6.026249850692637876e-03
3.757249197135423202e+01 5.911902145236803616e-03
3.782324055213251057e+01 5.774901218625546305e-03
3.807430609684078604e+01 5.701360093249372568e-03
3.832526519371521090e+01 5.578050884617147091e-03
3.857704530181875668e+01 5.491275481839800153e-03
3.882896255048217427e+01 5.352506892018893576e-03
3.907976684424035341e+01 5.235521138764259556e-03
3.933085588900704010e+01 5.156608948152588585e-03
3.958184533965361140e+01 5.135510935377110217e-03
3.983320492881626507e+01 5.040181305642679049e-03
4.008506787586624398e+01 4.966820384474584377e-03
4.033569471078550350e+01 4.886714795316919428e-03
4.058701345074587863e+01 4.760589399527372957e-03
4.083916815834436420e+01 4.712212396273150056e-03
4.108978611092747713e+01 4.640562779106100801e-03
4.134119394692694271e+01 4.579446925768948518e-03
4.159372926482761557e+01 4.494874145316947976e-03
4.184480996230068683e+01 4.436985078435000743e-03
4.209495048714620680e+01 4.335316165160498642e-03
4.234568601474854432e+01 4.292892502186652914e-03
4.259794184898333214e+01 4.184017402928309586e-03
4.284922176444433717e+01 4.153651422234777915e-03
4.309982534096671003e+01 4.073812678727924130e-03
4.335153475414617930e+01 3.986968726729846028e-03
4.360374984514007224e+01 3.945080943831170452e-03
4.385432838732079830e+01 3.866932236065426329e-03
4.410529766549178277e+01 3.833872059198473702e-03
4.435675536456894008e+01 3.757472300712411117e-03
4.460756668584335927e+01 3.726725609383552910e-03
4.485812369927145937e+01 3.654476701331864797e-03
4.510933196139897206e+01 3.601702091582994255e-03
4.536097672816924131e+01 3.583617119265389110e-03
4.561261869099184452e+01 3.502464641543928930e-03
4.586346064304911607e+01 3.431008805569121106e-03
4.611435299895526185e+01 3.354107899853040007e-03
4.636610302009028572e+01 3.319028697833984951e-03
4.661726081402038346e+01 3.286133338377462011e-03
4.686748045926628237e+01 3.226194051753943949e-03
4.712001000143001761e+01 3.173172372260807395e-03
4.737334269293729960e+01 3.122961835077410920e-03
4.762357272554871912e+01 3.107761913711528864e-03
4.787295862859781437e+01 3.055281322293501751e-03
4.812686710231834297e+01 3.001758353344631536e-03
4.837988354528783930e+01 2.920669029428040603e-03
4.862698975964909209e+01 2.943384179323416637e-03
4.887931961662670233e+01 2.848613932893613761e-03
4.913512531690142282e+01 2.852518663408565129e-03
4.938486646957150583e+01 2.808562309673954573e-03
4.963073103205424985e+01 2.725193272758694857e-03
4.988316058859187763e+01 2.690946520092787463e-03
5.013927392651110893e+01 2.753154574506954007e-03
5.038898445289544270e+01 2.629723185116860252e-03
5.063791314200675941e+01 2.618249745029272227e-03
5.089234515763529032e+01 2.594618251710419359e-03
5.114529266359630810e+01 2.475393272028578694e-03
5.138952878242714206e+01 2.536564501407532514e-03
5.163945178601188246e+01 2.481642277053011658e-03
5.190206698624180603e+01 2.400737114452442759e-03
5.215590084722179398e+01 2.397188415449427647e-03
5.238680673191466042e+01 2.424161261276694054e-03
5.263532591009818873e+01 2.446312255274315541e-03
5.290823119436031874e+01 2.253463311691541755e-03
5.316882575050344428e+01 2.425172028864699004e-03
5.338513341050097694e+01 2.205020937135235108e-03
5.363212510227822349e+01 2.224135312554758031e-03
5.391615723351310407e+01 2.221705240263615894e-03
5.419187693011466678e+01 2.069040283950081618e-03
5.439722241285236493e+01 2.253657359962727216e-03
5.462806064877949552e+01 2.200409511435395728e-03
5.491241494336609463e+01 1.796315456689790736e-03
5.519421446932921782e+01 1.930346176073725146e-03
5.543046826972861396e+01 2.379382121236757377e-03
5.561137265256709128e+01 1.106794438667050304e-03
