3.559856489878782115e-01 7.370406990520763202e+02
6.031648866026231293e-01 2.131155371941176213e+02
8.579160745827347778e-01 9.265755247202343980e+01
1.113464310595710716e+00 5.093470790535818082e+01
1.374039914321364408e+00 2.993772976396938645e+01
1.619154704570298309e+00 2.028526624926369948e+01
1.870686673430271840e+00 1.434643809204204423e+01
2.123290040706380832e+00 1.021929458359345766e+01
2.378144976376236119e+00 8.046534810676671867e+00
2.630489925835516996e+00 6.353907216638253530e+00
2.878653162679494670e+00 4.909861998453501464e+00
3.131144366275339319e+00 4.060721575251620585e+00
3.388159578333816313e+00 3.362186094860052155e+00
3.638741848210948149e+00 2.832717055671403195e+00
3.888315910732085268e+00 2.282508685649408342e+00
4.139052155837465996e+00 1.997121534453490277e+00
4.390305777018236988e+00 1.673764891916730058e+00
4.642172339120373081e+00 1.531685250107717611e+00
4.894678666149941293e+00 1.334319751933903841e+00
5.147269052361176378e+00 1.103334902298092723e+00
5.398003206656323272e+00 1.024724603656872901e+00
5.647798235368590269e+00 8.931378942421283051e-01
5.900534302989873581e+00 8.059298643392132089e-01
6.151460297009074374e+00 7.309858208261775792e-01
6.402630176204441526e+00 6.332938914900974048e-01
6.655964674748322096e+00 5.879330532592746961e-01
6.908782583105771202e+00 5.208442739289531609e-01
7.159060853508338873e+00 4.861171654579459211e-01
7.409414762591408632e+00 4.449519584280663964e-01
7.659227149364629561e+00 4.072458646565010887e-01
7.911559474606142395e+00 3.797193312330136017e-01
8.163750941790897997e+00 3.399389103288352754e-01
8.415757210439384295e+00 3.201093050818894503e-01
8.667638839289207198e+00 2.949379968748396252e-01
8.918801124864609520e+00 2.754559381933526230e-01
9.170480108345369530e+00 2.565980995760466787e-01
9.420566033467249412e+00 2.365134395134124989e-01
9.671642335271435797e+00 2.217749723745728874e-01
9.923426157758477473e+00 2.054530913007090731e-01
1.017396902749181820e+01 1.908308206269203056e-01
1.042533700753922155e+01 1.843872603556356293e-01
1.067702948358784276e+01 1.702565206653340879e-01
1.092969337256462303e+01 1.595289345180595786e-01
1.118211872033766419e+01 1.531186762280462021e-01
1.143346516925797296e+01 1.431661655391486265e-01
1.168350508557724687e+01 1.357912543562647401e-01
1.193379937775929100e+01 1.271674330554484478e-01
1.218553055762879112e+01 1.193859839399198791e-01
1.243711650801278878e+01 1.126423821079100968e-01
1.268867268647359303e+01 1.083092810921382765e-01
1.294075027177769144e+01 1.026189246949732042e-01
1.319267287020158363e+01 9.793845848827682776e-02
1.344470571782862756e+01 9.341207058078475345e-02
1.369480150283709641e+01 8.814533100462082493e-02
1.394591277066507828e+01 8.460322148761861838e-02
1.419764645764527167e+01 8.056796924518641601e-02
1.444766774168416212e+01 7.731303837474540197e-02
1.469906835825429070e+01 7.328240075049773095e-02
1.495059118111036511e+01 7.026052630284804201e-02
1.520261612590052991e+01 6.648435730974701363e-02
1.545415944503929495e+01 6.469460814833945250e-02
1.570456072545780124e+01 6.126530582563206179e-02
1.595705800128773966e+01 5.911522090076098968e-02
1.620829297830731619e+01 5.713545581565847992e-02
1.645966591028190962e+01 5.431345601043023608e-02
1.671125708846596325e+01 5.215959005594079240e-02
1.696160259490052624e+01 5.016218261095111569e-02
1.721370276108077135e+01 4.834651989406848344e-02
1.746543424102250341e+01 4.658192982740458343e-02
1.771598473288305442e+01 4.453125471983489930e-02
1.796653767411944003e+01 4.291863077287959988e-02
1.821765658501893270e+01 4.147414195032229217e-02
1.847053788120423334e+01 3.971282147313633798e-02
1.872257696809484173e+01 3.859612508382508078e-02
1.897394097105746269e+01 3.759423100382276034e-02
1.922542454726159988e+01 3.580402590138911934e-02
1.947607703355479103e+01 3.473974544156113037e-02
1.972678839839982601e+01 3.334749440708923568e-02
1.997802698857814363e+01 3.245421534937492636e-02
2.022863620534168660e+01 3.100785476406532973e-02
2.047969598507238231e+01 3.052554264910710066e-02
2.073250439107362553e+01 2.933482997805195169e-02
2.098435855211640089e+01 2.830710197677408640e-02
2.123502923393334640e+01 2.762895248506870224e-02
2.148629411178690773e+01 2.675046388411079709e-02
2.173831825513516591e+01 2.586638264246785002e-02
2.198972260956887226e+01 2.509806344272092968e-02
2.223974971000711420e+01 2.438786182359969565e-02
2.249141870643862973e+01 2.360178916212440220e-02
2.274404614890906373e+01 2.309272122156220963e-02
2.299521835768831579e+01 2.245355939646163923e-02
2.324620084136223852e+01 2.158102814340446401e-02
2.349757798664387209e+01 2.088793813686570452e-02
2.374870488118759937e+01 2.028886437083122704e-02
2.399988781917473091e+01 1.979220524091227992e-02
2.425071646049711305e+01 1.937689079068759951e-02
2.450187830577813841e+01 1.863156116529186834e-02
2.475391093216606109e+01 1.816310007133518922e-02
2.500524226975159792e+01 1.791143515536530034e-02
2.525610980153284402e+01 1.733210441105522207e-02
2.550801425092822328e+01 1.675965522333813795e-02
2.575943113325822864e+01 1.627630577862766714e-02
2.601074166866445125e+01 1.603326370266816916e-02
2.626234447079615464e+01 1.564007761688130521e-02
2.651347712943701751e+01 1.515998706699510194e-02
2.676474177984877656e+01 1.485570982666124633e-02
2.701628079430242479e+01 1.449321374223676122e-02
2.726734205837282232e+01 1.401421364331342442e-02
2.751837013544679422e+01 1.368749110770883272e-02
2.776937726815812724e+01 1.343956237054020481e-02
2.802070160973895341e+01 1.305432481049397832e-02
2.827249982643487058e+01 1.267943757113748106e-02
2.852407603869968966e+01 1.250166119107264974e-02
2.877567300468570721e+01 1.219604304560371714e-02
2.902733523039245256e+01 1.187375020546604584e-02
2.927861073083739996e+01 1.163067696169604523e-02
2.953003196193969160e+01 1.135342098602803475e-02
2.978106336846375157e+01 1.112041278258319409e-02
3.003148440777084716e+01 1.083637054211993543e-02
3.028303386126418673e+01 1.058454906328931688e-02
3.053456493440382857e+01 1.036563362432616278e-02
3.078585183944906944e+01 1.010301889369077943e-02
3.103757946070165730e+01 9.902182293457606130e-03
3.128931656795834826e+01 9.671448287651035827e-03
3.154125974608096428e+01 9.523734009404252396e-03
3.179158626791808828e+01 9.347659769327332224e-03
3.204196438636942190e+01 9.054299914815801265e-03
3.229344668057169798e+01 8.944365995915391082e-03
3.254489998018084407e+01 8.685035769229647665e-03
3.279660140319880668e+01 8.562213355405048215e-03
3.304772754686901237e+01 8.330407042371461984e-03
3.329949953441923327e+01 8.117413012025478242e-03
3.355173249539067371e+01 8.005792642789182414e-03
3.380235474142784824e+01 7.889116246351406125e-03
3.405292218889088218e+01 7.693734953790328651e-03
3.430455901572810262e+01 7.584032877153750775e-03
3.455605119154291316e+01 7.427036409032551460e-03
3.480708698418615654e+01 7.336650739220264110e-03
3.505823042281740243e+01 7.123871482052773069e-03
3.530983122122644602e+01 6.971290033584003412e-03
3.556111974160763367e+01 6.840842328827644557e-03
3.581195885960364933e+01 6.765005789257902240e-03
3.606348577968052638e+01 6.581865009801781893e-03
3.631495136683125935e+01 6.499035073278910946e-03
3.656646781331610185e+01 6.332645148492089746e-03
3.681800948534306173e+01 6.242545670531211670e-03
3.706942350460822411e+01 6.165240257692590140e-03
3.732119977997001570e+01 6.008531801986173766e-03
3.757249197135423202e+01 5.900626369769639348e-03
3.782324055213251057e+01 5.861532247398596428e-03
3.807430609684078604e+01 5.739883725250877894e-03
3.832526519371521090e+01 5.608425733870285070e-03
3.857704530181875668e+01 5.501137712601031696e-03
3.882896255048217427e+01 5.419193501752964798e-03
3.907976684424035341e+01 5.302500930653012909e-03
3.933085588900704010e+01 5.195666830325394205e-03
3.958184533965361140e+01 5.135510611697839331e-03
3.983320492881626507e+01 5.039625844098444621e-03
4.008506787586624398e+01 4.954043219744114386e-03
4.033569471078550350e+01 4.909727217676628473e-03
4.058701345074587863e+01 4.761524669069844284e-03
4.083916815834436420e+01 4.680741761061216200e-03
4.108978611092747713e+01 4.651962860870450384e-03
4.134119394692694271e+01 4.564705060294969169e-03
4.159372926482761557e+01 4.508226705285670738e-03
4.184480996230068683e+01 4.410591566187219668e-03
4.209495048714620680e+01 4.333673620350475542e-03
4.234568601474854432e+01 4.270131851777129658e-03
4.259794184898333214e+01 4.222137526074023692e-03
4.284922176444433717e+01 4.117735924740502894e-03
4.309982534096671003e+01 4.082245073337185254e-03
4.335153475414617930e+01 4.022185859640605397e-03
4.360374984514007224e+01 3.916122043065043898e-03
4.385432838732079830e+01 3.901704406378546895e-03
4.410529766549178277e+01 3.808698157401433585e-03
4.435675536456894008e+01 3.771541611134924133e-03
4.460756668584335927e+01 3.693081920013992041e-03
4.485812369927145937e+01 3.649202186688234577e-03
4.510933196139897206e+01 3.547654835258726679e-03
4.536097672816924131e+01 3.581250254251168528e-03
4.561261869099184452e+01 3.481428166431569000e-03
4.586346064304911607e+01 3.472786742268887256e-03
4.611435299895526185e+01 3.391887437246455302e-03
4.636610302009028572e+01 3.310327746030316577e-03
4.661726081402038346e+01 3.305900843061243283e-03
4.686748045926628237e+01 3.222648309580466129e-03
4.712001000143001761e+01 3.166487332117296719e-03
4.737334269293729960e+01 3.170552377319736746e-03
4.762357272554871912e+01 3.042869694656246283e-03
4.787295862859781437e+01 3.015010712232284260e-03
4.812686710231834297e+01 3.016309105657842722e-03
4.837988354528783930e+01 2.929426635487589366e-03
4.862698975964909209e+01 2.948921940661534957e-03
4.887931961662670233e+01 2.834779977439038073e-03
4.913512531690142282e+01 2.872226569055797568e-03
4.938486646957150583e+01 2.812099834463830262e-03
4.963073103205424985e+01 2.715574887781944426e-03
4.988316058859187763e+01 2.676336616325453860e-03
5.013927392651110893e+01 2.675011220434733977e-03
5.038898445289544270e+01 2.587861335648449900e-03
5.063791314200675941e+01 2.594003892913978541e-03
5.089234515763529032e+01 2.540458416623489826e-03
5.114529266359630810e+01 2.526532775120075066e-03
5.138952878242714206e+01 2.609209708366579724e-03
5.163945178601188246e+01 2.499134411084237041e-03
5.190206698624180603e+01 2.445721602840063551e-03
5.215590084722179398e+01 2.449479352104434217e-03
5.238680673191466042e+01 2.345368144173191633e-03
5.263532591009818873e+01 2.360625829197144851e-03
5.290823119436031874e+01 2.290114595239150716e-03
5.316882575050344428e+01 2.305144761873082274e-03
5.338513341050097694e+01 2.361286650322746376e-03
5.363212510227822349e+01 2.205595124383854209e-03
5.391615723351310407e+01 2.292429685413605121e-03
5.419187693011466678e+01 2.192573589242939776e-03
5.439722241285236493e+01 1.931455572374528740e-03
5.462806064877949552e+01 2.179832902768568705e-03
5.491241494336609463e+01 2.203458600213977197e-03
5.519421446932921782e+01 1.883043689108173779e-03
5.543046826972861396e+01 1.252940550223835808e-03
5.561137265256709128e+01 1.839438950020108902e-03
