3.559856489878782115e-01 8.301781010555629337e+02
6.031648866026231293e-01 2.507095380864076901e+02
8.579160745827347778e-01 9.404573719608505655e+01
1.113464310595710716e+00 4.430426252217151273e+01
1.374039914321364408e+00 2.919108521224677588e+01
1.619154704570298309e+00 1.953270744754576427e+01
1.870686673430271840e+00 1.488052502129630916e+01
2.123290040706380832e+00 9.364894537040136413e+00
2.378144976376236119e+00 7.895045408242269858e+00
2.630489925835516996e+00 6.037741597119509862e+00
2.878653162679494670e+00 5.180757252428819903e+00
3.131144366275339319e+00 3.922596391413073036e+00
3.388159578333816313e+00 3.354817640114311939e+00
3.638741848210948149e+00 2.627463217735543921e+00
3.888315910732085268e+00 2.363307882084449751e+00
4.139052155837465996e+00 1.867171245603949981e+00
4.390305777018236988e+00 1.719695391596020473e+00
4.642172339120373081e+00 1.469758390269668480e+00
4.894678666149941293e+00 1.262994404991025776e+00
5.147269052361176378e+00 1.138177998326826978e+00
5.398003206656323272e+00 1.028954173292766283e+00
5.647798235368590269e+00 8.814418568589609260e-01
5.900534302989873581e+00 8.247440936845168435e-01
6.151460297009074374e+00 7.333879627621413544e-01
6.402630176204441526e+00 6.412970337036303370e-01
6.655964674748322096e+00 5.874771886857129699e-01
6.908782583105771202e+00 5.361127762677884157e-01
7.159060853508338873e+00 4.752924618567307968e-01
7.409414762591408632e+00 4.308194279246196357e-01
7.659227149364629561e+00 3.967889772319672104e-01
7.911559474606142395e+00 3.663803222804732362e-01
8.163750941790897997e+00 3.470453147013772277e-01
8.415757210439384295e+00 3.162291756594541314e-01
8.667638839289207198e+00 3.021491803967664147e-01
8.918801124864609520e+00 2.720802775859165745e-01
9.170480108345369530e+00 2.566211973936157187e-01
9.420566033467249412e+00 2.407072504277938951e-01
9.671642335271435797e+00 2.229085498574359392e-01
9.923426157758477473e+00 2.092004729132913576e-01
1.017396902749181820e+01 1.959772261553051620e-01
1.042533700753922155e+01 1.805154439858171478e-01
1.067702948358784276e+01 1.707219636750166858e-01
1.092969337256462303e+01 1.616151990012087980e-01
1.118211872033766419e+01 1.505293156998039339e-01
1.143346516925797296e+01 1.413737338339009220e-01
1.168350508557724687e+01 1.340451044488220333e-01
1.193379937775929100e+01 1.282008948156415917e-01
1.218553055762879112e+01 1.214975831415636837e-01
1.243711650801278878e+01 1.147827990614801869e-01
1.268867268647359303e+01 1.090121800954187564e-01
1.294075027177769144e+01 1.022071378214735732e-01
1.319267287020158363e+01 9.764627441904161209e-02
1.344470571782862756e+01 9.371406135015904193e-02
1.369480150283709641e+01 8.808182608661506430e-02
1.394591277066507828e+01 8.419107591011434910e-02
1.419764645764527167e+01 8.028224954294223281e-02
1.444766774168416212e+01 7.622825302428723471e-02
1.469906835825429070e+01 7.344635192510147459e-02
1.495059118111036511e+01 7.032382472910306270e-02
1.520261612590052991e+01 6.732186420940117211e-02
1.545415944503929495e+01 6.418841597426905299e-02
1.570456072545780124e+01 6.148876910358793552e-02
1.595705800128773966e+01 5.953394068703476982e-02
1.620829297830731619e+01 5.655781873392899672e-02
1.645966591028190962e+01 5.491515208272013809e-02
1.671125708846596325e+01 5.222158017289384169e-02
1.696160259490052624e+01 5.062990503246480450e-02
1.721370276108077135e+01 4.830450745945624041e-02
1.746543424102250341e+01 4.627815245611394818e-02
1.771598473288305442e+01 4.410193510558897689e-02
1.796653767411944003e+01 4.307485923520805449e-02
1.821765658501893270e+01 4.138471392165877366e-02
1.847053788120423334e+01 4.039272155732574060e-02
1.872257696809484173e+01 3.865599056833451952e-02
1.897394097105746269e+01 3.716819621343073199e-02
1.922542454726159988e+01 3.576792123898375753e-02
1.947607703355479103e+01 3.466524267696596828e-02
1.972678839839982601e+01 3.322436236085006545e-02
1.997802698857814363e+01 3.272096922465103641e-02
2.022863620534168660e+01 3.141926754857774645e-02
2.047969598507238231e+01 3.035747949515405636e-02
2.073250439107362553e+01 2.949859356126843801e-02
2.098435855211640089e+01 2.848023756296605771e-02
2.123502923393334640e+01 2.755703564236254566e-02
2.148629411178690773e+01 2.661773617937010158e-02
2.173831825513516591e+01 2.596091972855773047e-02
2.198972260956887226e+01 2.498522711796485191e-02
2.223974971000711420e+01 2.455000861328704778e-02
2.249141870643862973e+01 2.362451315285068673e-02
2.274404614890906373e+01 2.285749759971717615e-02
2.299521835768831579e+01 2.226105510792536143e-02
2.324620084136223852e+01 2.152322169884481051e-02
2.349757798664387209e+01 2.098200080670853743e-02
2.374870488118759937e+01 2.032203442098081889e-02
2.399988781917473091e+01 1.978801816857952631e-02
2.425071646049711305e+01 1.926689526761237239e-02
2.450187830577813841e+01 1.878280121434331221e-02
2.475391093216606109e+01 1.825141073353210228e-02
2.500524226975159792e+01 1.777491355540233853e-02
2.525610980153284402e+01 1.736376626004932852e-02
2.550801425092822328e+01 1.695404018716780911e-02
2.575943113325822864e+01 1.642823758103298740e-02
2.601074166866445125e+01 1.601346408989758746e-02
2.626234447079615464e+01 1.551705896993622533e-02
2.651347712943701751e+01 1.517747407094833037e-02
2.676474177984877656e+01 1.470666850548849221e-02
2.701628079430242479e+01 1.440713820751886309e-02
2.726734205837282232e+01 1.409099275586032235e-02
2.751837013544679422e+01 1.376745871589105108e-02
2.776937726815812724e+01 1.341398707495070411e-02
2.802070160973895341e+01 1.310288647350554489e-02
2.827249982643487058e+01 1.278650810731770185e-02
2.852407603869968966e+01 1.246325406628143000e-02
2.877567300468570721e+01 1.212338293323588466e-02
2.902733523039245256e+01 1.188517305501287508e-02
2.927861073083739996e+01 1.160926042487481040e-02
2.953003196193969160e+01 1.140540900001605143e-02
2.978106336846375157e+01 1.106644303136376968e-02
3.003148440777084716e+01 1.088156149801892264e-02
3.028303386126418673e+01 1.059234418523093829e-02
3.053456493440382857e+01 1.032489392995293402e-02
3.078585183944906944e+01 1.007363994370190710e-02
3.103757946070165730e+01 9.924234106876270514e-03
3.128931656795834826e+01 9.661544298509494241e-03
3.154125974608096428e+01 9.517301909399899715e-03
3.179158626791808828e+01 9.249358083891727825e-03
3.204196438636942190e+01 9.078001941991039464e-03
3.229344668057169798e+01 8.896916618939350666e-03
3.254489998018084407e+01 8.700380764909415934e-03
3.279660140319880668e+01 8.542610515610929781e-03
3.304772754686901237e+01 8.422604725058653943e-03
3.329949953441923327e+01 8.166835590581910526e-03
3.355173249539067371e+01 8.009017302435717314e-03
3.380235474142784824e+01 7.901634062523006999e-03
3.405292218889088218e+01 7.726106177494259687e-03
3.430455901572810262e+01 7.575420326564176118e-03
3.455605119154291316e+01 7.386746833808186148e-03
3.480708698418615654e+01 7.274366469907686539e-03
3.505823042281740243e+01 7.074105283746932003e-03
3.530983122122644602e+01 6.970592794731078103e-03
3.556111974160763367e+01 6.852535110104181724e-03
3.581195885960364933e+01 6.740180371231262874e-03
3.606348577968052638e+01 6.601485101789020607e-03
3.631495136683125935e+01 6.440336157605628699e-03
3.656646781331610185e+01 6.362951315930853897e-03
3.681800948534306173e+01 6.252381664273076213e-03
3.706942350460822411e+01 6.175909761810018106e-03
3.732119977997001570e+01 6.047260394329849638e-03
3.757249197135423202e+01 5.881302501835545919e-03
3.782324055213251057e+01 5.801199008641350595e-03
3.807430609684078604e+01 5.700920073588231808e-03
3.832526519371521090e+01 5.575595988427231586e-03
3.857704530181875668e+01 5.492536735393745151e-03
3.882896255048217427e+01 5.364686229670669222e-03
3.907976684424035341e+01 5.300282185023243164e-03
3.933085588900704010e+01 5.207310985767175070e-03
3.958184533965361140e+01 5.131914008492605497e-03
3.983320492881626507e+01 5.032198398282717450e-03
4.008506787586624398e+01 4.968271281001660974e-03
4.033569471078550350e+01 4.895841276765563327e-03
4.058701345074587863e+01 4.830162698490373004e-03
4.083916815834436420e+01 4.716181882583203415e-03
4.108978611092747713e+01 4.643385331937002064e-03
4.134119394692694271e+01 4.557064477038036236e-03
4.159372926482761557e+01 4.521717834825704843e-03
4.184480996230068683e+01 4.426968775649119461e-03
4.209495048714620680e+01 4.344316316537878350e-03
4.234568601474854432e+01 4.271570346154846681e-03
4.259794184898333214e+01 4.246367750526605298e-03
4.284922176444433717e+01 4.120823496082823278e-03
4.309982534096671003e+01 4.043187789938468106e-03
4.335153475414617930e+01 3.989588645184800192e-03
4.360374984514007224e+01 3.969396441592041615e-03
4.385432838732079830e+01 3.928224584671281133e-03
4.410529766549178277e+01 3.825891345508721127e-03
4.435675536456894008e+01 3.733185290194541983e-03
4.460756668584335927e+01 3.675988909764896055e-03
4.485812369927145937e+01 3.647456864951598935e-03
4.510933196139897206e+01 3.637426744291529044e-03
4.536097672816924131e+01 3.615537985712017049e-03
4.561261869099184452e+01 3.476125837548025340e-03
4.586346064304911607e+01 3.371060713056390785e-03
4.611435299895526185e+01 3.363232604598055935e-03
4.636610302009028572e+01 3.344013543130559037e-03
4.661726081402038346e+01 3.259907426819425545e-03
4.686748045926628237e+01 3.218139543796420723e-03
4.712001000143001761e+01 3.247117991640300141e-03
4.737334269293729960e+01 3.097911227887718746e-03
4.762357272554871912e+01 3.112925750847633094e-03
4.787295862859781437e+01 2.983738898731146030e-03
4.812686710231834297e+01 2.980867072449834652e-03
4.837988354528783930e+01 2.984491033536140151e-03
4.862698975964909209e+01 2.906537909602744524e-03
4.887931961662670233e+01 2.943173642934014938e-03
4.913512531690142282e+01 2.873470151998193910e-03
4.938486646957150583e+01 2.752966791427774798e-03
4.963073103205424985e+01 2.736793654771159118e-03
4.988316058859187763e+01 2.750655260646328593e-03
5.013927392651110893e+01 2.650770904953367226e-03
5.038898445289544270e+01 2.655750028356176906e-03
5.063791314200675941e+01 2.566492931586051868e-03
5.089234515763529032e+01 2.579096337911625236e-03
5.114529266359630810e+01 2.643212602505903060e-03
5.138952878242714206e+01 2.592055427990748104e-03
5.163945178601188246e+01 2.463475380456758672e-03
5.190206698624180603e+01 2.463722081826698850e-03
5.215590084722179398e+01 2.366701902431633028e-03
5.238680673191466042e+01 2.391620936399957258e-03
5.263532591009818873e+01 2.369239705968464223e-03
5.290823119436031874e+01 2.331058130019423615e-03
5.316882575050344428e+01 2.180515111892879134e-03
5.338513341050097694e+01 2.282408386924299985e-03
5.363212510227822349e+01 2.337149623776227456e-03
5.391615723351310407e+01 2.281008569109716118e-03
5.419187693011466678e+01 2.113741943129778846e-03
5.439722241285236493e+01 1.978984459242201597e-03
5.462806064877949552e+01 2.362830535010805415e-03
5.491241494336609463e+01 2.237275107807124713e-03
5.519421446932921782e+01 2.489164349212966577e-03
5.543046826972861396e+01 1.509673707598272949e-03
5.561137265256709128e+01 1.603915095706238752e-03
