3.559856489878782115e-01 6.218261516738022010e+02
6.031648866026231293e-01 1.800250569362980855e+02
8.579160745827347778e-01 7.409784370950130494e+01
1.113464310595710716e+00 5.237165447131001628e+01
1.374039914321364408e+00 2.853088800106602108e+01
1.619154704570298309e+00 1.993663630043625901e+01
1.870686673430271840e+00 1.476319733195213857e+01
2.123290040706380832e+00 1.043357297104330605e+01
2.378144976376236119e+00 8.076646303227214219e+00
2.630489925835516996e+00 5.837393788423816510e+00
2.878653162679494670e+00 4.722144274878547598e+00
3.131144366275339319e+00 4.172053864090268682e+00
3.388159578333816313e+00 3.381361398280661401e+00
3.638741848210948149e+00 2.725540083056229523e+00
3.888315910732085268e+00 2.388651054450437794e+00
4.139052155837465996e+00 1.985134875106042029e+00
4.390305777018236988e+00 1.708466702919810620e+00
4.642172339120373081e+00 1.436416894133785371e+00
4.894678666149941293e+00 1.315243492269928982e+00
5.147269052361176378e+00 1.160813827195513293e+00
5.398003206656323272e+00 9.896822586669965505e-01
5.647798235368590269e+00 8.812652014853389337e-01
5.900534302989873581e+00 7.876949534248230966e-01
6.151460297009074374e+00 7.146699460473158183e-01
6.402630176204441526e+00 6.437410287571775358e-01
6.655964674748322096e+00 5.845887817185940749e-01
6.908782583105771202e+00 5.167726675452950502e-01
7.159060853508338873e+00 4.825903219288795176e-01
7.409414762591408632e+00 4.482304914229321424e-01
7.659227149364629561e+00 4.087874985029275043e-01
7.911559474606142395e+00 3.773452744326409869e-01
8.163750941790897997e+00 3.397938705205950094e-01
8.415757210439384295e+00 3.192833781155502981e-01
8.667638839289207198e+00 2.906780152518171900e-01
8.918801124864609520e+00 2.791079555565016967e-01
9.170480108345369530e+00 2.620619648461672280e-01
9.420566033467249412e+00 2.390503927001175200e-01
9.671642335271435797e+00 2.209223001806952247e-01
9.923426157758477473e+00 2.079445994814255183e-01
1.017396902749181820e+01 1.928222404761731346e-01
1.042533700753922155e+01 1.849345375544368397e-01
1.067702948358784276e+01 1.697864365961017086e-01
1.092969337256462303e+01 1.612988146265644240e-01
1.118211872033766419e+01 1.500814570421136196e-01
1.143346516925797296e+01 1.420212224125304290e-01
1.168350508557724687e+01 1.359522045802717405e-01
1.193379937775929100e+01 1.275190962567399888e-01
1.218553055762879112e+01 1.205073712248767442e-01
1.243711650801278878e+01 1.140691107322081288e-01
1.268867268647359303e+01 1.102116482136722836e-01
1.294075027177769144e+01 1.032679556224768563e-01
1.319267287020158363e+01 9.767197559340481949e-02
1.344470571782862756e+01 9.370514832420795415e-02
1.369480150283709641e+01 8.832962259381443859e-02
1.394591277066507828e+01 8.422251009514412912e-02
1.419764645764527167e+01 8.022367418153279750e-02
1.444766774168416212e+01 7.734722195862392402e-02
1.469906835825429070e+01 7.342491696330923079e-02
1.495059118111036511e+01 6.979768038731919144e-02
1.520261612590052991e+01 6.669190714653262797e-02
1.545415944503929495e+01 6.368404823857855279e-02
1.570456072545780124e+01 6.216134703647553661e-02
1.595705800128773966e+01 6.016071880427014545e-02
1.620829297830731619e+01 5.682935679192955419e-02
1.645966591028190962e+01 5.480377568888643303e-02
1.671125708846596325e+01 5.235027821690643041e-02
1.696160259490052624e+01 5.015035947107075037e-02
1.721370276108077135e+01 4.844714999031027314e-02
1.746543424102250341e+01 4.657890919872508667e-02
1.771598473288305442e+01 4.507317282894662130e-02
1.796653767411944003e+01 4.314674830363417202e-02
1.821765658501893270e+01 4.156561170732511051e-02
1.847053788120423334e+01 3.986387857806839713e-02
1.872257696809484173e+01 3.862692940306168554e-02
1.897394097105746269e+01 3.731504392870433479e-02
1.922542454726159988e+01 3.597682948251033214e-02
1.947607703355479103e+01 3.468183962861683817e-02
1.972678839839982601e+01 3.325201373270714883e-02
1.997802698857814363e+01 3.248799019920756148e-02
2.022863620534168660e+01 3.149100326989626164e-02
2.047969598507238231e+01 3.051761177019027271e-02
2.073250439107362553e+01 2.936300146264872110e-02
2.098435855211640089e+01 2.838616950747493636e-02
2.123502923393334640e+01 2.750017213469979974e-02
2.148629411178690773e+01 2.662909881335188272e-02
2.173831825513516591e+01 2.582909310164840933e-02
2.198972260956887226e+01 2.505397492865010789e-02
2.223974971000711420e+01 2.427899779819633896e-02
2.249141870643862973e+01 2.351475968849536455e-02
2.274404614890906373e+01 2.295361310256044396e-02
2.299521835768831579e+01 2.217978742275755755e-02
2.324620084136223852e+01 2.172421693836689219e-02
2.349757798664387209e+01 2.099086473674016337e-02
2.374870488118759937e+01 2.033430835398778933e-02
2.399988781917473091e+01 1.978681562964074159e-02
2.425071646049711305e+01 1.940385939204022567e-02
2.450187830577813841e+01 1.877291088064469982e-02
2.475391093216606109e+01 1.821419267447441440e-02
2.500524226975159792e+01 1.768262014172726840e-02
2.525610980153284402e+01 1.721062634976840838e-02
2.550801425092822328e+01 1.692602671060300032e-02
2.575943113325822864e+01 1.655354245530392746e-02
2.601074166866445125e+01 1.603116989441876611e-02
2.626234447079615464e+01 1.558281674919586267e-02
2.651347712943701751e+01 1.520369432679027737e-02
2.676474177984877656e+01 1.479179326500706416e-02
2.701628079430242479e+01 1.445491287753165009e-02
2.726734205837282232e+01 1.414372466478496654e-02
2.751837013544679422e+01 1.365216128413981184e-02
2.776937726815812724e+01 1.346200446468709053e-02
2.802070160973895341e+01 1.301138873140596751e-02
2.827249982643487058e+01 1.260989932183466215e-02
2.852407603869968966e+01 1.253155224087029729e-02
2.877567300468570721e+01 1.217493334230889887e-02
2.902733523039245256e+01 1.197517033439645696e-02
2.927861073083739996e+01 1.165432516724716761e-02
2.953003196193969160e+01 1.134730173793436353e-02
2.978106336846375157e+01 1.106234538686064195e-02
3.003148440777084716e+01 1.086470833946245017e-02
3.028303386126418673e+01 1.056148316488355991e-02
3.053456493440382857e+01 1.039640228146591037e-02
3.078585183944906944e+01 1.007121017250420074e-02
3.103757946070165730e+01 9.886736753123910593e-03
3.128931656795834826e+01 9.715808690380651341e-03
3.154125974608096428e+01 9.466346070641238133e-03
3.179158626791808828e+01 9.271435660027893197e-03
3.204196438636942190e+01 9.061252231936310977e-03
3.229344668057169798e+01 8.912052613930644338e-03
3.254489998018084407e+01 8.745455766629380706e-03
3.279660140319880668e+01 8.515041109564858157e-03
3.304772754686901237e+01 8.419058239057452750e-03
3.329949953441923327e+01 8.153769026965365652e-03
3.355173249539067371e+01 8.023797302799199824e-03
3.380235474142784824e+01 7.842084968442344581e-03
3.405292218889088218e+01 7.700440272935784453e-03
3.430455901572810262e+01 7.539682499024638260e-03
3.455605119154291316e+01 7.427465836254323883e-03
3.480708698418615654e+01 7.263469308850260299e-03
3.505823042281740243e+01 7.135752655062756189e-03
3.530983122122644602e+01 6.961841058948457957e-03
3.556111974160763367e+01 6.843578095651732529e-03
3.581195885960364933e+01 6.729847980067418453e-03
3.606348577968052638e+01 6.619352998935765925e-03
3.631495136683125935e+01 6.459547008238432884e-03
3.656646781331610185e+01 6.359019746219774817e-03
3.681800948534306173e+01 6.253736851866242667e-03
3.706942350460822411e+01 6.135845378558921204e-03
3.732119977997001570e+01 5.997724521491012983e-03
3.757249197135423202e+01 5.930610158170555000e-03
3.782324055213251057e+01 5.821483882342793140e-03
3.807430609684078604e+01 5.690622145956313223e-03
3.832526519371521090e+01 5.607235294096270251e-03
3.857704530181875668e+01 5.495222137880196971e-03
3.882896255048217427e+01 5.382065914834085335e-03
3.907976684424035341e+01 5.286655616587041320e-03
3.933085588900704010e+01 5.213983695093574872e-03
3.958184533965361140e+01 5.108628496291961994e-03
3.983320492881626507e+01 5.044421739127088848e-03
4.008506787586624398e+01 4.966076303745737587e-03
4.033569471078550350e+01 4.899488143125148472e-03
4.058701345074587863e+01 4.774442199639966286e-03
4.083916815834436420e+01 4.721857248742965772e-03
4.108978611092747713e+01 4.632523411350262382e-03
4.134119394692694271e+01 4.538333825792003652e-03
4.159372926482761557e+01 4.457186203332757016e-03
4.184480996230068683e+01 4.393945256522136661e-03
4.209495048714620680e+01 4.331927535528540089e-03
4.234568601474854432e+01 4.296645660263794138e-03
4.259794184898333214e+01 4.232169802222217510e-03
4.284922176444433717e+01 4.125193554641527240e-03
4.309982534096671003e+01 4.098149249714435477e-03
4.335153475414617930e+01 4.012181963340532426e-03
4.360374984514007224e+01 3.929604332172059560e-03
4.385432838732079830e+01 3.872563957311603560e-03
4.410529766549178277e+01 3.799702179341626906e-03
4.435675536456894008e+01 3.743479831802707086e-03
4.460756668584335927e+01 3.686766568157722000e-03
4.485812369927145937e+01 3.615046995531789181e-03
4.510933196139897206e+01 3.574379386506566694e-03
4.536097672816924131e+01 3.523676024932228482e-03
4.561261869099184452e+01 3.469244362677057023e-03
4.586346064304911607e+01 3.383549788287397182e-03
4.611435299895526185e+01 3.361514333855774965e-03
4.636610302009028572e+01 3.317073125130489981e-03
4.661726081402038346e+01 3.291383100890196527e-03
4.686748045926628237e+01 3.228575064975836365e-03
4.712001000143001761e+01 3.140795742498985084e-03
4.737334269293729960e+01 3.171766787488691352e-03
4.762357272554871912e+01 3.105329286426082060e-03
4.787295862859781437e+01 3.044961920312885036e-03
4.812686710231834297e+01 3.009322667403251626e-03
4.837988354528783930e+01 3.012037478509384855e-03
4.862698975964909209e+01 2.926917264349955788e-03
4.887931961662670233e+01 2.935655758221629701e-03
4.913512531690142282e+01 2.838290348121145449e-03
4.938486646957150583e+01 2.799474140721880042e-03
4.963073103205424985e+01 2.752242438929974194e-03
4.988316058859187763e+01 2.796885049628345526e-03
5.013927392651110893e+01 2.710830962353408778e-03
5.038898445289544270e+01 2.560120571378297471e-03
5.063791314200675941e+01 2.593106361495225217e-03
5.089234515763529032e+01 2.534858496864937291e-03
5.114529266359630810e+01 2.548138650482362558e-03
5.138952878242714206e+01 2.512987485609234194e-03
5.163945178601188246e+01 2.432978444036879885e-03
5.190206698624180603e+01 2.442172998200924962e-03
5.215590084722179398e+01 2.382204324212828638e-03
5.238680673191466042e+01 2.306097388838646185e-03
5.263532591009818873e+01 2.380572745165015699e-03
5.290823119436031874e+01 2.209332934717837035e-03
5.316882575050344428e+01 2.292134013505281887e-03
5.338513341050097694e+01 2.175627352959634032e-03
5.363212510227822349e+01 2.404731599670366544e-03
5.391615723351310407e+01 2.363813625085994016e-03
5.419187693011466678e+01 2.077957646630954579e-03
5.439722241285236493e+01 1.993757537257703685e-03
5.462806064877949552e+01 2.088451193120208476e-03
5.491241494336609463e+01 2.109112502724861532e-03
5.519421446932921782e+01 2.250191722244325020e-03
5.543046826972861396e+01 1.462224648845518362e-03
5.561137265256709128e+01 1.641408007007675706e-03
