3.559856489878782115e-01 4.493543973087973882e+02
6.031648866026231293e-01 2.982126219868205794e+02
8.579160745827347778e-01 8.416150601978888801e+01
1.113464310595710716e+00 5.477865169730942796e+01
1.374039914321364408e+00 2.765443548930485562e+01
1.619154704570298309e+00 2.291044678668166412e+01
1.870686673430271840e+00 1.443852538655390916e+01
2.123290040706380832e+00 1.052481827113442669e+01
2.378144976376236119e+00 7.972119873340399288e+00
2.630489925835516996e+00 6.226120590896733198e+00
2.878653162679494670e+00 4.879172684667085313e+00
3.131144366275339319e+00 4.006554511914485417e+00
3.388159578333816313e+00 3.364283823209276214e+00
3.638741848210948149e+00 2.822699863082461125e+00
3.888315910732085268e+00 2.314452891930438572e+00
4.139052155837465996e+00 2.094968844716867729e+00
4.390305777018236988e+00 1.630427580402616705e+00
4.642172339120373081e+00 1.476336182836038180e+00
4.894678666149941293e+00 1.290630499588348856e+00
5.147269052361176378e+00 1.145202234272897579e+00
5.398003206656323272e+00 1.013059580561439077e+00
5.647798235368590269e+00 8.873999114103705566e-01
5.900534302989873581e+00 7.773845250215811742e-01
6.151460297009074374e+00 7.315432936661451224e-01
6.402630176204441526e+00 6.670791390479924310e-01
6.655964674748322096e+00 5.880891659779644565e-01
6.908782583105771202e+00 5.272814967481967985e-01
7.159060853508338873e+00 4.897266777877986033e-01
7.409414762591408632e+00 4.400105997230536747e-01
7.659227149364629561e+00 4.187092994605206009e-01
7.911559474606142395e+00 3.750248381361385164e-01
8.163750941790897997e+00 3.428860890610719303e-01
8.415757210439384295e+00 3.195514974855434565e-01
8.667638839289207198e+00 2.941329983344668775e-01
8.918801124864609520e+00 2.750208479588896471e-01
9.170480108345369530e+00 2.573481664394110524e-01
9.420566033467249412e+00 2.348886241644699280e-01
9.671642335271435797e+00 2.174658457236508247e-01
9.923426157758477473e+00 2.058213854505440144e-01
1.017396902749181820e+01 1.941290755282711056e-01
1.042533700753922155e+01 1.814541793837599337e-01
1.067702948358784276e+01 1.715734564345644531e-01
1.092969337256462303e+01 1.601626495500904357e-01
1.118211872033766419e+01 1.519705267368884061e-01
1.143346516925797296e+01 1.430675333231587465e-01
1.168350508557724687e+01 1.350942041074645328e-01
1.193379937775929100e+01 1.278659100770458690e-01
1.218553055762879112e+01 1.189536620087306151e-01
1.243711650801278878e+01 1.173243624257771373e-01
1.268867268647359303e+01 1.079199536581697538e-01
1.294075027177769144e+01 1.031963794087708275e-01
1.319267287020158363e+01 9.789752057769532390e-02
1.344470571782862756e+01 9.447453674808753421e-02
1.369480150283709641e+01 8.864532553138886051e-02
1.394591277066507828e+01 8.490956981210759369e-02
1.419764645764527167e+01 8.035940701316256207e-02
1.444766774168416212e+01 7.696850605192044614e-02
1.469906835825429070e+01 7.338272874053290706e-02
1.495059118111036511e+01 6.978701206671121537e-02
1.520261612590052991e+01 6.701790902333000510e-02
1.545415944503929495e+01 6.381813678908292153e-02
1.570456072545780124e+01 6.192603178993260488e-02
1.595705800128773966e+01 5.857702508652851137e-02
1.620829297830731619e+01 5.648794428336952750e-02
1.645966591028190962e+01 5.455207456156134505e-02
1.671125708846596325e+01 5.245922482572287077e-02
1.696160259490052624e+01 4.953956404578518241e-02
1.721370276108077135e+01 4.853570615483095846e-02
1.746543424102250341e+01 4.654677017251852844e-02
1.771598473288305442e+01 4.448437967728674503e-02
1.796653767411944003e+01 4.311836171334198359e-02
1.821765658501893270e+01 4.141752866937754851e-02
1.847053788120423334e+01 3.970696317709528078e-02
1.872257696809484173e+01 3.857483480485959099e-02
1.897394097105746269e+01 3.741948400470181818e-02
1.922542454726159988e+01 3.627160564597054632e-02
1.947607703355479103e+01 3.452605057477289158e-02
1.972678839839982601e+01 3.357250049341642395e-02
1.997802698857814363e+01 3.224246594876083172e-02
2.022863620534168660e+01 3.101914172239110534e-02
2.047969598507238231e+01 3.050788240894491271e-02
2.073250439107362553e+01 2.936297101654714720e-02
2.098435855211640089e+01 2.824669005730015905e-02
2.123502923393334640e+01 2.747614163965032483e-02
2.148629411178690773e+01 2.667615109939822440e-02
2.173831825513516591e+01 2.585052041224304362e-02
2.198972260956887226e+01 2.518769619648740174e-02
2.223974971000711420e+01 2.435102797923065221e-02
2.249141870643862973e+01 2.365391402372768112e-02
2.274404614890906373e+01 2.293922465436092767e-02
2.299521835768831579e+01 2.228110597720134659e-02
2.324620084136223852e+01 2.161474281636217853e-02
2.349757798664387209e+01 2.110772988415348175e-02
2.374870488118759937e+01 2.049119395109802108e-02
2.399988781917473091e+01 1.985942459767093063e-02
2.425071646049711305e+01 1.938237769255551218e-02
2.450187830577813841e+01 1.887607660236191240e-02
2.475391093216606109e+01 1.824342911247760907e-02
2.500524226975159792e+01 1.785825371993160146e-02
2.525610980153284402e+01 1.739459795402051312e-02
2.550801425092822328e+01 1.683971721052478568e-02
2.575943113325822864e+01 1.636161038465321071e-02
2.601074166866445125e+01 1.589924585402425691e-02
2.626234447079615464e+01 1.553899933980357889e-02
2.651347712943701751e+01 1.520297685775987527e-02
2.676474177984877656e+01 1.481592823677242016e-02
2.701628079430242479e+01 1.445210901061062987e-02
2.726734205837282232e+01 1.416141691529632270e-02
2.751837013544679422e+01 1.366799740221842814e-02
2.776937726815812724e+01 1.334485925161446075e-02
2.802070160973895341e+01 1.312003431300721654e-02
2.827249982643487058e+01 1.277051971877975894e-02
2.852407603869968966e+01 1.252033959146696580e-02
2.877567300468570721e+01 1.216542395257184939e-02
2.902733523039245256e+01 1.191700349634694858e-02
2.927861073083739996e+01 1.152958099773579784e-02
2.953003196193969160e+01 1.130619741817333844e-02
2.978106336846375157e+01 1.113420368824511592e-02
3.003148440777084716e+01 1.082320660256839116e-02
3.028303386126418673e+01 1.058182330615550781e-02
3.053456493440382857e+01 1.033943531840591894e-02
3.078585183944906944e+01 1.015480955501280036e-02
3.103757946070165730e+01 9.873013367137892932e-03
3.128931656795834826e+01 9.752910880401683899e-03
3.154125974608096428e+01 9.505562122485452722e-03
3.179158626791808828e+01 9.302361045592386080e-03
3.204196438636942190e+01 9.054322001670880513e-03
3.229344668057169798e+01 8.926207504782705457e-03
3.254489998018084407e+01 8.759998415528283400e-03
3.279660140319880668e+01 8.557795390038806793e-03
3.304772754686901237e+01 8.318804404820830459e-03
3.329949953441923327e+01 8.203820238316039334e-03
3.355173249539067371e+01 8.034008347546072251e-03
3.380235474142784824e+01 7.872567415690687187e-03
3.405292218889088218e+01 7.724638989871744285e-03
3.430455901572810262e+01 7.557921680487084647e-03
3.455605119154291316e+01 7.378543548322740071e-03
3.480708698418615654e+01 7.262763757964149983e-03
3.505823042281740243e+01 7.128926428084714217e-03
3.530983122122644602e+01 6.953580091247594554e-03
3.556111974160763367e+01 6.869538028826924041e-03
3.581195885960364933e+01 6.751102474049535014e-03
3.606348577968052638e+01 6.585206065735716915e-03
3.631495136683125935e+01 6.458666204909265830e-03
3.656646781331610185e+01 6.326054045629509945e-03
3.681800948534306173e+01 6.238228031875837215e-03
3.706942350460822411e+01 6.138113947045018524e-03
3.732119977997001570e+01 6.007619717779988724e-03
3.757249197135423202e+01 5.881047051472607784e-03
3.782324055213251057e+01 5.803408580568338547e-03
3.807430609684078604e+01 5.721389368440437349e-03
3.832526519371521090e+01 5.565907640245081923e-03
3.857704530181875668e+01 5.471630669716132274e-03
3.882896255048217427e+01 5.388245334476507095e-03
3.907976684424035341e+01 5.290451307312088805e-03
3.933085588900704010e+01 5.223915873197504736e-03
3.958184533965361140e+01 5.151296250911679975e-03
3.983320492881626507e+01 5.022977406599050954e-03
4.008506787586624398e+01 4.969022850446597715e-03
4.033569471078550350e+01 4.862875839624043912e-03
4.058701345074587863e+01 4.780308199983914451e-03
4.083916815834436420e+01 4.707556383338099004e-03
4.108978611092747713e+01 4.615339613540167009e-03
4.134119394692694271e+01 4.543937778804714792e-03
4.159372926482761557e+01 4.504448939234480427e-03
4.184480996230068683e+01 4.445380375836321778e-03
4.209495048714620680e+01 4.355225597292347421e-03
4.234568601474854432e+01 4.294061271341461511e-03
4.259794184898333214e+01 4.235030730568181342e-03
4.284922176444433717e+01 4.117305086052247716e-03
4.309982534096671003e+01 4.091517206125369621e-03
4.335153475414617930e+01 4.016245311362535465e-03
4.360374984514007224e+01 3.964326232215336157e-03
4.385432838732079830e+01 3.876261659874265242e-03
4.410529766549178277e+01 3.851279693617664594e-03
4.435675536456894008e+01 3.769338025829602028e-03
4.460756668584335927e+01 3.724658428608410531e-03
4.485812369927145937e+01 3.614760070472671383e-03
4.510933196139897206e+01 3.591190065976717759e-03
4.536097672816924131e+01 3.566154969591380040e-03
4.561261869099184452e+01 3.475185688185216705e-03
4.586346064304911607e+01 3.443843043932982070e-03
4.611435299895526185e+01 3.356438254546130918e-03
4.636610302009028572e+01 3.332799542798787259e-03
4.661726081402038346e+01 3.259724865432099550e-03
4.686748045926628237e+01 3.263589343408010695e-03
4.712001000143001761e+01 3.176979140232917640e-03
4.737334269293729960e+01 3.125466974597221424e-03
4.762357272554871912e+01 3.114647094710345804e-03
4.787295862859781437e+01 3.054030931726818641e-03
4.812686710231834297e+01 3.064389565547173157e-03
4.837988354528783930e+01 2.978101256002173378e-03
4.862698975964909209e+01 2.906804586813444436e-03
4.887931961662670233e+01 2.876284725112625978e-03
4.913512531690142282e+01 2.826552155189367404e-03
4.938486646957150583e+01 2.802072621562656882e-03
4.963073103205424985e+01 2.753702201057854626e-03
4.988316058859187763e+01 2.745655957952565854e-03
5.013927392651110893e+01 2.663522236532771433e-03
5.038898445289544270e+01 2.625812143214819715e-03
5.063791314200675941e+01 2.672221086021525638e-03
5.089234515763529032e+01 2.570076804660068742e-03
5.114529266359630810e+01 2.531546868814866375e-03
5.138952878242714206e+01 2.466196948404657686e-03
5.163945178601188246e+01 2.510046661296556729e-03
5.190206698624180603e+01 2.502856352966239054e-03
5.215590084722179398e+01 2.508805800904262851e-03
5.238680673191466042e+01 2.350416808016426908e-03
5.263532591009818873e+01 2.390331411825367090e-03
5.290823119436031874e+01 2.323379883743510212e-03
5.316882575050344428e+01 2.376524111613492838e-03
5.338513341050097694e+01 2.217134356547341943e-03
5.363212510227822349e+01 2.125393719918581507e-03
5.391615723351310407e+01 2.258057160294214480e-03
5.419187693011466678e+01 2.144946357886039819e-03
5.439722241285236493e+01 2.034638565632529601e-03
5.462806064877949552e+01 1.969245263425594382e-03
5.491241494336609463e+01 1.790657836471059704e-03
5.519421446932921782e+01 2.256100377626725495e-03
5.543046826972861396e+01 2.536231757344389361e-03
5.561137265256709128e+01 1.732561110308620828e-03
