3.559856489878782115e-01 4.802670948221469871e+02
6.031648866026231293e-01 2.258420210332766374e+02
8.579160745827347778e-01 1.110523702904257419e+02
1.113464310595710716e+00 5.936449441007854944e+01
1.374039914321364408e+00 2.676167604369507558e+01
1.619154704570298309e+00 2.017227303975880304e+01
1.870686673430271840e+00 1.367455577169662817e+01
2.123290040706380832e+00 1.039162567476130583e+01
2.378144976376236119e+00 8.343077495369037422e+00
2.630489925835516996e+00 6.413393092128823803e+00
2.878653162679494670e+00 5.174722853500508535e+00
3.131144366275339319e+00 4.138255038766205374e+00
3.388159578333816313e+00 3.220072973682410744e+00
3.638741848210948149e+00 2.823240355059733364e+00
3.888315910732085268e+00 2.265584113624178553e+00
4.139052155837465996e+00 2.061396781905803444e+00
4.390305777018236988e+00 1.670427970051098887e+00
4.642172339120373081e+00 1.514883902016521455e+00
4.894678666149941293e+00 1.378306567390120030e+00
5.147269052361176378e+00 1.153521463716241646e+00
5.398003206656323272e+00 1.036631654748664699e+00
5.647798235368590269e+00 8.908094657115110948e-01
5.900534302989873581e+00 8.013414169183842306e-01
6.151460297009074374e+00 7.141152934332331004e-01
6.402630176204441526e+00 6.442700257476111636e-01
6.655964674748322096e+00 5.828003858567240014e-01
6.908782583105771202e+00 5.240809960084772401e-01
7.159060853508338873e+00 4.823398855377485916e-01
7.409414762591408632e+00 4.460217504892149964e-01
7.659227149364629561e+00 4.104663955890762717e-01
7.911559474606142395e+00 3.748149973837077154e-01
8.163750941790897997e+00 3.425326416014360387e-01
8.415757210439384295e+00 3.183408518925702757e-01
8.667638839289207198e+00 2.992287962499393106e-01
8.918801124864609520e+00 2.724105247160967247e-01
9.170480108345369530e+00 2.542284620186245903e-01
9.420566033467249412e+00 2.376464275290384731e-01
9.671642335271435797e+00 2.240398741878350530e-01
9.923426157758477473e+00 2.092050178185085041e-01
1.017396902749181820e+01 1.940111561804880314e-01
1.042533700753922155e+01 1.847832959069461434e-01
1.067702948358784276e+01 1.716912722513878886e-01
1.092969337256462303e+01 1.628133911481944585e-01
1.118211872033766419e+01 1.503534207130578504e-01
1.143346516925797296e+01 1.416450156622143797e-01
1.168350508557724687e+01 1.342931977546132083e-01
1.193379937775929100e+01 1.271998593685276513e-01
1.218553055762879112e+01 1.215028468622997571e-01
1.243711650801278878e+01 1.149494703971494641e-01
1.268867268647359303e+01 1.081323335428191618e-01
1.294075027177769144e+01 1.038492388174777070e-01
1.319267287020158363e+01 9.704118004421689869e-02
1.344470571782862756e+01 9.371662217820105056e-02
1.369480150283709641e+01 8.763601027718409542e-02
1.394591277066507828e+01 8.507107158843812966e-02
1.419764645764527167e+01 8.174189212912220948e-02
1.444766774168416212e+01 7.766659890704534497e-02
1.469906835825429070e+01 7.348421143494376917e-02
1.495059118111036511e+01 6.988934908585149597e-02
1.520261612590052991e+01 6.734757087264593711e-02
1.545415944503929495e+01 6.471813572674557646e-02
1.570456072545780124e+01 6.248265863733803993e-02
1.595705800128773966e+01 5.890766215742113815e-02
1.620829297830731619e+01 5.673598783795290312e-02
1.645966591028190962e+01 5.424691012043630911e-02
1.671125708846596325e+01 5.254965395716945653e-02
1.696160259490052624e+01 5.020972449172772523e-02
1.721370276108077135e+01 4.798941317491444564e-02
1.746543424102250341e+01 4.718425237191821442e-02
1.771598473288305442e+01 4.470917543994785970e-02
1.796653767411944003e+01 4.336590551659232767e-02
1.821765658501893270e+01 4.135591798159658078e-02
1.847053788120423334e+01 3.988913436874710894e-02
1.872257696809484173e+01 3.849566178523684823e-02
1.897394097105746269e+01 3.711754199227106782e-02
1.922542454726159988e+01 3.585764864080455416e-02
1.947607703355479103e+01 3.462912211093650827e-02
1.972678839839982601e+01 3.396142213931566817e-02
1.997802698857814363e+01 3.254147671792165242e-02
2.022863620534168660e+01 3.160500836421605009e-02
2.047969598507238231e+01 3.031721123935198631e-02
2.073250439107362553e+01 2.942102587105540484e-02
2.098435855211640089e+01 2.829463583491680437e-02
2.123502923393334640e+01 2.765295241165334136e-02
2.148629411178690773e+01 2.675093029244556345e-02
2.173831825513516591e+01 2.599990672091883129e-02
2.198972260956887226e+01 2.506633681696145144e-02
2.223974971000711420e+01 2.434532828916297770e-02
2.249141870643862973e+01 2.351858591134164261e-02
2.274404614890906373e+01 2.284388644911953745e-02
2.299521835768831579e+01 2.225835362262394701e-02
2.324620084136223852e+01 2.153276095321533107e-02
2.349757798664387209e+01 2.095375995513972314e-02
2.374870488118759937e+01 2.055610634371789203e-02
2.399988781917473091e+01 1.981578964290673858e-02
2.425071646049711305e+01 1.928935761829900924e-02
2.450187830577813841e+01 1.880476907051662622e-02
2.475391093216606109e+01 1.827829146560954951e-02
2.500524226975159792e+01 1.774784674187237024e-02
2.525610980153284402e+01 1.740392613943880090e-02
2.550801425092822328e+01 1.685755294136032090e-02
2.575943113325822864e+01 1.645718612758595434e-02
2.601074166866445125e+01 1.593479661705127226e-02
2.626234447079615464e+01 1.562630032118152157e-02
2.651347712943701751e+01 1.522860942065334434e-02
2.676474177984877656e+01 1.484678254353151601e-02
2.701628079430242479e+01 1.445376455164389465e-02
2.726734205837282232e+01 1.404179147185604694e-02
2.751837013544679422e+01 1.372641216633876948e-02
2.776937726815812724e+01 1.343395615761497353e-02
2.802070160973895341e+01 1.305462065762278030e-02
2.827249982643487058e+01 1.277811474491392409e-02
2.852407603869968966e+01 1.244919557109949379e-02
2.877567300468570721e+01 1.217047260435976178e-02
2.902733523039245256e+01 1.189877216547436875e-02
2.927861073083739996e+01 1.158961188897969161e-02
2.953003196193969160e+01 1.134037629198156490e-02
2.978106336846375157e+01 1.108306456187338300e-02
3.003148440777084716e+01 1.086836776549550236e-02
3.028303386126418673e+01 1.058592461042288935e-02
3.053456493440382857e+01 1.034676707471129421e-02
3.078585183944906944e+01 1.013519017501977003e-02
3.103757946070165730e+01 9.965741084520056067e-03
3.128931656795834826e+01 9.703560033086790215e-03
3.154125974608096428e+01 9.531504632207905489e-03
3.179158626791808828e+01 9.284208172905192291e-03
3.204196438636942190e+01 9.086525479015774773e-03
3.229344668057169798e+01 8.920434798951654490e-03
3.254489998018084407e+01 8.720043622826453844e-03
3.279660140319880668e+01 8.578297361905894494e-03
3.304772754686901237e+01 8.431050442804934042e-03
3.329949953441923327e+01 8.212731156949001562e-03
3.355173249539067371e+01 7.992847719339078727e-03
3.380235474142784824e+01 7.876299421725879712e-03
3.405292218889088218e+01 7.683859085630356453e-03
3.430455901572810262e+01 7.573577244927254433e-03
3.455605119154291316e+01 7.406339151134843854e-03
3.480708698418615654e+01 7.279894496407774557e-03
3.505823042281740243e+01 7.140279708463470425e-03
3.530983122122644602e+01 7.031532521699799740e-03
3.556111974160763367e+01 6.836740459229469560e-03
3.581195885960364933e+01 6.716493332328171521e-03
3.606348577968052638e+01 6.571729187146230049e-03
3.631495136683125935e+01 6.471164483179637529e-03
3.656646781331610185e+01 6.333171678203042623e-03
3.681800948534306173e+01 6.250400598922784337e-03
3.706942350460822411e+01 6.128179534086049783e-03
3.732119977997001570e+01 6.003615024572917826e-03
3.757249197135423202e+01 5.934927248430396478e-03
3.782324055213251057e+01 5.797483285749238484e-03
3.807430609684078604e+01 5.705003370142462844e-03
3.832526519371521090e+01 5.543398231953468314e-03
3.857704530181875668e+01 5.536662144833556093e-03
3.882896255048217427e+01 5.433585423367512379e-03
3.907976684424035341e+01 5.314792472604201040e-03
3.933085588900704010e+01 5.222398232296326763e-03
3.958184533965361140e+01 5.120666536596300659e-03
3.983320492881626507e+01 5.028710132210448790e-03
4.008506787586624398e+01 4.959923684332700512e-03
4.033569471078550350e+01 4.886706507282702165e-03
4.058701345074587863e+01 4.773896463997992501e-03
4.083916815834436420e+01 4.707991413008335777e-03
4.108978611092747713e+01 4.627620103498527281e-03
4.134119394692694271e+01 4.557970679495356413e-03
4.159372926482761557e+01 4.487777157665364357e-03
4.184480996230068683e+01 4.415554248723348695e-03
4.209495048714620680e+01 4.319014429381948759e-03
4.234568601474854432e+01 4.245956359847995534e-03
4.259794184898333214e+01 4.174703057383253625e-03
4.284922176444433717e+01 4.136687393126821030e-03
4.309982534096671003e+01 4.067444959863180179e-03
4.335153475414617930e+01 3.998187616971723979e-03
4.360374984514007224e+01 3.934622065325095626e-03
4.385432838732079830e+01 3.902189828018739863e-03
4.410529766549178277e+01 3.804506765068257912e-03
4.435675536456894008e+01 3.738697515599033981e-03
4.460756668584335927e+01 3.692115182509195410e-03
4.485812369927145937e+01 3.624156999410801418e-03
4.510933196139897206e+01 3.564681985278936229e-03
4.536097672816924131e+01 3.537608979504330755e-03
4.561261869099184452e+01 3.467100827887726125e-03
4.586346064304911607e+01 3.465133894436968082e-03
4.611435299895526185e+01 3.387298212495629124e-03
4.636610302009028572e+01 3.346507840844116857e-03
4.661726081402038346e+01 3.242831786684704631e-03
4.686748045926628237e+01 3.238008605147038501e-03
4.712001000143001761e+01 3.163194350113618467e-03
4.737334269293729960e+01 3.142386690269192550e-03
4.762357272554871912e+01 3.131501488421181180e-03
4.787295862859781437e+01 3.051802597314180916e-03
4.812686710231834297e+01 2.989735196195603042e-03
4.837988354528783930e+01 2.929860687350664510e-03
4.862698975964909209e+01 2.932535346091621510e-03
4.887931961662670233e+01 2.904478938810438945e-03
4.913512531690142282e+01 2.805530420703308218e-03
4.938486646957150583e+01 2.841783623504071793e-03
4.963073103205424985e+01 2.781179175013310211e-03
4.988316058859187763e+01 2.745189676528500197e-03
5.013927392651110893e+01 2.666961553262163758e-03
5.038898445289544270e+01 2.602273136476883179e-03
5.063791314200675941e+01 2.618419876849139172e-03
5.089234515763529032e+01 2.630674448620683517e-03
5.114529266359630810e+01 2.465224610515469577e-03
5.138952878242714206e+01 2.456709324528225536e-03
5.163945178601188246e+01 2.505207482814250132e-03
5.190206698624180603e+01 2.487699395604689098e-03
5.215590084722179398e+01 2.376226457320367285e-03
5.238680673191466042e+01 2.342371907702342753e-03
5.263532591009818873e+01 2.328212794562183486e-03
5.290823119436031874e+01 2.346261246834334315e-03
5.316882575050344428e+01 2.217583348005011494e-03
5.338513341050097694e+01 2.351639499124732850e-03
5.363212510227822349e+01 2.250216499275921149e-03
5.391615723351310407e+01 2.150507156778687541e-03
5.419187693011466678e+01 2.254400457902696817e-03
5.439722241285236493e+01 1.896824747664492246e-03
5.462806064877949552e+01 2.090883014438780878e-03
5.491241494336609463e+01 1.889449129064028204e-03
5.519421446932921782e+01 2.355828607084858861e-03
5.543046826972861396e+01 1.693330046901084414e-03
5.561137265256709128e+01 2.326876832747978071e-03
