3.559856489878782115e-01 6.405155957693094706e+02
6.031648866026231293e-01 2.002906491071765060e+02
8.579160745827347778e-01 9.499803628177880910e+01
1.113464310595710716e+00 4.880200675294632617e+01
1.374039914321364408e+00 2.570580221135812238e+01
1.619154704570298309e+00 1.991884467412020499e+01
1.870686673430271840e+00 1.485894396587623767e+01
2.123290040706380832e+00 1.142901419966658771e+01
2.378144976376236119e+00 8.289133466292907926e+00
2.630489925835516996e+00 6.310234641377457265e+00
2.878653162679494670e+00 4.793419244436751825e+00
3.131144366275339319e+00 4.042828715857292643e+00
3.388159578333816313e+00 3.338362347867058322e+00
3.638741848210948149e+00 2.658685521159624088e+00
3.888315910732085268e+00 2.182741489482985298e+00
4.139052155837465996e+00 1.912202539976640026e+00
4.390305777018236988e+00 1.664412169867787616e+00
4.642172339120373081e+00 1.481665100212790742e+00
4.894678666149941293e+00 1.328072132287125173e+00
5.147269052361176378e+00 1.100911646892938078e+00
5.398003206656323272e+00 1.016646225358173838e+00
5.647798235368590269e+00 9.087365268009043318e-01
5.900534302989873581e+00 8.038858434116322726e-01
6.151460297009074374e+00 6.917201421216541135e-01
6.402630176204441526e+00 6.492954678679293545e-01
6.655964674748322096e+00 5.817980284217008080e-01
6.908782583105771202e+00 5.275850156545317526e-01
7.159060853508338873e+00 4.841187695602084951e-01
7.409414762591408632e+00 4.467932365741488221e-01
7.659227149364629561e+00 4.025941500333081735e-01
7.911559474606142395e+00 3.773501242410063350e-01
8.163750941790897997e+00 3.431651321421532175e-01
8.415757210439384295e+00 3.217284137819354517e-01
8.667638839289207198e+00 2.978974965755160631e-01
8.918801124864609520e+00 2.742276702008878408e-01
9.170480108345369530e+00 2.543367954317588553e-01
9.420566033467249412e+00 2.366261969456272540e-01
9.671642335271435797e+00 2.226196569318690532e-01
9.923426157758477473e+00 2.073843389376627544e-01
1.017396902749181820e+01 1.934281025872852944e-01
1.042533700753922155e+01 1.802145474505793543e-01
1.067702948358784276e+01 1.736657901775796875e-01
1.092969337256462303e+01 1.625877076546399236e-01
1.118211872033766419e+01 1.504792913099157192e-01
1.143346516925797296e+01 1.431687240865563704e-01
1.168350508557724687e+01 1.347653235417783923e-01
1.193379937775929100e+01 1.272094371217856734e-01
1.218553055762879112e+01 1.194183431027878578e-01
1.243711650801278878e+01 1.147177907220011672e-01
1.268867268647359303e+01 1.093015224039447092e-01
1.294075027177769144e+01 1.025317815438284014e-01
1.319267287020158363e+01 9.749319790327283519e-02
1.344470571782862756e+01 9.246394882239089563e-02
1.369480150283709641e+01 8.918103336002407289e-02
1.394591277066507828e+01 8.391976579458509944e-02
1.419764645764527167e+01 8.023764518174256177e-02
1.444766774168416212e+01 7.670250388053900803e-02
1.469906835825429070e+01 7.302465170223283730e-02
1.495059118111036511e+01 7.166707337590540183e-02
1.520261612590052991e+01 6.760572659395840123e-02
1.545415944503929495e+01 6.460059104274123998e-02
1.570456072545780124e+01 6.157174442656419139e-02
1.595705800128773966e+01 5.959479313439516174e-02
1.620829297830731619e+01 5.654586740460437050e-02
1.645966591028190962e+01 5.445914105401856997e-02
1.671125708846596325e+01 5.194422843742981660e-02
1.696160259490052624e+01 5.044564473358217199e-02
1.721370276108077135e+01 4.800903693563464414e-02
1.746543424102250341e+01 4.622470043633670339e-02
1.771598473288305442e+01 4.427711020617056126e-02
1.796653767411944003e+01 4.280220542380587523e-02
1.821765658501893270e+01 4.133630185369790294e-02
1.847053788120423334e+01 4.018091928687449188e-02
1.872257696809484173e+01 3.911095702260869444e-02
1.897394097105746269e+01 3.699117228071356622e-02
1.922542454726159988e+01 3.586089984430677197e-02
1.947607703355479103e+01 3.474120395754641544e-02
1.972678839839982601e+01 3.325137045768859767e-02
1.997802698857814363e+01 3.235245918517894864e-02
2.022863620534168660e+01 3.137278968685945635e-02
2.047969598507238231e+01 3.038707482497057452e-02
2.073250439107362553e+01 2.945430673149402115e-02
2.098435855211640089e+01 2.830708470723007977e-02
2.123502923393334640e+01 2.747400305272067883e-02
2.148629411178690773e+01 2.669135494485392820e-02
2.173831825513516591e+01 2.562259998946498502e-02
2.198972260956887226e+01 2.503404770277501898e-02
2.223974971000711420e+01 2.431086898075593070e-02
2.249141870643862973e+01 2.361453958028429667e-02
2.274404614890906373e+01 2.284294772114160363e-02
2.299521835768831579e+01 2.210717426997013679e-02
2.324620084136223852e+01 2.152576860330902148e-02
2.349757798664387209e+01 2.112823605405809643e-02
2.374870488118759937e+01 2.030002159356888644e-02
2.399988781917473091e+01 1.982250761459668220e-02
2.425071646049711305e+01 1.920755203051718180e-02
2.450187830577813841e+01 1.883031604140110102e-02
2.475391093216606109e+01 1.819658672216602560e-02
2.500524226975159792e+01 1.769903387009841289e-02
2.525610980153284402e+01 1.727346666185711893e-02
2.550801425092822328e+01 1.683278755704015542e-02
2.575943113325822864e+01 1.638214291010664861e-02
2.601074166866445125e+01 1.601903284766418092e-02
2.626234447079615464e+01 1.558413497299148028e-02
2.651347712943701751e+01 1.521289988229187172e-02
2.676474177984877656e+01 1.478810982237994606e-02
2.701628079430242479e+01 1.441345993788283909e-02
2.726734205837282232e+01 1.411692746473844004e-02
2.751837013544679422e+01 1.372477027469380141e-02
2.776937726815812724e+01 1.349041554019049342e-02
2.802070160973895341e+01 1.311793517118178126e-02
2.827249982643487058e+01 1.265995284188851239e-02
2.852407603869968966e+01 1.243968145583566887e-02
2.877567300468570721e+01 1.220864779856399400e-02
2.902733523039245256e+01 1.187817175102100567e-02
2.927861073083739996e+01 1.160973357362627550e-02
2.953003196193969160e+01 1.135592774276611774e-02
2.978106336846375157e+01 1.104210614060765518e-02
3.003148440777084716e+01 1.085743402292234545e-02
3.028303386126418673e+01 1.064071684244435011e-02
3.053456493440382857e+01 1.034265779979503912e-02
3.078585183944906944e+01 1.014357926226728233e-02
3.103757946070165730e+01 9.955626244091688240e-03
3.128931656795834826e+01 9.672214830312280895e-03
3.154125974608096428e+01 9.504694553448206698e-03
3.179158626791808828e+01 9.273825337215149331e-03
3.204196438636942190e+01 9.041810248483210521e-03
3.229344668057169798e+01 8.925841612805109071e-03
3.254489998018084407e+01 8.736356809882050989e-03
3.279660140319880668e+01 8.525888993361421461e-03
3.304772754686901237e+01 8.397612829564214676e-03
3.329949953441923327e+01 8.188777372420614695e-03
3.355173249539067371e+01 8.040214017139590483e-03
3.380235474142784824e+01 7.853857805642763118e-03
3.405292218889088218e+01 7.737306300844144953e-03
3.430455901572810262e+01 7.555497538651288064e-03
3.455605119154291316e+01 7.449917441908408648e-03
3.480708698418615654e+01 7.276754540123785836e-03
3.505823042281740243e+01 7.112817490759535885e-03
3.530983122122644602e+01 6.967226718017841339e-03
3.556111974160763367e+01 6.875966492505360128e-03
3.581195885960364933e+01 6.715893092503728325e-03
3.606348577968052638e+01 6.604794545008477354e-03
3.631495136683125935e+01 6.470647564839674543e-03
3.656646781331610185e+01 6.401699186086273405e-03
3.681800948534306173e+01 6.241625696178448868e-03
3.706942350460822411e+01 6.124281204228151400e-03
3.732119977997001570e+01 6.003395778953759913e-03
3.757249197135423202e+01 5.952496796278292264e-03
3.782324055213251057e+01 5.854021726201313544e-03
3.807430609684078604e+01 5.683002374023288401e-03
3.832526519371521090e+01 5.585833355706854714e-03
3.857704530181875668e+01 5.511208656227286999e-03
3.882896255048217427e+01 5.400756668085502331e-03
3.907976684424035341e+01 5.293700188817667372e-03
3.933085588900704010e+01 5.226309262954784846e-03
3.958184533965361140e+01 5.137415990800438433e-03
3.983320492881626507e+01 5.009335666255156257e-03
4.008506787586624398e+01 4.925285624519409877e-03
4.033569471078550350e+01 4.861339105419510906e-03
4.058701345074587863e+01 4.816870865551317257e-03
4.083916815834436420e+01 4.733974376377458014e-03
4.108978611092747713e+01 4.617980640957780603e-03
4.134119394692694271e+01 4.538000351559438178e-03
4.159372926482761557e+01 4.479657069568551177e-03
4.184480996230068683e+01 4.437749299401805812e-03
4.209495048714620680e+01 4.350816048970837339e-03
4.234568601474854432e+01 4.296391973370753889e-03
4.259794184898333214e+01 4.206415825821143047e-03
4.284922176444433717e+01 4.133182026289347437e-03
4.309982534096671003e+01 4.042414845913443709e-03
4.335153475414617930e+01 3.977862577954864066e-03
4.360374984514007224e+01 3.952220801117512818e-03
4.385432838732079830e+01 3.855777740410637651e-03
4.410529766549178277e+01 3.851292239134807092e-03
4.435675536456894008e+01 3.738453547745567308e-03
4.460756668584335927e+01 3.682759046344607264e-03
4.485812369927145937e+01 3.661980580051384538e-03
4.510933196139897206e+01 3.618572349414943615e-03
4.536097672816924131e+01 3.527597425343426650e-03
4.561261869099184452e+01 3.452102596681632784e-03
4.586346064304911607e+01 3.414568310911209308e-03
4.611435299895526185e+01 3.350827658426750420e-03
4.636610302009028572e+01 3.298291916744221404e-03
4.661726081402038346e+01 3.283360584248112054e-03
4.686748045926628237e+01 3.261498407338221574e-03
4.712001000143001761e+01 3.184294464641284489e-03
4.737334269293729960e+01 3.168476841240082734e-03
4.762357272554871912e+01 3.080184707244799751e-03
4.787295862859781437e+01 3.073961676312292682e-03
4.812686710231834297e+01 3.040015956879686676e-03
4.837988354528783930e+01 3.008209092428114611e-03
4.862698975964909209e+01 2.954381756827276478e-03
4.887931961662670233e+01 2.941206010087744471e-03
4.913512531690142282e+01 2.862664699435685158e-03
4.938486646957150583e+01 2.808588716901749219e-03
4.963073103205424985e+01 2.731920760105532430e-03
4.988316058859187763e+01 2.703733585772741775e-03
5.013927392651110893e+01 2.649401064722800049e-03
5.038898445289544270e+01 2.614335737959673587e-03
5.063791314200675941e+01 2.560585221524351585e-03
5.089234515763529032e+01 2.646771701104827425e-03
5.114529266359630810e+01 2.553419236432363185e-03
5.138952878242714206e+01 2.581916100334416195e-03
5.163945178601188246e+01 2.492969748412431682e-03
5.190206698624180603e+01 2.442647987204656177e-03
5.215590084722179398e+01 2.365468297948839557e-03
5.238680673191466042e+01 2.329284645209524739e-03
5.263532591009818873e+01 2.374722861712897769e-03
5.290823119436031874e+01 2.424290789580047564e-03
5.316882575050344428e+01 2.382700598776123484e-03
5.338513341050097694e+01 2.221383573725135927e-03
5.363212510227822349e+01 2.237438074209054280e-03
5.391615723351310407e+01 2.313742256673966512e-03
5.419187693011466678e+01 2.019223686217578532e-03
5.439722241285236493e+01 2.024298778455052485e-03
5.462806064877949552e+01 2.142439031365130000e-03
5.491241494336609463e+01 2.039400484275663648e-03
5.519421446932921782e+01 1.800798694447844654e-03
5.543046826972861396e+01 1.750900305203154095e-03
5.561137265256709128e+01 1.752833711779168456e-03
