3.559856489878782115e-01 8.583410186480018638e+02
6.031648866026231293e-01 2.492478030297208704e+02
8.579160745827347778e-01 9.960732910770279602e+01
1.113464310595710716e+00 4.502524992712827157e+01
1.374039914321364408e+00 3.409725664814062895e+01
1.619154704570298309e+00 2.113385007768944135e+01
1.870686673430271840e+00 1.349460143367427634e+01
2.123290040706380832e+00 1.036793936614735578e+01
2.378144976376236119e+00 7.832651994706373522e+00
2.630489925835516996e+00 6.453195510774557775e+00
2.878653162679494670e+00 4.953444894560786516e+00
3.131144366275339319e+00 4.096914596297461131e+00
3.388159578333816313e+00 3.233040251288583633e+00
3.638741848210948149e+00 2.672280707258426702e+00
3.888315910732085268e+00 2.237305791395967081e+00
4.139052155837465996e+00 2.031889528788342503e+00
4.390305777018236988e+00 1.676713373230184878e+00
4.642172339120373081e+00 1.480785231673763747e+00
4.894678666149941293e+00 1.261258273706616473e+00
5.147269052361176378e+00 1.162641178843397682e+00
5.398003206656323272e+00 1.031033865471471023e+00
5.647798235368590269e+00 9.151135803535027646e-01
5.900534302989873581e+00 7.847228916996724646e-01
6.151460297009074374e+00 7.055105979308441411e-01
6.402630176204441526e+00 6.386730360843310139e-01
6.655964674748322096e+00 5.856808408666871468e-01
6.908782583105771202e+00 5.309785241506456144e-01
7.159060853508338873e+00 4.883712973501899146e-01
7.409414762591408632e+00 4.404249856254632278e-01
7.659227149364629561e+00 4.015915126342022856e-01
7.911559474606142395e+00 3.714958854141413580e-01
8.163750941790897997e+00 3.447451756544116508e-01
8.415757210439384295e+00 3.212392151125359474e-01
8.667638839289207198e+00 2.956646288934198230e-01
8.918801124864609520e+00 2.756213812412580122e-01
9.170480108345369530e+00 2.510584876774815677e-01
9.420566033467249412e+00 2.347875742654778608e-01
9.671642335271435797e+00 2.247656631200688759e-01
9.923426157758477473e+00 2.078973696626739975e-01
1.017396902749181820e+01 1.945555865231703707e-01
1.042533700753922155e+01 1.821181434002092647e-01
1.067702948358784276e+01 1.712064472720489505e-01
1.092969337256462303e+01 1.606270104372409524e-01
1.118211872033766419e+01 1.521112999956165390e-01
1.143346516925797296e+01 1.466674054621295020e-01
1.168350508557724687e+01 1.331571628923626238e-01
1.193379937775929100e+01 1.295409527088908774e-01
1.218553055762879112e+01 1.218343429220826030e-01
1.243711650801278878e+01 1.144512186043307733e-01
1.268867268647359303e+01 1.098060994550937863e-01
1.294075027177769144e+01 1.036811002384187136e-01
1.319267287020158363e+01 9.802155538868057016e-02
1.344470571782862756e+01 9.359665428824570643e-02
1.369480150283709641e+01 8.896904917687423198e-02
1.394591277066507828e+01 8.363246820095961154e-02
1.419764645764527167e+01 8.106385849463830506e-02
1.444766774168416212e+01 7.767438546834248836e-02
1.469906835825429070e+01 7.373106122133180063e-02
1.495059118111036511e+01 7.070525344422756708e-02
1.520261612590052991e+01 6.741815838020208396e-02
1.545415944503929495e+01 6.355172945242716642e-02
1.570456072545780124e+01 6.147639002753238491e-02
1.595705800128773966e+01 5.879913880754512184e-02
1.620829297830731619e+01 5.647788522470833378e-02
1.645966591028190962e+01 5.457728793251254151e-02
1.671125708846596325e+01 5.299100538898169482e-02
1.696160259490052624e+01 4.996598723673031234e-02
1.721370276108077135e+01 4.793427083961150637e-02
1.746543424102250341e+01 4.595141673893458900e-02
1.771598473288305442e+01 4.453696801423757956e-02
1.796653767411944003e+01 4.310627849052707516e-02
1.821765658501893270e+01 4.176520262678459772e-02
1.847053788120423334e+01 4.006198284152250044e-02
1.872257696809484173e+01 3.865695902414870155e-02
1.897394097105746269e+01 3.729144402378919282e-02
1.922542454726159988e+01 3.594993521163193650e-02
1.947607703355479103e+01 3.473268719575338392e-02
1.972678839839982601e+01 3.357233082319280998e-02
1.997802698857814363e+01 3.234547396222214183e-02
2.022863620534168660e+01 3.149552427814975714e-02
2.047969598507238231e+01 3.065895685324399739e-02
2.073250439107362553e+01 2.957970947019033722e-02
2.098435855211640089e+01 2.842258033809109616e-02
2.123502923393334640e+01 2.759881341808318594e-02
2.148629411178690773e+01 2.653226044004923859e-02
2.173831825513516591e+01 2.560088262866427877e-02
2.198972260956887226e+01 2.475121890179582049e-02
2.223974971000711420e+01 2.431282247066649665e-02
2.249141870643862973e+01 2.365866380928636700e-02
2.274404614890906373e+01 2.299426751110213510e-02
2.299521835768831579e+01 2.215599984072991538e-02
2.324620084136223852e+01 2.150758534942380854e-02
2.349757798664387209e+01 2.089169276391781432e-02
2.374870488118759937e+01 2.045232655477093736e-02
2.399988781917473091e+01 1.988286452426090908e-02
2.425071646049711305e+01 1.931385525375752324e-02
2.450187830577813841e+01 1.888760015112941892e-02
2.475391093216606109e+01 1.826117054411309851e-02
2.500524226975159792e+01 1.771535495414191391e-02
2.525610980153284402e+01 1.726378925166815320e-02
2.550801425092822328e+01 1.680995726944185115e-02
2.575943113325822864e+01 1.634207481717159585e-02
2.601074166866445125e+01 1.596957530295605929e-02
2.626234447079615464e+01 1.561591689198056111e-02
2.651347712943701751e+01 1.529346405177962887e-02
2.676474177984877656e+01 1.480314601144209867e-02
2.701628079430242479e+01 1.452839638002620393e-02
2.726734205837282232e+01 1.409118818860172553e-02
2.751837013544679422e+01 1.377912609285422696e-02
2.776937726815812724e+01 1.342337039806395724e-02
2.802070160973895341e+01 1.308208737461665459e-02
2.827249982643487058e+01 1.275298644400475398e-02
2.852407603869968966e+01 1.242171793252939971e-02
2.877567300468570721e+01 1.214628227140595630e-02
2.902733523039245256e+01 1.188862045638534697e-02
2.927861073083739996e+01 1.162635535237745155e-02
2.953003196193969160e+01 1.138984062269203686e-02
2.978106336846375157e+01 1.112058255432156299e-02
3.003148440777084716e+01 1.090040189512603112e-02
3.028303386126418673e+01 1.060337008535950677e-02
3.053456493440382857e+01 1.046350695008200354e-02
3.078585183944906944e+01 1.014266858997144201e-02
3.103757946070165730e+01 9.908452595842429100e-03
3.128931656795834826e+01 9.710393751375443958e-03
3.154125974608096428e+01 9.476659883955082866e-03
3.179158626791808828e+01 9.286277427054455066e-03
3.204196438636942190e+01 9.134539614913740266e-03
3.229344668057169798e+01 8.908624382676436082e-03
3.254489998018084407e+01 8.738571796076087528e-03
3.279660140319880668e+01 8.505631905661956496e-03
3.304772754686901237e+01 8.381075099138917545e-03
3.329949953441923327e+01 8.237386236228255026e-03
3.355173249539067371e+01 8.062809514321893009e-03
3.380235474142784824e+01 7.900085509010083482e-03
3.405292218889088218e+01 7.690778177882399459e-03
3.430455901572810262e+01 7.587563345232237189e-03
3.455605119154291316e+01 7.459512537221624565e-03
3.480708698418615654e+01 7.254201009129021376e-03
3.505823042281740243e+01 7.140503834763447903e-03
3.530983122122644602e+01 7.012659906051506471e-03
3.556111974160763367e+01 6.843685601531181162e-03
3.581195885960364933e+01 6.709563945269399199e-03
3.606348577968052638e+01 6.636619341270426700e-03
3.631495136683125935e+01 6.494195961655329502e-03
3.656646781331610185e+01 6.361050772951818907e-03
3.681800948534306173e+01 6.209195975687785592e-03
3.706942350460822411e+01 6.075158829220640710e-03
3.732119977997001570e+01 6.020558498881251053e-03
3.757249197135423202e+01 5.920747310408321952e-03
3.782324055213251057e+01 5.829307221733828065e-03
3.807430609684078604e+01 5.681099860456106758e-03
3.832526519371521090e+01 5.588298453702249605e-03
3.857704530181875668e+01 5.487959746746005896e-03
3.882896255048217427e+01 5.392055904300966339e-03
3.907976684424035341e+01 5.339810489507860851e-03
3.933085588900704010e+01 5.235218272877526814e-03
3.958184533965361140e+01 5.122713813799072494e-03
3.983320492881626507e+01 5.014965849221115005e-03
4.008506787586624398e+01 4.948012689350377892e-03
4.033569471078550350e+01 4.898527766003621386e-03
4.058701345074587863e+01 4.797098655690800774e-03
4.083916815834436420e+01 4.706631812990632463e-03
4.108978611092747713e+01 4.624803665351100851e-03
4.134119394692694271e+01 4.597072310774906467e-03
4.159372926482761557e+01 4.474866393504262248e-03
4.184480996230068683e+01 4.417625211582594004e-03
4.209495048714620680e+01 4.333329261815165381e-03
4.234568601474854432e+01 4.257482720403381847e-03
4.259794184898333214e+01 4.214160649041558127e-03
4.284922176444433717e+01 4.108732579446269968e-03
4.309982534096671003e+01 4.034793551850387495e-03
4.335153475414617930e+01 4.027812727577898509e-03
4.360374984514007224e+01 3.945415096599224139e-03
4.385432838732079830e+01 3.885065465892013816e-03
4.410529766549178277e+01 3.833249784743928638e-03
4.435675536456894008e+01 3.744155149954493580e-03
4.460756668584335927e+01 3.698699626853461670e-03
4.485812369927145937e+01 3.624192918524190340e-03
4.510933196139897206e+01 3.555763874583943874e-03
4.536097672816924131e+01 3.541000636805745599e-03
4.561261869099184452e+01 3.472822792019858093e-03
4.586346064304911607e+01 3.440352594857015028e-03
4.611435299895526185e+01 3.340772791755570927e-03
4.636610302009028572e+01 3.331190009594806652e-03
4.661726081402038346e+01 3.263273795826583581e-03
4.686748045926628237e+01 3.285356907644220326e-03
4.712001000143001761e+01 3.211576806818567959e-03
4.737334269293729960e+01 3.119925985160160002e-03
4.762357272554871912e+01 3.078870258124515296e-03
4.787295862859781437e+01 3.036611829682430656e-03
4.812686710231834297e+01 3.050165881351151864e-03
4.837988354528783930e+01 2.951829021530616264e-03
4.862698975964909209e+01 2.930313915717726401e-03
4.887931961662670233e+01 2.868544088262082320e-03
4.913512531690142282e+01 2.830827094556356838e-03
4.938486646957150583e+01 2.727866338186850717e-03
4.963073103205424985e+01 2.778250850688340854e-03
4.988316058859187763e+01 2.674224772135497252e-03
5.013927392651110893e+01 2.695246152558508027e-03
5.038898445289544270e+01 2.687330921772444325e-03
5.063791314200675941e+01 2.604278603665186650e-03
5.089234515763529032e+01 2.601857917417329559e-03
5.114529266359630810e+01 2.551069355965505329e-03
5.138952878242714206e+01 2.507560482179574304e-03
5.163945178601188246e+01 2.491528981488431126e-03
5.190206698624180603e+01 2.438100144977369856e-03
5.215590084722179398e+01 2.396474175034266161e-03
5.238680673191466042e+01 2.319275437465669141e-03
5.263532591009818873e+01 2.286221611742632418e-03
5.290823119436031874e+01 2.292654944830455933e-03
5.316882575050344428e+01 2.313292694834072002e-03
5.338513341050097694e+01 2.203660378094591307e-03
5.363212510227822349e+01 2.163877011432121557e-03
5.391615723351310407e+01 2.079477565019746850e-03
5.419187693011466678e+01 2.042275595432469469e-03
5.439722241285236493e+01 2.121812986227224716e-03
5.462806064877949552e+01 2.045425421092834234e-03
5.491241494336609463e+01 1.620880061398543475e-03
5.519421446932921782e+01 2.281762726180947519e-03
5.543046826972861396e+01 2.495432747225440496e-03
5.561137265256709128e+01 1.060024587379462683e-03
