3.559856489878782115e-01 7.043371901671122259e+02
6.031648866026231293e-01 1.901233462738606761e+02
8.579160745827347778e-01 9.976817148294051663e+01
1.113464310595710716e+00 5.611576876943539816e+01
1.374039914321364408e+00 2.687909259256893435e+01
1.619154704570298309e+00 2.150138180241613384e+01
1.870686673430271840e+00 1.467734233861900073e+01
2.123290040706380832e+00 9.907496639948591977e+00
2.378144976376236119e+00 7.407178005570312251e+00
2.630489925835516996e+00 6.120972324165682821e+00
2.878653162679494670e+00 4.834569201416430317e+00
3.131144366275339319e+00 3.875694831174032018e+00
3.388159578333816313e+00 3.237000839163204802e+00
3.638741848210948149e+00 2.830053853178130296e+00
3.888315910732085268e+00 2.228492913390836883e+00
4.139052155837465996e+00 2.016811077273477082e+00
4.390305777018236988e+00 1.711136479512466835e+00
4.642172339120373081e+00 1.460512549520487147e+00
4.894678666149941293e+00 1.251362760565938759e+00
5.147269052361176378e+00 1.125968830111541141e+00
5.398003206656323272e+00 1.003361375810484901e+00
5.647798235368590269e+00 8.968560505106223379e-01
5.900534302989873581e+00 8.029629492914708289e-01
6.151460297009074374e+00 7.112520479358712677e-01
6.402630176204441526e+00 6.512947825897059673e-01
6.655964674748322096e+00 5.754873357473097029e-01
6.908782583105771202e+00 5.357052451066239840e-01
7.159060853508338873e+00 4.868204689214749581e-01
7.409414762591408632e+00 4.441194144835104440e-01
7.659227149364629561e+00 4.071218188538775484e-01
7.911559474606142395e+00 3.694624691059658628e-01
8.163750941790897997e+00 3.458100644572120741e-01
8.415757210439384295e+00 3.201519174277829283e-01
8.667638839289207198e+00 2.955798372675766950e-01
8.918801124864609520e+00 2.722443586457880538e-01
9.170480108345369530e+00 2.510637167155447824e-01
9.420566033467249412e+00 2.350479992604083967e-01
9.671642335271435797e+00 2.222340129191628655e-01
9.923426157758477473e+00 2.072506422812065152e-01
1.017396902749181820e+01 1.923779750874833605e-01
1.042533700753922155e+01 1.811920376808772437e-01
1.067702948358784276e+01 1.700708380798799657e-01
1.092969337256462303e+01 1.614001234011343822e-01
1.118211872033766419e+01 1.507642787089687186e-01
1.143346516925797296e+01 1.416393553150068763e-01
1.168350508557724687e+01 1.354482641734034987e-01
1.193379937775929100e+01 1.278052551190176078e-01
1.218553055762879112e+01 1.203759081863042119e-01
1.243711650801278878e+01 1.137676725014507423e-01
1.268867268647359303e+01 1.089591291785079324e-01
1.294075027177769144e+01 1.031388612032749369e-01
1.319267287020158363e+01 9.823301769625712720e-02
1.344470571782862756e+01 9.261834584026625017e-02
1.369480150283709641e+01 8.835322737033789176e-02
1.394591277066507828e+01 8.457195839303767448e-02
1.419764645764527167e+01 8.076693873944602864e-02
1.444766774168416212e+01 7.658665212845827686e-02
1.469906835825429070e+01 7.404623917692350343e-02
1.495059118111036511e+01 7.099592319418811248e-02
1.520261612590052991e+01 6.689065462863090505e-02
1.545415944503929495e+01 6.371807828659345474e-02
1.570456072545780124e+01 6.226605645761030400e-02
1.595705800128773966e+01 5.788206679276199085e-02
1.620829297830731619e+01 5.710276296578755545e-02
1.645966591028190962e+01 5.378699002914408278e-02
1.671125708846596325e+01 5.227865247461236514e-02
1.696160259490052624e+01 5.047021250029571499e-02
1.721370276108077135e+01 4.808487537041858384e-02
1.746543424102250341e+01 4.611386893063806891e-02
1.771598473288305442e+01 4.527825905413997154e-02
1.796653767411944003e+01 4.326845821097245748e-02
1.821765658501893270e+01 4.167239327518281605e-02
1.847053788120423334e+01 3.978676671159569328e-02
1.872257696809484173e+01 3.859528391381721740e-02
1.897394097105746269e+01 3.692729770323415622e-02
1.922542454726159988e+01 3.609467410727323217e-02
1.947607703355479103e+01 3.467835927488610581e-02
1.972678839839982601e+01 3.378554350446961313e-02
1.997802698857814363e+01 3.258390467768036702e-02
2.022863620534168660e+01 3.110941494410473379e-02
2.047969598507238231e+01 3.035565800486587570e-02
2.073250439107362553e+01 2.960247568608996918e-02
2.098435855211640089e+01 2.854326959804635508e-02
2.123502923393334640e+01 2.752135184498047046e-02
2.148629411178690773e+01 2.659732680603078478e-02
2.173831825513516591e+01 2.586343600094633682e-02
2.198972260956887226e+01 2.506709965635729731e-02
2.223974971000711420e+01 2.428160896436139943e-02
2.249141870643862973e+01 2.376091890516828994e-02
2.274404614890906373e+01 2.289620537900792854e-02
2.299521835768831579e+01 2.232194157698039541e-02
2.324620084136223852e+01 2.138389064531047434e-02
2.349757798664387209e+01 2.113540459177484440e-02
2.374870488118759937e+01 2.043668482900191236e-02
2.399988781917473091e+01 1.992000393018722448e-02
2.425071646049711305e+01 1.915579905855288936e-02
2.450187830577813841e+01 1.879667062430104632e-02
2.475391093216606109e+01 1.821043705157074713e-02
2.500524226975159792e+01 1.785342005053973738e-02
2.525610980153284402e+01 1.734296823945939356e-02
2.550801425092822328e+01 1.688589184627670853e-02
2.575943113325822864e+01 1.640773569908175397e-02
2.601074166866445125e+01 1.593618934726824532e-02
2.626234447079615464e+01 1.549140433109262756e-02
2.651347712943701751e+01 1.508491488942492222e-02
2.676474177984877656e+01 1.487247893595797579e-02
2.701628079430242479e+01 1.454130135705048420e-02
2.726734205837282232e+01 1.396709163856642115e-02
2.751837013544679422e+01 1.378987318698128746e-02
2.776937726815812724e+01 1.336396862336981448e-02
2.802070160973895341e+01 1.307300756233845639e-02
2.827249982643487058e+01 1.278873386854663223e-02
2.852407603869968966e+01 1.251098415372914850e-02
2.877567300468570721e+01 1.219594964400944753e-02
2.902733523039245256e+01 1.184814554350379322e-02
2.927861073083739996e+01 1.167045441145376714e-02
2.953003196193969160e+01 1.133809752039487834e-02
2.978106336846375157e+01 1.107950843871072233e-02
3.003148440777084716e+01 1.084466489430055587e-02
3.028303386126418673e+01 1.059358958774120514e-02
3.053456493440382857e+01 1.039428032780166829e-02
3.078585183944906944e+01 1.013126758701329844e-02
3.103757946070165730e+01 9.907439145249555962e-03
3.128931656795834826e+01 9.700081084678249810e-03
3.154125974608096428e+01 9.508050984524814633e-03
3.179158626791808828e+01 9.313194652966500647e-03
3.204196438636942190e+01 9.098783311413562516e-03
3.229344668057169798e+01 8.919342835251852300e-03
3.254489998018084407e+01 8.717801347960378242e-03
3.279660140319880668e+01 8.541539604023455287e-03
3.304772754686901237e+01 8.348397425022751825e-03
3.329949953441923327e+01 8.176385059651751844e-03
3.355173249539067371e+01 8.023719945028011044e-03
3.380235474142784824e+01 7.883085520197860227e-03
3.405292218889088218e+01 7.726698249516368230e-03
3.430455901572810262e+01 7.605235837179541956e-03
3.455605119154291316e+01 7.442783420815815044e-03
3.480708698418615654e+01 7.289491631189476059e-03
3.505823042281740243e+01 7.126122467853579154e-03
3.530983122122644602e+01 6.998014881495880080e-03
3.556111974160763367e+01 6.834396888568187306e-03
3.581195885960364933e+01 6.792836249180877334e-03
3.606348577968052638e+01 6.625836726315919266e-03
3.631495136683125935e+01 6.515307919271360118e-03
3.656646781331610185e+01 6.349813430085287855e-03
3.681800948534306173e+01 6.214988031564193383e-03
3.706942350460822411e+01 6.125302850967899448e-03
3.732119977997001570e+01 5.984081007944680106e-03
3.757249197135423202e+01 5.896896659210427993e-03
3.782324055213251057e+01 5.766418605544804121e-03
3.807430609684078604e+01 5.715595820287435597e-03
3.832526519371521090e+01 5.591317990643449379e-03
3.857704530181875668e+01 5.483568544693758276e-03
3.882896255048217427e+01 5.431737641653589486e-03
3.907976684424035341e+01 5.328234572936242988e-03
3.933085588900704010e+01 5.227072287920053392e-03
3.958184533965361140e+01 5.142732186958712086e-03
3.983320492881626507e+01 5.063825817194091139e-03
4.008506787586624398e+01 4.948999109198124434e-03
4.033569471078550350e+01 4.871613195711413553e-03
4.058701345074587863e+01 4.751274164193073843e-03
4.083916815834436420e+01 4.724473204288698672e-03
4.108978611092747713e+01 4.631315896946759485e-03
4.134119394692694271e+01 4.528040394862164336e-03
4.159372926482761557e+01 4.487427655939252129e-03
4.184480996230068683e+01 4.436175370962508642e-03
4.209495048714620680e+01 4.325245470718140813e-03
4.234568601474854432e+01 4.256961659320828047e-03
4.259794184898333214e+01 4.212965282016231487e-03
4.284922176444433717e+01 4.150901477169441356e-03
4.309982534096671003e+01 4.057110343094403639e-03
4.335153475414617930e+01 4.043548584755140250e-03
4.360374984514007224e+01 3.942704615627343374e-03
4.385432838732079830e+01 3.897254720982033793e-03
4.410529766549178277e+01 3.826445956815814880e-03
4.435675536456894008e+01 3.745191543337987160e-03
4.460756668584335927e+01 3.747779431908092318e-03
4.485812369927145937e+01 3.591529048299902261e-03
4.510933196139897206e+01 3.573195317633229111e-03
4.536097672816924131e+01 3.461859180263223909e-03
4.561261869099184452e+01 3.480378435519012898e-03
4.586346064304911607e+01 3.432274609921484327e-03
4.611435299895526185e+01 3.380594633373111991e-03
4.636610302009028572e+01 3.331942204295221862e-03
4.661726081402038346e+01 3.263490283540692628e-03
4.686748045926628237e+01 3.249584227784631241e-03
4.712001000143001761e+01 3.221031718708478649e-03
4.737334269293729960e+01 3.124854507195912699e-03
4.762357272554871912e+01 3.065925043845385382e-03
4.787295862859781437e+01 3.074481552387464331e-03
4.812686710231834297e+01 3.038817579242633973e-03
4.837988354528783930e+01 2.875639686813971294e-03
4.862698975964909209e+01 2.939584664992749528e-03
4.887931961662670233e+01 2.863135472200338885e-03
4.913512531690142282e+01 2.925466746595805408e-03
4.938486646957150583e+01 2.824966266052314663e-03
4.963073103205424985e+01 2.778293138601123889e-03
4.988316058859187763e+01 2.760003700552186596e-03
5.013927392651110893e+01 2.631078704268411620e-03
5.038898445289544270e+01 2.561139733936193541e-03
5.063791314200675941e+01 2.669643022819995649e-03
5.089234515763529032e+01 2.673602973352576673e-03
5.114529266359630810e+01 2.511235369270337948e-03
5.138952878242714206e+01 2.454578055991008933e-03
5.163945178601188246e+01 2.473071536961999033e-03
5.190206698624180603e+01 2.484005361885303909e-03
5.215590084722179398e+01 2.404400169880115731e-03
5.238680673191466042e+01 2.344382661390178625e-03
5.263532591009818873e+01 2.328396968999260977e-03
5.290823119436031874e+01 2.311945340398106116e-03
5.316882575050344428e+01 2.283220834645733038e-03
5.338513341050097694e+01 2.304141473116264483e-03
5.363212510227822349e+01 2.088840890515815830e-03
5.391615723351310407e+01 2.064196943796639712e-03
5.419187693011466678e+01 2.311034128215035816e-03
5.439722241285236493e+01 2.027013393886865650e-03
5.462806064877949552e+01 1.988978365281252915e-03
5.491241494336609463e+01 2.018505133836529832e-03
5.519421446932921782e+01 2.140373303328558120e-03
5.543046826972861396e+01 1.724254323990545698e-03
5.561137265256709128e+01 1.794698077336870151e-03
