3.559856489878782115e-01 6.135761531938449025e+02
6.031648866026231293e-01 2.301311152704037113e+02
8.579160745827347778e-01 1.044909849369372807e+02
1.113464310595710716e+00 5.213264357542066563e+01
1.374039914321364408e+00 2.923328002021921179e+01
1.619154704570298309e+00 2.001661098458828292e+01
1.870686673430271840e+00 1.473429153052313012e+01
2.123290040706380832e+00 1.048659447795109756e+01
2.378144976376236119e+00 7.822737693710864804e+00
2.630489925835516996e+00 6.579652628092705235e+00
2.878653162679494670e+00 4.620963472163650998e+00
3.131144366275339319e+00 4.046437998184318374e+00
3.388159578333816313e+00 3.381665152441478917e+00
3.638741848210948149e+00 2.753021635055242111e+00
3.888315910732085268e+00 2.290161132578602654e+00
4.139052155837465996e+00 1.903547619842259842e+00
4.390305777018236988e+00 1.676838000381588145e+00
4.642172339120373081e+00 1.447728337747582472e+00
4.894678666149941293e+00 1.266271703956356909e+00
5.147269052361176378e+00 1.129446145388785849e+00
5.398003206656323272e+00 1.001722389491497056e+00
5.647798235368590269e+00 9.056159024229906152e-01
5.900534302989873581e+00 8.051468322505819231e-01
6.151460297009074374e+00 7.173393751974190824e-01
6.402630176204441526e+00 6.491635292556763304e-01
6.655964674748322096e+00 5.824594036939670927e-01
6.908782583105771202e+00 5.199911164960239196e-01
7.159060853508338873e+00 4.776506739959999748e-01
7.409414762591408632e+00 4.363894650844903911e-01
7.659227149364629561e+00 4.082390970000311370e-01
7.911559474606142395e+00 3.740570976011347026e-01
8.163750941790897997e+00 3.453815389046992479e-01
8.415757210439384295e+00 3.158712593004979197e-01
8.667638839289207198e+00 2.934341886252715415e-01
8.918801124864609520e+00 2.690000838829658680e-01
9.170480108345369530e+00 2.550999913796775931e-01
9.420566033467249412e+00 2.372993606038475978e-01
9.671642335271435797e+00 2.255247931550292684e-01
9.923426157758477473e+00 2.102803092249616590e-01
1.017396902749181820e+01 1.912113740839555820e-01
1.042533700753922155e+01 1.797829470526178253e-01
1.067702948358784276e+01 1.736265322857022675e-01
1.092969337256462303e+01 1.608281827917886764e-01
1.118211872033766419e+01 1.496643631746716885e-01
1.143346516925797296e+01 1.411537050578577923e-01
1.168350508557724687e+01 1.363133347335372114e-01
1.193379937775929100e+01 1.286620486929522245e-01
1.218553055762879112e+01 1.203169416338206732e-01
1.243711650801278878e+01 1.147219734064807289e-01
1.268867268647359303e+01 1.081890863265410896e-01
1.294075027177769144e+01 1.031534350361857366e-01
1.319267287020158363e+01 9.682375116811117732e-02
1.344470571782862756e+01 9.209203238455188067e-02
1.369480150283709641e+01 8.759037625858280551e-02
1.394591277066507828e+01 8.480952932087265639e-02
1.419764645764527167e+01 8.095479673221507577e-02
1.444766774168416212e+01 7.628670680196825149e-02
1.469906835825429070e+01 7.338028671301899397e-02
1.495059118111036511e+01 7.029161591215556115e-02
1.520261612590052991e+01 6.657758183762718662e-02
1.545415944503929495e+01 6.450796714804035714e-02
1.570456072545780124e+01 6.184093640856889312e-02
1.595705800128773966e+01 5.920566215273299904e-02
1.620829297830731619e+01 5.621475381352140227e-02
1.645966591028190962e+01 5.476837385846915207e-02
1.671125708846596325e+01 5.215262071612745964e-02
1.696160259490052624e+01 5.076416884139672847e-02
1.721370276108077135e+01 4.835829588739465335e-02
1.746543424102250341e+01 4.611298725696220957e-02
1.771598473288305442e+01 4.442642439130618098e-02
1.796653767411944003e+01 4.316082276398474499e-02
1.821765658501893270e+01 4.121275653489764323e-02
1.847053788120423334e+01 4.000695942050104537e-02
1.872257696809484173e+01 3.876823325170660611e-02
1.897394097105746269e+01 3.735519665869350969e-02
1.922542454726159988e+01 3.602158659271827157e-02
1.947607703355479103e+01 3.464988070171436119e-02
1.972678839839982601e+01 3.365959278702118640e-02
1.997802698857814363e+01 3.251533355702992956e-02
2.022863620534168660e+01 3.126480269094274178e-02
2.047969598507238231e+01 3.037525744645268658e-02
2.073250439107362553e+01 2.938721126080507881e-02
2.098435855211640089e+01 2.839104279324657781e-02
2.123502923393334640e+01 2.749433315542310421e-02
2.148629411178690773e+01 2.678403945230733649e-02
2.173831825513516591e+01 2.583629276316777926e-02
2.198972260956887226e+01 2.514511931310735651e-02
2.223974971000711420e+01 2.429225912941439594e-02
2.249141870643862973e+01 2.366981871891029460e-02
2.274404614890906373e+01 2.296997719485286901e-02
2.299521835768831579e+01 2.233837368457381595e-02
2.324620084136223852e+01 2.158297816331318855e-02
2.349757798664387209e+01 2.096866092452454380e-02
2.374870488118759937e+01 2.028893163483085071e-02
2.399988781917473091e+01 1.979211211272421250e-02
2.425071646049711305e+01 1.939919722878761035e-02
2.450187830577813841e+01 1.872587385911712518e-02
2.475391093216606109e+01 1.830987152836236614e-02
2.500524226975159792e+01 1.770876672869628465e-02
2.525610980153284402e+01 1.725796410219549923e-02
2.550801425092822328e+01 1.677355424340275583e-02
2.575943113325822864e+01 1.629775748652815409e-02
2.601074166866445125e+01 1.599823093270762858e-02
2.626234447079615464e+01 1.557296393641785341e-02
2.651347712943701751e+01 1.521639909018275387e-02
2.676474177984877656e+01 1.471593152108127689e-02
2.701628079430242479e+01 1.444632609116768517e-02
2.726734205837282232e+01 1.405609231562513113e-02
2.751837013544679422e+01 1.376852747432479214e-02
2.776937726815812724e+01 1.344452583038138575e-02
2.802070160973895341e+01 1.300770754342701722e-02
2.827249982643487058e+01 1.285651126351118612e-02
2.852407603869968966e+01 1.248429296837444066e-02
2.877567300468570721e+01 1.215999524434387830e-02
2.902733523039245256e+01 1.190027818617560643e-02
2.927861073083739996e+01 1.157107181361855669e-02
2.953003196193969160e+01 1.132973290504595519e-02
2.978106336846375157e+01 1.104550644687815261e-02
3.003148440777084716e+01 1.085481208576158894e-02
3.028303386126418673e+01 1.059278833024092370e-02
3.053456493440382857e+01 1.037513040809519109e-02
3.078585183944906944e+01 1.009733800512037198e-02
3.103757946070165730e+01 9.902211557119875579e-03
3.128931656795834826e+01 9.724917674891777469e-03
3.154125974608096428e+01 9.518030603107239737e-03
3.179158626791808828e+01 9.349638428929647402e-03
3.204196438636942190e+01 9.124524510091831797e-03
3.229344668057169798e+01 8.892370286916697134e-03
3.254489998018084407e+01 8.681050064438531819e-03
3.279660140319880668e+01 8.514331917600159033e-03
3.304772754686901237e+01 8.372579924348446528e-03
3.329949953441923327e+01 8.212726061161072788e-03
3.355173249539067371e+01 8.062999822301360198e-03
3.380235474142784824e+01 7.929361380771058135e-03
3.405292218889088218e+01 7.676731593401277774e-03
3.430455901572810262e+01 7.607449626994163688e-03
3.455605119154291316e+01 7.457849760260729273e-03
3.480708698418615654e+01 7.270543804146747426e-03
3.505823042281740243e+01 7.090567149700278092e-03
3.530983122122644602e+01 6.963918605365278236e-03
3.556111974160763367e+01 6.871351104198151344e-03
3.581195885960364933e+01 6.715762017268466291e-03
3.606348577968052638e+01 6.594316773641036890e-03
3.631495136683125935e+01 6.468183553987868345e-03
3.656646781331610185e+01 6.335647329035989234e-03
3.681800948534306173e+01 6.240775197097000668e-03
3.706942350460822411e+01 6.126545241229902107e-03
3.732119977997001570e+01 6.042964618512214163e-03
3.757249197135423202e+01 5.938110503116016646e-03
3.782324055213251057e+01 5.765840911447524600e-03
3.807430609684078604e+01 5.719555487960219405e-03
3.832526519371521090e+01 5.616203546229318888e-03
3.857704530181875668e+01 5.495150298370577238e-03
3.882896255048217427e+01 5.404588965505760512e-03
3.907976684424035341e+01 5.295253887443793564e-03
3.933085588900704010e+01 5.218106313444654046e-03
3.958184533965361140e+01 5.139673863427634062e-03
3.983320492881626507e+01 5.066020928780368658e-03
4.008506787586624398e+01 4.915466733691851477e-03
4.033569471078550350e+01 4.875198939215322561e-03
4.058701345074587863e+01 4.763998723442504878e-03
4.083916815834436420e+01 4.718138236819945791e-03
4.108978611092747713e+01 4.645469214812058059e-03
4.134119394692694271e+01 4.564313316569725693e-03
4.159372926482761557e+01 4.479520922446560832e-03
4.184480996230068683e+01 4.417473535769532791e-03
4.209495048714620680e+01 4.311407997476496973e-03
4.234568601474854432e+01 4.270404844164173673e-03
4.259794184898333214e+01 4.191881039551176302e-03
4.284922176444433717e+01 4.128681510776011261e-03
4.309982534096671003e+01 4.045915949319558481e-03
4.335153475414617930e+01 3.968004911544525427e-03
4.360374984514007224e+01 3.944123998621830093e-03
4.385432838732079830e+01 3.895148043002860574e-03
4.410529766549178277e+01 3.818433443880011290e-03
4.435675536456894008e+01 3.770916456839512425e-03
4.460756668584335927e+01 3.708827181084861559e-03
4.485812369927145937e+01 3.673781351801524205e-03
4.510933196139897206e+01 3.636928074753654865e-03
4.536097672816924131e+01 3.561851506510164099e-03
4.561261869099184452e+01 3.476950919547787226e-03
4.586346064304911607e+01 3.427851066177239458e-03
4.611435299895526185e+01 3.369357420123488857e-03
4.636610302009028572e+01 3.349297227750759436e-03
4.661726081402038346e+01 3.281514506774058180e-03
4.686748045926628237e+01 3.269482600446943239e-03
4.712001000143001761e+01 3.195148570114105750e-03
4.737334269293729960e+01 3.184942677081455641e-03
4.762357272554871912e+01 3.062812804699441456e-03
4.787295862859781437e+01 3.050839508480010336e-03
4.812686710231834297e+01 2.993767392881391959e-03
4.837988354528783930e+01 2.950366855342633800e-03
4.862698975964909209e+01 2.910871637399565191e-03
4.887931961662670233e+01 2.829615748898927849e-03
4.913512531690142282e+01 2.819668165520128854e-03
4.938486646957150583e+01 2.811194836478421184e-03
4.963073103205424985e+01 2.795068280969390927e-03
4.988316058859187763e+01 2.752538166380805087e-03
5.013927392651110893e+01 2.709879579839400560e-03
5.038898445289544270e+01 2.627866578730697882e-03
5.063791314200675941e+01 2.625590388970022986e-03
5.089234515763529032e+01 2.614116176782991987e-03
5.114529266359630810e+01 2.564714471230479173e-03
5.138952878242714206e+01 2.577154824872909030e-03
5.163945178601188246e+01 2.418798888329497850e-03
5.190206698624180603e+01 2.465684051754201724e-03
5.215590084722179398e+01 2.422583517482837685e-03
5.238680673191466042e+01 2.281301835366047071e-03
5.263532591009818873e+01 2.300865722717845233e-03
5.290823119436031874e+01 2.374518492063576892e-03
5.316882575050344428e+01 2.395170593805614340e-03
5.338513341050097694e+01 2.335960932001486176e-03
5.363212510227822349e+01 2.307273213833707128e-03
5.391615723351310407e+01 2.147862215997685398e-03
5.419187693011466678e+01 2.243003881772957526e-03
5.439722241285236493e+01 1.883513327158787545e-03
5.462806064877949552e+01 2.224033915384680208e-03
5.491241494336609463e+01 1.924718900949079405e-03
5.519421446932921782e+01 2.305328779613365769e-03
5.543046826972861396e+01 1.271467864372280866e-03
5.561137265256709128e+01 2.561801083936958347e-03
