3.559856489878782115e-01 6.543209701446440931e+02
6.031648866026231293e-01 1.954690062968051905e+02
8.579160745827347778e-01 9.771739491656408916e+01
1.113464310595710716e+00 5.166390728605352933e+01
1.374039914321364408e+00 3.238917090553016465e+01
1.619154704570298309e+00 2.018501659124126846e+01
1.870686673430271840e+00 1.323221164430434804e+01
2.123290040706380832e+00 1.030150239771195864e+01
2.378144976376236119e+00 7.498169807522194752e+00
2.630489925835516996e+00 6.351632879119920361e+00
2.878653162679494670e+00 4.941913792945357820e+00
3.131144366275339319e+00 4.206795823167362336e+00
3.388159578333816313e+00 3.222061743546085655e+00
3.638741848210948149e+00 2.651397496306616031e+00
3.888315910732085268e+00 2.323552409794363616e+00
4.139052155837465996e+00 2.038999625608904687e+00
4.390305777018236988e+00 1.659356046088930059e+00
4.642172339120373081e+00 1.498148221993511164e+00
4.894678666149941293e+00 1.342606829287026793e+00
5.147269052361176378e+00 1.132275982468979647e+00
5.398003206656323272e+00 1.018518492825795985e+00
5.647798235368590269e+00 9.162614492201023308e-01
5.900534302989873581e+00 7.954466283074693722e-01
6.151460297009074374e+00 7.191865155585059899e-01
6.402630176204441526e+00 6.365415374374077118e-01
6.655964674748322096e+00 5.872963580664629646e-01
6.908782583105771202e+00 5.325745482843575740e-01
7.159060853508338873e+00 4.845491349982161688e-01
7.409414762591408632e+00 4.294100978163802318e-01
7.659227149364629561e+00 4.052761906501127775e-01
7.911559474606142395e+00 3.775305157975314407e-01
8.163750941790897997e+00 3.414427591709995879e-01
8.415757210439384295e+00 3.222922779791768666e-01
8.667638839289207198e+00 2.886827720706575673e-01
8.918801124864609520e+00 2.717242115893025445e-01
9.170480108345369530e+00 2.556740793335254280e-01
9.420566033467249412e+00 2.399431764628216501e-01
9.671642335271435797e+00 2.216365374405879218e-01
9.923426157758477473e+00 2.051818312670560251e-01
1.017396902749181820e+01 1.905934687767247837e-01
1.042533700753922155e+01 1.821236999607552531e-01
1.067702948358784276e+01 1.706676696458268583e-01
1.092969337256462303e+01 1.604730006970279399e-01
1.118211872033766419e+01 1.500140720867850774e-01
1.143346516925797296e+01 1.450819022487924714e-01
1.168350508557724687e+01 1.344477322928292751e-01
1.193379937775929100e+01 1.264704518302108283e-01
1.218553055762879112e+01 1.207828558167717975e-01
1.243711650801278878e+01 1.144292288434788918e-01
1.268867268647359303e+01 1.101807959012384014e-01
1.294075027177769144e+01 1.027035479794172063e-01
1.319267287020158363e+01 9.798661277560902216e-02
1.344470571782862756e+01 9.336378087734786835e-02
1.369480150283709641e+01 8.872821708445215172e-02
1.394591277066507828e+01 8.451190524279231231e-02
1.419764645764527167e+01 8.092622831238907577e-02
1.444766774168416212e+01 7.683998015622692246e-02
1.469906835825429070e+01 7.390164599834313230e-02
1.495059118111036511e+01 7.033643559965507830e-02
1.520261612590052991e+01 6.715072843960216697e-02
1.545415944503929495e+01 6.407337258651119027e-02
1.570456072545780124e+01 6.153588765954585982e-02
1.595705800128773966e+01 5.801649557090859249e-02
1.620829297830731619e+01 5.671415940854968030e-02
1.645966591028190962e+01 5.391464890450967107e-02
1.671125708846596325e+01 5.274330878370976639e-02
1.696160259490052624e+01 5.045482909072036837e-02
1.721370276108077135e+01 4.830408643473388386e-02
1.746543424102250341e+01 4.647528999605055056e-02
1.771598473288305442e+01 4.473903333541826011e-02
1.796653767411944003e+01 4.292554200103886747e-02
1.821765658501893270e+01 4.147375595709554275e-02
1.847053788120423334e+01 3.991507135837405601e-02
1.872257696809484173e+01 3.855801805456172265e-02
1.897394097105746269e+01 3.711165534312228786e-02
1.922542454726159988e+01 3.625073701055595010e-02
1.947607703355479103e+01 3.453897068458910286e-02
1.972678839839982601e+01 3.352432583325422322e-02
1.997802698857814363e+01 3.246000422274125663e-02
2.022863620534168660e+01 3.150107269981238661e-02
2.047969598507238231e+01 3.033551177599882673e-02
2.073250439107362553e+01 2.930467712739905084e-02
2.098435855211640089e+01 2.850531130336991792e-02
2.123502923393334640e+01 2.756225613253170115e-02
2.148629411178690773e+01 2.688425259824309133e-02
2.173831825513516591e+01 2.600864090532542180e-02
2.198972260956887226e+01 2.514494167144972273e-02
2.223974971000711420e+01 2.445257662307536925e-02
2.249141870643862973e+01 2.378526781891923680e-02
2.274404614890906373e+01 2.282537860259185175e-02
2.299521835768831579e+01 2.227919284492719046e-02
2.324620084136223852e+01 2.153755470110735315e-02
2.349757798664387209e+01 2.097637155586606558e-02
2.374870488118759937e+01 2.051567639708668303e-02
2.399988781917473091e+01 1.984576008129044361e-02
2.425071646049711305e+01 1.940986502053710858e-02
2.450187830577813841e+01 1.884312076420972121e-02
2.475391093216606109e+01 1.825352890214988061e-02
2.500524226975159792e+01 1.767305962091086230e-02
2.525610980153284402e+01 1.732516064701587061e-02
2.550801425092822328e+01 1.688138486120532508e-02
2.575943113325822864e+01 1.643114273891693733e-02
2.601074166866445125e+01 1.603397312476547223e-02
2.626234447079615464e+01 1.555938256811218758e-02
2.651347712943701751e+01 1.522882141457976637e-02
2.676474177984877656e+01 1.472973475740735512e-02
2.701628079430242479e+01 1.448042990303158653e-02
2.726734205837282232e+01 1.407371649716236163e-02
2.751837013544679422e+01 1.374187667478822886e-02
2.776937726815812724e+01 1.338774830654625679e-02
2.802070160973895341e+01 1.310076184171660857e-02
2.827249982643487058e+01 1.274980842514631361e-02
2.852407603869968966e+01 1.243182204735245044e-02
2.877567300468570721e+01 1.216670383792408522e-02
2.902733523039245256e+01 1.182072503509435865e-02
2.927861073083739996e+01 1.160942439472758929e-02
2.953003196193969160e+01 1.130965136367918268e-02
2.978106336846375157e+01 1.109857823659982957e-02
3.003148440777084716e+01 1.078717134928894837e-02
3.028303386126418673e+01 1.056769180572598998e-02
3.053456493440382857e+01 1.036945725627494777e-02
3.078585183944906944e+01 1.012635190095986792e-02
3.103757946070165730e+01 9.958482264891118860e-03
3.128931656795834826e+01 9.696726114389344481e-03
3.154125974608096428e+01 9.506781112714598678e-03
3.179158626791808828e+01 9.306117976937484937e-03
3.204196438636942190e+01 9.037373323907029257e-03
3.229344668057169798e+01 8.925061754493921959e-03
3.254489998018084407e+01 8.716387542893808821e-03
3.279660140319880668e+01 8.523586663385613466e-03
3.304772754686901237e+01 8.377481292499768320e-03
3.329949953441923327e+01 8.172040161919176190e-03
3.355173249539067371e+01 8.047990952301927944e-03
3.380235474142784824e+01 7.909333985359629990e-03
3.405292218889088218e+01 7.691994961167587970e-03
3.430455901572810262e+01 7.598748674190616316e-03
3.455605119154291316e+01 7.414394984909121640e-03
3.480708698418615654e+01 7.273946177060367987e-03
3.505823042281740243e+01 7.152111024109647497e-03
3.530983122122644602e+01 7.027374519203879837e-03
3.556111974160763367e+01 6.861782871305473382e-03
3.581195885960364933e+01 6.751276454956415055e-03
3.606348577968052638e+01 6.597410570850791717e-03
3.631495136683125935e+01 6.457725378632145699e-03
3.656646781331610185e+01 6.323786476064005568e-03
3.681800948534306173e+01 6.263962195694976372e-03
3.706942350460822411e+01 6.132083123555622309e-03
3.732119977997001570e+01 5.976979115406885756e-03
3.757249197135423202e+01 5.905011941948885151e-03
3.782324055213251057e+01 5.817064795050733844e-03
3.807430609684078604e+01 5.711228522373316963e-03
3.832526519371521090e+01 5.624547998041994241e-03
3.857704530181875668e+01 5.517613378808473509e-03
3.882896255048217427e+01 5.393691411623060226e-03
3.907976684424035341e+01 5.321870653575988715e-03
3.933085588900704010e+01 5.198457632126020876e-03
3.958184533965361140e+01 5.163734192616727808e-03
3.983320492881626507e+01 5.052341617717913402e-03
4.008506787586624398e+01 4.984058005319090198e-03
4.033569471078550350e+01 4.882775504471126120e-03
4.058701345074587863e+01 4.810395401805000158e-03
4.083916815834436420e+01 4.695295640590170690e-03
4.108978611092747713e+01 4.640889113080199323e-03
4.134119394692694271e+01 4.570498993654774876e-03
4.159372926482761557e+01 4.478643507775964538e-03
4.184480996230068683e+01 4.403150270127087137e-03
4.209495048714620680e+01 4.322722742456723034e-03
4.234568601474854432e+01 4.219383078959915157e-03
4.259794184898333214e+01 4.170041753078480851e-03
4.284922176444433717e+01 4.149078124173421166e-03
4.309982534096671003e+01 4.082322602141628433e-03
4.335153475414617930e+01 4.030416617016754736e-03
4.360374984514007224e+01 3.945885628341853912e-03
4.385432838732079830e+01 3.875359633809774725e-03
4.410529766549178277e+01 3.817896498667531190e-03
4.435675536456894008e+01 3.778132635230637207e-03
4.460756668584335927e+01 3.671552424753277491e-03
4.485812369927145937e+01 3.643857392977916613e-03
4.510933196139897206e+01 3.608837806329953917e-03
4.536097672816924131e+01 3.495793755508927198e-03
4.561261869099184452e+01 3.474062261690666949e-03
4.586346064304911607e+01 3.402183188013525785e-03
4.611435299895526185e+01 3.352591783211108633e-03
4.636610302009028572e+01 3.329443849910661887e-03
4.661726081402038346e+01 3.302499167450433700e-03
4.686748045926628237e+01 3.227109036060899199e-03
4.712001000143001761e+01 3.214541559920390014e-03
4.737334269293729960e+01 3.110681341682031750e-03
4.762357272554871912e+01 3.107522469358732151e-03
4.787295862859781437e+01 3.062847395455209430e-03
4.812686710231834297e+01 3.034561433854124357e-03
4.837988354528783930e+01 2.949807913752517698e-03
4.862698975964909209e+01 2.912648355084780042e-03
4.887931961662670233e+01 2.912095472267380112e-03
4.913512531690142282e+01 2.783868441304577189e-03
4.938486646957150583e+01 2.803348444166243493e-03
4.963073103205424985e+01 2.761059683713526502e-03
4.988316058859187763e+01 2.723488426812380615e-03
5.013927392651110893e+01 2.718479838072737718e-03
5.038898445289544270e+01 2.628179052933322241e-03
5.063791314200675941e+01 2.628568866592348192e-03
5.089234515763529032e+01 2.537931751660998849e-03
5.114529266359630810e+01 2.568109851085805407e-03
5.138952878242714206e+01 2.470347256276465234e-03
5.163945178601188246e+01 2.543133177817969489e-03
5.190206698624180603e+01 2.479349252834524633e-03
5.215590084722179398e+01 2.375640848225113455e-03
5.238680673191466042e+01 2.381976517537404917e-03
5.263532591009818873e+01 2.430200804733719314e-03
5.290823119436031874e+01 2.409815182801194368e-03
5.316882575050344428e+01 2.218063515388286888e-03
5.338513341050097694e+01 2.288253645522858766e-03
5.363212510227822349e+01 2.340208161525100892e-03
5.391615723351310407e+01 2.228162783173556934e-03
5.419187693011466678e+01 2.205644555766873589e-03
5.439722241285236493e+01 1.998398327337892657e-03
5.462806064877949552e+01 2.269235692156594715e-03
5.491241494336609463e+01 2.091398016749736535e-03
5.519421446932921782e+01 2.053496649692506965e-03
5.543046826972861396e+01 7.287138292678635530e-04
5.561137265256709128e+01 2.346534214137697538e-03
