3.559856489878782115e-01 3.950523481745646563e+02
6.031648866026231293e-01 1.654338984692582812e+02
8.579160745827347778e-01 9.042527026274115087e+01
1.113464310595710716e+00 5.693507230166935074e+01
1.374039914321364408e+00 2.816594543533684103e+01
1.619154704570298309e+00 1.824220413670181529e+01
1.870686673430271840e+00 1.397580315406018237e+01
2.123290040706380832e+00 1.059584598740081951e+01
2.378144976376236119e+00 7.230773721168413104e+00
2.630489925835516996e+00 5.939431171960134925e+00
2.878653162679494670e+00 4.666223732272287705e+00
3.131144366275339319e+00 3.986464994113278593e+00
3.388159578333816313e+00 3.338492748718624448e+00
3.638741848210948149e+00 2.856650971836240060e+00
3.888315910732085268e+00 2.408829412858672470e+00
4.139052155837465996e+00 1.979853723954857037e+00
4.390305777018236988e+00 1.635898853428550792e+00
4.642172339120373081e+00 1.407136734152992563e+00
4.894678666149941293e+00 1.336075784333597749e+00
5.147269052361176378e+00 1.142488043003563547e+00
5.398003206656323272e+00 1.019782736328945560e+00
5.647798235368590269e+00 9.010861763285807902e-01
5.900534302989873581e+00 7.874174882657960506e-01
6.151460297009074374e+00 7.321716509146271035e-01
6.402630176204441526e+00 6.609862272430734320e-01
6.655964674748322096e+00 5.874670452890370376e-01
6.908782583105771202e+00 5.317028085423297634e-01
7.159060853508338873e+00 4.874948131912867355e-01
7.409414762591408632e+00 4.478065082340367264e-01
7.659227149364629561e+00 4.076900789547222570e-01
7.911559474606142395e+00 3.692232676651063250e-01
8.163750941790897997e+00 3.483701575848600074e-01
8.415757210439384295e+00 3.136956719462605236e-01
8.667638839289207198e+00 2.940910866825556802e-01
8.918801124864609520e+00 2.749296821734361629e-01
9.170480108345369530e+00 2.553871575979350106e-01
9.420566033467249412e+00 2.374277786522437927e-01
9.671642335271435797e+00 2.180883716218344481e-01
9.923426157758477473e+00 2.088623967681120797e-01
1.017396902749181820e+01 1.920299691577401491e-01
1.042533700753922155e+01 1.803033333551967154e-01
1.067702948358784276e+01 1.731057021146807928e-01
1.092969337256462303e+01 1.612280239693225370e-01
1.118211872033766419e+01 1.510746444048627901e-01
1.143346516925797296e+01 1.426459114445529919e-01
1.168350508557724687e+01 1.346437486445604126e-01
1.193379937775929100e+01 1.277055089480062244e-01
1.218553055762879112e+01 1.194272496778012171e-01
1.243711650801278878e+01 1.143949584814892007e-01
1.268867268647359303e+01 1.086638712452251548e-01
1.294075027177769144e+01 1.034651588965888186e-01
1.319267287020158363e+01 9.714268506623373323e-02
1.344470571782862756e+01 9.266453147913418509e-02
1.369480150283709641e+01 8.754315131792804461e-02
1.394591277066507828e+01 8.496446373192326207e-02
1.419764645764527167e+01 8.083051555457367032e-02
1.444766774168416212e+01 7.726923316050855750e-02
1.469906835825429070e+01 7.356239402227780777e-02
1.495059118111036511e+01 6.997375041241392368e-02
1.520261612590052991e+01 6.783747166837571230e-02
1.545415944503929495e+01 6.433578971062714480e-02
1.570456072545780124e+01 6.122907841821303293e-02
1.595705800128773966e+01 5.936089822757592560e-02
1.620829297830731619e+01 5.693033836463447239e-02
1.645966591028190962e+01 5.454975060956741839e-02
1.671125708846596325e+01 5.250280860664888888e-02
1.696160259490052624e+01 4.974850873781171828e-02
1.721370276108077135e+01 4.821283224413129564e-02
1.746543424102250341e+01 4.672909032326193202e-02
1.771598473288305442e+01 4.514663519714653961e-02
1.796653767411944003e+01 4.304044035420342973e-02
1.821765658501893270e+01 4.161680664237377841e-02
1.847053788120423334e+01 3.997722780341212562e-02
1.872257696809484173e+01 3.876980600807272692e-02
1.897394097105746269e+01 3.712624200308976830e-02
1.922542454726159988e+01 3.590778604901431054e-02
1.947607703355479103e+01 3.484923068272375440e-02
1.972678839839982601e+01 3.375087017970740400e-02
1.997802698857814363e+01 3.254709254533691420e-02
2.022863620534168660e+01 3.152443033727249377e-02
2.047969598507238231e+01 3.050109722512940949e-02
2.073250439107362553e+01 2.941644484531014472e-02
2.098435855211640089e+01 2.849279346884846936e-02
2.123502923393334640e+01 2.756306360588880663e-02
2.148629411178690773e+01 2.677242785841696393e-02
2.173831825513516591e+01 2.594419913794606194e-02
2.198972260956887226e+01 2.495138832017968974e-02
2.223974971000711420e+01 2.434683713796483365e-02
2.249141870643862973e+01 2.357135209707976117e-02
2.274404614890906373e+01 2.296746124134371736e-02
2.299521835768831579e+01 2.224506137266385464e-02
2.324620084136223852e+01 2.154757393706285135e-02
2.349757798664387209e+01 2.085723976670500468e-02
2.374870488118759937e+01 2.048244425133686694e-02
2.399988781917473091e+01 1.978410543355463985e-02
2.425071646049711305e+01 1.927576113086107434e-02
2.450187830577813841e+01 1.871210361377241560e-02
2.475391093216606109e+01 1.813891287695402338e-02
2.500524226975159792e+01 1.772937370722417472e-02
2.525610980153284402e+01 1.729727486151430571e-02
2.550801425092822328e+01 1.683484531881032642e-02
2.575943113325822864e+01 1.631437714055376104e-02
2.601074166866445125e+01 1.589064688012196622e-02
2.626234447079615464e+01 1.562519232832278518e-02
2.651347712943701751e+01 1.507913762467540976e-02
2.676474177984877656e+01 1.471703997719640659e-02
2.701628079430242479e+01 1.439873518271802925e-02
2.726734205837282232e+01 1.402652454724123525e-02
2.751837013544679422e+01 1.371983004922631630e-02
2.776937726815812724e+01 1.337832042287236470e-02
2.802070160973895341e+01 1.294250117471220166e-02
2.827249982643487058e+01 1.269346425795057388e-02
2.852407603869968966e+01 1.245816696906824200e-02
2.877567300468570721e+01 1.221306365146804240e-02
2.902733523039245256e+01 1.190629030026175289e-02
2.927861073083739996e+01 1.162570078481112851e-02
2.953003196193969160e+01 1.132483784312588414e-02
2.978106336846375157e+01 1.116203431368066948e-02
3.003148440777084716e+01 1.078104861780344870e-02
3.028303386126418673e+01 1.054158392520603699e-02
3.053456493440382857e+01 1.038447850084872615e-02
3.078585183944906944e+01 1.011286155627920055e-02
3.103757946070165730e+01 9.915473222709324241e-03
3.128931656795834826e+01 9.713560019292194134e-03
3.154125974608096428e+01 9.538320766189399558e-03
3.179158626791808828e+01 9.259146478372472927e-03
3.204196438636942190e+01 9.077621341847910350e-03
3.229344668057169798e+01 8.876101189550813370e-03
3.254489998018084407e+01 8.730989808382570716e-03
3.279660140319880668e+01 8.579043622842499536e-03
3.304772754686901237e+01 8.371187881565666372e-03
3.329949953441923327e+01 8.186902138279966712e-03
3.355173249539067371e+01 8.067682317853668364e-03
3.380235474142784824e+01 7.914112015499904368e-03
3.405292218889088218e+01 7.734982313055671285e-03
3.430455901572810262e+01 7.543109844756653616e-03
3.455605119154291316e+01 7.407917972381369842e-03
3.480708698418615654e+01 7.278263090882608824e-03
3.505823042281740243e+01 7.112345161469601530e-03
3.530983122122644602e+01 6.986558888269867734e-03
3.556111974160763367e+01 6.853792415384808191e-03
3.581195885960364933e+01 6.702209693165027751e-03
3.606348577968052638e+01 6.617287343144866163e-03
3.631495136683125935e+01 6.448516865172247703e-03
3.656646781331610185e+01 6.339310988095573154e-03
3.681800948534306173e+01 6.226064707182760172e-03
3.706942350460822411e+01 6.119630434942731172e-03
3.732119977997001570e+01 6.019919152773160753e-03
3.757249197135423202e+01 5.908526758099641972e-03
3.782324055213251057e+01 5.811498059359923238e-03
3.807430609684078604e+01 5.712641611289620558e-03
3.832526519371521090e+01 5.606539911356817930e-03
3.857704530181875668e+01 5.507354596624609855e-03
3.882896255048217427e+01 5.408454659544347995e-03
3.907976684424035341e+01 5.339871618863557996e-03
3.933085588900704010e+01 5.211472900090961813e-03
3.958184533965361140e+01 5.113716990641041342e-03
3.983320492881626507e+01 5.052053640717076542e-03
4.008506787586624398e+01 4.990211347988457967e-03
4.033569471078550350e+01 4.895396135474613941e-03
4.058701345074587863e+01 4.774720639853277659e-03
4.083916815834436420e+01 4.683482854084065720e-03
4.108978611092747713e+01 4.666451676478017979e-03
4.134119394692694271e+01 4.557657952672780621e-03
4.159372926482761557e+01 4.489492058337973650e-03
4.184480996230068683e+01 4.385982042716258557e-03
4.209495048714620680e+01 4.356759426019686521e-03
4.234568601474854432e+01 4.273431481144682534e-03
4.259794184898333214e+01 4.208827659721905631e-03
4.284922176444433717e+01 4.148359794529174992e-03
4.309982534096671003e+01 4.094657064843946863e-03
4.335153475414617930e+01 4.012595778158570443e-03
4.360374984514007224e+01 3.938868262604024346e-03
4.385432838732079830e+01 3.894065868672990684e-03
4.410529766549178277e+01 3.831715337126463325e-03
4.435675536456894008e+01 3.783348940824832717e-03
4.460756668584335927e+01 3.698536600490345046e-03
4.485812369927145937e+01 3.684413184860513280e-03
4.510933196139897206e+01 3.621427194193692790e-03
4.536097672816924131e+01 3.545599495234401637e-03
4.561261869099184452e+01 3.458542091095984268e-03
4.586346064304911607e+01 3.422426177355865351e-03
4.611435299895526185e+01 3.343735423559339101e-03
4.636610302009028572e+01 3.326207433058258819e-03
4.661726081402038346e+01 3.272363460536604866e-03
4.686748045926628237e+01 3.258440607054151339e-03
4.712001000143001761e+01 3.126708980436130898e-03
4.737334269293729960e+01 3.157869638821339357e-03
4.762357272554871912e+01 3.070675374785847029e-03
4.787295862859781437e+01 3.049444414392397246e-03
4.812686710231834297e+01 3.020031499672822060e-03
4.837988354528783930e+01 2.991611206656598007e-03
4.862698975964909209e+01 2.939129227914778590e-03
4.887931961662670233e+01 2.857992720503976531e-03
4.913512531690142282e+01 2.802575299144266941e-03
4.938486646957150583e+01 2.840433231072280081e-03
4.963073103205424985e+01 2.806685592702631502e-03
4.988316058859187763e+01 2.707685748155799071e-03
5.013927392651110893e+01 2.783463385182096198e-03
5.038898445289544270e+01 2.632448825731724222e-03
5.063791314200675941e+01 2.637429286752257518e-03
5.089234515763529032e+01 2.551624946672333572e-03
5.114529266359630810e+01 2.484945139117385269e-03
5.138952878242714206e+01 2.461731895939374762e-03
5.163945178601188246e+01 2.441600543734140545e-03
5.190206698624180603e+01 2.400193625565027848e-03
5.215590084722179398e+01 2.394632687727710988e-03
5.238680673191466042e+01 2.374147205626540164e-03
5.263532591009818873e+01 2.313714786959636914e-03
5.290823119436031874e+01 2.217106962807251832e-03
5.316882575050344428e+01 2.373683362533157704e-03
5.338513341050097694e+01 2.290363881480330689e-03
5.363212510227822349e+01 2.193122402504589594e-03
5.391615723351310407e+01 2.045326319590252788e-03
5.419187693011466678e+01 2.274315391736695443e-03
5.439722241285236493e+01 2.269630599407606360e-03
5.462806064877949552e+01 2.144031154797796344e-03
5.491241494336609463e+01 2.346568412182090807e-03
5.519421446932921782e+01 2.503688840862067916e-03
5.543046826972861396e+01 2.035951371442164606e-03
5.561137265256709128e+01 4.010805580361489001e-03
