3.559856489878782115e-01 3.560076982156761005e+02
6.031648866026231293e-01 1.542615230750563455e+02
8.579160745827347778e-01 8.927218529553988446e+01
1.113464310595710716e+00 5.098136387436441197e+01
1.374039914321364408e+00 2.458549506652302341e+01
1.619154704570298309e+00 1.848602712723640096e+01
1.870686673430271840e+00 1.289839508023172598e+01
2.123290040706380832e+00 1.008367393423054459e+01
2.378144976376236119e+00 8.218864696332637720e+00
2.630489925835516996e+00 6.107364894628235064e+00
2.878653162679494670e+00 4.655307368492166198e+00
3.131144366275339319e+00 4.067402566061751656e+00
3.388159578333816313e+00 3.227199792892448293e+00
3.638741848210948149e+00 2.619089222186551602e+00
3.888315910732085268e+00 2.398856347366035813e+00
4.139052155837465996e+00 1.947933260869464833e+00
4.390305777018236988e+00 1.692842170289932335e+00
4.642172339120373081e+00 1.555888188342341660e+00
4.894678666149941293e+00 1.297769781428503411e+00
5.147269052361176378e+00 1.179934671941385904e+00
5.398003206656323272e+00 9.947044091403896005e-01
5.647798235368590269e+00 9.163489005183602654e-01
5.900534302989873581e+00 8.098752774925036535e-01
6.151460297009074374e+00 7.184937610612158743e-01
6.402630176204441526e+00 6.513801474052298701e-01
6.655964674748322096e+00 5.833226721199059606e-01
6.908782583105771202e+00 5.380717789411317842e-01
7.159060853508338873e+00 4.818592031679913013e-01
7.409414762591408632e+00 4.430683332251605933e-01
7.659227149364629561e+00 4.032188637462004732e-01
7.911559474606142395e+00 3.731717249529110658e-01
8.163750941790897997e+00 3.425695392930495631e-01
8.415757210439384295e+00 3.200960201158621898e-01
8.667638839289207198e+00 3.041533056605038587e-01
8.918801124864609520e+00 2.729904525946617033e-01
9.170480108345369530e+00 2.557931008409113360e-01
9.420566033467249412e+00 2.337016411590047971e-01
9.671642335271435797e+00 2.226839392085956382e-01
9.923426157758477473e+00 2.067440746099934445e-01
1.017396902749181820e+01 1.933362131435723830e-01
1.042533700753922155e+01 1.808776603679668749e-01
1.067702948358784276e+01 1.714349717121149419e-01
1.092969337256462303e+01 1.607053897280487087e-01
1.118211872033766419e+01 1.485206961624610245e-01
1.143346516925797296e+01 1.435433155683821516e-01
1.168350508557724687e+01 1.343975206695686431e-01
1.193379937775929100e+01 1.284086324643282373e-01
1.218553055762879112e+01 1.217069500505684465e-01
1.243711650801278878e+01 1.140494003824211455e-01
1.268867268647359303e+01 1.077491509532361863e-01
1.294075027177769144e+01 1.019210848103955930e-01
1.319267287020158363e+01 9.785717189455311882e-02
1.344470571782862756e+01 9.282658989919058412e-02
1.369480150283709641e+01 8.785851219977487692e-02
1.394591277066507828e+01 8.470715438552366139e-02
1.419764645764527167e+01 8.169100434682886880e-02
1.444766774168416212e+01 7.737571033853335445e-02
1.469906835825429070e+01 7.483861019792933944e-02
1.495059118111036511e+01 6.986369784396584404e-02
1.520261612590052991e+01 6.711083183031391064e-02
1.545415944503929495e+01 6.349816335874941542e-02
1.570456072545780124e+01 6.216294879769139470e-02
1.595705800128773966e+01 5.887211409762316966e-02
1.620829297830731619e+01 5.699212994497970808e-02
1.645966591028190962e+01 5.407626456751403465e-02
1.671125708846596325e+01 5.201877852822216208e-02
1.696160259490052624e+01 5.029988730697169952e-02
1.721370276108077135e+01 4.830912706209405244e-02
1.746543424102250341e+01 4.652377955883126026e-02
1.771598473288305442e+01 4.487102218697951173e-02
1.796653767411944003e+01 4.313220639054905076e-02
1.821765658501893270e+01 4.142811115718682963e-02
1.847053788120423334e+01 4.012522478827422467e-02
1.872257696809484173e+01 3.838342326697271462e-02
1.897394097105746269e+01 3.699622946772738313e-02
1.922542454726159988e+01 3.587195000891965635e-02
1.947607703355479103e+01 3.463093438211986563e-02
1.972678839839982601e+01 3.369538369688004908e-02
1.997802698857814363e+01 3.251910976049732227e-02
2.022863620534168660e+01 3.141934005785644579e-02
2.047969598507238231e+01 3.037895387641849007e-02
2.073250439107362553e+01 2.915088899813167087e-02
2.098435855211640089e+01 2.825238747354670912e-02
2.123502923393334640e+01 2.751411054529277062e-02
2.148629411178690773e+01 2.673130497270285316e-02
2.173831825513516591e+01 2.586420962908548074e-02
2.198972260956887226e+01 2.519315992482336342e-02
2.223974971000711420e+01 2.436859738878009718e-02
2.249141870643862973e+01 2.363570382114258198e-02
2.274404614890906373e+01 2.302499126996194329e-02
2.299521835768831579e+01 2.211646214701232585e-02
2.324620084136223852e+01 2.163441152525440864e-02
2.349757798664387209e+01 2.096544879633765665e-02
2.374870488118759937e+01 2.050753133614042698e-02
2.399988781917473091e+01 1.982272901504061879e-02
2.425071646049711305e+01 1.923405646936852606e-02
2.450187830577813841e+01 1.895090453339651898e-02
2.475391093216606109e+01 1.815068606452752142e-02
2.500524226975159792e+01 1.786401346986741731e-02
2.525610980153284402e+01 1.724590516957244524e-02
2.550801425092822328e+01 1.685064260489563953e-02
2.575943113325822864e+01 1.633414988128130754e-02
2.601074166866445125e+01 1.604184507340532251e-02
2.626234447079615464e+01 1.556230818075605982e-02
2.651347712943701751e+01 1.513522667213675586e-02
2.676474177984877656e+01 1.470687941691157553e-02
2.701628079430242479e+01 1.438472876508444832e-02
2.726734205837282232e+01 1.413843516207479931e-02
2.751837013544679422e+01 1.375277731838138104e-02
2.776937726815812724e+01 1.334615134536255333e-02
2.802070160973895341e+01 1.306569091310965346e-02
2.827249982643487058e+01 1.277151778675881567e-02
2.852407603869968966e+01 1.250069882710023138e-02
2.877567300468570721e+01 1.214313223789694786e-02
2.902733523039245256e+01 1.193331459876251222e-02
2.927861073083739996e+01 1.165670522758930662e-02
2.953003196193969160e+01 1.128267706567118861e-02
2.978106336846375157e+01 1.110803326548591430e-02
3.003148440777084716e+01 1.081597181408888893e-02
3.028303386126418673e+01 1.055840527378443423e-02
3.053456493440382857e+01 1.036397576635472544e-02
3.078585183944906944e+01 1.012526601297537854e-02
3.103757946070165730e+01 9.943538608265786727e-03
3.128931656795834826e+01 9.699626189894805864e-03
3.154125974608096428e+01 9.448818995409386315e-03
3.179158626791808828e+01 9.308476373715469585e-03
3.204196438636942190e+01 9.068417247976011744e-03
3.229344668057169798e+01 8.902072589510683781e-03
3.254489998018084407e+01 8.673660144201742264e-03
3.279660140319880668e+01 8.569060188578385417e-03
3.304772754686901237e+01 8.403590334626193786e-03
3.329949953441923327e+01 8.188525718774456938e-03
3.355173249539067371e+01 8.049008847742789019e-03
3.380235474142784824e+01 7.848922119634288083e-03
3.405292218889088218e+01 7.728890410033168422e-03
3.430455901572810262e+01 7.565135528559138907e-03
3.455605119154291316e+01 7.415500052376730773e-03
3.480708698418615654e+01 7.262794416903621368e-03
3.505823042281740243e+01 7.110913758409602436e-03
3.530983122122644602e+01 7.030429226332551157e-03
3.556111974160763367e+01 6.863271493694952756e-03
3.581195885960364933e+01 6.717198806101431011e-03
3.606348577968052638e+01 6.599381682227675912e-03
3.631495136683125935e+01 6.481354346273190611e-03
3.656646781331610185e+01 6.327512775319782748e-03
3.681800948534306173e+01 6.261981138685736303e-03
3.706942350460822411e+01 6.164130218325248808e-03
3.732119977997001570e+01 5.976917837293321475e-03
3.757249197135423202e+01 5.881947610800891853e-03
3.782324055213251057e+01 5.785869312084449337e-03
3.807430609684078604e+01 5.711824687820473215e-03
3.832526519371521090e+01 5.596563024991423572e-03
3.857704530181875668e+01 5.480150418538764882e-03
3.882896255048217427e+01 5.398140867375317460e-03
3.907976684424035341e+01 5.289585037732148429e-03
3.933085588900704010e+01 5.212789933043529382e-03
3.958184533965361140e+01 5.095203878818152336e-03
3.983320492881626507e+01 5.049491314577493964e-03
4.008506787586624398e+01 4.957789284438848115e-03
4.033569471078550350e+01 4.873045792111648303e-03
4.058701345074587863e+01 4.780778110904507217e-03
4.083916815834436420e+01 4.739443650636571831e-03
4.108978611092747713e+01 4.659967907018664271e-03
4.134119394692694271e+01 4.542495944322851378e-03
4.159372926482761557e+01 4.472079423686717986e-03
4.184480996230068683e+01 4.408925974430086270e-03
4.209495048714620680e+01 4.329205645006547337e-03
4.234568601474854432e+01 4.282467857999527200e-03
4.259794184898333214e+01 4.199489585536406513e-03
4.284922176444433717e+01 4.158573670011856370e-03
4.309982534096671003e+01 4.043771123361778082e-03
4.335153475414617930e+01 3.998438780966570051e-03
4.360374984514007224e+01 3.924685509689810128e-03
4.385432838732079830e+01 3.860721916580660447e-03
4.410529766549178277e+01 3.826267954184919395e-03
4.435675536456894008e+01 3.758657372197292401e-03
4.460756668584335927e+01 3.738237399674062232e-03
4.485812369927145937e+01 3.623683396330990101e-03
4.510933196139897206e+01 3.548119694218751247e-03
4.536097672816924131e+01 3.545828852564058848e-03
4.561261869099184452e+01 3.483054231782751597e-03
4.586346064304911607e+01 3.410305891684064887e-03
4.611435299895526185e+01 3.353076498864240688e-03
4.636610302009028572e+01 3.327240906519774149e-03
4.661726081402038346e+01 3.295598627767579517e-03
4.686748045926628237e+01 3.195512871872344899e-03
4.712001000143001761e+01 3.190734078492364709e-03
4.737334269293729960e+01 3.165353187736321804e-03
4.762357272554871912e+01 3.091674485654359594e-03
4.787295862859781437e+01 3.058492857605432744e-03
4.812686710231834297e+01 2.998175434088389858e-03
4.837988354528783930e+01 2.979968750494168053e-03
4.862698975964909209e+01 2.935669040700715493e-03
4.887931961662670233e+01 2.939120240720389295e-03
4.913512531690142282e+01 2.885240122659185179e-03
4.938486646957150583e+01 2.815938950008070509e-03
4.963073103205424985e+01 2.743993444873275064e-03
4.988316058859187763e+01 2.732401903815540826e-03
5.013927392651110893e+01 2.706022419255912307e-03
5.038898445289544270e+01 2.618012958406750520e-03
5.063791314200675941e+01 2.605528585952139424e-03
5.089234515763529032e+01 2.504708059564997053e-03
5.114529266359630810e+01 2.527656341351886080e-03
5.138952878242714206e+01 2.558689574617931638e-03
5.163945178601188246e+01 2.507714513788699816e-03
5.190206698624180603e+01 2.534608952672795946e-03
5.215590084722179398e+01 2.431059919912634520e-03
5.238680673191466042e+01 2.356856108788648284e-03
5.263532591009818873e+01 2.370539564888401746e-03
5.290823119436031874e+01 2.261450829561225187e-03
5.316882575050344428e+01 2.182507057226706643e-03
5.338513341050097694e+01 2.212641456402036823e-03
5.363212510227822349e+01 2.304554498767243543e-03
5.391615723351310407e+01 2.239704755526115542e-03
5.419187693011466678e+01 2.122165663019032547e-03
5.439722241285236493e+01 2.124904489359310828e-03
5.462806064877949552e+01 2.097496881052826091e-03
5.491241494336609463e+01 2.306845226578120491e-03
5.519421446932921782e+01 2.289865530041206108e-03
5.543046826972861396e+01 2.545156488270986384e-03
5.561137265256709128e+01 2.455571821583919529e-03
