3.559856489878782115e-01 4.180660897898084158e+02
6.031648866026231293e-01 2.460060709973826647e+02
8.579160745827347778e-01 7.850101038247292706e+01
1.113464310595710716e+00 4.725714274891434741e+01
1.374039914321364408e+00 3.016088921959155300e+01
1.619154704570298309e+00 2.057623281387677139e+01
1.870686673430271840e+00 1.430463667368311675e+01
2.123290040706380832e+00 9.573548297640360971e+00
2.378144976376236119e+00 7.837610846402392362e+00
2.630489925835516996e+00 6.258226317477350698e+00
2.878653162679494670e+00 4.739141754031169995e+00
3.131144366275339319e+00 4.261277424995145502e+00
3.388159578333816313e+00 3.215089425083907937e+00
3.638741848210948149e+00 2.725356649330039627e+00
3.888315910732085268e+00 2.355453414316855287e+00
4.139052155837465996e+00 2.092609581971444754e+00
4.390305777018236988e+00 1.676189142883735439e+00
4.642172339120373081e+00 1.477268811368090518e+00
4.894678666149941293e+00 1.270378882404431753e+00
5.147269052361176378e+00 1.170046717875642406e+00
5.398003206656323272e+00 1.016301910119782326e+00
5.647798235368590269e+00 9.024751889658290116e-01
5.900534302989873581e+00 8.006946449626257678e-01
6.151460297009074374e+00 7.300069157513212614e-01
6.402630176204441526e+00 6.363439698308862580e-01
6.655964674748322096e+00 5.914385014544750740e-01
6.908782583105771202e+00 5.498857997224813055e-01
7.159060853508338873e+00 4.644790876218216069e-01
7.409414762591408632e+00 4.332400171308452563e-01
7.659227149364629561e+00 4.021135598699889790e-01
7.911559474606142395e+00 3.810234534403125206e-01
8.163750941790897997e+00 3.486564947239434997e-01
8.415757210439384295e+00 3.200564177819340550e-01
8.667638839289207198e+00 2.993889273236893245e-01
8.918801124864609520e+00 2.753485862775044146e-01
9.170480108345369530e+00 2.544353628619013818e-01
9.420566033467249412e+00 2.370055872411459263e-01
9.671642335271435797e+00 2.203217801495490624e-01
9.923426157758477473e+00 2.072772988899406754e-01
1.017396902749181820e+01 1.948160983455395068e-01
1.042533700753922155e+01 1.796866153930545273e-01
1.067702948358784276e+01 1.709977411250610257e-01
1.092969337256462303e+01 1.591255025277791557e-01
1.118211872033766419e+01 1.519577300882023752e-01
1.143346516925797296e+01 1.419300469734383063e-01
1.168350508557724687e+01 1.345999358630258491e-01
1.193379937775929100e+01 1.283707988096862707e-01
1.218553055762879112e+01 1.212477800856142512e-01
1.243711650801278878e+01 1.129513782011930950e-01
1.268867268647359303e+01 1.080741919315651167e-01
1.294075027177769144e+01 1.034676548326168843e-01
1.319267287020158363e+01 9.746696064280636895e-02
1.344470571782862756e+01 9.190020774691870509e-02
1.369480150283709641e+01 8.855610000293329120e-02
1.394591277066507828e+01 8.531603782613084164e-02
1.419764645764527167e+01 8.137332968314567316e-02
1.444766774168416212e+01 7.714261272497623112e-02
1.469906835825429070e+01 7.340307160597916991e-02
1.495059118111036511e+01 6.990201051235686580e-02
1.520261612590052991e+01 6.714741172098939725e-02
1.545415944503929495e+01 6.402876859031976509e-02
1.570456072545780124e+01 6.226958998058429451e-02
1.595705800128773966e+01 5.866513746277544211e-02
1.620829297830731619e+01 5.713134398259223090e-02
1.645966591028190962e+01 5.459863528721864423e-02
1.671125708846596325e+01 5.231677200286038304e-02
1.696160259490052624e+01 5.006279863787219814e-02
1.721370276108077135e+01 4.839735553074376445e-02
1.746543424102250341e+01 4.697912423996649517e-02
1.771598473288305442e+01 4.492980623798947110e-02
1.796653767411944003e+01 4.263285924999926646e-02
1.821765658501893270e+01 4.159960288623162222e-02
1.847053788120423334e+01 4.008890041529693943e-02
1.872257696809484173e+01 3.873491430041313410e-02
1.897394097105746269e+01 3.752758285573954550e-02
1.922542454726159988e+01 3.596984165998556859e-02
1.947607703355479103e+01 3.447087885814916625e-02
1.972678839839982601e+01 3.373675544728525072e-02
1.997802698857814363e+01 3.241838288777814520e-02
2.022863620534168660e+01 3.148471572749928643e-02
2.047969598507238231e+01 3.018430689060280087e-02
2.073250439107362553e+01 2.929049684693455988e-02
2.098435855211640089e+01 2.818345964040025464e-02
2.123502923393334640e+01 2.751991609961713242e-02
2.148629411178690773e+01 2.650230391359718884e-02
2.173831825513516591e+01 2.581037575201448192e-02
2.198972260956887226e+01 2.520679715152494491e-02
2.223974971000711420e+01 2.444551245153909341e-02
2.249141870643862973e+01 2.355914217073431724e-02
2.274404614890906373e+01 2.273296547630529810e-02
2.299521835768831579e+01 2.219037090774104645e-02
2.324620084136223852e+01 2.170749574024485179e-02
2.349757798664387209e+01 2.112806285072989579e-02
2.374870488118759937e+01 2.046640164270662268e-02
2.399988781917473091e+01 1.996988367273440715e-02
2.425071646049711305e+01 1.935183463281929528e-02
2.450187830577813841e+01 1.876093819199526821e-02
2.475391093216606109e+01 1.828456088179700179e-02
2.500524226975159792e+01 1.768705101965774990e-02
2.525610980153284402e+01 1.741261908625280769e-02
2.550801425092822328e+01 1.685214833382844488e-02
2.575943113325822864e+01 1.641148597092016714e-02
2.601074166866445125e+01 1.596462551565844962e-02
2.626234447079615464e+01 1.562266643480756875e-02
2.651347712943701751e+01 1.528130269029853369e-02
2.676474177984877656e+01 1.483563371201312812e-02
2.701628079430242479e+01 1.435108529113768815e-02
2.726734205837282232e+01 1.395921505366951726e-02
2.751837013544679422e+01 1.370977082318047824e-02
2.776937726815812724e+01 1.341829285398930642e-02
2.802070160973895341e+01 1.301906558310399371e-02
2.827249982643487058e+01 1.278998944119627730e-02
2.852407603869968966e+01 1.247789582792066879e-02
2.877567300468570721e+01 1.218453145989651515e-02
2.902733523039245256e+01 1.189599453981502256e-02
2.927861073083739996e+01 1.154878906200611753e-02
2.953003196193969160e+01 1.130486974587977846e-02
2.978106336846375157e+01 1.102275694369983516e-02
3.003148440777084716e+01 1.077401549773721046e-02
3.028303386126418673e+01 1.056456685547090685e-02
3.053456493440382857e+01 1.043082330382187790e-02
3.078585183944906944e+01 1.012275858499437839e-02
3.103757946070165730e+01 9.884200352609565782e-03
3.128931656795834826e+01 9.660752054482130494e-03
3.154125974608096428e+01 9.483545713523680587e-03
3.179158626791808828e+01 9.307936103637242178e-03
3.204196438636942190e+01 9.146501007266568881e-03
3.229344668057169798e+01 8.922541641982601607e-03
3.254489998018084407e+01 8.739884538739592715e-03
3.279660140319880668e+01 8.525879985081799214e-03
3.304772754686901237e+01 8.367021566666186724e-03
3.329949953441923327e+01 8.216646276673600022e-03
3.355173249539067371e+01 8.019350867139309752e-03
3.380235474142784824e+01 7.829741301269716944e-03
3.405292218889088218e+01 7.709870911336766212e-03
3.430455901572810262e+01 7.566697726800328087e-03
3.455605119154291316e+01 7.424856592103724201e-03
3.480708698418615654e+01 7.272923533887505100e-03
3.505823042281740243e+01 7.109096086331009694e-03
3.530983122122644602e+01 6.981490203495939635e-03
3.556111974160763367e+01 6.897936396196450992e-03
3.581195885960364933e+01 6.729835812403967867e-03
3.606348577968052638e+01 6.559050158909997437e-03
3.631495136683125935e+01 6.480143597322856816e-03
3.656646781331610185e+01 6.364084217068285976e-03
3.681800948534306173e+01 6.241373313490363589e-03
3.706942350460822411e+01 6.131450392848725867e-03
3.732119977997001570e+01 6.009955476744897884e-03
3.757249197135423202e+01 5.917890366356600741e-03
3.782324055213251057e+01 5.807727818697930137e-03
3.807430609684078604e+01 5.694001402527219639e-03
3.832526519371521090e+01 5.556536716796631539e-03
3.857704530181875668e+01 5.503976012770917838e-03
3.882896255048217427e+01 5.424348165132817853e-03
3.907976684424035341e+01 5.337645809759231259e-03
3.933085588900704010e+01 5.218451132499407098e-03
3.958184533965361140e+01 5.128635925760158948e-03
3.983320492881626507e+01 5.018901634653735039e-03
4.008506787586624398e+01 4.963435508409870175e-03
4.033569471078550350e+01 4.907808839805132169e-03
4.058701345074587863e+01 4.803431276246236323e-03
4.083916815834436420e+01 4.696343561416946311e-03
4.108978611092747713e+01 4.649443405458733927e-03
4.134119394692694271e+01 4.555531658486720696e-03
4.159372926482761557e+01 4.489122717219389685e-03
4.184480996230068683e+01 4.440679111166515557e-03
4.209495048714620680e+01 4.337434594931021369e-03
4.234568601474854432e+01 4.250034042982482781e-03
4.259794184898333214e+01 4.217131586013969820e-03
4.284922176444433717e+01 4.121668646961624237e-03
4.309982534096671003e+01 4.062388883580531768e-03
4.335153475414617930e+01 3.978407706249134472e-03
4.360374984514007224e+01 3.915907310133262542e-03
4.385432838732079830e+01 3.873861176570232538e-03
4.410529766549178277e+01 3.852607735860466391e-03
4.435675536456894008e+01 3.795417079035768096e-03
4.460756668584335927e+01 3.712944350844623025e-03
4.485812369927145937e+01 3.644226656802557630e-03
4.510933196139897206e+01 3.639300818724132587e-03
4.536097672816924131e+01 3.563301152807410443e-03
4.561261869099184452e+01 3.462385526429660829e-03
4.586346064304911607e+01 3.411960606045969392e-03
4.611435299895526185e+01 3.364222266053258897e-03
4.636610302009028572e+01 3.376858294617882551e-03
4.661726081402038346e+01 3.307607949129808770e-03
4.686748045926628237e+01 3.259467371188329472e-03
4.712001000143001761e+01 3.204767243414397438e-03
4.737334269293729960e+01 3.133352679477494507e-03
4.762357272554871912e+01 3.139332535465388929e-03
4.787295862859781437e+01 3.002235866933040346e-03
4.812686710231834297e+01 3.000264128498293485e-03
4.837988354528783930e+01 2.942140763486543291e-03
4.862698975964909209e+01 2.961764552982007383e-03
4.887931961662670233e+01 2.879683271911326423e-03
4.913512531690142282e+01 2.850456077625767269e-03
4.938486646957150583e+01 2.841634108704300336e-03
4.963073103205424985e+01 2.771438426942985072e-03
4.988316058859187763e+01 2.733105477498149524e-03
5.013927392651110893e+01 2.686245251439098574e-03
5.038898445289544270e+01 2.657693218877437476e-03
5.063791314200675941e+01 2.659567993846075583e-03
5.089234515763529032e+01 2.517142917033354192e-03
5.114529266359630810e+01 2.538927621298200238e-03
5.138952878242714206e+01 2.487333329496391101e-03
5.163945178601188246e+01 2.464608211671250049e-03
5.190206698624180603e+01 2.396999449260018861e-03
5.215590084722179398e+01 2.395822689269487115e-03
5.238680673191466042e+01 2.314837464422983288e-03
5.263532591009818873e+01 2.370089573324745021e-03
5.290823119436031874e+01 2.201462912925361993e-03
5.316882575050344428e+01 2.194194467831228623e-03
5.338513341050097694e+01 2.368923331308954005e-03
5.363212510227822349e+01 2.132095399625964349e-03
5.391615723351310407e+01 2.236936649136250527e-03
5.419187693011466678e+01 2.094472067324486698e-03
5.439722241285236493e+01 2.008338893021392648e-03
5.462806064877949552e+01 2.087463311587137941e-03
5.491241494336609463e+01 1.973005107275280570e-03
5.519421446932921782e+01 2.300342695501705198e-03
5.543046826972861396e+01 2.254916576575255460e-03
5.561137265256709128e+01 3.106274528835769894e-03
