3.559856489878782115e-01 7.395929434213128388e+02
6.031648866026231293e-01 2.204530992669741636e+02
8.579160745827347778e-01 1.016891303297619373e+02
1.113464310595710716e+00 4.389942404333579162e+01
1.374039914321364408e+00 2.972073797457010969e+01
1.619154704570298309e+00 2.070719335659009630e+01
1.870686673430271840e+00 1.272136818638704447e+01
2.123290040706380832e+00 1.171920492500048461e+01
2.378144976376236119e+00 7.984804368582107514e+00
2.630489925835516996e+00 6.041563707537955352e+00
2.878653162679494670e+00 5.154960741939633273e+00
3.131144366275339319e+00 3.921756734270179123e+00
3.388159578333816313e+00 3.333300347294788857e+00
3.638741848210948149e+00 2.862644264772287173e+00
3.888315910732085268e+00 2.314976229700313137e+00
4.139052155837465996e+00 1.928182656059004518e+00
4.390305777018236988e+00 1.655741218433935513e+00
4.642172339120373081e+00 1.510977183338890528e+00
4.894678666149941293e+00 1.295389749653866218e+00
5.147269052361176378e+00 1.144963754125680744e+00
5.398003206656323272e+00 9.720142305399385174e-01
5.647798235368590269e+00 8.984334795061099666e-01
5.900534302989873581e+00 8.149841342558458157e-01
6.151460297009074374e+00 7.034770406333262782e-01
6.402630176204441526e+00 6.283147501304813254e-01
6.655964674748322096e+00 5.694422604038580360e-01
6.908782583105771202e+00 5.186074626767726015e-01
7.159060853508338873e+00 4.834277995634562175e-01
7.409414762591408632e+00 4.455165904404518873e-01
7.659227149364629561e+00 4.075645746207459674e-01
7.911559474606142395e+00 3.726826762835259155e-01
8.163750941790897997e+00 3.413171458601403363e-01
8.415757210439384295e+00 3.133395552805952056e-01
8.667638839289207198e+00 2.958462565544967005e-01
8.918801124864609520e+00 2.740537374715989460e-01
9.170480108345369530e+00 2.531447970226015642e-01
9.420566033467249412e+00 2.338662962194616168e-01
9.671642335271435797e+00 2.179245383878933018e-01
9.923426157758477473e+00 2.064453739239283103e-01
1.017396902749181820e+01 1.921437490338688547e-01
1.042533700753922155e+01 1.809787056519360504e-01
1.067702948358784276e+01 1.712817058151741567e-01
1.092969337256462303e+01 1.611188735091657886e-01
1.118211872033766419e+01 1.513194928341142498e-01
1.143346516925797296e+01 1.420768847255276801e-01
1.168350508557724687e+01 1.361947395008792361e-01
1.193379937775929100e+01 1.276874090854589194e-01
1.218553055762879112e+01 1.202161395654379322e-01
1.243711650801278878e+01 1.131137350497240235e-01
1.268867268647359303e+01 1.078864198280215236e-01
1.294075027177769144e+01 1.015837762851600767e-01
1.319267287020158363e+01 9.735630098276926159e-02
1.344470571782862756e+01 9.255525332198402677e-02
1.369480150283709641e+01 8.958937445728040738e-02
1.394591277066507828e+01 8.372909763526587001e-02
1.419764645764527167e+01 8.036802777876542181e-02
1.444766774168416212e+01 7.740043457384840342e-02
1.469906835825429070e+01 7.461002336245030342e-02
1.495059118111036511e+01 7.045147904000501060e-02
1.520261612590052991e+01 6.751993273985434918e-02
1.545415944503929495e+01 6.429939299075872194e-02
1.570456072545780124e+01 6.211758850999363896e-02
1.595705800128773966e+01 5.891921328318652090e-02
1.620829297830731619e+01 5.678430595567802303e-02
1.645966591028190962e+01 5.417101454580781211e-02
1.671125708846596325e+01 5.193519213451268379e-02
1.696160259490052624e+01 5.071986297898457841e-02
1.721370276108077135e+01 4.800522814147206024e-02
1.746543424102250341e+01 4.650123377914774231e-02
1.771598473288305442e+01 4.505851779323421374e-02
1.796653767411944003e+01 4.315025232721600434e-02
1.821765658501893270e+01 4.136266697228713901e-02
1.847053788120423334e+01 3.993670379725160202e-02
1.872257696809484173e+01 3.830540644197047428e-02
1.897394097105746269e+01 3.731360461846013749e-02
1.922542454726159988e+01 3.622758100791412250e-02
1.947607703355479103e+01 3.482086833687914051e-02
1.972678839839982601e+01 3.357925591667580006e-02
1.997802698857814363e+01 3.238258300252472299e-02
2.022863620534168660e+01 3.121386389753397564e-02
2.047969598507238231e+01 3.043917789559471426e-02
2.073250439107362553e+01 2.917275370545690388e-02
2.098435855211640089e+01 2.857821583367907425e-02
2.123502923393334640e+01 2.738644113281870143e-02
2.148629411178690773e+01 2.690918399939299169e-02
2.173831825513516591e+01 2.595152212859352589e-02
2.198972260956887226e+01 2.514104291612875852e-02
2.223974971000711420e+01 2.416713558785453173e-02
2.249141870643862973e+01 2.353483331304117437e-02
2.274404614890906373e+01 2.299189738580777534e-02
2.299521835768831579e+01 2.223638101039084741e-02
2.324620084136223852e+01 2.161020299960067503e-02
2.349757798664387209e+01 2.113200068655622654e-02
2.374870488118759937e+01 2.040643606945564612e-02
2.399988781917473091e+01 1.989334158219185911e-02
2.425071646049711305e+01 1.933470762306883223e-02
2.450187830577813841e+01 1.874749578675885889e-02
2.475391093216606109e+01 1.828735879929797858e-02
2.500524226975159792e+01 1.776362094435519207e-02
2.525610980153284402e+01 1.721113228587284327e-02
2.550801425092822328e+01 1.682622159016058938e-02
2.575943113325822864e+01 1.633656524810854493e-02
2.601074166866445125e+01 1.599429362193751161e-02
2.626234447079615464e+01 1.543352350172575056e-02
2.651347712943701751e+01 1.515856978299103507e-02
2.676474177984877656e+01 1.469182137278828015e-02
2.701628079430242479e+01 1.447411520937912782e-02
2.726734205837282232e+01 1.403726813190105463e-02
2.751837013544679422e+01 1.370036863908770386e-02
2.776937726815812724e+01 1.342829279588434073e-02
2.802070160973895341e+01 1.313080063565424775e-02
2.827249982643487058e+01 1.276128111519747761e-02
2.852407603869968966e+01 1.235332769153297226e-02
2.877567300468570721e+01 1.216677674879816130e-02
2.902733523039245256e+01 1.180311497260001438e-02
2.927861073083739996e+01 1.164538131810650967e-02
2.953003196193969160e+01 1.139973611061278341e-02
2.978106336846375157e+01 1.105537871524026571e-02
3.003148440777084716e+01 1.085617559133619098e-02
3.028303386126418673e+01 1.057851183571442005e-02
3.053456493440382857e+01 1.042187284317837304e-02
3.078585183944906944e+01 1.014075860174744673e-02
3.103757946070165730e+01 9.881661746378363545e-03
3.128931656795834826e+01 9.747013381416836167e-03
3.154125974608096428e+01 9.462119788531524536e-03
3.179158626791808828e+01 9.364027243238594658e-03
3.204196438636942190e+01 9.088967700389586485e-03
3.229344668057169798e+01 8.917555034662735108e-03
3.254489998018084407e+01 8.728711587686000667e-03
3.279660140319880668e+01 8.587644217519717696e-03
3.304772754686901237e+01 8.335005488819621430e-03
3.329949953441923327e+01 8.209074586491596839e-03
3.355173249539067371e+01 8.021264829412172795e-03
3.380235474142784824e+01 7.923037769138925254e-03
3.405292218889088218e+01 7.688204059335607306e-03
3.430455901572810262e+01 7.556967649651755506e-03
3.455605119154291316e+01 7.427937632995177883e-03
3.480708698418615654e+01 7.265320146133650778e-03
3.505823042281740243e+01 7.153641817929653340e-03
3.530983122122644602e+01 6.986045271003655903e-03
3.556111974160763367e+01 6.881368004462772719e-03
3.581195885960364933e+01 6.724443156800000154e-03
3.606348577968052638e+01 6.568261009417845561e-03
3.631495136683125935e+01 6.495670721485659674e-03
3.656646781331610185e+01 6.366576799711981191e-03
3.681800948534306173e+01 6.241604627715787758e-03
3.706942350460822411e+01 6.125960000708725352e-03
3.732119977997001570e+01 5.994198949981626411e-03
3.757249197135423202e+01 5.888880452270161409e-03
3.782324055213251057e+01 5.838892292140285961e-03
3.807430609684078604e+01 5.716896687057305103e-03
3.832526519371521090e+01 5.610937007720110878e-03
3.857704530181875668e+01 5.492421693662647222e-03
3.882896255048217427e+01 5.412904231695945048e-03
3.907976684424035341e+01 5.302199098854130238e-03
3.933085588900704010e+01 5.210276100040696010e-03
3.958184533965361140e+01 5.136351454608461924e-03
3.983320492881626507e+01 5.050613342450243314e-03
4.008506787586624398e+01 4.947319051055478790e-03
4.033569471078550350e+01 4.892850020409265227e-03
4.058701345074587863e+01 4.798821462542813068e-03
4.083916815834436420e+01 4.713960312037477132e-03
4.108978611092747713e+01 4.627558629038075466e-03
4.134119394692694271e+01 4.535643013965896808e-03
4.159372926482761557e+01 4.489146576637858405e-03
4.184480996230068683e+01 4.391913718878526912e-03
4.209495048714620680e+01 4.330592075904700355e-03
4.234568601474854432e+01 4.245692744221389071e-03
4.259794184898333214e+01 4.223368460276356873e-03
4.284922176444433717e+01 4.101750992471087445e-03
4.309982534096671003e+01 4.072144031911166182e-03
4.335153475414617930e+01 4.028809937867609478e-03
4.360374984514007224e+01 3.933721666460017648e-03
4.385432838732079830e+01 3.868496323693387112e-03
4.410529766549178277e+01 3.827137060471701418e-03
4.435675536456894008e+01 3.755588837835975319e-03
4.460756668584335927e+01 3.691431723865858973e-03
4.485812369927145937e+01 3.676823178248257371e-03
4.510933196139897206e+01 3.600407155310326578e-03
4.536097672816924131e+01 3.552909647745940581e-03
4.561261869099184452e+01 3.503437493949255067e-03
4.586346064304911607e+01 3.432049309665047461e-03
4.611435299895526185e+01 3.366700648755113247e-03
4.636610302009028572e+01 3.331927096326535876e-03
4.661726081402038346e+01 3.311416623066714728e-03
4.686748045926628237e+01 3.190866844568204103e-03
4.712001000143001761e+01 3.203796008873964138e-03
4.737334269293729960e+01 3.173339228357614783e-03
4.762357272554871912e+01 3.103199832024841447e-03
4.787295862859781437e+01 3.093567362721490188e-03
4.812686710231834297e+01 3.028914967485229256e-03
4.837988354528783930e+01 3.036411720584751301e-03
4.862698975964909209e+01 2.917729994443076912e-03
4.887931961662670233e+01 2.869160134296405099e-03
4.913512531690142282e+01 2.871753099245939918e-03
4.938486646957150583e+01 2.833892813352097660e-03
4.963073103205424985e+01 2.762571272142633205e-03
4.988316058859187763e+01 2.732796345289364385e-03
5.013927392651110893e+01 2.660372934153439756e-03
5.038898445289544270e+01 2.695371926936078466e-03
5.063791314200675941e+01 2.679748901916316397e-03
5.089234515763529032e+01 2.526253496324609889e-03
5.114529266359630810e+01 2.612082236709104086e-03
5.138952878242714206e+01 2.482540776953433975e-03
5.163945178601188246e+01 2.477841606207241247e-03
5.190206698624180603e+01 2.373176439390728941e-03
5.215590084722179398e+01 2.416392389726175656e-03
5.238680673191466042e+01 2.489531237087581894e-03
5.263532591009818873e+01 2.305847024450199435e-03
5.290823119436031874e+01 2.403273163426603888e-03
5.316882575050344428e+01 2.283342179133517318e-03
5.338513341050097694e+01 2.097166891419947974e-03
5.363212510227822349e+01 2.228121773675929319e-03
5.391615723351310407e+01 2.303818802394264325e-03
5.419187693011466678e+01 2.153495600225722052e-03
5.439722241285236493e+01 2.043197568386616921e-03
5.462806064877949552e+01 1.971701765548743938e-03
5.491241494336609463e+01 2.177116833985977707e-03
5.519421446932921782e+01 2.150361913913757111e-03
5.543046826972861396e+01 2.402014638562181056e-03
5.561137265256709128e+01 1.423935376847381296e-03
