3.559856489878782115e-01 6.997775390175105485e+02
6.031648866026231293e-01 2.017184518479346593e+02
8.579160745827347778e-01 8.974968730855825072e+01
1.113464310595710716e+00 4.493396669054543224e+01
1.374039914321364408e+00 3.404747429986723262e+01
1.619154704570298309e+00 2.219012894715313777e+01
1.870686673430271840e+00 1.399955079562728066e+01
2.123290040706380832e+00 1.047087564045666319e+01
2.378144976376236119e+00 7.739811809285506605e+00
2.630489925835516996e+00 6.238709832015696399e+00
2.878653162679494670e+00 4.982538000880530227e+00
3.131144366275339319e+00 4.000132402021617573e+00
3.388159578333816313e+00 3.347015638995535891e+00
3.638741848210948149e+00 2.714456756366462553e+00
3.888315910732085268e+00 2.231382305853002013e+00
4.139052155837465996e+00 2.003320374298509510e+00
4.390305777018236988e+00 1.674328102728761980e+00
4.642172339120373081e+00 1.448941766310604784e+00
4.894678666149941293e+00 1.266020082383047418e+00
5.147269052361176378e+00 1.117903006707303026e+00
5.398003206656323272e+00 1.020726404844349844e+00
5.647798235368590269e+00 9.025426053424222550e-01
5.900534302989873581e+00 8.004293871652601311e-01
6.151460297009074374e+00 7.040177783784909993e-01
6.402630176204441526e+00 6.626485317595220970e-01
6.655964674748322096e+00 5.893563079440732322e-01
6.908782583105771202e+00 5.249203481596957932e-01
7.159060853508338873e+00 4.829356851550409280e-01
7.409414762591408632e+00 4.489875258672574865e-01
7.659227149364629561e+00 4.142117215328333102e-01
7.911559474606142395e+00 3.792805365899847292e-01
8.163750941790897997e+00 3.487588775019737075e-01
8.415757210439384295e+00 3.127791866735604720e-01
8.667638839289207198e+00 2.998927928650603203e-01
8.918801124864609520e+00 2.744697171247199030e-01
9.170480108345369530e+00 2.540927835336890261e-01
9.420566033467249412e+00 2.392020411365763377e-01
9.671642335271435797e+00 2.197612542645001332e-01
9.923426157758477473e+00 2.082925073043774000e-01
1.017396902749181820e+01 1.965690501803330215e-01
1.042533700753922155e+01 1.789847948807425371e-01
1.067702948358784276e+01 1.729308488411715750e-01
1.092969337256462303e+01 1.602658422397470750e-01
1.118211872033766419e+01 1.491817356048805998e-01
1.143346516925797296e+01 1.419382089570770389e-01
1.168350508557724687e+01 1.341529387044113897e-01
1.193379937775929100e+01 1.274284721468183779e-01
1.218553055762879112e+01 1.201788549901111058e-01
1.243711650801278878e+01 1.139768564408653873e-01
1.268867268647359303e+01 1.088263483574288676e-01
1.294075027177769144e+01 1.038202634963500820e-01
1.319267287020158363e+01 9.659095569451102425e-02
1.344470571782862756e+01 9.243178656062583931e-02
1.369480150283709641e+01 8.815357503454569754e-02
1.394591277066507828e+01 8.397023533761938108e-02
1.419764645764527167e+01 8.041805384021225023e-02
1.444766774168416212e+01 7.667925580357634607e-02
1.469906835825429070e+01 7.288670051161338925e-02
1.495059118111036511e+01 7.084552275886260575e-02
1.520261612590052991e+01 6.695136505320581355e-02
1.545415944503929495e+01 6.447715538688492121e-02
1.570456072545780124e+01 6.189846353277188989e-02
1.595705800128773966e+01 5.857857107198217311e-02
1.620829297830731619e+01 5.649976331415677844e-02
1.645966591028190962e+01 5.392182051566540152e-02
1.671125708846596325e+01 5.242624266304277136e-02
1.696160259490052624e+01 4.958004776794834589e-02
1.721370276108077135e+01 4.817738123354597252e-02
1.746543424102250341e+01 4.641118460527023787e-02
1.771598473288305442e+01 4.476706791221261167e-02
1.796653767411944003e+01 4.298297353761251077e-02
1.821765658501893270e+01 4.143826290975173576e-02
1.847053788120423334e+01 3.976539780475499969e-02
1.872257696809484173e+01 3.850856898199090522e-02
1.897394097105746269e+01 3.766559346755004450e-02
1.922542454726159988e+01 3.592938936685348417e-02
1.947607703355479103e+01 3.432383711602946669e-02
1.972678839839982601e+01 3.337686426346041235e-02
1.997802698857814363e+01 3.251448203329260905e-02
2.022863620534168660e+01 3.123262238300694368e-02
2.047969598507238231e+01 3.033772348042603276e-02
2.073250439107362553e+01 2.931158947567670536e-02
2.098435855211640089e+01 2.863335030094292175e-02
2.123502923393334640e+01 2.768626467118654941e-02
2.148629411178690773e+01 2.686513501699900122e-02
2.173831825513516591e+01 2.590288464882296859e-02
2.198972260956887226e+01 2.500829475106444016e-02
2.223974971000711420e+01 2.445719760433169923e-02
2.249141870643862973e+01 2.359746846376790247e-02
2.274404614890906373e+01 2.275904327716548811e-02
2.299521835768831579e+01 2.226656453400794808e-02
2.324620084136223852e+01 2.152284843201395306e-02
2.349757798664387209e+01 2.110661893716987703e-02
2.374870488118759937e+01 2.047382341770472708e-02
2.399988781917473091e+01 1.964934645338567432e-02
2.425071646049711305e+01 1.916822305270106039e-02
2.450187830577813841e+01 1.876839152239291250e-02
2.475391093216606109e+01 1.822645234826311689e-02
2.500524226975159792e+01 1.766356996371049384e-02
2.525610980153284402e+01 1.726816953027675294e-02
2.550801425092822328e+01 1.679563300948093071e-02
2.575943113325822864e+01 1.636047490698091383e-02
2.601074166866445125e+01 1.596579686241201418e-02
2.626234447079615464e+01 1.564586475276519284e-02
2.651347712943701751e+01 1.523863614710120953e-02
2.676474177984877656e+01 1.477016279500362878e-02
2.701628079430242479e+01 1.437973546348832177e-02
2.726734205837282232e+01 1.407804669912196376e-02
2.751837013544679422e+01 1.366887804631913145e-02
2.776937726815812724e+01 1.351296770785902386e-02
2.802070160973895341e+01 1.308957007581034240e-02
2.827249982643487058e+01 1.272977368617735951e-02
2.852407603869968966e+01 1.257752111041519905e-02
2.877567300468570721e+01 1.215100619953126196e-02
2.902733523039245256e+01 1.183765056311714657e-02
2.927861073083739996e+01 1.167043955917488121e-02
2.953003196193969160e+01 1.129049515977709542e-02
2.978106336846375157e+01 1.116307586231850973e-02
3.003148440777084716e+01 1.086817850838668956e-02
3.028303386126418673e+01 1.059593205584130268e-02
3.053456493440382857e+01 1.038507430091079389e-02
3.078585183944906944e+01 1.017498213599572418e-02
3.103757946070165730e+01 9.946777910796227029e-03
3.128931656795834826e+01 9.659229077945122657e-03
3.154125974608096428e+01 9.509961713250204493e-03
3.179158626791808828e+01 9.220509712586578283e-03
3.204196438636942190e+01 9.124213698429113964e-03
3.229344668057169798e+01 8.946739982927380541e-03
3.254489998018084407e+01 8.719941447907567089e-03
3.279660140319880668e+01 8.532300283330592969e-03
3.304772754686901237e+01 8.347695247813140262e-03
3.329949953441923327e+01 8.173818024398264021e-03
3.355173249539067371e+01 8.041320891460949569e-03
3.380235474142784824e+01 7.877356696529932978e-03
3.405292218889088218e+01 7.745286707222237901e-03
3.430455901572810262e+01 7.535365117434424630e-03
3.455605119154291316e+01 7.435054832437307422e-03
3.480708698418615654e+01 7.289282270322618683e-03
3.505823042281740243e+01 7.098313942525120643e-03
3.530983122122644602e+01 6.960188320029384035e-03
3.556111974160763367e+01 6.836773032570860054e-03
3.581195885960364933e+01 6.708064207732638944e-03
3.606348577968052638e+01 6.603132308461097215e-03
3.631495136683125935e+01 6.471934382432508771e-03
3.656646781331610185e+01 6.372608242539513738e-03
3.681800948534306173e+01 6.276562941843152367e-03
3.706942350460822411e+01 6.168140379113140094e-03
3.732119977997001570e+01 6.037976113643547284e-03
3.757249197135423202e+01 5.945184485520453761e-03
3.782324055213251057e+01 5.817789275627932230e-03
3.807430609684078604e+01 5.704817251460565959e-03
3.832526519371521090e+01 5.583337977773702998e-03
3.857704530181875668e+01 5.482234718718875972e-03
3.882896255048217427e+01 5.404972184098276629e-03
3.907976684424035341e+01 5.317581650873061221e-03
3.933085588900704010e+01 5.213822590643844498e-03
3.958184533965361140e+01 5.124759805406093813e-03
3.983320492881626507e+01 5.061154684009748148e-03
4.008506787586624398e+01 4.965384016953748071e-03
4.033569471078550350e+01 4.894517413452668941e-03
4.058701345074587863e+01 4.766819367695121143e-03
4.083916815834436420e+01 4.716523920503690875e-03
4.108978611092747713e+01 4.607062622339475402e-03
4.134119394692694271e+01 4.568061004834166917e-03
4.159372926482761557e+01 4.472971454857807734e-03
4.184480996230068683e+01 4.409869163205964657e-03
4.209495048714620680e+01 4.384031256271948146e-03
4.234568601474854432e+01 4.246596657357814067e-03
4.259794184898333214e+01 4.189146546313872108e-03
4.284922176444433717e+01 4.128241285794163017e-03
4.309982534096671003e+01 4.069073106245857038e-03
4.335153475414617930e+01 3.985961975476750262e-03
4.360374984514007224e+01 3.977494211698975879e-03
4.385432838732079830e+01 3.857491232377464278e-03
4.410529766549178277e+01 3.812988589808325671e-03
4.435675536456894008e+01 3.789035035011482054e-03
4.460756668584335927e+01 3.671429294782148269e-03
4.485812369927145937e+01 3.654234037095317831e-03
4.510933196139897206e+01 3.592985774475375687e-03
4.536097672816924131e+01 3.538978706454650337e-03
4.561261869099184452e+01 3.480395031116699772e-03
4.586346064304911607e+01 3.432176672977638350e-03
4.611435299895526185e+01 3.351225206732433900e-03
4.636610302009028572e+01 3.310894188017957963e-03
4.661726081402038346e+01 3.217390675257176657e-03
4.686748045926628237e+01 3.251582421375550595e-03
4.712001000143001761e+01 3.205758743139305693e-03
4.737334269293729960e+01 3.076498398934380315e-03
4.762357272554871912e+01 3.121567264061592042e-03
4.787295862859781437e+01 3.049652688207363845e-03
4.812686710231834297e+01 2.993196320866925962e-03
4.837988354528783930e+01 2.988275647571571759e-03
4.862698975964909209e+01 2.920024350918799458e-03
4.887931961662670233e+01 2.913819526100202683e-03
4.913512531690142282e+01 2.863976673299871000e-03
4.938486646957150583e+01 2.852207012645313015e-03
4.963073103205424985e+01 2.800501152105182127e-03
4.988316058859187763e+01 2.776471427482689412e-03
5.013927392651110893e+01 2.691947230298144360e-03
5.038898445289544270e+01 2.672906160366446751e-03
5.063791314200675941e+01 2.555435649643475297e-03
5.089234515763529032e+01 2.641108598666437688e-03
5.114529266359630810e+01 2.480147313368037936e-03
5.138952878242714206e+01 2.519395511131055244e-03
5.163945178601188246e+01 2.557693527253991975e-03
5.190206698624180603e+01 2.431617470036493301e-03
5.215590084722179398e+01 2.351619743743392933e-03
5.238680673191466042e+01 2.377940680583348187e-03
5.263532591009818873e+01 2.327348294945589570e-03
5.290823119436031874e+01 2.337997176490480729e-03
5.316882575050344428e+01 2.277739381276752770e-03
5.338513341050097694e+01 2.347958219161317816e-03
5.363212510227822349e+01 2.404322026452139060e-03
5.391615723351310407e+01 2.247080354710931892e-03
5.419187693011466678e+01 2.330119261100836985e-03
5.439722241285236493e+01 2.166816775080988768e-03
5.462806064877949552e+01 1.976605622762383965e-03
5.491241494336609463e+01 1.899577927989721474e-03
5.519421446932921782e+01 1.583248639162751579e-03
5.543046826972861396e+01 1.476254923759553637e-03
5.561137265256709128e+01 3.366104007526455125e-03
