3.559856489878782115e-01 5.568165352439860953e+02
6.031648866026231293e-01 1.554398013966786039e+02
8.579160745827347778e-01 7.464406130130009842e+01
1.113464310595710716e+00 4.621313812440718038e+01
1.374039914321364408e+00 2.930392817959606688e+01
1.619154704570298309e+00 1.843843265753278970e+01
1.870686673430271840e+00 1.519254181818009997e+01
2.123290040706380832e+00 1.114358307058794040e+01
2.378144976376236119e+00 7.598747929539495516e+00
2.630489925835516996e+00 5.856678512559069461e+00
2.878653162679494670e+00 4.812912524469103559e+00
3.131144366275339319e+00 4.143280650114885333e+00
3.388159578333816313e+00 3.153016984017565694e+00
3.638741848210948149e+00 2.729075696221546110e+00
3.888315910732085268e+00 2.358679157401248005e+00
4.139052155837465996e+00 1.982942820602497935e+00
4.390305777018236988e+00 1.747317157155625633e+00
4.642172339120373081e+00 1.461247518944686741e+00
4.894678666149941293e+00 1.322566523178313691e+00
5.147269052361176378e+00 1.126023412454097761e+00
5.398003206656323272e+00 1.023678588786441690e+00
5.647798235368590269e+00 8.939666723206075583e-01
5.900534302989873581e+00 7.978969894696071874e-01
6.151460297009074374e+00 7.071006336599781061e-01
6.402630176204441526e+00 6.409656987297280839e-01
6.655964674748322096e+00 5.905534842122522887e-01
6.908782583105771202e+00 5.232532819269886115e-01
7.159060853508338873e+00 4.952124022869359155e-01
7.409414762591408632e+00 4.435303884846681366e-01
7.659227149364629561e+00 4.112152069555299327e-01
7.911559474606142395e+00 3.793220353875947359e-01
8.163750941790897997e+00 3.446190564889494712e-01
8.415757210439384295e+00 3.234542176799953817e-01
8.667638839289207198e+00 2.983442552800094627e-01
8.918801124864609520e+00 2.757814115324714876e-01
9.170480108345369530e+00 2.511464810059791941e-01
9.420566033467249412e+00 2.320399214202981397e-01
9.671642335271435797e+00 2.229254053172092520e-01
9.923426157758477473e+00 2.051980469157423104e-01
1.017396902749181820e+01 1.920590656359513759e-01
1.042533700753922155e+01 1.848315377548377658e-01
1.067702948358784276e+01 1.688736307010874071e-01
1.092969337256462303e+01 1.617819731074379708e-01
1.118211872033766419e+01 1.519130698859247619e-01
1.143346516925797296e+01 1.444580053242828788e-01
1.168350508557724687e+01 1.364549980196778922e-01
1.193379937775929100e+01 1.286592896611788994e-01
1.218553055762879112e+01 1.205398024800954093e-01
1.243711650801278878e+01 1.141856766711147608e-01
1.268867268647359303e+01 1.091289537511251628e-01
1.294075027177769144e+01 1.038891491103646481e-01
1.319267287020158363e+01 9.737126691549956303e-02
1.344470571782862756e+01 9.277894759815832892e-02
1.369480150283709641e+01 8.863886873923283727e-02
1.394591277066507828e+01 8.497707235983366358e-02
1.419764645764527167e+01 8.039491217248763422e-02
1.444766774168416212e+01 7.654661231588054393e-02
1.469906835825429070e+01 7.269782071124887557e-02
1.495059118111036511e+01 7.078099017463082565e-02
1.520261612590052991e+01 6.756997464927906594e-02
1.545415944503929495e+01 6.390779544299192427e-02
1.570456072545780124e+01 6.191184970129211262e-02
1.595705800128773966e+01 5.927438605411528699e-02
1.620829297830731619e+01 5.646510031843151450e-02
1.645966591028190962e+01 5.434533584243224358e-02
1.671125708846596325e+01 5.266548136249118994e-02
1.696160259490052624e+01 4.974375556185333530e-02
1.721370276108077135e+01 4.771005800658905532e-02
1.746543424102250341e+01 4.638248834491839889e-02
1.771598473288305442e+01 4.486294304787210446e-02
1.796653767411944003e+01 4.282364395179420746e-02
1.821765658501893270e+01 4.166744530759283749e-02
1.847053788120423334e+01 3.984873098580931500e-02
1.872257696809484173e+01 3.846426742859592601e-02
1.897394097105746269e+01 3.725381235216461417e-02
1.922542454726159988e+01 3.603813050215803199e-02
1.947607703355479103e+01 3.445852040634407587e-02
1.972678839839982601e+01 3.356614086079478393e-02
1.997802698857814363e+01 3.248944431802225363e-02
2.022863620534168660e+01 3.133452973879522624e-02
2.047969598507238231e+01 3.046455428248528302e-02
2.073250439107362553e+01 2.943983134125894782e-02
2.098435855211640089e+01 2.854473699539629081e-02
2.123502923393334640e+01 2.761490984229366535e-02
2.148629411178690773e+01 2.671006770702212887e-02
2.173831825513516591e+01 2.584860234159613510e-02
2.198972260956887226e+01 2.513714741739705646e-02
2.223974971000711420e+01 2.423644462739153391e-02
2.249141870643862973e+01 2.370811131090139537e-02
2.274404614890906373e+01 2.302127219597623065e-02
2.299521835768831579e+01 2.217259934789142517e-02
2.324620084136223852e+01 2.165213970351011555e-02
2.349757798664387209e+01 2.097592836126231652e-02
2.374870488118759937e+01 2.035908041419038500e-02
2.399988781917473091e+01 1.986120084269396222e-02
2.425071646049711305e+01 1.923676199631151051e-02
2.450187830577813841e+01 1.867554989991949965e-02
2.475391093216606109e+01 1.824788229910170520e-02
2.500524226975159792e+01 1.774638059459635042e-02
2.525610980153284402e+01 1.722352425479688892e-02
2.550801425092822328e+01 1.691644236976409463e-02
2.575943113325822864e+01 1.627023958534549661e-02
2.601074166866445125e+01 1.607128824181158072e-02
2.626234447079615464e+01 1.563136632611739074e-02
2.651347712943701751e+01 1.522061201867006171e-02
2.676474177984877656e+01 1.485421113764795811e-02
2.701628079430242479e+01 1.446478468175004840e-02
2.726734205837282232e+01 1.401527700412189339e-02
2.751837013544679422e+01 1.368916026402861377e-02
2.776937726815812724e+01 1.346851107128154736e-02
2.802070160973895341e+01 1.309073387279005747e-02
2.827249982643487058e+01 1.281073499348532423e-02
2.852407603869968966e+01 1.248511712414014131e-02
2.877567300468570721e+01 1.217263788769530099e-02
2.902733523039245256e+01 1.189977329185028417e-02
2.927861073083739996e+01 1.157999823900314820e-02
2.953003196193969160e+01 1.133990930871565071e-02
2.978106336846375157e+01 1.117874173304912212e-02
3.003148440777084716e+01 1.076457330491059627e-02
3.028303386126418673e+01 1.061112887538197269e-02
3.053456493440382857e+01 1.032937797190205953e-02
3.078585183944906944e+01 1.022425087363327406e-02
3.103757946070165730e+01 9.895532702257014979e-03
3.128931656795834826e+01 9.733266768852933543e-03
3.154125974608096428e+01 9.470235780441066398e-03
3.179158626791808828e+01 9.299850326091128189e-03
3.204196438636942190e+01 9.073142267541347769e-03
3.229344668057169798e+01 8.917847145821111710e-03
3.254489998018084407e+01 8.721327592535207604e-03
3.279660140319880668e+01 8.548551002543026273e-03
3.304772754686901237e+01 8.393920899492706908e-03
3.329949953441923327e+01 8.175641049297259835e-03
3.355173249539067371e+01 8.059402248212520214e-03
3.380235474142784824e+01 7.835959625755953978e-03
3.405292218889088218e+01 7.710883683038022816e-03
3.430455901572810262e+01 7.533598225243926666e-03
3.455605119154291316e+01 7.431205006792206309e-03
3.480708698418615654e+01 7.277114366783589937e-03
3.505823042281740243e+01 7.159727277524841060e-03
3.530983122122644602e+01 6.978544439366735422e-03
3.556111974160763367e+01 6.902230448935481322e-03
3.581195885960364933e+01 6.752161339564783857e-03
3.606348577968052638e+01 6.598458729809277001e-03
3.631495136683125935e+01 6.482098521963467613e-03
3.656646781331610185e+01 6.320617621018163705e-03
3.681800948534306173e+01 6.288165307015072293e-03
3.706942350460822411e+01 6.146255498296553099e-03
3.732119977997001570e+01 6.072530360710508800e-03
3.757249197135423202e+01 5.917759840127342560e-03
3.782324055213251057e+01 5.806376177674012901e-03
3.807430609684078604e+01 5.717583437020914289e-03
3.832526519371521090e+01 5.543189087557891075e-03
3.857704530181875668e+01 5.521346528364144864e-03
3.882896255048217427e+01 5.425401707475104376e-03
3.907976684424035341e+01 5.291415731339300585e-03
3.933085588900704010e+01 5.241770243951101270e-03
3.958184533965361140e+01 5.121719681360672148e-03
3.983320492881626507e+01 5.030319190772152525e-03
4.008506787586624398e+01 4.955174237137838569e-03
4.033569471078550350e+01 4.894886160489666030e-03
4.058701345074587863e+01 4.754173668971975464e-03
4.083916815834436420e+01 4.717740362631073388e-03
4.108978611092747713e+01 4.613916603773150424e-03
4.134119394692694271e+01 4.526805560982155759e-03
4.159372926482761557e+01 4.480247543885518789e-03
4.184480996230068683e+01 4.402014777763124838e-03
4.209495048714620680e+01 4.349787727681727299e-03
4.234568601474854432e+01 4.287601457183539549e-03
4.259794184898333214e+01 4.213843377283840556e-03
4.284922176444433717e+01 4.140246072891175071e-03
4.309982534096671003e+01 4.054961617646397724e-03
4.335153475414617930e+01 3.988702213978657062e-03
4.360374984514007224e+01 3.948630139333654705e-03
4.385432838732079830e+01 3.861008591685984471e-03
4.410529766549178277e+01 3.804082375585101945e-03
4.435675536456894008e+01 3.748401392995141367e-03
4.460756668584335927e+01 3.691801533776996325e-03
4.485812369927145937e+01 3.672678149985581647e-03
4.510933196139897206e+01 3.593158412776824816e-03
4.536097672816924131e+01 3.525822237842370435e-03
4.561261869099184452e+01 3.452029826753371614e-03
4.586346064304911607e+01 3.470932617547975354e-03
4.611435299895526185e+01 3.396590015650479723e-03
4.636610302009028572e+01 3.306719104030325217e-03
4.661726081402038346e+01 3.317401313674914805e-03
4.686748045926628237e+01 3.168216940871130313e-03
4.712001000143001761e+01 3.236293697988072184e-03
4.737334269293729960e+01 3.167502984540813016e-03
4.762357272554871912e+01 3.086026491219343373e-03
4.787295862859781437e+01 3.044149404801242773e-03
4.812686710231834297e+01 3.012624245303854691e-03
4.837988354528783930e+01 2.948781052340471078e-03
4.862698975964909209e+01 2.912407321506086180e-03
4.887931961662670233e+01 2.861526319688690537e-03
4.913512531690142282e+01 2.853390800257230193e-03
4.938486646957150583e+01 2.819461901307411186e-03
4.963073103205424985e+01 2.745791603158482825e-03
4.988316058859187763e+01 2.761978703024583863e-03
5.013927392651110893e+01 2.697165770199332763e-03
5.038898445289544270e+01 2.648155464076739837e-03
5.063791314200675941e+01 2.615590043786015714e-03
5.089234515763529032e+01 2.530103691761328901e-03
5.114529266359630810e+01 2.537400934412343059e-03
5.138952878242714206e+01 2.561044530673788067e-03
5.163945178601188246e+01 2.463228350639502708e-03
5.190206698624180603e+01 2.402055133213964761e-03
5.215590084722179398e+01 2.402083273825102085e-03
5.238680673191466042e+01 2.465369508446392868e-03
5.263532591009818873e+01 2.319200544401635311e-03
5.290823119436031874e+01 2.348708086531639625e-03
5.316882575050344428e+01 2.199615091729690934e-03
5.338513341050097694e+01 2.226646329295384023e-03
5.363212510227822349e+01 2.352163505666490014e-03
5.391615723351310407e+01 2.224388340556442308e-03
5.419187693011466678e+01 2.215762650331367344e-03
5.439722241285236493e+01 1.996388294499180666e-03
5.462806064877949552e+01 1.988744132241265870e-03
5.491241494336609463e+01 2.129356754621085021e-03
5.519421446932921782e+01 2.316003328683606879e-03
5.543046826972861396e+01 1.337483824378287844e-03
5.561137265256709128e+01 2.330606684324096779e-03
