3.559856489878782115e-01 9.717225334585529026e+02
6.031648866026231293e-01 1.936467925613145269e+02
8.579160745827347778e-01 9.241453179616685532e+01
1.113464310595710716e+00 4.779916831347335204e+01
1.374039914321364408e+00 3.359139546943782051e+01
1.619154704570298309e+00 1.813633498717935666e+01
1.870686673430271840e+00 1.507388430030646731e+01
2.123290040706380832e+00 1.147241978547378949e+01
2.378144976376236119e+00 8.256663642580523543e+00
2.630489925835516996e+00 6.368617921627987677e+00
2.878653162679494670e+00 4.817988691023773917e+00
3.131144366275339319e+00 3.856951565301145024e+00
3.388159578333816313e+00 3.170897768685038809e+00
3.638741848210948149e+00 2.663139554234952300e+00
3.888315910732085268e+00 2.338893806293431687e+00
4.139052155837465996e+00 1.980171743784939764e+00
4.390305777018236988e+00 1.661580742260846622e+00
4.642172339120373081e+00 1.501728807791868681e+00
4.894678666149941293e+00 1.298866095436511436e+00
5.147269052361176378e+00 1.128984361390562352e+00
5.398003206656323272e+00 1.013924323888689472e+00
5.647798235368590269e+00 8.946135917251145653e-01
5.900534302989873581e+00 7.948446448167862943e-01
6.151460297009074374e+00 7.216241441153770086e-01
6.402630176204441526e+00 6.407111464309620530e-01
6.655964674748322096e+00 5.877133295926174616e-01
6.908782583105771202e+00 5.352904582944544298e-01
7.159060853508338873e+00 4.863383195868522524e-01
7.409414762591408632e+00 4.475382382812282955e-01
7.659227149364629561e+00 4.091453387115935314e-01
7.911559474606142395e+00 3.705444837074786113e-01
8.163750941790897997e+00 3.413525577773653952e-01
8.415757210439384295e+00 3.192675187116378321e-01
8.667638839289207198e+00 2.966582852311311358e-01
8.918801124864609520e+00 2.762051304613358238e-01
9.170480108345369530e+00 2.556936426932700512e-01
9.420566033467249412e+00 2.338507777962562928e-01
9.671642335271435797e+00 2.246422741593312733e-01
9.923426157758477473e+00 2.041400281174176046e-01
1.017396902749181820e+01 1.942369278133452837e-01
1.042533700753922155e+01 1.839179583457888068e-01
1.067702948358784276e+01 1.703094004199711964e-01
1.092969337256462303e+01 1.605243570005598364e-01
1.118211872033766419e+01 1.531360563957689658e-01
1.143346516925797296e+01 1.438587150647352708e-01
1.168350508557724687e+01 1.352455437311188002e-01
1.193379937775929100e+01 1.285267490907526233e-01
1.218553055762879112e+01 1.203831231950101971e-01
1.243711650801278878e+01 1.138423807073701971e-01
1.268867268647359303e+01 1.101263681774306974e-01
1.294075027177769144e+01 1.024253576127196752e-01
1.319267287020158363e+01 9.691639353237645194e-02
1.344470571782862756e+01 9.279704954118038474e-02
1.369480150283709641e+01 8.690635432850692121e-02
1.394591277066507828e+01 8.389247163370072702e-02
1.419764645764527167e+01 8.043013406057862580e-02
1.444766774168416212e+01 7.650198988433826175e-02
1.469906835825429070e+01 7.349918179955555742e-02
1.495059118111036511e+01 7.069736316158012346e-02
1.520261612590052991e+01 6.706378207009083825e-02
1.545415944503929495e+01 6.442788508001999481e-02
1.570456072545780124e+01 6.137144990275081313e-02
1.595705800128773966e+01 5.932441494319819902e-02
1.620829297830731619e+01 5.631441561272288593e-02
1.645966591028190962e+01 5.430705676399263243e-02
1.671125708846596325e+01 5.223717729364536072e-02
1.696160259490052624e+01 4.968795905332593771e-02
1.721370276108077135e+01 4.833807004382841693e-02
1.746543424102250341e+01 4.649208148475074409e-02
1.771598473288305442e+01 4.485876768439110707e-02
1.796653767411944003e+01 4.267624791039500987e-02
1.821765658501893270e+01 4.125966795525465303e-02
1.847053788120423334e+01 3.998450191690396810e-02
1.872257696809484173e+01 3.853507063674119909e-02
1.897394097105746269e+01 3.738059645217731153e-02
1.922542454726159988e+01 3.601627313433052729e-02
1.947607703355479103e+01 3.457147058574510518e-02
1.972678839839982601e+01 3.358670231061258726e-02
1.997802698857814363e+01 3.236019286528021149e-02
2.022863620534168660e+01 3.102655292361564468e-02
2.047969598507238231e+01 3.021602437284770168e-02
2.073250439107362553e+01 2.937736819957149914e-02
2.098435855211640089e+01 2.837559467762530013e-02
2.123502923393334640e+01 2.742224346027335655e-02
2.148629411178690773e+01 2.665769704649102734e-02
2.173831825513516591e+01 2.584629885539218089e-02
2.198972260956887226e+01 2.507471617166736125e-02
2.223974971000711420e+01 2.411029137069991418e-02
2.249141870643862973e+01 2.356778778225457685e-02
2.274404614890906373e+01 2.306318916592424093e-02
2.299521835768831579e+01 2.224859480856613073e-02
2.324620084136223852e+01 2.163191977334060628e-02
2.349757798664387209e+01 2.107380206935443104e-02
2.374870488118759937e+01 2.031000675750299286e-02
2.399988781917473091e+01 1.988942709690094679e-02
2.425071646049711305e+01 1.911683887791604253e-02
2.450187830577813841e+01 1.868854916461201027e-02
2.475391093216606109e+01 1.824828038557412338e-02
2.500524226975159792e+01 1.776461887386188501e-02
2.525610980153284402e+01 1.732381163314638400e-02
2.550801425092822328e+01 1.685473843642154926e-02
2.575943113325822864e+01 1.634510430322786909e-02
2.601074166866445125e+01 1.586421495793533670e-02
2.626234447079615464e+01 1.564979561241621256e-02
2.651347712943701751e+01 1.511660234985487059e-02
2.676474177984877656e+01 1.477992141327368579e-02
2.701628079430242479e+01 1.441139527040523338e-02
2.726734205837282232e+01 1.413264002252805768e-02
2.751837013544679422e+01 1.371115198437985322e-02
2.776937726815812724e+01 1.344555403177933456e-02
2.802070160973895341e+01 1.303219723470041072e-02
2.827249982643487058e+01 1.276186228154899648e-02
2.852407603869968966e+01 1.248457454728298111e-02
2.877567300468570721e+01 1.216716792401176250e-02
2.902733523039245256e+01 1.187175238430401326e-02
2.927861073083739996e+01 1.160603913676627394e-02
2.953003196193969160e+01 1.134519687274650884e-02
2.978106336846375157e+01 1.107382670097236538e-02
3.003148440777084716e+01 1.080923053549405835e-02
3.028303386126418673e+01 1.067040954498986449e-02
3.053456493440382857e+01 1.037817244900076166e-02
3.078585183944906944e+01 1.015802720145492395e-02
3.103757946070165730e+01 9.905000937697132357e-03
3.128931656795834826e+01 9.672301150103396195e-03
3.154125974608096428e+01 9.557203563278484845e-03
3.179158626791808828e+01 9.259957924231379880e-03
3.204196438636942190e+01 9.062992840859252636e-03
3.229344668057169798e+01 8.936450421186412432e-03
3.254489998018084407e+01 8.716271509522938860e-03
3.279660140319880668e+01 8.510883941723178941e-03
3.304772754686901237e+01 8.345325794895571900e-03
3.329949953441923327e+01 8.198077263815757229e-03
3.355173249539067371e+01 8.012734818034650958e-03
3.380235474142784824e+01 7.912373752765633136e-03
3.405292218889088218e+01 7.685043073839280953e-03
3.430455901572810262e+01 7.545963434046391860e-03
3.455605119154291316e+01 7.452353078793817059e-03
3.480708698418615654e+01 7.262455849778178506e-03
3.505823042281740243e+01 7.103819875738960447e-03
3.530983122122644602e+01 6.975638687797733849e-03
3.556111974160763367e+01 6.859206796543178275e-03
3.581195885960364933e+01 6.697152959456442733e-03
3.606348577968052638e+01 6.592063835777783355e-03
3.631495136683125935e+01 6.457457663657488120e-03
3.656646781331610185e+01 6.359042795819508029e-03
3.681800948534306173e+01 6.216539669215849495e-03
3.706942350460822411e+01 6.139027314375305328e-03
3.732119977997001570e+01 6.033177175972447362e-03
3.757249197135423202e+01 5.910416744143729209e-03
3.782324055213251057e+01 5.819933244137589709e-03
3.807430609684078604e+01 5.691632181657190447e-03
3.832526519371521090e+01 5.602405567710726925e-03
3.857704530181875668e+01 5.552907308497286032e-03
3.882896255048217427e+01 5.370653781005463832e-03
3.907976684424035341e+01 5.321195871328201349e-03
3.933085588900704010e+01 5.200881191763572983e-03
3.958184533965361140e+01 5.111379959512680343e-03
3.983320492881626507e+01 5.067589868281874299e-03
4.008506787586624398e+01 4.980971309781596044e-03
4.033569471078550350e+01 4.852153003671336347e-03
4.058701345074587863e+01 4.809552309432703343e-03
4.083916815834436420e+01 4.673239822846296347e-03
4.108978611092747713e+01 4.647970618871424993e-03
4.134119394692694271e+01 4.564282331104127857e-03
4.159372926482761557e+01 4.520085682575585538e-03
4.184480996230068683e+01 4.415655588514288618e-03
4.209495048714620680e+01 4.328065228289278837e-03
4.234568601474854432e+01 4.263233348287796994e-03
4.259794184898333214e+01 4.196793202100996406e-03
4.284922176444433717e+01 4.100083959810409996e-03
4.309982534096671003e+01 4.082315921923674977e-03
4.335153475414617930e+01 4.007416923932796346e-03
4.360374984514007224e+01 3.926481830438656971e-03
4.385432838732079830e+01 3.904183223893860789e-03
4.410529766549178277e+01 3.848759069831813717e-03
4.435675536456894008e+01 3.735051641663142841e-03
4.460756668584335927e+01 3.714069074288689314e-03
4.485812369927145937e+01 3.644404156991850902e-03
4.510933196139897206e+01 3.625470807643015828e-03
4.536097672816924131e+01 3.522296525910844234e-03
4.561261869099184452e+01 3.458341399055943430e-03
4.586346064304911607e+01 3.446961541461655149e-03
4.611435299895526185e+01 3.372162320704763690e-03
4.636610302009028572e+01 3.317823374139868085e-03
4.661726081402038346e+01 3.319004804498248799e-03
4.686748045926628237e+01 3.263481116581588501e-03
4.712001000143001761e+01 3.205058112728810440e-03
4.737334269293729960e+01 3.146130861652342379e-03
4.762357272554871912e+01 3.093736551156322546e-03
4.787295862859781437e+01 3.050884107762865272e-03
4.812686710231834297e+01 2.991695885720859014e-03
4.837988354528783930e+01 2.964939003596159597e-03
4.862698975964909209e+01 2.875350103453384789e-03
4.887931961662670233e+01 2.856883729218223297e-03
4.913512531690142282e+01 2.855271814948788945e-03
4.938486646957150583e+01 2.796830748958001236e-03
4.963073103205424985e+01 2.744594507805541480e-03
4.988316058859187763e+01 2.786380126474200230e-03
5.013927392651110893e+01 2.596872351909791741e-03
5.038898445289544270e+01 2.623632010462130168e-03
5.063791314200675941e+01 2.644673316117058474e-03
5.089234515763529032e+01 2.534181474068046905e-03
5.114529266359630810e+01 2.536071627404168100e-03
5.138952878242714206e+01 2.561783030485361833e-03
5.163945178601188246e+01 2.440909131159760791e-03
5.190206698624180603e+01 2.465948695771218342e-03
5.215590084722179398e+01 2.332799832770664043e-03
5.238680673191466042e+01 2.447993714972041945e-03
5.263532591009818873e+01 2.371078320844315947e-03
5.290823119436031874e+01 2.391266872969385112e-03
5.316882575050344428e+01 2.357680168533443730e-03
5.338513341050097694e+01 2.185344560330074095e-03
5.363212510227822349e+01 2.154013225166954287e-03
5.391615723351310407e+01 2.065476486419748781e-03
5.419187693011466678e+01 2.190920931590399721e-03
5.439722241285236493e+01 2.090039750467755347e-03
5.462806064877949552e+01 2.403705969980273523e-03
5.491241494336609463e+01 2.044441766445892136e-03
5.519421446932921782e+01 1.799693303363609186e-03
5.543046826972861396e+01 1.771110310648548770e-03
5.561137265256709128e+01 2.067082121182706698e-03
