3.559856489878782115e-01 4.612057111388573389e+02
6.031648866026231293e-01 2.002990502317022106e+02
8.579160745827347778e-01 1.057758343267268799e+02
1.113464310595710716e+00 5.653907490820655113e+01
1.374039914321364408e+00 3.046826816879789845e+01
1.619154704570298309e+00 2.191381634811805057e+01
1.870686673430271840e+00 1.473261782256964381e+01
2.123290040706380832e+00 1.084461100005594858e+01
2.378144976376236119e+00 7.524516456717892154e+00
2.630489925835516996e+00 6.253643913700173584e+00
2.878653162679494670e+00 4.979546080209882319e+00
3.131144366275339319e+00 4.039503557211237883e+00
3.388159578333816313e+00 3.340665761130436895e+00
3.638741848210948149e+00 2.668207433303660281e+00
3.888315910732085268e+00 2.412045318379954839e+00
4.139052155837465996e+00 1.970618284565103240e+00
4.390305777018236988e+00 1.633333750966088793e+00
4.642172339120373081e+00 1.446396128192488639e+00
4.894678666149941293e+00 1.322717810675758665e+00
5.147269052361176378e+00 1.163444129104736158e+00
5.398003206656323272e+00 1.018196015945691979e+00
5.647798235368590269e+00 8.763034632264121715e-01
5.900534302989873581e+00 7.612095093382063027e-01
6.151460297009074374e+00 7.192339661134726780e-01
6.402630176204441526e+00 6.511816913059498280e-01
6.655964674748322096e+00 5.875993866663200560e-01
6.908782583105771202e+00 5.273743389989058450e-01
7.159060853508338873e+00 4.874013034037390502e-01
7.409414762591408632e+00 4.540828692644686693e-01
7.659227149364629561e+00 4.095645267893823771e-01
7.911559474606142395e+00 3.812534348348797786e-01
8.163750941790897997e+00 3.442519933031025769e-01
8.415757210439384295e+00 3.173833724528111744e-01
8.667638839289207198e+00 2.992792774465858341e-01
8.918801124864609520e+00 2.746432456849246528e-01
9.170480108345369530e+00 2.589569260908228809e-01
9.420566033467249412e+00 2.354294604682644898e-01
9.671642335271435797e+00 2.208677831921703194e-01
9.923426157758477473e+00 2.046149445160099778e-01
1.017396902749181820e+01 1.918839694762762560e-01
1.042533700753922155e+01 1.841152459231654159e-01
1.067702948358784276e+01 1.715243468146562811e-01
1.092969337256462303e+01 1.608797107915820035e-01
1.118211872033766419e+01 1.520881846691826411e-01
1.143346516925797296e+01 1.431583174865157793e-01
1.168350508557724687e+01 1.324452803936417289e-01
1.193379937775929100e+01 1.265924527748926443e-01
1.218553055762879112e+01 1.205136509249556537e-01
1.243711650801278878e+01 1.146628525754268407e-01
1.268867268647359303e+01 1.098013297191492293e-01
1.294075027177769144e+01 1.019079635061914402e-01
1.319267287020158363e+01 9.782660285840345804e-02
1.344470571782862756e+01 9.345991849759414938e-02
1.369480150283709641e+01 8.793416489470250175e-02
1.394591277066507828e+01 8.470204813505707864e-02
1.419764645764527167e+01 7.950019609576584878e-02
1.444766774168416212e+01 7.650580545877821992e-02
1.469906835825429070e+01 7.321653247180968938e-02
1.495059118111036511e+01 7.039730469859145634e-02
1.520261612590052991e+01 6.705927551554484445e-02
1.545415944503929495e+01 6.455137153299674024e-02
1.570456072545780124e+01 6.125713928900649446e-02
1.595705800128773966e+01 5.919584024859583793e-02
1.620829297830731619e+01 5.644761477756322227e-02
1.645966591028190962e+01 5.453117386726207688e-02
1.671125708846596325e+01 5.147862753862732926e-02
1.696160259490052624e+01 5.055428050597028655e-02
1.721370276108077135e+01 4.797438880383783633e-02
1.746543424102250341e+01 4.672717715143197281e-02
1.771598473288305442e+01 4.474603731793241196e-02
1.796653767411944003e+01 4.258325480460254525e-02
1.821765658501893270e+01 4.151947740892567018e-02
1.847053788120423334e+01 4.003277755296099499e-02
1.872257696809484173e+01 3.896890189141616334e-02
1.897394097105746269e+01 3.719965892389488077e-02
1.922542454726159988e+01 3.577344535766370515e-02
1.947607703355479103e+01 3.452736173639583267e-02
1.972678839839982601e+01 3.338265573318505847e-02
1.997802698857814363e+01 3.250923413363586423e-02
2.022863620534168660e+01 3.128987559533952245e-02
2.047969598507238231e+01 3.029141675067572106e-02
2.073250439107362553e+01 2.927528218565585497e-02
2.098435855211640089e+01 2.858324280893628777e-02
2.123502923393334640e+01 2.768494187234774029e-02
2.148629411178690773e+01 2.674049081002589229e-02
2.173831825513516591e+01 2.585581919550233171e-02
2.198972260956887226e+01 2.516744156093309731e-02
2.223974971000711420e+01 2.422269089915931456e-02
2.249141870643862973e+01 2.356614230713489216e-02
2.274404614890906373e+01 2.291917559531192819e-02
2.299521835768831579e+01 2.222651820366455810e-02
2.324620084136223852e+01 2.160442134534995909e-02
2.349757798664387209e+01 2.105805756523051672e-02
2.374870488118759937e+01 2.036296652433540119e-02
2.399988781917473091e+01 1.984125669985408943e-02
2.425071646049711305e+01 1.921422532052010496e-02
2.450187830577813841e+01 1.872878878771137151e-02
2.475391093216606109e+01 1.830186897188838466e-02
2.500524226975159792e+01 1.782072546457884668e-02
2.525610980153284402e+01 1.744260565122579196e-02
2.550801425092822328e+01 1.684820206983451626e-02
2.575943113325822864e+01 1.640125560499048479e-02
2.601074166866445125e+01 1.601091435051336595e-02
2.626234447079615464e+01 1.549912721589575409e-02
2.651347712943701751e+01 1.509135498496657832e-02
2.676474177984877656e+01 1.481165132098409901e-02
2.701628079430242479e+01 1.445205024189303265e-02
2.726734205837282232e+01 1.402319440059840265e-02
2.751837013544679422e+01 1.366933042805677789e-02
2.776937726815812724e+01 1.340370155618538991e-02
2.802070160973895341e+01 1.307221070586649971e-02
2.827249982643487058e+01 1.274775219400282357e-02
2.852407603869968966e+01 1.248647103211544991e-02
2.877567300468570721e+01 1.216324840010626386e-02
2.902733523039245256e+01 1.183126976085330760e-02
2.927861073083739996e+01 1.158673809796311079e-02
2.953003196193969160e+01 1.133909459972921169e-02
2.978106336846375157e+01 1.111139022160101582e-02
3.003148440777084716e+01 1.084932582311151465e-02
3.028303386126418673e+01 1.061236857124957071e-02
3.053456493440382857e+01 1.043960822082708358e-02
3.078585183944906944e+01 1.007394178230493383e-02
3.103757946070165730e+01 9.943229078830932710e-03
3.128931656795834826e+01 9.676620310563165822e-03
3.154125974608096428e+01 9.556497512083832538e-03
3.179158626791808828e+01 9.239230759731667519e-03
3.204196438636942190e+01 9.076875790191708815e-03
3.229344668057169798e+01 8.913432484501000730e-03
3.254489998018084407e+01 8.779243350273758725e-03
3.279660140319880668e+01 8.556705174028648650e-03
3.304772754686901237e+01 8.355327518990882454e-03
3.329949953441923327e+01 8.213782371021518397e-03
3.355173249539067371e+01 8.000067174187702052e-03
3.380235474142784824e+01 7.814315373409113155e-03
3.405292218889088218e+01 7.767857677613908100e-03
3.430455901572810262e+01 7.557862939990008834e-03
3.455605119154291316e+01 7.444186382515113540e-03
3.480708698418615654e+01 7.295840989196696394e-03
3.505823042281740243e+01 7.140260347345928765e-03
3.530983122122644602e+01 6.982333048753249123e-03
3.556111974160763367e+01 6.916661367217269776e-03
3.581195885960364933e+01 6.720388102771057172e-03
3.606348577968052638e+01 6.566741844902860420e-03
3.631495136683125935e+01 6.480033888025260591e-03
3.656646781331610185e+01 6.342638982038764812e-03
3.681800948534306173e+01 6.253823687075338832e-03
3.706942350460822411e+01 6.137810612790998120e-03
3.732119977997001570e+01 6.034326553600089828e-03
3.757249197135423202e+01 5.935138124931752836e-03
3.782324055213251057e+01 5.808074568309604981e-03
3.807430609684078604e+01 5.702798884041108789e-03
3.832526519371521090e+01 5.626800432568478810e-03
3.857704530181875668e+01 5.496853970358008684e-03
3.882896255048217427e+01 5.428227617859605371e-03
3.907976684424035341e+01 5.338770374945787586e-03
3.933085588900704010e+01 5.240456898649387650e-03
3.958184533965361140e+01 5.156454266422852081e-03
3.983320492881626507e+01 5.020132657996390947e-03
4.008506787586624398e+01 4.965743179154729139e-03
4.033569471078550350e+01 4.902951695735149190e-03
4.058701345074587863e+01 4.802458375748414922e-03
4.083916815834436420e+01 4.689521311286504700e-03
4.108978611092747713e+01 4.661925905910065636e-03
4.134119394692694271e+01 4.576364369667746367e-03
4.159372926482761557e+01 4.488718171678613214e-03
4.184480996230068683e+01 4.427192156753746201e-03
4.209495048714620680e+01 4.344766568715290912e-03
4.234568601474854432e+01 4.260414226726056894e-03
4.259794184898333214e+01 4.217592313615327326e-03
4.284922176444433717e+01 4.153391741795791660e-03
4.309982534096671003e+01 4.052937613246661297e-03
4.335153475414617930e+01 4.008453884137855305e-03
4.360374984514007224e+01 3.978565283717795664e-03
4.385432838732079830e+01 3.894581048414210399e-03
4.410529766549178277e+01 3.849829253893535894e-03
4.435675536456894008e+01 3.753589071985529834e-03
4.460756668584335927e+01 3.694620445960729738e-03
4.485812369927145937e+01 3.613417804743870778e-03
4.510933196139897206e+01 3.611777079452197468e-03
4.536097672816924131e+01 3.509918338688713252e-03
4.561261869099184452e+01 3.463129811293159076e-03
4.586346064304911607e+01 3.444951108702160470e-03
4.611435299895526185e+01 3.365865272343440337e-03
4.636610302009028572e+01 3.350995993007197579e-03
4.661726081402038346e+01 3.279530010828974121e-03
4.686748045926628237e+01 3.271025576347837832e-03
4.712001000143001761e+01 3.184111993906900678e-03
4.737334269293729960e+01 3.211826520945258376e-03
4.762357272554871912e+01 3.088863953511684825e-03
4.787295862859781437e+01 3.033146277195173518e-03
4.812686710231834297e+01 3.028715422355717640e-03
4.837988354528783930e+01 2.943681970539320861e-03
4.862698975964909209e+01 2.908784689521509963e-03
4.887931961662670233e+01 2.871821005032239912e-03
4.913512531690142282e+01 2.852726024760772732e-03
4.938486646957150583e+01 2.823147129652806529e-03
4.963073103205424985e+01 2.713108073321099292e-03
4.988316058859187763e+01 2.713402117993925135e-03
5.013927392651110893e+01 2.701784234828263648e-03
5.038898445289544270e+01 2.644577812151916417e-03
5.063791314200675941e+01 2.594647513131065255e-03
5.089234515763529032e+01 2.591225496132908580e-03
5.114529266359630810e+01 2.590583464437037908e-03
5.138952878242714206e+01 2.549929116135984768e-03
5.163945178601188246e+01 2.447343332522216620e-03
5.190206698624180603e+01 2.440372266472384637e-03
5.215590084722179398e+01 2.405790955847952536e-03
5.238680673191466042e+01 2.348875721852205882e-03
5.263532591009818873e+01 2.306940084062771446e-03
5.290823119436031874e+01 2.330409335078976584e-03
5.316882575050344428e+01 2.356069249522944973e-03
5.338513341050097694e+01 2.258987361474757306e-03
5.363212510227822349e+01 2.194477955875596357e-03
5.391615723351310407e+01 2.038593374026719321e-03
5.419187693011466678e+01 2.002247506554596414e-03
5.439722241285236493e+01 2.125561161404851494e-03
5.462806064877949552e+01 1.945895581106125895e-03
5.491241494336609463e+01 2.154166490613472484e-03
5.519421446932921782e+01 2.587899178411281250e-03
5.543046826972861396e+01 1.440012991808986348e-03
5.561137265256709128e+01 1.634477114564320986e-03
