3.559856489878782115e-01 5.568394881434699073e+02
6.031648866026231293e-01 2.343702558830700582e+02
8.579160745827347778e-01 8.722568165527532358e+01
1.113464310595710716e+00 5.364604449176341916e+01
1.374039914321364408e+00 2.898589700065112140e+01
1.619154704570298309e+00 2.011290641401196311e+01
1.870686673430271840e+00 1.512788299642687662e+01
2.123290040706380832e+00 1.138309696564377482e+01
2.378144976376236119e+00 7.537582549878575122e+00
2.630489925835516996e+00 6.107311130000611321e+00
2.878653162679494670e+00 4.906271825093821093e+00
3.131144366275339319e+00 3.850392198172110536e+00
3.388159578333816313e+00 3.259318872147233481e+00
3.638741848210948149e+00 2.762740200110553435e+00
3.888315910732085268e+00 2.396979410602730454e+00
4.139052155837465996e+00 2.004367566131933120e+00
4.390305777018236988e+00 1.705646544253550001e+00
4.642172339120373081e+00 1.459044298928588779e+00
4.894678666149941293e+00 1.288916190367721981e+00
5.147269052361176378e+00 1.124504969020469591e+00
5.398003206656323272e+00 1.018886760977597783e+00
5.647798235368590269e+00 8.720648701244642087e-01
5.900534302989873581e+00 7.865972299861108130e-01
6.151460297009074374e+00 7.191236318287212992e-01
6.402630176204441526e+00 6.379790504651222660e-01
6.655964674748322096e+00 6.081983892880530318e-01
6.908782583105771202e+00 5.281604255053925501e-01
7.159060853508338873e+00 4.913911298766726055e-01
7.409414762591408632e+00 4.482213931955713049e-01
7.659227149364629561e+00 4.154591593248910808e-01
7.911559474606142395e+00 3.783491875637338131e-01
8.163750941790897997e+00 3.433275962634931289e-01
8.415757210439384295e+00 3.168857383548239759e-01
8.667638839289207198e+00 2.946839519856140899e-01
8.918801124864609520e+00 2.728697177132504703e-01
9.170480108345369530e+00 2.545538911034520013e-01
9.420566033467249412e+00 2.377252680512088323e-01
9.671642335271435797e+00 2.211685784717932479e-01
9.923426157758477473e+00 2.065095388768428963e-01
1.017396902749181820e+01 1.943766093196566958e-01
1.042533700753922155e+01 1.812239715298870346e-01
1.067702948358784276e+01 1.700041115830870364e-01
1.092969337256462303e+01 1.599339613399748949e-01
1.118211872033766419e+01 1.503733884818557742e-01
1.143346516925797296e+01 1.423600680208051139e-01
1.168350508557724687e+01 1.335024312216936959e-01
1.193379937775929100e+01 1.298560470692327606e-01
1.218553055762879112e+01 1.198777752582105144e-01
1.243711650801278878e+01 1.153401325142297124e-01
1.268867268647359303e+01 1.071207690003247170e-01
1.294075027177769144e+01 1.017329906185794747e-01
1.319267287020158363e+01 9.682001017053290526e-02
1.344470571782862756e+01 9.221552033015417704e-02
1.369480150283709641e+01 8.881800201350055490e-02
1.394591277066507828e+01 8.509828974851915695e-02
1.419764645764527167e+01 8.080406699633013723e-02
1.444766774168416212e+01 7.749465459718697657e-02
1.469906835825429070e+01 7.365080602269070964e-02
1.495059118111036511e+01 6.951808376380745613e-02
1.520261612590052991e+01 6.708185903463284583e-02
1.545415944503929495e+01 6.447470365665641800e-02
1.570456072545780124e+01 6.224397664669448910e-02
1.595705800128773966e+01 5.929538789662260057e-02
1.620829297830731619e+01 5.629294403134374458e-02
1.645966591028190962e+01 5.416978224221880023e-02
1.671125708846596325e+01 5.265726000348955327e-02
1.696160259490052624e+01 5.021939626540106172e-02
1.721370276108077135e+01 4.840869103225022008e-02
1.746543424102250341e+01 4.644416271761783038e-02
1.771598473288305442e+01 4.471938584880231354e-02
1.796653767411944003e+01 4.272878796202841251e-02
1.821765658501893270e+01 4.136094821876554889e-02
1.847053788120423334e+01 3.973022001096165878e-02
1.872257696809484173e+01 3.875820489161387050e-02
1.897394097105746269e+01 3.733393217215234816e-02
1.922542454726159988e+01 3.573695106379977393e-02
1.947607703355479103e+01 3.455394166698744912e-02
1.972678839839982601e+01 3.373727604467317148e-02
1.997802698857814363e+01 3.244519461878361821e-02
2.022863620534168660e+01 3.141848221810259606e-02
2.047969598507238231e+01 3.033564898300360191e-02
2.073250439107362553e+01 2.921400005794876770e-02
2.098435855211640089e+01 2.823523992399737392e-02
2.123502923393334640e+01 2.758036923772878499e-02
2.148629411178690773e+01 2.682060406197102689e-02
2.173831825513516591e+01 2.586255332797692333e-02
2.198972260956887226e+01 2.530655945586464742e-02
2.223974971000711420e+01 2.420893827578940102e-02
2.249141870643862973e+01 2.355590794433384122e-02
2.274404614890906373e+01 2.288727576889962659e-02
2.299521835768831579e+01 2.220901264901676761e-02
2.324620084136223852e+01 2.145280159193942854e-02
2.349757798664387209e+01 2.107530063557318950e-02
2.374870488118759937e+01 2.038282775733959995e-02
2.399988781917473091e+01 1.980592535402871807e-02
2.425071646049711305e+01 1.929577645265664887e-02
2.450187830577813841e+01 1.881306191547828591e-02
2.475391093216606109e+01 1.828367625192968762e-02
2.500524226975159792e+01 1.773508663497600987e-02
2.525610980153284402e+01 1.725713131322473629e-02
2.550801425092822328e+01 1.684748111377381077e-02
2.575943113325822864e+01 1.641538684840844475e-02
2.601074166866445125e+01 1.601929142995189848e-02
2.626234447079615464e+01 1.551559897246384233e-02
2.651347712943701751e+01 1.525997883652938265e-02
2.676474177984877656e+01 1.490107283764081046e-02
2.701628079430242479e+01 1.442852380644682291e-02
2.726734205837282232e+01 1.404380256640198020e-02
2.751837013544679422e+01 1.370234691501756585e-02
2.776937726815812724e+01 1.331828068155941312e-02
2.802070160973895341e+01 1.311358177994189148e-02
2.827249982643487058e+01 1.278441792788842339e-02
2.852407603869968966e+01 1.250539085845505174e-02
2.877567300468570721e+01 1.222998892389383710e-02
2.902733523039245256e+01 1.187050050878215267e-02
2.927861073083739996e+01 1.165939187012292669e-02
2.953003196193969160e+01 1.138008371789993138e-02
2.978106336846375157e+01 1.107128019315427141e-02
3.003148440777084716e+01 1.079526442655645742e-02
3.028303386126418673e+01 1.063266752437857718e-02
3.053456493440382857e+01 1.037631221296054541e-02
3.078585183944906944e+01 1.016051864387784373e-02
3.103757946070165730e+01 9.893727973870038161e-03
3.128931656795834826e+01 9.737131530195430526e-03
3.154125974608096428e+01 9.474253606021285426e-03
3.179158626791808828e+01 9.268395458887218608e-03
3.204196438636942190e+01 9.086963280012148869e-03
3.229344668057169798e+01 8.906109072528603510e-03
3.254489998018084407e+01 8.703014908810329311e-03
3.279660140319880668e+01 8.541125581596559213e-03
3.304772754686901237e+01 8.352051781995009638e-03
3.329949953441923327e+01 8.196281129457822640e-03
3.355173249539067371e+01 8.010674653912690235e-03
3.380235474142784824e+01 7.883224828719840455e-03
3.405292218889088218e+01 7.701110333104078769e-03
3.430455901572810262e+01 7.575755404187345041e-03
3.455605119154291316e+01 7.412419548117681403e-03
3.480708698418615654e+01 7.262545671981823943e-03
3.505823042281740243e+01 7.151698135576567937e-03
3.530983122122644602e+01 7.025831390252506269e-03
3.556111974160763367e+01 6.885364818389545956e-03
3.581195885960364933e+01 6.733638719803371545e-03
3.606348577968052638e+01 6.586996743382685614e-03
3.631495136683125935e+01 6.511402248330763406e-03
3.656646781331610185e+01 6.371494399810988252e-03
3.681800948534306173e+01 6.278572338659456006e-03
3.706942350460822411e+01 6.123629209906865552e-03
3.732119977997001570e+01 6.024355919790344051e-03
3.757249197135423202e+01 5.913989205887963500e-03
3.782324055213251057e+01 5.830509432413802894e-03
3.807430609684078604e+01 5.688692526000698260e-03
3.832526519371521090e+01 5.611861241249852666e-03
3.857704530181875668e+01 5.484256850252920007e-03
3.882896255048217427e+01 5.411657516557941659e-03
3.907976684424035341e+01 5.321153007576903855e-03
3.933085588900704010e+01 5.232922198410922335e-03
3.958184533965361140e+01 5.142903934114886021e-03
3.983320492881626507e+01 5.053017618721686657e-03
4.008506787586624398e+01 4.921606679563585336e-03
4.033569471078550350e+01 4.901190199910801168e-03
4.058701345074587863e+01 4.789946068260997336e-03
4.083916815834436420e+01 4.717840405660781930e-03
4.108978611092747713e+01 4.648224750713672929e-03
4.134119394692694271e+01 4.564356679961020964e-03
4.159372926482761557e+01 4.470136316788475214e-03
4.184480996230068683e+01 4.405853655656421022e-03
4.209495048714620680e+01 4.332816380512564784e-03
4.234568601474854432e+01 4.229394065209274647e-03
4.259794184898333214e+01 4.221826866386904631e-03
4.284922176444433717e+01 4.142128553878217725e-03
4.309982534096671003e+01 4.097255019371001498e-03
4.335153475414617930e+01 4.030517673770588755e-03
4.360374984514007224e+01 3.949329133354250940e-03
4.385432838732079830e+01 3.878918540411906493e-03
4.410529766549178277e+01 3.819265279217807802e-03
4.435675536456894008e+01 3.760570784837853966e-03
4.460756668584335927e+01 3.714627556214776787e-03
4.485812369927145937e+01 3.622882902181924665e-03
4.510933196139897206e+01 3.618982853563115776e-03
4.536097672816924131e+01 3.550002678511379912e-03
4.561261869099184452e+01 3.477850742845692289e-03
4.586346064304911607e+01 3.435570975242466848e-03
4.611435299895526185e+01 3.359659317497144110e-03
4.636610302009028572e+01 3.304028096940458785e-03
4.661726081402038346e+01 3.320815926530289956e-03
4.686748045926628237e+01 3.181669464830172867e-03
4.712001000143001761e+01 3.173085667871099972e-03
4.737334269293729960e+01 3.176558914829789512e-03
4.762357272554871912e+01 3.066482196664642185e-03
4.787295862859781437e+01 3.065352713954296645e-03
4.812686710231834297e+01 3.032935364522250984e-03
4.837988354528783930e+01 2.935382298976425483e-03
4.862698975964909209e+01 2.917190266578868416e-03
4.887931961662670233e+01 2.892317614308107139e-03
4.913512531690142282e+01 2.838098229250088367e-03
4.938486646957150583e+01 2.859754564464135965e-03
4.963073103205424985e+01 2.763699929396220677e-03
4.988316058859187763e+01 2.822481617894918339e-03
5.013927392651110893e+01 2.754093204616702480e-03
5.038898445289544270e+01 2.649823405659814269e-03
5.063791314200675941e+01 2.526134298276195601e-03
5.089234515763529032e+01 2.614177687744360674e-03
5.114529266359630810e+01 2.617841619338538879e-03
5.138952878242714206e+01 2.532314809596791002e-03
5.163945178601188246e+01 2.416197365678776025e-03
5.190206698624180603e+01 2.521899630200234201e-03
5.215590084722179398e+01 2.475921277993863457e-03
5.238680673191466042e+01 2.432730143635339435e-03
5.263532591009818873e+01 2.459436589911725111e-03
5.290823119436031874e+01 2.362798157820237936e-03
5.316882575050344428e+01 2.330618714486528114e-03
5.338513341050097694e+01 2.238071003565080420e-03
5.363212510227822349e+01 2.350054967798349999e-03
5.391615723351310407e+01 2.302510436333553723e-03
5.419187693011466678e+01 2.227915007361412712e-03
5.439722241285236493e+01 2.049670292674035145e-03
5.462806064877949552e+01 2.091662193769764765e-03
5.491241494336609463e+01 2.263079136695946535e-03
5.519421446932921782e+01 1.696873771703866175e-03
5.543046826972861396e+01 1.330068053951104006e-03
5.561137265256709128e+01 1.410707701140951481e-03
