3.559856489878782115e-01 1.230175505565904814e+03
6.031648866026231293e-01 1.878545988322380254e+02
8.579160745827347778e-01 8.337053916550897270e+01
1.113464310595710716e+00 5.658419535595748329e+01
1.374039914321364408e+00 2.991875437209857225e+01
1.619154704570298309e+00 2.097201821505657904e+01
1.870686673430271840e+00 1.483547855509399938e+01
2.123290040706380832e+00 1.013380061367232976e+01
2.378144976376236119e+00 8.112186534716945729e+00
2.630489925835516996e+00 6.307449428955540505e+00
2.878653162679494670e+00 4.786795839027904620e+00
3.131144366275339319e+00 3.906513148088725629e+00
3.388159578333816313e+00 3.319659966261705009e+00
3.638741848210948149e+00 2.493069269012848199e+00
3.888315910732085268e+00 2.375602651626978812e+00
4.139052155837465996e+00 1.954269098516789649e+00
4.390305777018236988e+00 1.709613702763534082e+00
4.642172339120373081e+00 1.494270016519397171e+00
4.894678666149941293e+00 1.309435361796412511e+00
5.147269052361176378e+00 1.166840707878826544e+00
5.398003206656323272e+00 1.043071084221922407e+00
5.647798235368590269e+00 8.726329519122953959e-01
5.900534302989873581e+00 8.035270043741440382e-01
6.151460297009074374e+00 7.085078910058328905e-01
6.402630176204441526e+00 6.321102414250284740e-01
6.655964674748322096e+00 5.816908849622184352e-01
6.908782583105771202e+00 5.390080711800545599e-01
7.159060853508338873e+00 4.825455769899201774e-01
7.409414762591408632e+00 4.471011360326803685e-01
7.659227149364629561e+00 4.129492253107529542e-01
7.911559474606142395e+00 3.697232901595400856e-01
8.163750941790897997e+00 3.387832036944753433e-01
8.415757210439384295e+00 3.284796145066263273e-01
8.667638839289207198e+00 2.928895810064049976e-01
8.918801124864609520e+00 2.695928959186379981e-01
9.170480108345369530e+00 2.539159248921536993e-01
9.420566033467249412e+00 2.408209275692845264e-01
9.671642335271435797e+00 2.198531434465617607e-01
9.923426157758477473e+00 2.079313245265744237e-01
1.017396902749181820e+01 1.927797597144693675e-01
1.042533700753922155e+01 1.778175515452958821e-01
1.067702948358784276e+01 1.715205340324754690e-01
1.092969337256462303e+01 1.611362845502243568e-01
1.118211872033766419e+01 1.492356176115549882e-01
1.143346516925797296e+01 1.440005951655572713e-01
1.168350508557724687e+01 1.331551938708785687e-01
1.193379937775929100e+01 1.264346920839631849e-01
1.218553055762879112e+01 1.216651555749714703e-01
1.243711650801278878e+01 1.135913738290973002e-01
1.268867268647359303e+01 1.096325470351026121e-01
1.294075027177769144e+01 1.022898862873123649e-01
1.319267287020158363e+01 9.811298680075641876e-02
1.344470571782862756e+01 9.193613661256254399e-02
1.369480150283709641e+01 8.801907229480339379e-02
1.394591277066507828e+01 8.407886756027017905e-02
1.419764645764527167e+01 7.997334401070781140e-02
1.444766774168416212e+01 7.730403209699414357e-02
1.469906835825429070e+01 7.352163346389851972e-02
1.495059118111036511e+01 7.017152775848083113e-02
1.520261612590052991e+01 6.723138484448420993e-02
1.545415944503929495e+01 6.460542522297303691e-02
1.570456072545780124e+01 6.109807946267866580e-02
1.595705800128773966e+01 5.927243307195290828e-02
1.620829297830731619e+01 5.670158782895791394e-02
1.645966591028190962e+01 5.396937447860970100e-02
1.671125708846596325e+01 5.248715796262842098e-02
1.696160259490052624e+01 5.017820814161064874e-02
1.721370276108077135e+01 4.823334786009209063e-02
1.746543424102250341e+01 4.649619037660513571e-02
1.771598473288305442e+01 4.481132953147973219e-02
1.796653767411944003e+01 4.310288757288421174e-02
1.821765658501893270e+01 4.155743101016139140e-02
1.847053788120423334e+01 4.008571759656014838e-02
1.872257696809484173e+01 3.853530005073207976e-02
1.897394097105746269e+01 3.709408992769029634e-02
1.922542454726159988e+01 3.580917326780067023e-02
1.947607703355479103e+01 3.483452087183484119e-02
1.972678839839982601e+01 3.382388210453925181e-02
1.997802698857814363e+01 3.277220246501549167e-02
2.022863620534168660e+01 3.107742689120218671e-02
2.047969598507238231e+01 3.039252157070865962e-02
2.073250439107362553e+01 2.947144144178447805e-02
2.098435855211640089e+01 2.835965323206595182e-02
2.123502923393334640e+01 2.778555264288466373e-02
2.148629411178690773e+01 2.669102184721349261e-02
2.173831825513516591e+01 2.598601037054844992e-02
2.198972260956887226e+01 2.513061596177499149e-02
2.223974971000711420e+01 2.427721022233709364e-02
2.249141870643862973e+01 2.347873409509000642e-02
2.274404614890906373e+01 2.271112587398714522e-02
2.299521835768831579e+01 2.232399229823878520e-02
2.324620084136223852e+01 2.152306783883492156e-02
2.349757798664387209e+01 2.104992244139890223e-02
2.374870488118759937e+01 2.029218908522378850e-02
2.399988781917473091e+01 2.005880675357386844e-02
2.425071646049711305e+01 1.936222702210377289e-02
2.450187830577813841e+01 1.881264406773996978e-02
2.475391093216606109e+01 1.830163257397005722e-02
2.500524226975159792e+01 1.786422027402908771e-02
2.525610980153284402e+01 1.723212643334894045e-02
2.550801425092822328e+01 1.691568910302803166e-02
2.575943113325822864e+01 1.625002257631694841e-02
2.601074166866445125e+01 1.590216346472830486e-02
2.626234447079615464e+01 1.556924793771459828e-02
2.651347712943701751e+01 1.520851178923640808e-02
2.676474177984877656e+01 1.476769407997498458e-02
2.701628079430242479e+01 1.442173435856875657e-02
2.726734205837282232e+01 1.405451328429100505e-02
2.751837013544679422e+01 1.377721114744736956e-02
2.776937726815812724e+01 1.342987069136619520e-02
2.802070160973895341e+01 1.301145682269442064e-02
2.827249982643487058e+01 1.276784238811115059e-02
2.852407603869968966e+01 1.247314653948868729e-02
2.877567300468570721e+01 1.220848476585315728e-02
2.902733523039245256e+01 1.189849984708515884e-02
2.927861073083739996e+01 1.157394115374093743e-02
2.953003196193969160e+01 1.130847483164053660e-02
2.978106336846375157e+01 1.112990600802813042e-02
3.003148440777084716e+01 1.082093478954051363e-02
3.028303386126418673e+01 1.061724139908075577e-02
3.053456493440382857e+01 1.035160724164158573e-02
3.078585183944906944e+01 1.015840989768140162e-02
3.103757946070165730e+01 9.917034198306093687e-03
3.128931656795834826e+01 9.730265181079290546e-03
3.154125974608096428e+01 9.524121272487152609e-03
3.179158626791808828e+01 9.321003849550386217e-03
3.204196438636942190e+01 9.066423833118968448e-03
3.229344668057169798e+01 8.916241471817368258e-03
3.254489998018084407e+01 8.720303580083223205e-03
3.279660140319880668e+01 8.519763456154898218e-03
3.304772754686901237e+01 8.358165963276922503e-03
3.329949953441923327e+01 8.212493515251989909e-03
3.355173249539067371e+01 8.051756778864108816e-03
3.380235474142784824e+01 7.856269436339904239e-03
3.405292218889088218e+01 7.678588965198821122e-03
3.430455901572810262e+01 7.566137369332661365e-03
3.455605119154291316e+01 7.419243660100413411e-03
3.480708698418615654e+01 7.273888927314512559e-03
3.505823042281740243e+01 7.159538534178538222e-03
3.530983122122644602e+01 6.987947333722954214e-03
3.556111974160763367e+01 6.899141769926862844e-03
3.581195885960364933e+01 6.718378513251442759e-03
3.606348577968052638e+01 6.621210574065661096e-03
3.631495136683125935e+01 6.463061314045420724e-03
3.656646781331610185e+01 6.402552555025528731e-03
3.681800948534306173e+01 6.235659774656090309e-03
3.706942350460822411e+01 6.118341396695385105e-03
3.732119977997001570e+01 6.024964439358165141e-03
3.757249197135423202e+01 5.889571590374879755e-03
3.782324055213251057e+01 5.794272141527031031e-03
3.807430609684078604e+01 5.711241021222338704e-03
3.832526519371521090e+01 5.648543710277107756e-03
3.857704530181875668e+01 5.523789110825541755e-03
3.882896255048217427e+01 5.405399810574557096e-03
3.907976684424035341e+01 5.340764389428623478e-03
3.933085588900704010e+01 5.209769510041028888e-03
3.958184533965361140e+01 5.139248790326270480e-03
3.983320492881626507e+01 5.045943919777219448e-03
4.008506787586624398e+01 4.967745599304478413e-03
4.033569471078550350e+01 4.865740529660477279e-03
4.058701345074587863e+01 4.795235784742804715e-03
4.083916815834436420e+01 4.716395887040124475e-03
4.108978611092747713e+01 4.630184388230780719e-03
4.134119394692694271e+01 4.529235558991462005e-03
4.159372926482761557e+01 4.501478100327247975e-03
4.184480996230068683e+01 4.389202979699862069e-03
4.209495048714620680e+01 4.343922914786547788e-03
4.234568601474854432e+01 4.259476004144396519e-03
4.259794184898333214e+01 4.181184713791695137e-03
4.284922176444433717e+01 4.105987200520868317e-03
4.309982534096671003e+01 4.105289322848062333e-03
4.335153475414617930e+01 4.015664582011656270e-03
4.360374984514007224e+01 3.950913987006056220e-03
4.385432838732079830e+01 3.882213022231782197e-03
4.410529766549178277e+01 3.829419832302411592e-03
4.435675536456894008e+01 3.769301315008482915e-03
4.460756668584335927e+01 3.700303181573099277e-03
4.485812369927145937e+01 3.646574072401655067e-03
4.510933196139897206e+01 3.565225258389473004e-03
4.536097672816924131e+01 3.571047747821027261e-03
4.561261869099184452e+01 3.501795943754092057e-03
4.586346064304911607e+01 3.438054115749449805e-03
4.611435299895526185e+01 3.391162797666584777e-03
4.636610302009028572e+01 3.336893626897610710e-03
4.661726081402038346e+01 3.257079170196563837e-03
4.686748045926628237e+01 3.255482247986473451e-03
4.712001000143001761e+01 3.152705787836176943e-03
4.737334269293729960e+01 3.126883473073376486e-03
4.762357272554871912e+01 3.096238128512975290e-03
4.787295862859781437e+01 3.023338413314691914e-03
4.812686710231834297e+01 3.028532603355065141e-03
4.837988354528783930e+01 2.970874247931425041e-03
4.862698975964909209e+01 2.932019609865981185e-03
4.887931961662670233e+01 2.869365925699211752e-03
4.913512531690142282e+01 2.874719683229914457e-03
4.938486646957150583e+01 2.739409036142615318e-03
4.963073103205424985e+01 2.759455489987530652e-03
4.988316058859187763e+01 2.746291445738376427e-03
5.013927392651110893e+01 2.713253146824223458e-03
5.038898445289544270e+01 2.668383911348535566e-03
5.063791314200675941e+01 2.628216711799726858e-03
5.089234515763529032e+01 2.593629403319523252e-03
5.114529266359630810e+01 2.503754938537359771e-03
5.138952878242714206e+01 2.571395490231881756e-03
5.163945178601188246e+01 2.507317843428416744e-03
5.190206698624180603e+01 2.428280892638939002e-03
5.215590084722179398e+01 2.476103137499417999e-03
5.238680673191466042e+01 2.421604746030044109e-03
5.263532591009818873e+01 2.350426292525582394e-03
5.290823119436031874e+01 2.361793413491358393e-03
5.316882575050344428e+01 2.293304061538077934e-03
5.338513341050097694e+01 2.220060184182168911e-03
5.363212510227822349e+01 2.172622955582339307e-03
5.391615723351310407e+01 2.091891713937495730e-03
5.419187693011466678e+01 2.037074005193020322e-03
5.439722241285236493e+01 2.337251665826036492e-03
5.462806064877949552e+01 2.011201401388342924e-03
5.491241494336609463e+01 2.173074710930041498e-03
5.519421446932921782e+01 2.487407329736555841e-03
5.543046826972861396e+01 3.748489801559301386e-03
5.561137265256709128e+01 1.138391224652443232e-03
