3.559856489878782115e-01 7.994568651373640478e+02
6.031648866026231293e-01 2.007499434574378654e+02
8.579160745827347778e-01 8.031605814657812914e+01
1.113464310595710716e+00 4.888052074425785776e+01
1.374039914321364408e+00 3.304002382957017403e+01
1.619154704570298309e+00 1.811211934840468274e+01
1.870686673430271840e+00 1.401979117330306046e+01
2.123290040706380832e+00 1.008400438485739947e+01
2.378144976376236119e+00 7.584931000154175429e+00
2.630489925835516996e+00 6.090881765192509789e+00
2.878653162679494670e+00 5.080232658916053801e+00
3.131144366275339319e+00 4.076726944865836977e+00
3.388159578333816313e+00 3.462258574209169826e+00
3.638741848210948149e+00 2.771562719217170567e+00
3.888315910732085268e+00 2.312399147701794888e+00
4.139052155837465996e+00 1.971733167973903411e+00
4.390305777018236988e+00 1.731684508823720936e+00
4.642172339120373081e+00 1.489227014363758483e+00
4.894678666149941293e+00 1.306642196443037474e+00
5.147269052361176378e+00 1.166615977272334126e+00
5.398003206656323272e+00 9.917269030784573447e-01
5.647798235368590269e+00 9.247241510112392815e-01
5.900534302989873581e+00 8.184702242985589793e-01
6.151460297009074374e+00 7.168795848426783301e-01
6.402630176204441526e+00 6.363859952510312334e-01
6.655964674748322096e+00 6.017029492130971935e-01
6.908782583105771202e+00 5.350976999937847589e-01
7.159060853508338873e+00 4.841610818828784302e-01
7.409414762591408632e+00 4.485274413203002020e-01
7.659227149364629561e+00 4.033621312504847567e-01
7.911559474606142395e+00 3.736249467043033512e-01
8.163750941790897997e+00 3.416520125384331918e-01
8.415757210439384295e+00 3.157492292657185784e-01
8.667638839289207198e+00 3.000932262863816313e-01
8.918801124864609520e+00 2.760447427309047352e-01
9.170480108345369530e+00 2.535340051240676518e-01
9.420566033467249412e+00 2.333980184167368799e-01
9.671642335271435797e+00 2.243233557802939704e-01
9.923426157758477473e+00 2.061522375199915658e-01
1.017396902749181820e+01 1.977878781921096618e-01
1.042533700753922155e+01 1.834674744405278835e-01
1.067702948358784276e+01 1.720026414380891877e-01
1.092969337256462303e+01 1.589737403898858759e-01
1.118211872033766419e+01 1.506253946296154389e-01
1.143346516925797296e+01 1.418545556175923594e-01
1.168350508557724687e+01 1.346754078567513890e-01
1.193379937775929100e+01 1.283319041769559188e-01
1.218553055762879112e+01 1.194315519045552054e-01
1.243711650801278878e+01 1.146363471832541614e-01
1.268867268647359303e+01 1.082596063486237076e-01
1.294075027177769144e+01 1.050835309079185126e-01
1.319267287020158363e+01 9.773434075977305291e-02
1.344470571782862756e+01 9.280997631107305856e-02
1.369480150283709641e+01 8.875349383866440456e-02
1.394591277066507828e+01 8.271755144570897000e-02
1.419764645764527167e+01 8.169399005929375845e-02
1.444766774168416212e+01 7.709173200508734336e-02
1.469906835825429070e+01 7.306673683703106270e-02
1.495059118111036511e+01 7.005421536534427174e-02
1.520261612590052991e+01 6.752063533743953017e-02
1.545415944503929495e+01 6.412316205944559866e-02
1.570456072545780124e+01 6.239391132286854075e-02
1.595705800128773966e+01 5.912133890156663629e-02
1.620829297830731619e+01 5.693881099554153058e-02
1.645966591028190962e+01 5.432818641866726805e-02
1.671125708846596325e+01 5.192417158885594825e-02
1.696160259490052624e+01 4.998741173716121644e-02
1.721370276108077135e+01 4.829586632465191626e-02
1.746543424102250341e+01 4.642314440383790708e-02
1.771598473288305442e+01 4.441427355730773185e-02
1.796653767411944003e+01 4.303582639534732357e-02
1.821765658501893270e+01 4.178401240198672401e-02
1.847053788120423334e+01 4.009434319659387763e-02
1.872257696809484173e+01 3.873548693899247358e-02
1.897394097105746269e+01 3.727919920769227208e-02
1.922542454726159988e+01 3.576162581844732902e-02
1.947607703355479103e+01 3.456495706353945180e-02
1.972678839839982601e+01 3.373118468800365144e-02
1.997802698857814363e+01 3.223244291045367776e-02
2.022863620534168660e+01 3.149423866765960894e-02
2.047969598507238231e+01 3.042353149800386403e-02
2.073250439107362553e+01 2.931943644580304806e-02
2.098435855211640089e+01 2.848978353044548037e-02
2.123502923393334640e+01 2.736955832813380701e-02
2.148629411178690773e+01 2.677154762814466099e-02
2.173831825513516591e+01 2.585480304495157630e-02
2.198972260956887226e+01 2.505085481034775852e-02
2.223974971000711420e+01 2.430730766316964789e-02
2.249141870643862973e+01 2.350504969043920589e-02
2.274404614890906373e+01 2.293501196636813649e-02
2.299521835768831579e+01 2.229759566623989997e-02
2.324620084136223852e+01 2.161677762806294215e-02
2.349757798664387209e+01 2.095942541589311189e-02
2.374870488118759937e+01 2.033289300324346918e-02
2.399988781917473091e+01 1.985592759761773199e-02
2.425071646049711305e+01 1.924179993204354344e-02
2.450187830577813841e+01 1.873552770340248391e-02
2.475391093216606109e+01 1.825851109407462813e-02
2.500524226975159792e+01 1.773214886520617026e-02
2.525610980153284402e+01 1.735751523650671396e-02
2.550801425092822328e+01 1.678208599158851830e-02
2.575943113325822864e+01 1.638579826262747188e-02
2.601074166866445125e+01 1.592245044468464446e-02
2.626234447079615464e+01 1.554227716780121754e-02
2.651347712943701751e+01 1.516239465680054369e-02
2.676474177984877656e+01 1.481495585986123374e-02
2.701628079430242479e+01 1.444087818471715724e-02
2.726734205837282232e+01 1.401958959109136753e-02
2.751837013544679422e+01 1.370284554332384074e-02
2.776937726815812724e+01 1.340958296550348247e-02
2.802070160973895341e+01 1.310460470570356389e-02
2.827249982643487058e+01 1.278815697951379317e-02
2.852407603869968966e+01 1.247309431954975872e-02
2.877567300468570721e+01 1.210771834245695684e-02
2.902733523039245256e+01 1.191405364568725103e-02
2.927861073083739996e+01 1.164683335668398843e-02
2.953003196193969160e+01 1.134727141359742099e-02
2.978106336846375157e+01 1.112391910340493860e-02
3.003148440777084716e+01 1.081563948098686508e-02
3.028303386126418673e+01 1.057045950166873687e-02
3.053456493440382857e+01 1.040906388476641083e-02
3.078585183944906944e+01 1.017329052935763041e-02
3.103757946070165730e+01 9.889421414947653297e-03
3.128931656795834826e+01 9.740552565177510239e-03
3.154125974608096428e+01 9.522694306723974295e-03
3.179158626791808828e+01 9.296474407596741832e-03
3.204196438636942190e+01 9.061824460680219240e-03
3.229344668057169798e+01 8.940253197037803176e-03
3.254489998018084407e+01 8.750280428286410714e-03
3.279660140319880668e+01 8.540736856589912010e-03
3.304772754686901237e+01 8.331569775838399208e-03
3.329949953441923327e+01 8.200333131554760763e-03
3.355173249539067371e+01 7.998312315255979785e-03
3.380235474142784824e+01 7.895747132739982035e-03
3.405292218889088218e+01 7.679345858538827452e-03
3.430455901572810262e+01 7.560112678221869199e-03
3.455605119154291316e+01 7.420196286655348326e-03
3.480708698418615654e+01 7.308721238447844597e-03
3.505823042281740243e+01 7.089735339019688845e-03
3.530983122122644602e+01 6.967924711231580047e-03
3.556111974160763367e+01 6.887245444324788073e-03
3.581195885960364933e+01 6.718300431217938060e-03
3.606348577968052638e+01 6.576920018829183860e-03
3.631495136683125935e+01 6.518847244218352495e-03
3.656646781331610185e+01 6.392373485812985999e-03
3.681800948534306173e+01 6.242295969745024001e-03
3.706942350460822411e+01 6.090070635524979376e-03
3.732119977997001570e+01 6.051804263328074661e-03
3.757249197135423202e+01 5.885949453006529553e-03
3.782324055213251057e+01 5.778612241938573153e-03
3.807430609684078604e+01 5.693538504742264202e-03
3.832526519371521090e+01 5.598140416354876504e-03
3.857704530181875668e+01 5.493387444903304918e-03
3.882896255048217427e+01 5.392181738311832909e-03
3.907976684424035341e+01 5.329898879765698240e-03
3.933085588900704010e+01 5.200853090536043145e-03
3.958184533965361140e+01 5.150629096138363214e-03
3.983320492881626507e+01 5.020945130431699044e-03
4.008506787586624398e+01 4.921040077975919781e-03
4.033569471078550350e+01 4.885421928956285194e-03
4.058701345074587863e+01 4.771965349290751245e-03
4.083916815834436420e+01 4.706926965022098855e-03
4.108978611092747713e+01 4.651116210395237968e-03
4.134119394692694271e+01 4.539836743408011584e-03
4.159372926482761557e+01 4.479590498434576906e-03
4.184480996230068683e+01 4.436253398788302105e-03
4.209495048714620680e+01 4.341624937313566697e-03
4.234568601474854432e+01 4.251852212897502120e-03
4.259794184898333214e+01 4.211818488877379536e-03
4.284922176444433717e+01 4.118046073719103077e-03
4.309982534096671003e+01 4.064442776641171221e-03
4.335153475414617930e+01 3.984981688602460062e-03
4.360374984514007224e+01 3.915592482687360425e-03
4.385432838732079830e+01 3.879408058309833946e-03
4.410529766549178277e+01 3.859762526136747540e-03
4.435675536456894008e+01 3.730380973478503257e-03
4.460756668584335927e+01 3.706690441967280814e-03
4.485812369927145937e+01 3.625327000724454154e-03
4.510933196139897206e+01 3.553834414130058877e-03
4.536097672816924131e+01 3.542529300039453776e-03
4.561261869099184452e+01 3.499588100827677028e-03
4.586346064304911607e+01 3.420643078868398912e-03
4.611435299895526185e+01 3.435192765521378165e-03
4.636610302009028572e+01 3.332108580969462934e-03
4.661726081402038346e+01 3.295999639380611801e-03
4.686748045926628237e+01 3.226763347008378743e-03
4.712001000143001761e+01 3.211105421477485414e-03
4.737334269293729960e+01 3.117760085161397268e-03
4.762357272554871912e+01 3.091146345728655685e-03
4.787295862859781437e+01 3.038001222063832843e-03
4.812686710231834297e+01 2.966382244795361979e-03
4.837988354528783930e+01 2.947499805312270120e-03
4.862698975964909209e+01 2.892467499464886245e-03
4.887931961662670233e+01 2.875873854119367391e-03
4.913512531690142282e+01 2.861556686544800086e-03
4.938486646957150583e+01 2.803632214641533626e-03
4.963073103205424985e+01 2.750440586333174117e-03
4.988316058859187763e+01 2.682495928277600205e-03
5.013927392651110893e+01 2.706075912474854850e-03
5.038898445289544270e+01 2.636272712547677814e-03
5.063791314200675941e+01 2.594156362124855949e-03
5.089234515763529032e+01 2.609500007407063085e-03
5.114529266359630810e+01 2.523108358235653850e-03
5.138952878242714206e+01 2.506405134468033240e-03
5.163945178601188246e+01 2.429019928676681706e-03
5.190206698624180603e+01 2.468121653608894208e-03
5.215590084722179398e+01 2.454681425648425151e-03
5.238680673191466042e+01 2.383435478509421477e-03
5.263532591009818873e+01 2.366637835497102053e-03
5.290823119436031874e+01 2.445858817760099627e-03
5.316882575050344428e+01 2.128255414034028320e-03
5.338513341050097694e+01 2.183849884611079126e-03
5.363212510227822349e+01 2.231777878146849834e-03
5.391615723351310407e+01 2.366137067104668538e-03
5.419187693011466678e+01 2.200359128091790469e-03
5.439722241285236493e+01 2.181474433474030195e-03
5.462806064877949552e+01 2.254475647645430916e-03
5.491241494336609463e+01 1.882731449913329150e-03
5.519421446932921782e+01 1.737530926861446034e-03
5.543046826972861396e+01 2.535503819108469135e-03
5.561137265256709128e+01 3.892049979930310797e-03
