3.559856489878782115e-01 6.145755263417810283e+02
6.031648866026231293e-01 2.447948928089516585e+02
8.579160745827347778e-01 8.875010430511387938e+01
1.113464310595710716e+00 4.903952812500570957e+01
1.374039914321364408e+00 3.289953768676726753e+01
1.619154704570298309e+00 2.170578706655376777e+01
1.870686673430271840e+00 1.394713608552479833e+01
2.123290040706380832e+00 9.742769376306807061e+00
2.378144976376236119e+00 7.914429724369126617e+00
2.630489925835516996e+00 6.030313955591314112e+00
2.878653162679494670e+00 5.100607729280604907e+00
3.131144366275339319e+00 4.197061129446865380e+00
3.388159578333816313e+00 3.432203129986811874e+00
3.638741848210948149e+00 2.772301390968531898e+00
3.888315910732085268e+00 2.291268479716502160e+00
4.139052155837465996e+00 1.923118215753853777e+00
4.390305777018236988e+00 1.671852081157093384e+00
4.642172339120373081e+00 1.488868200188299573e+00
4.894678666149941293e+00 1.339133779062305019e+00
5.147269052361176378e+00 1.167186570956219693e+00
5.398003206656323272e+00 1.009356874451068586e+00
5.647798235368590269e+00 8.778604589663456803e-01
5.900534302989873581e+00 7.948092743089756329e-01
6.151460297009074374e+00 7.297673178064750799e-01
6.402630176204441526e+00 6.439396371541530328e-01
6.655964674748322096e+00 5.936420953574038650e-01
6.908782583105771202e+00 5.311155004612743147e-01
7.159060853508338873e+00 4.727536843364626429e-01
7.409414762591408632e+00 4.408664285357750678e-01
7.659227149364629561e+00 4.082799694982308658e-01
7.911559474606142395e+00 3.698588774044194172e-01
8.163750941790897997e+00 3.445002632288391986e-01
8.415757210439384295e+00 3.201388368685425534e-01
8.667638839289207198e+00 2.957823572319817629e-01
8.918801124864609520e+00 2.812986809229289786e-01
9.170480108345369530e+00 2.550315313278810336e-01
9.420566033467249412e+00 2.356969848389504907e-01
9.671642335271435797e+00 2.220987109986338748e-01
9.923426157758477473e+00 2.058814507262007598e-01
1.017396902749181820e+01 1.943571701244510841e-01
1.042533700753922155e+01 1.793678772709857427e-01
1.067702948358784276e+01 1.706781758826702577e-01
1.092969337256462303e+01 1.607917747712811207e-01
1.118211872033766419e+01 1.498981603737184753e-01
1.143346516925797296e+01 1.419921059896132043e-01
1.168350508557724687e+01 1.354413954023784006e-01
1.193379937775929100e+01 1.263632530417828082e-01
1.218553055762879112e+01 1.209777068958170776e-01
1.243711650801278878e+01 1.148638849094669456e-01
1.268867268647359303e+01 1.095711451577585649e-01
1.294075027177769144e+01 1.022962345684756830e-01
1.319267287020158363e+01 9.784216611454743528e-02
1.344470571782862756e+01 9.213052665224792659e-02
1.369480150283709641e+01 8.943100072285102564e-02
1.394591277066507828e+01 8.358506121549544310e-02
1.419764645764527167e+01 8.009471877379500948e-02
1.444766774168416212e+01 7.818306011108264175e-02
1.469906835825429070e+01 7.347151347770478069e-02
1.495059118111036511e+01 6.951392735676246992e-02
1.520261612590052991e+01 6.715132670817378080e-02
1.545415944503929495e+01 6.411343409747771727e-02
1.570456072545780124e+01 6.200374286994009970e-02
1.595705800128773966e+01 5.901535115187017677e-02
1.620829297830731619e+01 5.725276074029619910e-02
1.645966591028190962e+01 5.421964205080083421e-02
1.671125708846596325e+01 5.247671070877051036e-02
1.696160259490052624e+01 4.980409964485570107e-02
1.721370276108077135e+01 4.854755224170687056e-02
1.746543424102250341e+01 4.657809782659491638e-02
1.771598473288305442e+01 4.473910321673389701e-02
1.796653767411944003e+01 4.310294114258460957e-02
1.821765658501893270e+01 4.147732211022470833e-02
1.847053788120423334e+01 3.996832957331945130e-02
1.872257696809484173e+01 3.829460333154209584e-02
1.897394097105746269e+01 3.729728035117952506e-02
1.922542454726159988e+01 3.589106910479707840e-02
1.947607703355479103e+01 3.481716878328194875e-02
1.972678839839982601e+01 3.361704546519168196e-02
1.997802698857814363e+01 3.240036545165053683e-02
2.022863620534168660e+01 3.133234714634827028e-02
2.047969598507238231e+01 3.058453087713178253e-02
2.073250439107362553e+01 2.933211300238423511e-02
2.098435855211640089e+01 2.852405177989557686e-02
2.123502923393334640e+01 2.770219456568198679e-02
2.148629411178690773e+01 2.651833779088446849e-02
2.173831825513516591e+01 2.605261649779818875e-02
2.198972260956887226e+01 2.485119836979770777e-02
2.223974971000711420e+01 2.435021391052720474e-02
2.249141870643862973e+01 2.360309621844709424e-02
2.274404614890906373e+01 2.300797829863792179e-02
2.299521835768831579e+01 2.213589691277858401e-02
2.324620084136223852e+01 2.150722185323992661e-02
2.349757798664387209e+01 2.111528628096672952e-02
2.374870488118759937e+01 2.028411713961563237e-02
2.399988781917473091e+01 2.001576819124665715e-02
2.425071646049711305e+01 1.927035943297354670e-02
2.450187830577813841e+01 1.876534570622720791e-02
2.475391093216606109e+01 1.826435697782445230e-02
2.500524226975159792e+01 1.766523205941565589e-02
2.525610980153284402e+01 1.728048305319162745e-02
2.550801425092822328e+01 1.675257184551677894e-02
2.575943113325822864e+01 1.640890015443279004e-02
2.601074166866445125e+01 1.592976692724360974e-02
2.626234447079615464e+01 1.552379472351887550e-02
2.651347712943701751e+01 1.524817370880666989e-02
2.676474177984877656e+01 1.467908543555206634e-02
2.701628079430242479e+01 1.441765109117023637e-02
2.726734205837282232e+01 1.401979851549002218e-02
2.751837013544679422e+01 1.371815294422585631e-02
2.776937726815812724e+01 1.337851632733833181e-02
2.802070160973895341e+01 1.300636231042900416e-02
2.827249982643487058e+01 1.283839913179478376e-02
2.852407603869968966e+01 1.243234989170854780e-02
2.877567300468570721e+01 1.220566398977808095e-02
2.902733523039245256e+01 1.186257600547114752e-02
2.927861073083739996e+01 1.157632177642162370e-02
2.953003196193969160e+01 1.136792167424054666e-02
2.978106336846375157e+01 1.110957128137944096e-02
3.003148440777084716e+01 1.077538361303233792e-02
3.028303386126418673e+01 1.065030355409987348e-02
3.053456493440382857e+01 1.038854235800942306e-02
3.078585183944906944e+01 1.008611588956622937e-02
3.103757946070165730e+01 9.957064019630973775e-03
3.128931656795834826e+01 9.736155053900245188e-03
3.154125974608096428e+01 9.478584690731291576e-03
3.179158626791808828e+01 9.330077501143079280e-03
3.204196438636942190e+01 9.108652477525730831e-03
3.229344668057169798e+01 8.896462541044890260e-03
3.254489998018084407e+01 8.715395850607640660e-03
3.279660140319880668e+01 8.531953522111567628e-03
3.304772754686901237e+01 8.358426456295278001e-03
3.329949953441923327e+01 8.197693591830522777e-03
3.355173249539067371e+01 8.047986949507939317e-03
3.380235474142784824e+01 7.917880464154376796e-03
3.405292218889088218e+01 7.718262259318348084e-03
3.430455901572810262e+01 7.586473781456367325e-03
3.455605119154291316e+01 7.432128094159933841e-03
3.480708698418615654e+01 7.276962288791374162e-03
3.505823042281740243e+01 7.095160276310977232e-03
3.530983122122644602e+01 7.016480810839990055e-03
3.556111974160763367e+01 6.865730112455240008e-03
3.581195885960364933e+01 6.692749955088910310e-03
3.606348577968052638e+01 6.611340807424698554e-03
3.631495136683125935e+01 6.480824846897593333e-03
3.656646781331610185e+01 6.357843882113010416e-03
3.681800948534306173e+01 6.248027729975521617e-03
3.706942350460822411e+01 6.144797821183906050e-03
3.732119977997001570e+01 6.044551070215550825e-03
3.757249197135423202e+01 5.914564336451875667e-03
3.782324055213251057e+01 5.805894693848820225e-03
3.807430609684078604e+01 5.681788072487725140e-03
3.832526519371521090e+01 5.591827435664922276e-03
3.857704530181875668e+01 5.496778719308857176e-03
3.882896255048217427e+01 5.411045976293379217e-03
3.907976684424035341e+01 5.279345701204266050e-03
3.933085588900704010e+01 5.242531498488308718e-03
3.958184533965361140e+01 5.127585395098551574e-03
3.983320492881626507e+01 5.060888314005820843e-03
4.008506787586624398e+01 4.962290694949052575e-03
4.033569471078550350e+01 4.874720366598665408e-03
4.058701345074587863e+01 4.764366888749535685e-03
4.083916815834436420e+01 4.681321213330513417e-03
4.108978611092747713e+01 4.659062965428058083e-03
4.134119394692694271e+01 4.563445181141130048e-03
4.159372926482761557e+01 4.465981934726288502e-03
4.184480996230068683e+01 4.436950297637802694e-03
4.209495048714620680e+01 4.341208546888302051e-03
4.234568601474854432e+01 4.248361972030809119e-03
4.259794184898333214e+01 4.173432893803841193e-03
4.284922176444433717e+01 4.116292300647769395e-03
4.309982534096671003e+01 4.057035585180392492e-03
4.335153475414617930e+01 3.970637851976461553e-03
4.360374984514007224e+01 3.954484469926539819e-03
4.385432838732079830e+01 3.865879123919115437e-03
4.410529766549178277e+01 3.826921781109614111e-03
4.435675536456894008e+01 3.739735110268097278e-03
4.460756668584335927e+01 3.694613017746346730e-03
4.485812369927145937e+01 3.664079217645875054e-03
4.510933196139897206e+01 3.606388527135843090e-03
4.536097672816924131e+01 3.567126764651764106e-03
4.561261869099184452e+01 3.456560828756785001e-03
4.586346064304911607e+01 3.445356568324169956e-03
4.611435299895526185e+01 3.404360861912093285e-03
4.636610302009028572e+01 3.317531374276263059e-03
4.661726081402038346e+01 3.276736455563940883e-03
4.686748045926628237e+01 3.224431391645332743e-03
4.712001000143001761e+01 3.226255855948745397e-03
4.737334269293729960e+01 3.138072433513779125e-03
4.762357272554871912e+01 3.146549566700930761e-03
4.787295862859781437e+01 3.058978161486992139e-03
4.812686710231834297e+01 3.037871257104437714e-03
4.837988354528783930e+01 2.994442904919338184e-03
4.862698975964909209e+01 2.946269813816795695e-03
4.887931961662670233e+01 2.875719181056765172e-03
4.913512531690142282e+01 2.859503742482390459e-03
4.938486646957150583e+01 2.773357033410452088e-03
4.963073103205424985e+01 2.714839613734138738e-03
4.988316058859187763e+01 2.715172247635949145e-03
5.013927392651110893e+01 2.705747359545767391e-03
5.038898445289544270e+01 2.666170928618991857e-03
5.063791314200675941e+01 2.716969337074384531e-03
5.089234515763529032e+01 2.566884801863950853e-03
5.114529266359630810e+01 2.503825410369727670e-03
5.138952878242714206e+01 2.471429352126171784e-03
5.163945178601188246e+01 2.463291121092216381e-03
5.190206698624180603e+01 2.383727032938472244e-03
5.215590084722179398e+01 2.412583911840198228e-03
5.238680673191466042e+01 2.381395186629011416e-03
5.263532591009818873e+01 2.340055554805220168e-03
5.290823119436031874e+01 2.227017881499681815e-03
5.316882575050344428e+01 2.254217013285230321e-03
5.338513341050097694e+01 2.177325191985648219e-03
5.363212510227822349e+01 2.271301643197057123e-03
5.391615723351310407e+01 2.267035755722966988e-03
5.419187693011466678e+01 2.059196973300399160e-03
5.439722241285236493e+01 2.150400308634380434e-03
5.462806064877949552e+01 2.121779588623364746e-03
5.491241494336609463e+01 2.173385048413770289e-03
5.519421446932921782e+01 2.679078863981334928e-03
5.543046826972861396e+01 1.835780481761689967e-03
5.561137265256709128e+01 2.854999583191519807e-03
