3.559856489878782115e-01 4.995486711609583494e+02
6.031648866026231293e-01 2.342316679278672780e+02
8.579160745827347778e-01 8.630848381723164664e+01
1.113464310595710716e+00 5.079829116511315590e+01
1.374039914321364408e+00 3.354550659713929406e+01
1.619154704570298309e+00 2.154506607317519595e+01
1.870686673430271840e+00 1.375082206885012859e+01
2.123290040706380832e+00 1.080916047063708341e+01
2.378144976376236119e+00 7.760946785369476686e+00
2.630489925835516996e+00 6.442487273592280239e+00
2.878653162679494670e+00 4.804639955510936034e+00
3.131144366275339319e+00 3.951093828201461822e+00
3.388159578333816313e+00 3.315503042757734775e+00
3.638741848210948149e+00 2.729793684450608549e+00
3.888315910732085268e+00 2.342669009629726684e+00
4.139052155837465996e+00 1.957440778129334813e+00
4.390305777018236988e+00 1.693449287590266472e+00
4.642172339120373081e+00 1.482182534964160858e+00
4.894678666149941293e+00 1.306261764017542681e+00
5.147269052361176378e+00 1.094371455406514038e+00
5.398003206656323272e+00 9.781785517636205629e-01
5.647798235368590269e+00 9.196901072806012989e-01
5.900534302989873581e+00 8.085872799664913790e-01
6.151460297009074374e+00 7.038667464089624071e-01
6.402630176204441526e+00 6.455632366108051690e-01
6.655964674748322096e+00 5.886060718613713716e-01
6.908782583105771202e+00 5.223358243011428925e-01
7.159060853508338873e+00 4.751452020205577664e-01
7.409414762591408632e+00 4.386049189787760705e-01
7.659227149364629561e+00 4.047320954362676471e-01
7.911559474606142395e+00 3.696385063476288479e-01
8.163750941790897997e+00 3.408089168404769276e-01
8.415757210439384295e+00 3.232108309205474761e-01
8.667638839289207198e+00 2.962890327348657871e-01
8.918801124864609520e+00 2.751643242958397018e-01
9.170480108345369530e+00 2.522542548353913783e-01
9.420566033467249412e+00 2.341646099389133040e-01
9.671642335271435797e+00 2.212272050371979215e-01
9.923426157758477473e+00 2.080161517336648613e-01
1.017396902749181820e+01 1.953556536571105229e-01
1.042533700753922155e+01 1.826816341575333291e-01
1.067702948358784276e+01 1.692394773655767348e-01
1.092969337256462303e+01 1.596735931453104607e-01
1.118211872033766419e+01 1.512476902593538064e-01
1.143346516925797296e+01 1.414615524908525712e-01
1.168350508557724687e+01 1.361466017500360670e-01
1.193379937775929100e+01 1.257364037698017745e-01
1.218553055762879112e+01 1.201970498735535908e-01
1.243711650801278878e+01 1.147966442259548830e-01
1.268867268647359303e+01 1.091428821109028668e-01
1.294075027177769144e+01 1.027316184599446486e-01
1.319267287020158363e+01 9.771849909207853957e-02
1.344470571782862756e+01 9.309986092248662137e-02
1.369480150283709641e+01 8.852371380077983520e-02
1.394591277066507828e+01 8.450739038192700558e-02
1.419764645764527167e+01 8.090189957545866617e-02
1.444766774168416212e+01 7.734818436924285889e-02
1.469906835825429070e+01 7.374857923154404249e-02
1.495059118111036511e+01 7.062995677924945037e-02
1.520261612590052991e+01 6.716404989726289243e-02
1.545415944503929495e+01 6.492710585942271240e-02
1.570456072545780124e+01 6.146217963791541367e-02
1.595705800128773966e+01 5.885748796069732725e-02
1.620829297830731619e+01 5.716365621028739186e-02
1.645966591028190962e+01 5.404254740312932487e-02
1.671125708846596325e+01 5.238673443342636155e-02
1.696160259490052624e+01 4.978726294034175465e-02
1.721370276108077135e+01 4.828515101285605488e-02
1.746543424102250341e+01 4.663905444569391850e-02
1.771598473288305442e+01 4.500726988330059491e-02
1.796653767411944003e+01 4.276521138873368155e-02
1.821765658501893270e+01 4.118349702310386551e-02
1.847053788120423334e+01 3.976046037200523658e-02
1.872257696809484173e+01 3.852504324895952154e-02
1.897394097105746269e+01 3.744930915462318932e-02
1.922542454726159988e+01 3.599164824531916884e-02
1.947607703355479103e+01 3.483315330383811304e-02
1.972678839839982601e+01 3.364551404557628717e-02
1.997802698857814363e+01 3.242927590623251310e-02
2.022863620534168660e+01 3.152555307567343063e-02
2.047969598507238231e+01 3.043037678390579995e-02
2.073250439107362553e+01 2.947999847076977070e-02
2.098435855211640089e+01 2.851584396359447757e-02
2.123502923393334640e+01 2.746866666019965458e-02
2.148629411178690773e+01 2.650106338966030234e-02
2.173831825513516591e+01 2.582947879642851288e-02
2.198972260956887226e+01 2.500887630564822828e-02
2.223974971000711420e+01 2.431076293523377896e-02
2.249141870643862973e+01 2.358023240199370527e-02
2.274404614890906373e+01 2.304228520442724859e-02
2.299521835768831579e+01 2.223582476155838705e-02
2.324620084136223852e+01 2.165894184560394550e-02
2.349757798664387209e+01 2.088545211663823606e-02
2.374870488118759937e+01 2.029737521759121185e-02
2.399988781917473091e+01 1.996554885352428907e-02
2.425071646049711305e+01 1.916402479640641129e-02
2.450187830577813841e+01 1.873731560922508102e-02
2.475391093216606109e+01 1.840471637208300135e-02
2.500524226975159792e+01 1.777329250851366824e-02
2.525610980153284402e+01 1.733340415730812850e-02
2.550801425092822328e+01 1.687584322336535200e-02
2.575943113325822864e+01 1.639494700431348012e-02
2.601074166866445125e+01 1.595671021359433908e-02
2.626234447079615464e+01 1.550767918462213346e-02
2.651347712943701751e+01 1.518187524909887266e-02
2.676474177984877656e+01 1.481268912094878785e-02
2.701628079430242479e+01 1.443551293866386989e-02
2.726734205837282232e+01 1.404695019079731620e-02
2.751837013544679422e+01 1.369398833649604352e-02
2.776937726815812724e+01 1.334062343148808422e-02
2.802070160973895341e+01 1.306278561105525017e-02
2.827249982643487058e+01 1.282119331088793501e-02
2.852407603869968966e+01 1.248514159983128875e-02
2.877567300468570721e+01 1.225559404411412888e-02
2.902733523039245256e+01 1.190627782478419217e-02
2.927861073083739996e+01 1.170003919443701225e-02
2.953003196193969160e+01 1.132188221343351751e-02
2.978106336846375157e+01 1.107250682903850036e-02
3.003148440777084716e+01 1.085560203305758163e-02
3.028303386126418673e+01 1.061180281960393684e-02
3.053456493440382857e+01 1.034162455928616144e-02
3.078585183944906944e+01 1.012273321491399293e-02
3.103757946070165730e+01 9.927625154592676152e-03
3.128931656795834826e+01 9.662673501071467400e-03
3.154125974608096428e+01 9.523248051281317517e-03
3.179158626791808828e+01 9.307836972890290786e-03
3.204196438636942190e+01 9.043869616088152236e-03
3.229344668057169798e+01 8.887888797791718143e-03
3.254489998018084407e+01 8.760360353606460107e-03
3.279660140319880668e+01 8.587363800009715359e-03
3.304772754686901237e+01 8.356604625134675043e-03
3.329949953441923327e+01 8.176353014557252025e-03
3.355173249539067371e+01 8.027459061963461082e-03
3.380235474142784824e+01 7.879018992755060236e-03
3.405292218889088218e+01 7.660191294888202621e-03
3.430455901572810262e+01 7.590905287995976247e-03
3.455605119154291316e+01 7.416629631578385180e-03
3.480708698418615654e+01 7.284475573490558319e-03
3.505823042281740243e+01 7.135108317028946746e-03
3.530983122122644602e+01 6.973878865924846779e-03
3.556111974160763367e+01 6.854585105849185164e-03
3.581195885960364933e+01 6.714917465922089906e-03
3.606348577968052638e+01 6.619686819181823563e-03
3.631495136683125935e+01 6.485931769248002438e-03
3.656646781331610185e+01 6.388651902423466214e-03
3.681800948534306173e+01 6.240643113826075013e-03
3.706942350460822411e+01 6.115341690078773471e-03
3.732119977997001570e+01 6.025977018554736810e-03
3.757249197135423202e+01 5.939833184527358069e-03
3.782324055213251057e+01 5.774916987929343097e-03
3.807430609684078604e+01 5.743379738536521714e-03
3.832526519371521090e+01 5.598167838007812695e-03
3.857704530181875668e+01 5.506909789522966038e-03
3.882896255048217427e+01 5.376570025424623131e-03
3.907976684424035341e+01 5.320846027185691801e-03
3.933085588900704010e+01 5.223782521995373740e-03
3.958184533965361140e+01 5.120282384603819584e-03
3.983320492881626507e+01 5.052747675732499263e-03
4.008506787586624398e+01 4.918610231293671191e-03
4.033569471078550350e+01 4.836222436334605863e-03
4.058701345074587863e+01 4.756627716152637443e-03
4.083916815834436420e+01 4.715399297655627035e-03
4.108978611092747713e+01 4.645919188024285468e-03
4.134119394692694271e+01 4.566537978185079664e-03
4.159372926482761557e+01 4.502761446230911686e-03
4.184480996230068683e+01 4.411001964961958760e-03
4.209495048714620680e+01 4.337879264264861076e-03
4.234568601474854432e+01 4.265379513673075995e-03
4.259794184898333214e+01 4.212247444162364567e-03
4.284922176444433717e+01 4.109792875994600775e-03
4.309982534096671003e+01 4.076818762672173094e-03
4.335153475414617930e+01 3.976644319746096452e-03
4.360374984514007224e+01 3.955217544206029653e-03
4.385432838732079830e+01 3.873182528006469897e-03
4.410529766549178277e+01 3.800552787892698143e-03
4.435675536456894008e+01 3.759256698595505111e-03
4.460756668584335927e+01 3.686924704872834857e-03
4.485812369927145937e+01 3.659045305069427712e-03
4.510933196139897206e+01 3.574080112819640227e-03
4.536097672816924131e+01 3.545245522833948264e-03
4.561261869099184452e+01 3.495195821104901072e-03
4.586346064304911607e+01 3.459419354557461551e-03
4.611435299895526185e+01 3.369798536635036559e-03
4.636610302009028572e+01 3.287619936425765360e-03
4.661726081402038346e+01 3.277680072192042972e-03
4.686748045926628237e+01 3.257054640944388822e-03
4.712001000143001761e+01 3.148788458901544823e-03
4.737334269293729960e+01 3.084458454280879398e-03
4.762357272554871912e+01 3.131239095418327390e-03
4.787295862859781437e+01 3.080955813252034096e-03
4.812686710231834297e+01 3.054018708604322278e-03
4.837988354528783930e+01 2.914592838999098632e-03
4.862698975964909209e+01 2.940202607874214339e-03
4.887931961662670233e+01 2.894715002072857906e-03
4.913512531690142282e+01 2.794268993725349762e-03
4.938486646957150583e+01 2.758321536817911080e-03
4.963073103205424985e+01 2.762527444529013724e-03
4.988316058859187763e+01 2.744708005175983557e-03
5.013927392651110893e+01 2.700538649261082988e-03
5.038898445289544270e+01 2.638186750824392073e-03
5.063791314200675941e+01 2.602125276232045321e-03
5.089234515763529032e+01 2.619773386176359707e-03
5.114529266359630810e+01 2.559981312564657552e-03
5.138952878242714206e+01 2.480276194823099068e-03
5.163945178601188246e+01 2.466056235247490649e-03
5.190206698624180603e+01 2.471769587263322569e-03
5.215590084722179398e+01 2.426381166273300707e-03
5.238680673191466042e+01 2.318498685134649535e-03
5.263532591009818873e+01 2.362397293481937124e-03
5.290823119436031874e+01 2.248970621437312509e-03
5.316882575050344428e+01 2.297468446056834691e-03
5.338513341050097694e+01 2.173237827890059197e-03
5.363212510227822349e+01 2.203821902933785805e-03
5.391615723351310407e+01 2.181600051460909871e-03
5.419187693011466678e+01 1.977377109020871104e-03
5.439722241285236493e+01 2.387294197919381279e-03
5.462806064877949552e+01 2.084862299154950638e-03
5.491241494336609463e+01 2.267861385510383954e-03
5.519421446932921782e+01 1.762065587332852217e-03
5.543046826972861396e+01 2.952750308009646080e-03
5.561137265256709128e+01 1.282171582252691726e-03
