3.559856489878782115e-01 9.955283455921131690e+02
6.031648866026231293e-01 1.932901308574182337e+02
8.579160745827347778e-01 7.744371607775538280e+01
1.113464310595710716e+00 4.777393588859519014e+01
1.374039914321364408e+00 2.796999358473983932e+01
1.619154704570298309e+00 2.134137002325574528e+01
1.870686673430271840e+00 1.519085539753085889e+01
2.123290040706380832e+00 1.075933667022786011e+01
2.378144976376236119e+00 7.913922111175597962e+00
2.630489925835516996e+00 5.784303405965413702e+00
2.878653162679494670e+00 4.946860684956791765e+00
3.131144366275339319e+00 3.862906138862145511e+00
3.388159578333816313e+00 3.170143308539689730e+00
3.638741848210948149e+00 2.725597101266616473e+00
3.888315910732085268e+00 2.333426366080951553e+00
4.139052155837465996e+00 1.986734404402249465e+00
4.390305777018236988e+00 1.651608701000425228e+00
4.642172339120373081e+00 1.437701715827834015e+00
4.894678666149941293e+00 1.257598480483674841e+00
5.147269052361176378e+00 1.097883100884405660e+00
5.398003206656323272e+00 1.019212782721377497e+00
5.647798235368590269e+00 9.154679580715266995e-01
5.900534302989873581e+00 8.147086368813071244e-01
6.151460297009074374e+00 7.192041695200481755e-01
6.402630176204441526e+00 6.376729222555213017e-01
6.655964674748322096e+00 5.889557692605600359e-01
6.908782583105771202e+00 5.214087889955886235e-01
7.159060853508338873e+00 4.747300400912897733e-01
7.409414762591408632e+00 4.467745857111370400e-01
7.659227149364629561e+00 4.013294058272012799e-01
7.911559474606142395e+00 3.762119509844894516e-01
8.163750941790897997e+00 3.357461297826408453e-01
8.415757210439384295e+00 3.240948188863797541e-01
8.667638839289207198e+00 3.003113414850225316e-01
8.918801124864609520e+00 2.723381051006917852e-01
9.170480108345369530e+00 2.572544730915786171e-01
9.420566033467249412e+00 2.363940403083162611e-01
9.671642335271435797e+00 2.184751853967363822e-01
9.923426157758477473e+00 2.064314788991828131e-01
1.017396902749181820e+01 1.927446284143922717e-01
1.042533700753922155e+01 1.818425846611742280e-01
1.067702948358784276e+01 1.723565803213588377e-01
1.092969337256462303e+01 1.616127883699124690e-01
1.118211872033766419e+01 1.503011763274202106e-01
1.143346516925797296e+01 1.420957837265861001e-01
1.168350508557724687e+01 1.345193375834233540e-01
1.193379937775929100e+01 1.286071683266876708e-01
1.218553055762879112e+01 1.212961085141579659e-01
1.243711650801278878e+01 1.132929912434931519e-01
1.268867268647359303e+01 1.075664561550177811e-01
1.294075027177769144e+01 1.036753835465638873e-01
1.319267287020158363e+01 9.767670753834674369e-02
1.344470571782862756e+01 9.293821598950036122e-02
1.369480150283709641e+01 8.844266601764136371e-02
1.394591277066507828e+01 8.341795326368200980e-02
1.419764645764527167e+01 8.047054063903630317e-02
1.444766774168416212e+01 7.680769319103900039e-02
1.469906835825429070e+01 7.303030946965349823e-02
1.495059118111036511e+01 6.937088676370860296e-02
1.520261612590052991e+01 6.710374609599478735e-02
1.545415944503929495e+01 6.459257440372685732e-02
1.570456072545780124e+01 6.158768131878772367e-02
1.595705800128773966e+01 5.902390051218598527e-02
1.620829297830731619e+01 5.646345073646864832e-02
1.645966591028190962e+01 5.416806437279465813e-02
1.671125708846596325e+01 5.254694121002422003e-02
1.696160259490052624e+01 5.044653414802242192e-02
1.721370276108077135e+01 4.851755033751181667e-02
1.746543424102250341e+01 4.597586461989704165e-02
1.771598473288305442e+01 4.464693992771121001e-02
1.796653767411944003e+01 4.319242087629303339e-02
1.821765658501893270e+01 4.173706762903261341e-02
1.847053788120423334e+01 3.999073165637625354e-02
1.872257696809484173e+01 3.869912236653801768e-02
1.897394097105746269e+01 3.755071321942327761e-02
1.922542454726159988e+01 3.604493267166505865e-02
1.947607703355479103e+01 3.481347153780438297e-02
1.972678839839982601e+01 3.335982687593930240e-02
1.997802698857814363e+01 3.268628880318696917e-02
2.022863620534168660e+01 3.159137777988606927e-02
2.047969598507238231e+01 3.020103214261610561e-02
2.073250439107362553e+01 2.930669227970279789e-02
2.098435855211640089e+01 2.860971420187142372e-02
2.123502923393334640e+01 2.739828553596180410e-02
2.148629411178690773e+01 2.660116635744632502e-02
2.173831825513516591e+01 2.598400405085044343e-02
2.198972260956887226e+01 2.507133865304345122e-02
2.223974971000711420e+01 2.427789886668909811e-02
2.249141870643862973e+01 2.365563967411753177e-02
2.274404614890906373e+01 2.296531135141579444e-02
2.299521835768831579e+01 2.231128012772589167e-02
2.324620084136223852e+01 2.144388438530764676e-02
2.349757798664387209e+01 2.105266948180544578e-02
2.374870488118759937e+01 2.041130532697122552e-02
2.399988781917473091e+01 1.983846815511198722e-02
2.425071646049711305e+01 1.928443583893463265e-02
2.450187830577813841e+01 1.885505413445004788e-02
2.475391093216606109e+01 1.838128566900628161e-02
2.500524226975159792e+01 1.789708461002086776e-02
2.525610980153284402e+01 1.736736384317359716e-02
2.550801425092822328e+01 1.676961607218717745e-02
2.575943113325822864e+01 1.645409451747202600e-02
2.601074166866445125e+01 1.601628332371359681e-02
2.626234447079615464e+01 1.550018315179482048e-02
2.651347712943701751e+01 1.527336524803177796e-02
2.676474177984877656e+01 1.472993935625219013e-02
2.701628079430242479e+01 1.448174968875525284e-02
2.726734205837282232e+01 1.408837966882893998e-02
2.751837013544679422e+01 1.374231765936469521e-02
2.776937726815812724e+01 1.337232010149034048e-02
2.802070160973895341e+01 1.309382175936484559e-02
2.827249982643487058e+01 1.275942105732354170e-02
2.852407603869968966e+01 1.249835754544632513e-02
2.877567300468570721e+01 1.219389217679807055e-02
2.902733523039245256e+01 1.192285123060467071e-02
2.927861073083739996e+01 1.162020473852647465e-02
2.953003196193969160e+01 1.137900057833317671e-02
2.978106336846375157e+01 1.110876635783050563e-02
3.003148440777084716e+01 1.085214121914539545e-02
3.028303386126418673e+01 1.059242329713116874e-02
3.053456493440382857e+01 1.034798479814807472e-02
3.078585183944906944e+01 1.006912166456255982e-02
3.103757946070165730e+01 9.909072851025428619e-03
3.128931656795834826e+01 9.728285595614359627e-03
3.154125974608096428e+01 9.518057411095513440e-03
3.179158626791808828e+01 9.296057187816843606e-03
3.204196438636942190e+01 9.144971368401979064e-03
3.229344668057169798e+01 8.892850154078575306e-03
3.254489998018084407e+01 8.743314225349012314e-03
3.279660140319880668e+01 8.572082942193165467e-03
3.304772754686901237e+01 8.313289154665526662e-03
3.329949953441923327e+01 8.165610089724608181e-03
3.355173249539067371e+01 8.031969821514653093e-03
3.380235474142784824e+01 7.869396181153788875e-03
3.405292218889088218e+01 7.715438996840510121e-03
3.430455901572810262e+01 7.554266537275257723e-03
3.455605119154291316e+01 7.368592484223486158e-03
3.480708698418615654e+01 7.290957519518074213e-03
3.505823042281740243e+01 7.123780348694614545e-03
3.530983122122644602e+01 7.001171387983218947e-03
3.556111974160763367e+01 6.817516038030072174e-03
3.581195885960364933e+01 6.786096517058600938e-03
3.606348577968052638e+01 6.610723377218187882e-03
3.631495136683125935e+01 6.491002840989816038e-03
3.656646781331610185e+01 6.391855816063674207e-03
3.681800948534306173e+01 6.226440566538414025e-03
3.706942350460822411e+01 6.109426412536365578e-03
3.732119977997001570e+01 5.991837408778795393e-03
3.757249197135423202e+01 5.909678230563435337e-03
3.782324055213251057e+01 5.805481760121093161e-03
3.807430609684078604e+01 5.705488466011690053e-03
3.832526519371521090e+01 5.604780183139075264e-03
3.857704530181875668e+01 5.496459052960177456e-03
3.882896255048217427e+01 5.430489186198936627e-03
3.907976684424035341e+01 5.327928980135879580e-03
3.933085588900704010e+01 5.246800144799289994e-03
3.958184533965361140e+01 5.140684770139195003e-03
3.983320492881626507e+01 5.057494929924237492e-03
4.008506787586624398e+01 4.971182219181882050e-03
4.033569471078550350e+01 4.852733769752790721e-03
4.058701345074587863e+01 4.744990411535860222e-03
4.083916815834436420e+01 4.693198014354400469e-03
4.108978611092747713e+01 4.592147997217896349e-03
4.134119394692694271e+01 4.600561255759050630e-03
4.159372926482761557e+01 4.467701707688898072e-03
4.184480996230068683e+01 4.376048574006466060e-03
4.209495048714620680e+01 4.352820536848708149e-03
4.234568601474854432e+01 4.260644365531778520e-03
4.259794184898333214e+01 4.212665646883129514e-03
4.284922176444433717e+01 4.147609058945477857e-03
4.309982534096671003e+01 4.047091359620920772e-03
4.335153475414617930e+01 3.995438309174360186e-03
4.360374984514007224e+01 3.952539751908235900e-03
4.385432838732079830e+01 3.873278717007662842e-03
4.410529766549178277e+01 3.822130524020463712e-03
4.435675536456894008e+01 3.788990402388366010e-03
4.460756668584335927e+01 3.713378685473127730e-03
4.485812369927145937e+01 3.665995683752490842e-03
4.510933196139897206e+01 3.568351884328406064e-03
4.536097672816924131e+01 3.520190556286887512e-03
4.561261869099184452e+01 3.473180029012849172e-03
4.586346064304911607e+01 3.449348238006701237e-03
4.611435299895526185e+01 3.374498367806157140e-03
4.636610302009028572e+01 3.280438296310114136e-03
4.661726081402038346e+01 3.281130672057211255e-03
4.686748045926628237e+01 3.279585574072238323e-03
4.712001000143001761e+01 3.158505763153534110e-03
4.737334269293729960e+01 3.136519304146882531e-03
4.762357272554871912e+01 3.110340134890812562e-03
4.787295862859781437e+01 3.049260623809363357e-03
4.812686710231834297e+01 2.989583035291626476e-03
4.837988354528783930e+01 2.952860884000428707e-03
4.862698975964909209e+01 2.936565682741094918e-03
4.887931961662670233e+01 2.906804813796503954e-03
4.913512531690142282e+01 2.773332918490617645e-03
4.938486646957150583e+01 2.810509066079888620e-03
4.963073103205424985e+01 2.771766990316661301e-03
4.988316058859187763e+01 2.691701002095388869e-03
5.013927392651110893e+01 2.719059590099904503e-03
5.038898445289544270e+01 2.655645697754994723e-03
5.063791314200675941e+01 2.662892756364566502e-03
5.089234515763529032e+01 2.605939138684077935e-03
5.114529266359630810e+01 2.489353196057100814e-03
5.138952878242714206e+01 2.549976013541445981e-03
5.163945178601188246e+01 2.594316141222315249e-03
5.190206698624180603e+01 2.373761615041115967e-03
5.215590084722179398e+01 2.448383426322692149e-03
5.238680673191466042e+01 2.411799007800446981e-03
5.263532591009818873e+01 2.342505732324626222e-03
5.290823119436031874e+01 2.349587315430962369e-03
5.316882575050344428e+01 2.310496247350395799e-03
5.338513341050097694e+01 2.292985633393773183e-03
5.363212510227822349e+01 2.266300416172627782e-03
5.391615723351310407e+01 2.076689080347512983e-03
5.419187693011466678e+01 2.214884951187531814e-03
5.439722241285236493e+01 2.184387770570316196e-03
5.462806064877949552e+01 2.153621513973926881e-03
5.491241494336609463e+01 1.940235887255036809e-03
5.519421446932921782e+01 2.128897750974772206e-03
5.543046826972861396e+01 1.584384263459965528e-03
5.561137265256709128e+01 4.407639655240024219e-03
