3.559856489878782115e-01 1.196233348831718331e+03
6.031648866026231293e-01 2.209493315762712484e+02
8.579160745827347778e-01 1.004860261905794658e+02
1.113464310595710716e+00 4.822935641572362186e+01
1.374039914321364408e+00 3.054399576803285754e+01
1.619154704570298309e+00 2.022701216218899845e+01
1.870686673430271840e+00 1.600727913831803662e+01
2.123290040706380832e+00 1.047087557239957967e+01
2.378144976376236119e+00 8.330528470918364903e+00
2.630489925835516996e+00 5.963889437897795354e+00
2.878653162679494670e+00 4.853038394780329057e+00
3.131144366275339319e+00 4.056282834165594764e+00
3.388159578333816313e+00 3.355921292033231751e+00
3.638741848210948149e+00 2.715117875449955864e+00
3.888315910732085268e+00 2.202828323266431187e+00
4.139052155837465996e+00 1.973922090142655295e+00
4.390305777018236988e+00 1.606167677491550982e+00
4.642172339120373081e+00 1.463653843653754727e+00
4.894678666149941293e+00 1.274476493816650402e+00
5.147269052361176378e+00 1.129595410475511708e+00
5.398003206656323272e+00 9.906289783863692078e-01
5.647798235368590269e+00 8.989998622329298250e-01
5.900534302989873581e+00 7.956882271269100082e-01
6.151460297009074374e+00 7.186393025944951551e-01
6.402630176204441526e+00 6.229463952953839811e-01
6.655964674748322096e+00 5.939342708153196870e-01
6.908782583105771202e+00 5.307162783498945435e-01
7.159060853508338873e+00 4.821572102050090125e-01
7.409414762591408632e+00 4.459731381378442272e-01
7.659227149364629561e+00 4.074340943831686324e-01
7.911559474606142395e+00 3.767729195273024634e-01
8.163750941790897997e+00 3.399085255361070645e-01
8.415757210439384295e+00 3.231250425910059954e-01
8.667638839289207198e+00 2.976160205188089214e-01
8.918801124864609520e+00 2.751032697471040289e-01
9.170480108345369530e+00 2.548163835138662625e-01
9.420566033467249412e+00 2.350834996551952327e-01
9.671642335271435797e+00 2.186370762726678740e-01
9.923426157758477473e+00 2.086652448782410352e-01
1.017396902749181820e+01 1.904662819959472009e-01
1.042533700753922155e+01 1.784708477483407107e-01
1.067702948358784276e+01 1.699482256407925107e-01
1.092969337256462303e+01 1.652060356559267307e-01
1.118211872033766419e+01 1.515410006410264632e-01
1.143346516925797296e+01 1.428453356343693526e-01
1.168350508557724687e+01 1.346237277111883013e-01
1.193379937775929100e+01 1.291797225628350809e-01
1.218553055762879112e+01 1.224971789211160567e-01
1.243711650801278878e+01 1.142667371799667292e-01
1.268867268647359303e+01 1.085453414469625399e-01
1.294075027177769144e+01 1.031389553478199023e-01
1.319267287020158363e+01 9.902369436211874709e-02
1.344470571782862756e+01 9.440043468114689418e-02
1.369480150283709641e+01 8.962788264267045057e-02
1.394591277066507828e+01 8.421087376419351955e-02
1.419764645764527167e+01 8.092642894912444040e-02
1.444766774168416212e+01 7.683292878337892595e-02
1.469906835825429070e+01 7.446833324758042605e-02
1.495059118111036511e+01 6.973356182501433409e-02
1.520261612590052991e+01 6.708613264160231959e-02
1.545415944503929495e+01 6.443388947526594579e-02
1.570456072545780124e+01 6.206630439241135611e-02
1.595705800128773966e+01 5.935512454300839735e-02
1.620829297830731619e+01 5.728866425315589511e-02
1.645966591028190962e+01 5.453219065619507172e-02
1.671125708846596325e+01 5.254595879080629223e-02
1.696160259490052624e+01 4.999503338625364834e-02
1.721370276108077135e+01 4.828965831785579643e-02
1.746543424102250341e+01 4.649981957466088611e-02
1.771598473288305442e+01 4.462465500650920208e-02
1.796653767411944003e+01 4.252802675762191315e-02
1.821765658501893270e+01 4.141968276689775297e-02
1.847053788120423334e+01 3.947069716867325495e-02
1.872257696809484173e+01 3.846400847080310575e-02
1.897394097105746269e+01 3.725899712597645352e-02
1.922542454726159988e+01 3.604058172064947968e-02
1.947607703355479103e+01 3.446909870855667524e-02
1.972678839839982601e+01 3.335456646607023318e-02
1.997802698857814363e+01 3.235914867470215256e-02
2.022863620534168660e+01 3.153923824853072794e-02
2.047969598507238231e+01 3.047074947920557289e-02
2.073250439107362553e+01 2.912624128942805854e-02
2.098435855211640089e+01 2.834888062573501927e-02
2.123502923393334640e+01 2.768565342396316423e-02
2.148629411178690773e+01 2.665136090051944615e-02
2.173831825513516591e+01 2.581263658433827560e-02
2.198972260956887226e+01 2.500748474456195719e-02
2.223974971000711420e+01 2.418470997378873930e-02
2.249141870643862973e+01 2.359808242979314144e-02
2.274404614890906373e+01 2.300536169590993232e-02
2.299521835768831579e+01 2.229367527820190834e-02
2.324620084136223852e+01 2.169376355228784178e-02
2.349757798664387209e+01 2.103093580152098213e-02
2.374870488118759937e+01 2.039100267138648642e-02
2.399988781917473091e+01 1.982696350154484685e-02
2.425071646049711305e+01 1.927795854631444636e-02
2.450187830577813841e+01 1.875069218928188119e-02
2.475391093216606109e+01 1.821762073152904601e-02
2.500524226975159792e+01 1.768218317954105626e-02
2.525610980153284402e+01 1.727741330609089757e-02
2.550801425092822328e+01 1.686141481348448629e-02
2.575943113325822864e+01 1.642360667678250882e-02
2.601074166866445125e+01 1.591480159467521804e-02
2.626234447079615464e+01 1.567540458458189373e-02
2.651347712943701751e+01 1.520293205846879117e-02
2.676474177984877656e+01 1.475002094000054526e-02
2.701628079430242479e+01 1.441382339709449366e-02
2.726734205837282232e+01 1.410798652980092653e-02
2.751837013544679422e+01 1.374430323391909008e-02
2.776937726815812724e+01 1.340478831133725020e-02
2.802070160973895341e+01 1.309162862385840169e-02
2.827249982643487058e+01 1.272969099138685813e-02
2.852407603869968966e+01 1.257169654124703530e-02
2.877567300468570721e+01 1.214763530552931056e-02
2.902733523039245256e+01 1.188509984036011102e-02
2.927861073083739996e+01 1.161168229470032828e-02
2.953003196193969160e+01 1.140495733765553923e-02
2.978106336846375157e+01 1.111926450438664379e-02
3.003148440777084716e+01 1.089126267818409100e-02
3.028303386126418673e+01 1.057349780111951389e-02
3.053456493440382857e+01 1.042205208341184623e-02
3.078585183944906944e+01 1.009751901716611847e-02
3.103757946070165730e+01 9.944010166181582039e-03
3.128931656795834826e+01 9.731051453011767965e-03
3.154125974608096428e+01 9.439411316863707130e-03
3.179158626791808828e+01 9.271031631643587151e-03
3.204196438636942190e+01 9.089910756663693164e-03
3.229344668057169798e+01 8.939503003231779113e-03
3.254489998018084407e+01 8.739681604897015302e-03
3.279660140319880668e+01 8.529248971563147333e-03
3.304772754686901237e+01 8.352651434382926329e-03
3.329949953441923327e+01 8.153271496944962740e-03
3.355173249539067371e+01 8.050388465823362857e-03
3.380235474142784824e+01 7.863185365893473472e-03
3.405292218889088218e+01 7.706317862455716074e-03
3.430455901572810262e+01 7.598809371443529352e-03
3.455605119154291316e+01 7.433660372099000838e-03
3.480708698418615654e+01 7.293380523905024747e-03
3.505823042281740243e+01 7.134058636777905991e-03
3.530983122122644602e+01 6.983563646621056969e-03
3.556111974160763367e+01 6.893455157190091394e-03
3.581195885960364933e+01 6.761365168814172794e-03
3.606348577968052638e+01 6.599575487434832834e-03
3.631495136683125935e+01 6.468954404940166318e-03
3.656646781331610185e+01 6.359233687281445023e-03
3.681800948534306173e+01 6.245822369036947534e-03
3.706942350460822411e+01 6.122543515952895248e-03
3.732119977997001570e+01 5.985976028644516937e-03
3.757249197135423202e+01 5.908379769551918778e-03
3.782324055213251057e+01 5.799521172989874351e-03
3.807430609684078604e+01 5.678812494069181496e-03
3.832526519371521090e+01 5.597164945670165398e-03
3.857704530181875668e+01 5.477061047576284140e-03
3.882896255048217427e+01 5.383887315110552629e-03
3.907976684424035341e+01 5.287674095396020964e-03
3.933085588900704010e+01 5.202984650867640073e-03
3.958184533965361140e+01 5.144763689612680442e-03
3.983320492881626507e+01 4.996422605509608962e-03
4.008506787586624398e+01 4.967120119784304219e-03
4.033569471078550350e+01 4.896521799019094845e-03
4.058701345074587863e+01 4.804739446739500139e-03
4.083916815834436420e+01 4.698460056539715407e-03
4.108978611092747713e+01 4.634560649366011725e-03
4.134119394692694271e+01 4.565392143356472240e-03
4.159372926482761557e+01 4.464724343831718081e-03
4.184480996230068683e+01 4.382028941414459026e-03
4.209495048714620680e+01 4.321727637484646702e-03
4.234568601474854432e+01 4.266303127684598073e-03
4.259794184898333214e+01 4.174678900431622736e-03
4.284922176444433717e+01 4.112033531047365985e-03
4.309982534096671003e+01 4.054416570628244232e-03
4.335153475414617930e+01 4.015471148527616913e-03
4.360374984514007224e+01 3.930215669691037791e-03
4.385432838732079830e+01 3.885600039256525886e-03
4.410529766549178277e+01 3.831101921166120763e-03
4.435675536456894008e+01 3.784533158558484999e-03
4.460756668584335927e+01 3.731961497939397833e-03
4.485812369927145937e+01 3.624163377151895776e-03
4.510933196139897206e+01 3.545355226831836768e-03
4.536097672816924131e+01 3.543643535902303403e-03
4.561261869099184452e+01 3.451109409650587271e-03
4.586346064304911607e+01 3.423289462662272142e-03
4.611435299895526185e+01 3.354711142523361406e-03
4.636610302009028572e+01 3.348793579663392889e-03
4.661726081402038346e+01 3.246622591848323611e-03
4.686748045926628237e+01 3.244202918255036962e-03
4.712001000143001761e+01 3.176887858144144053e-03
4.737334269293729960e+01 3.171388138969197506e-03
4.762357272554871912e+01 3.076848788915312067e-03
4.787295862859781437e+01 3.061684604447418179e-03
4.812686710231834297e+01 3.043942496932693347e-03
4.837988354528783930e+01 3.015068838512842582e-03
4.862698975964909209e+01 2.939521970157888114e-03
4.887931961662670233e+01 2.920637039796181340e-03
4.913512531690142282e+01 2.864197197934327966e-03
4.938486646957150583e+01 2.864370954515623423e-03
4.963073103205424985e+01 2.816199858729654792e-03
4.988316058859187763e+01 2.735777885514407461e-03
5.013927392651110893e+01 2.671182301443785975e-03
5.038898445289544270e+01 2.656898913808037038e-03
5.063791314200675941e+01 2.593582831825802341e-03
5.089234515763529032e+01 2.583478013868905753e-03
5.114529266359630810e+01 2.536788229133312041e-03
5.138952878242714206e+01 2.566763808364583722e-03
5.163945178601188246e+01 2.489795798516199286e-03
5.190206698624180603e+01 2.368202151514042005e-03
5.215590084722179398e+01 2.424161922016365798e-03
5.238680673191466042e+01 2.319562662709665629e-03
5.263532591009818873e+01 2.346013787378422102e-03
5.290823119436031874e+01 2.423812724412000019e-03
5.316882575050344428e+01 2.272047781076860871e-03
5.338513341050097694e+01 2.311496497781989363e-03
5.363212510227822349e+01 2.168540277821426939e-03
5.391615723351310407e+01 2.078355802677812718e-03
5.419187693011466678e+01 2.134238175103648702e-03
5.439722241285236493e+01 2.414562401918632362e-03
5.462806064877949552e+01 1.947621391893650635e-03
5.491241494336609463e+01 2.140674337954548423e-03
5.519421446932921782e+01 2.016658365977066093e-03
5.543046826972861396e+01 2.000051488777314281e-03
5.561137265256709128e+01 2.536044633050750594e-03
