3.559856489878782115e-01 7.555172738388123435e+02
6.031648866026231293e-01 1.992541519690607288e+02
8.579160745827347778e-01 1.039214016180222018e+02
1.113464310595710716e+00 5.076628628493709527e+01
1.374039914321364408e+00 3.231784508643450238e+01
1.619154704570298309e+00 1.956669128481646425e+01
1.870686673430271840e+00 1.429185951480426020e+01
2.123290040706380832e+00 1.135251289124350826e+01
2.378144976376236119e+00 7.615860239558762679e+00
2.630489925835516996e+00 6.020287641706923765e+00
2.878653162679494670e+00 4.974255007889224700e+00
3.131144366275339319e+00 3.772999805699770448e+00
3.388159578333816313e+00 3.214640271289301410e+00
3.638741848210948149e+00 2.819243833064986937e+00
3.888315910732085268e+00 2.282688851741741853e+00
4.139052155837465996e+00 1.975391803026845139e+00
4.390305777018236988e+00 1.625746284388865925e+00
4.642172339120373081e+00 1.495560298865245219e+00
4.894678666149941293e+00 1.250271770677977345e+00
5.147269052361176378e+00 1.185325390103317389e+00
5.398003206656323272e+00 1.015593394059894905e+00
5.647798235368590269e+00 9.190437230509391764e-01
5.900534302989873581e+00 7.940316162653550114e-01
6.151460297009074374e+00 7.166156018487656043e-01
6.402630176204441526e+00 6.507047096839040368e-01
6.655964674748322096e+00 5.807195781883228713e-01
6.908782583105771202e+00 5.286721878470604929e-01
7.159060853508338873e+00 4.858472029833922345e-01
7.409414762591408632e+00 4.446259840045694856e-01
7.659227149364629561e+00 4.095966780915470395e-01
7.911559474606142395e+00 3.777008501341573288e-01
8.163750941790897997e+00 3.353526632427759613e-01
8.415757210439384295e+00 3.174605794193123276e-01
8.667638839289207198e+00 2.949676488085696824e-01
8.918801124864609520e+00 2.702482764476724086e-01
9.170480108345369530e+00 2.556068777575360995e-01
9.420566033467249412e+00 2.389338444469093492e-01
9.671642335271435797e+00 2.212482526547984996e-01
9.923426157758477473e+00 2.034251839638635262e-01
1.017396902749181820e+01 1.932351097593207057e-01
1.042533700753922155e+01 1.800195958598227175e-01
1.067702948358784276e+01 1.708442996570447847e-01
1.092969337256462303e+01 1.618075122621859818e-01
1.118211872033766419e+01 1.523473786761432303e-01
1.143346516925797296e+01 1.407434817119083970e-01
1.168350508557724687e+01 1.350927303815120661e-01
1.193379937775929100e+01 1.254775585984377329e-01
1.218553055762879112e+01 1.207608354773886256e-01
1.243711650801278878e+01 1.163056911765742302e-01
1.268867268647359303e+01 1.103534077620127452e-01
1.294075027177769144e+01 1.039512373173508142e-01
1.319267287020158363e+01 9.889377030735695129e-02
1.344470571782862756e+01 9.328821343860127513e-02
1.369480150283709641e+01 8.819538507245577863e-02
1.394591277066507828e+01 8.394114478128752999e-02
1.419764645764527167e+01 8.215404162751073491e-02
1.444766774168416212e+01 7.711464539526939610e-02
1.469906835825429070e+01 7.338255267777044066e-02
1.495059118111036511e+01 7.047121847163338726e-02
1.520261612590052991e+01 6.740309033925066806e-02
1.545415944503929495e+01 6.421107505702787488e-02
1.570456072545780124e+01 6.195169446299107069e-02
1.595705800128773966e+01 5.889457970522826713e-02
1.620829297830731619e+01 5.628710410855562729e-02
1.645966591028190962e+01 5.440281803981401876e-02
1.671125708846596325e+01 5.220515449085479792e-02
1.696160259490052624e+01 5.005514977357945067e-02
1.721370276108077135e+01 4.823401032271108085e-02
1.746543424102250341e+01 4.685377474638327544e-02
1.771598473288305442e+01 4.458540954841867798e-02
1.796653767411944003e+01 4.275346425872988965e-02
1.821765658501893270e+01 4.155185872224879950e-02
1.847053788120423334e+01 4.015526053300479126e-02
1.872257696809484173e+01 3.878562596633822884e-02
1.897394097105746269e+01 3.749479228890277571e-02
1.922542454726159988e+01 3.606752611384327761e-02
1.947607703355479103e+01 3.501834743037663539e-02
1.972678839839982601e+01 3.353046625461186814e-02
1.997802698857814363e+01 3.258307618020890584e-02
2.022863620534168660e+01 3.155731413280542935e-02
2.047969598507238231e+01 3.021702627339070343e-02
2.073250439107362553e+01 2.938615009885535076e-02
2.098435855211640089e+01 2.815375317753595480e-02
2.123502923393334640e+01 2.771159043534034833e-02
2.148629411178690773e+01 2.673431292828231179e-02
2.173831825513516591e+01 2.579431517067438950e-02
2.198972260956887226e+01 2.521201892184736504e-02
2.223974971000711420e+01 2.432294475006061343e-02
2.249141870643862973e+01 2.365317345763813528e-02
2.274404614890906373e+01 2.285520744180605246e-02
2.299521835768831579e+01 2.230658692828037942e-02
2.324620084136223852e+01 2.157159058487596523e-02
2.349757798664387209e+01 2.108072505396743970e-02
2.374870488118759937e+01 2.033151935331604238e-02
2.399988781917473091e+01 1.968370568262293313e-02
2.425071646049711305e+01 1.917123631603778744e-02
2.450187830577813841e+01 1.877989989825348122e-02
2.475391093216606109e+01 1.824851344674928780e-02
2.500524226975159792e+01 1.780253224490485620e-02
2.525610980153284402e+01 1.730885248239793714e-02
2.550801425092822328e+01 1.680451430633918622e-02
2.575943113325822864e+01 1.638310690661800087e-02
2.601074166866445125e+01 1.603122545879991090e-02
2.626234447079615464e+01 1.558607217715315442e-02
2.651347712943701751e+01 1.527448940582826035e-02
2.676474177984877656e+01 1.482017965239659264e-02
2.701628079430242479e+01 1.432107073880335008e-02
2.726734205837282232e+01 1.401381331508194661e-02
2.751837013544679422e+01 1.372024998198991159e-02
2.776937726815812724e+01 1.337612274731613676e-02
2.802070160973895341e+01 1.307089568812963044e-02
2.827249982643487058e+01 1.279282521504106901e-02
2.852407603869968966e+01 1.243211645526370347e-02
2.877567300468570721e+01 1.215882073274744332e-02
2.902733523039245256e+01 1.191553438045535665e-02
2.927861073083739996e+01 1.160013719008729134e-02
2.953003196193969160e+01 1.139239044732473158e-02
2.978106336846375157e+01 1.109760767187250620e-02
3.003148440777084716e+01 1.078964109205197627e-02
3.028303386126418673e+01 1.061223991668235750e-02
3.053456493440382857e+01 1.037649131024465099e-02
3.078585183944906944e+01 1.008957147398494535e-02
3.103757946070165730e+01 9.958228541199950698e-03
3.128931656795834826e+01 9.700841834477608519e-03
3.154125974608096428e+01 9.506338351863357489e-03
3.179158626791808828e+01 9.343186287036979107e-03
3.204196438636942190e+01 9.126178386068869997e-03
3.229344668057169798e+01 8.957967282349516003e-03
3.254489998018084407e+01 8.765553270553401444e-03
3.279660140319880668e+01 8.529227039477196154e-03
3.304772754686901237e+01 8.342422931398118732e-03
3.329949953441923327e+01 8.192448858673919906e-03
3.355173249539067371e+01 8.037836997597662056e-03
3.380235474142784824e+01 7.905269179473687138e-03
3.405292218889088218e+01 7.741603011279673055e-03
3.430455901572810262e+01 7.555638257112516978e-03
3.455605119154291316e+01 7.402410264805809985e-03
3.480708698418615654e+01 7.253947517546939505e-03
3.505823042281740243e+01 7.136981821219582495e-03
3.530983122122644602e+01 6.955072328333191008e-03
3.556111974160763367e+01 6.900082736511113472e-03
3.581195885960364933e+01 6.745501851841203579e-03
3.606348577968052638e+01 6.621569121609653663e-03
3.631495136683125935e+01 6.493281598488461967e-03
3.656646781331610185e+01 6.341277021359436120e-03
3.681800948534306173e+01 6.236116989512374698e-03
3.706942350460822411e+01 6.127965392427781217e-03
3.732119977997001570e+01 5.981232395742325583e-03
3.757249197135423202e+01 5.923611460372480222e-03
3.782324055213251057e+01 5.806652155807331267e-03
3.807430609684078604e+01 5.695044247900866302e-03
3.832526519371521090e+01 5.606565121189943483e-03
3.857704530181875668e+01 5.492585783968024528e-03
3.882896255048217427e+01 5.376517960928650815e-03
3.907976684424035341e+01 5.316091766742409366e-03
3.933085588900704010e+01 5.235235312754767806e-03
3.958184533965361140e+01 5.128731360430915237e-03
3.983320492881626507e+01 5.051800907463221274e-03
4.008506787586624398e+01 4.968301295240519153e-03
4.033569471078550350e+01 4.869794142938181462e-03
4.058701345074587863e+01 4.735182622501058619e-03
4.083916815834436420e+01 4.713699309289678084e-03
4.108978611092747713e+01 4.616178925732896017e-03
4.134119394692694271e+01 4.526469458150484543e-03
4.159372926482761557e+01 4.437857599366056699e-03
4.184480996230068683e+01 4.389264669845780766e-03
4.209495048714620680e+01 4.314056137146051600e-03
4.234568601474854432e+01 4.287870249157620800e-03
4.259794184898333214e+01 4.188636231463760407e-03
4.284922176444433717e+01 4.138166316740929905e-03
4.309982534096671003e+01 4.077678962500767834e-03
4.335153475414617930e+01 3.965329887069874229e-03
4.360374984514007224e+01 3.936901170178495890e-03
4.385432838732079830e+01 3.895513638001370672e-03
4.410529766549178277e+01 3.811960138167222976e-03
4.435675536456894008e+01 3.743084599921937036e-03
4.460756668584335927e+01 3.701257565429942782e-03
4.485812369927145937e+01 3.658826042098486594e-03
4.510933196139897206e+01 3.598196257690860524e-03
4.536097672816924131e+01 3.534745312426762574e-03
4.561261869099184452e+01 3.501356017079960015e-03
4.586346064304911607e+01 3.447159652537117210e-03
4.611435299895526185e+01 3.402913877484940643e-03
4.636610302009028572e+01 3.340774699127345773e-03
4.661726081402038346e+01 3.309816441002726237e-03
4.686748045926628237e+01 3.221174572783143657e-03
4.712001000143001761e+01 3.177481350176178214e-03
4.737334269293729960e+01 3.106874184628702872e-03
4.762357272554871912e+01 3.101260741598449531e-03
4.787295862859781437e+01 3.006797080188683673e-03
4.812686710231834297e+01 2.969371098593796485e-03
4.837988354528783930e+01 2.984195324927776775e-03
4.862698975964909209e+01 2.978381972397439476e-03
4.887931961662670233e+01 2.878875209934243090e-03
4.913512531690142282e+01 2.848922897437421078e-03
4.938486646957150583e+01 2.901288609638298308e-03
4.963073103205424985e+01 2.740504089409809794e-03
4.988316058859187763e+01 2.657560973231616608e-03
5.013927392651110893e+01 2.747724838893913536e-03
5.038898445289544270e+01 2.677662275969209648e-03
5.063791314200675941e+01 2.599402469414224728e-03
5.089234515763529032e+01 2.581368671941089259e-03
5.114529266359630810e+01 2.560291617318766980e-03
5.138952878242714206e+01 2.448323346618778464e-03
5.163945178601188246e+01 2.407538392168969473e-03
5.190206698624180603e+01 2.438594649796729536e-03
5.215590084722179398e+01 2.352426478399621910e-03
5.238680673191466042e+01 2.283945832711570170e-03
5.263532591009818873e+01 2.370114847283057938e-03
5.290823119436031874e+01 2.407179725615300660e-03
5.316882575050344428e+01 2.255000594284361365e-03
5.338513341050097694e+01 2.249363235549542862e-03
5.363212510227822349e+01 2.338093914599063006e-03
5.391615723351310407e+01 2.187364260706365152e-03
5.419187693011466678e+01 2.085456997157295392e-03
5.439722241285236493e+01 2.107254929793917018e-03
5.462806064877949552e+01 2.085478878108283120e-03
5.491241494336609463e+01 1.785568299295669376e-03
5.519421446932921782e+01 2.076441244563666678e-03
5.543046826972861396e+01 2.257450150810889639e-03
5.561137265256709128e+01 1.042349435194018766e-03
