3.559856489878782115e-01 5.190671692951726754e+02
6.031648866026231293e-01 1.720261980453553861e+02
8.579160745827347778e-01 8.318068717680708346e+01
1.113464310595710716e+00 4.775704505556990398e+01
1.374039914321364408e+00 2.773084666473518567e+01
1.619154704570298309e+00 2.000290380226264375e+01
1.870686673430271840e+00 1.368601328680377627e+01
2.123290040706380832e+00 1.052577449535705334e+01
2.378144976376236119e+00 7.658933549598553547e+00
2.630489925835516996e+00 6.159248031694634307e+00
2.878653162679494670e+00 4.887953395569077486e+00
3.131144366275339319e+00 3.971210864890196035e+00
3.388159578333816313e+00 3.334515632753235703e+00
3.638741848210948149e+00 2.793014713948208438e+00
3.888315910732085268e+00 2.291780180317859461e+00
4.139052155837465996e+00 2.090068717933307063e+00
4.390305777018236988e+00 1.647849772208538122e+00
4.642172339120373081e+00 1.449326601340453768e+00
4.894678666149941293e+00 1.277624963903974287e+00
5.147269052361176378e+00 1.127272435254538907e+00
5.398003206656323272e+00 1.007247368967450152e+00
5.647798235368590269e+00 8.931915261185068289e-01
5.900534302989873581e+00 7.978650268485424357e-01
6.151460297009074374e+00 7.120253444862051362e-01
6.402630176204441526e+00 6.496488462893066362e-01
6.655964674748322096e+00 5.823704374612692636e-01
6.908782583105771202e+00 5.264040187946081861e-01
7.159060853508338873e+00 4.987278675592065613e-01
7.409414762591408632e+00 4.390958803943783018e-01
7.659227149364629561e+00 4.117527286912426310e-01
7.911559474606142395e+00 3.692385714558450438e-01
8.163750941790897997e+00 3.456289828233291006e-01
8.415757210439384295e+00 3.208708934397482282e-01
8.667638839289207198e+00 2.904143327725325352e-01
8.918801124864609520e+00 2.673138034055356771e-01
9.170480108345369530e+00 2.583496492226582397e-01
9.420566033467249412e+00 2.384070635163089147e-01
9.671642335271435797e+00 2.181459522010493757e-01
9.923426157758477473e+00 2.079316591728669894e-01
1.017396902749181820e+01 1.947524353133555930e-01
1.042533700753922155e+01 1.783781550959446516e-01
1.067702948358784276e+01 1.711204868123698264e-01
1.092969337256462303e+01 1.604517992115190583e-01
1.118211872033766419e+01 1.501372739045735982e-01
1.143346516925797296e+01 1.423558328931882333e-01
1.168350508557724687e+01 1.363541234717098594e-01
1.193379937775929100e+01 1.256591826666143830e-01
1.218553055762879112e+01 1.219087027183784755e-01
1.243711650801278878e+01 1.148978793763148348e-01
1.268867268647359303e+01 1.085089944776964632e-01
1.294075027177769144e+01 1.013691219001893740e-01
1.319267287020158363e+01 9.828251085877962034e-02
1.344470571782862756e+01 9.317519614658600902e-02
1.369480150283709641e+01 8.851947436342529063e-02
1.394591277066507828e+01 8.337648141466397211e-02
1.419764645764527167e+01 8.053584454186826780e-02
1.444766774168416212e+01 7.607489958917398876e-02
1.469906835825429070e+01 7.401808490726813350e-02
1.495059118111036511e+01 6.983837326470825058e-02
1.520261612590052991e+01 6.699584559828458685e-02
1.545415944503929495e+01 6.486719261990733787e-02
1.570456072545780124e+01 6.109574524412286767e-02
1.595705800128773966e+01 5.885361827191625678e-02
1.620829297830731619e+01 5.656129560827716923e-02
1.645966591028190962e+01 5.379415940481023506e-02
1.671125708846596325e+01 5.255133447482721737e-02
1.696160259490052624e+01 4.997650615190139117e-02
1.721370276108077135e+01 4.885482508205830215e-02
1.746543424102250341e+01 4.583931957405205232e-02
1.771598473288305442e+01 4.461201562860458297e-02
1.796653767411944003e+01 4.265762382570108951e-02
1.821765658501893270e+01 4.180256260520296557e-02
1.847053788120423334e+01 3.993677591468509924e-02
1.872257696809484173e+01 3.813692451080694101e-02
1.897394097105746269e+01 3.674626295280825072e-02
1.922542454726159988e+01 3.599154102151762291e-02
1.947607703355479103e+01 3.441242549961592151e-02
1.972678839839982601e+01 3.356882471105124277e-02
1.997802698857814363e+01 3.247603812656840727e-02
2.022863620534168660e+01 3.123998072862767608e-02
2.047969598507238231e+01 3.032432648583468365e-02
2.073250439107362553e+01 2.941776363587794013e-02
2.098435855211640089e+01 2.840931978998971832e-02
2.123502923393334640e+01 2.757490568319781801e-02
2.148629411178690773e+01 2.668127852004031561e-02
2.173831825513516591e+01 2.586690827418547736e-02
2.198972260956887226e+01 2.507746083894817415e-02
2.223974971000711420e+01 2.415239594594162029e-02
2.249141870643862973e+01 2.346216738979875829e-02
2.274404614890906373e+01 2.306113425410584797e-02
2.299521835768831579e+01 2.223272339064212913e-02
2.324620084136223852e+01 2.147791246847507649e-02
2.349757798664387209e+01 2.090036113650500446e-02
2.374870488118759937e+01 2.042493421794508782e-02
2.399988781917473091e+01 1.977266792799105971e-02
2.425071646049711305e+01 1.931312433056291480e-02
2.450187830577813841e+01 1.884871201638269739e-02
2.475391093216606109e+01 1.818175979985909088e-02
2.500524226975159792e+01 1.772062010693205639e-02
2.525610980153284402e+01 1.732936722527774961e-02
2.550801425092822328e+01 1.679983734986617919e-02
2.575943113325822864e+01 1.638391854507639106e-02
2.601074166866445125e+01 1.597244303700999513e-02
2.626234447079615464e+01 1.572554445632506556e-02
2.651347712943701751e+01 1.529570016542393038e-02
2.676474177984877656e+01 1.484815423934721969e-02
2.701628079430242479e+01 1.438005841004195116e-02
2.726734205837282232e+01 1.417219135662093656e-02
2.751837013544679422e+01 1.375154545361107622e-02
2.776937726815812724e+01 1.340520389603008442e-02
2.802070160973895341e+01 1.308658687582941842e-02
2.827249982643487058e+01 1.267703425959153078e-02
2.852407603869968966e+01 1.243458049472336187e-02
2.877567300468570721e+01 1.213464565572937998e-02
2.902733523039245256e+01 1.189664710416476340e-02
2.927861073083739996e+01 1.161143090372419862e-02
2.953003196193969160e+01 1.133007559916186617e-02
2.978106336846375157e+01 1.107364948784543210e-02
3.003148440777084716e+01 1.080846363145728482e-02
3.028303386126418673e+01 1.055333847894209844e-02
3.053456493440382857e+01 1.043851719279931776e-02
3.078585183944906944e+01 1.017667994125903697e-02
3.103757946070165730e+01 9.913812417615719061e-03
3.128931656795834826e+01 9.674187166563283022e-03
3.154125974608096428e+01 9.522315141277375161e-03
3.179158626791808828e+01 9.305751188972791535e-03
3.204196438636942190e+01 9.062383245420968514e-03
3.229344668057169798e+01 8.944536303962058107e-03
3.254489998018084407e+01 8.694624312064126032e-03
3.279660140319880668e+01 8.567548189495843847e-03
3.304772754686901237e+01 8.354251522574912200e-03
3.329949953441923327e+01 8.176095346412294226e-03
3.355173249539067371e+01 8.000908060258936014e-03
3.380235474142784824e+01 7.855974229109500412e-03
3.405292218889088218e+01 7.735363324025841189e-03
3.430455901572810262e+01 7.576920107838058804e-03
3.455605119154291316e+01 7.415298554930816431e-03
3.480708698418615654e+01 7.229447946917906889e-03
3.505823042281740243e+01 7.120969739640022403e-03
3.530983122122644602e+01 7.019305349483011096e-03
3.556111974160763367e+01 6.903919426941198222e-03
3.581195885960364933e+01 6.675286301641155523e-03
3.606348577968052638e+01 6.652044425189419449e-03
3.631495136683125935e+01 6.481345852975987920e-03
3.656646781331610185e+01 6.339088782598807474e-03
3.681800948534306173e+01 6.253540817713604434e-03
3.706942350460822411e+01 6.101993050113762099e-03
3.732119977997001570e+01 5.996203996973406905e-03
3.757249197135423202e+01 5.905147647539511942e-03
3.782324055213251057e+01 5.812447741374407277e-03
3.807430609684078604e+01 5.711404691653542386e-03
3.832526519371521090e+01 5.607399867663557212e-03
3.857704530181875668e+01 5.498519891456826215e-03
3.882896255048217427e+01 5.388256719512649236e-03
3.907976684424035341e+01 5.320271294786677388e-03
3.933085588900704010e+01 5.220974281892897667e-03
3.958184533965361140e+01 5.115183534621901146e-03
3.983320492881626507e+01 5.075728082540042346e-03
4.008506787586624398e+01 4.945836732581662329e-03
4.033569471078550350e+01 4.860021693147044929e-03
4.058701345074587863e+01 4.805408626311960356e-03
4.083916815834436420e+01 4.706171550636629487e-03
4.108978611092747713e+01 4.666472524896181709e-03
4.134119394692694271e+01 4.569389706440361160e-03
4.159372926482761557e+01 4.475067066336059149e-03
4.184480996230068683e+01 4.392260809243424269e-03
4.209495048714620680e+01 4.336221689716554181e-03
4.234568601474854432e+01 4.251579295746821252e-03
4.259794184898333214e+01 4.176900932286817941e-03
4.284922176444433717e+01 4.065692883855059545e-03
4.309982534096671003e+01 4.079721522812011260e-03
4.335153475414617930e+01 3.958372314860156109e-03
4.360374984514007224e+01 3.924867358667156157e-03
4.385432838732079830e+01 3.907400979564202431e-03
4.410529766549178277e+01 3.783380664839416409e-03
4.435675536456894008e+01 3.770001836607535239e-03
4.460756668584335927e+01 3.681796504516254929e-03
4.485812369927145937e+01 3.669748915611323326e-03
4.510933196139897206e+01 3.594537622483331887e-03
4.536097672816924131e+01 3.509411943203601635e-03
4.561261869099184452e+01 3.450309029956873715e-03
4.586346064304911607e+01 3.451034299820820040e-03
4.611435299895526185e+01 3.396567083135514174e-03
4.636610302009028572e+01 3.329390521175667941e-03
4.661726081402038346e+01 3.308191890853703996e-03
4.686748045926628237e+01 3.222182673806475110e-03
4.712001000143001761e+01 3.189351084326940821e-03
4.737334269293729960e+01 3.146691627242415631e-03
4.762357272554871912e+01 3.112638217157968294e-03
4.787295862859781437e+01 3.084532225558647353e-03
4.812686710231834297e+01 2.959969012824386746e-03
4.837988354528783930e+01 2.955773799859460430e-03
4.862698975964909209e+01 2.939210000873537613e-03
4.887931961662670233e+01 2.861007919721378964e-03
4.913512531690142282e+01 2.776735928506132017e-03
4.938486646957150583e+01 2.822612469715799627e-03
4.963073103205424985e+01 2.770840614343063509e-03
4.988316058859187763e+01 2.723467595706971413e-03
5.013927392651110893e+01 2.647470522352481006e-03
5.038898445289544270e+01 2.606726555508431537e-03
5.063791314200675941e+01 2.626291195945332224e-03
5.089234515763529032e+01 2.524423943801452821e-03
5.114529266359630810e+01 2.587851779154804431e-03
5.138952878242714206e+01 2.529100533021330036e-03
5.163945178601188246e+01 2.515754063088840396e-03
5.190206698624180603e+01 2.457083638678506012e-03
5.215590084722179398e+01 2.393369484831757432e-03
5.238680673191466042e+01 2.426981811587119488e-03
5.263532591009818873e+01 2.300445507003962605e-03
5.290823119436031874e+01 2.290074695300893699e-03
5.316882575050344428e+01 2.223206892145166910e-03
5.338513341050097694e+01 2.378577982675893123e-03
5.363212510227822349e+01 2.273855123301002194e-03
5.391615723351310407e+01 2.053715518707926665e-03
5.419187693011466678e+01 2.089467800542547851e-03
5.439722241285236493e+01 2.282786590492963744e-03
5.462806064877949552e+01 2.371040742020008411e-03
5.491241494336609463e+01 2.007935137299433730e-03
5.519421446932921782e+01 2.201560289920466516e-03
5.543046826972861396e+01 2.194319344215846495e-03
5.561137265256709128e+01 2.066780586861025754e-03
