3.559856489878782115e-01 5.863015152513925159e+02
6.031648866026231293e-01 2.420765450136683512e+02
8.579160745827347778e-01 9.979750591240190261e+01
1.113464310595710716e+00 5.736381995704178394e+01
1.374039914321364408e+00 2.891980190280889573e+01
1.619154704570298309e+00 2.028607612268355709e+01
1.870686673430271840e+00 1.409625439835177829e+01
2.123290040706380832e+00 1.020318425843537113e+01
2.378144976376236119e+00 7.800249818110698286e+00
2.630489925835516996e+00 5.934163442264662969e+00
2.878653162679494670e+00 4.889635014085754960e+00
3.131144366275339319e+00 3.961873970709576920e+00
3.388159578333816313e+00 3.279821426956223362e+00
3.638741848210948149e+00 2.780036797921427549e+00
3.888315910732085268e+00 2.254543946588888126e+00
4.139052155837465996e+00 2.094993585648737611e+00
4.390305777018236988e+00 1.764796669925246864e+00
4.642172339120373081e+00 1.473046131559543337e+00
4.894678666149941293e+00 1.254064994492299245e+00
5.147269052361176378e+00 1.177707552040050620e+00
5.398003206656323272e+00 9.769839346816263648e-01
5.647798235368590269e+00 8.867221405485384844e-01
5.900534302989873581e+00 8.090587115340113211e-01
6.151460297009074374e+00 7.128828816057111162e-01
6.402630176204441526e+00 6.455302951530283995e-01
6.655964674748322096e+00 5.952905111802662130e-01
6.908782583105771202e+00 5.365747460413312631e-01
7.159060853508338873e+00 4.926303042766888018e-01
7.409414762591408632e+00 4.563687869042951095e-01
7.659227149364629561e+00 4.046103021220520124e-01
7.911559474606142395e+00 3.628718169285444217e-01
8.163750941790897997e+00 3.392442143059433701e-01
8.415757210439384295e+00 3.176452298432263510e-01
8.667638839289207198e+00 2.954025649088380390e-01
8.918801124864609520e+00 2.716035763947712289e-01
9.170480108345369530e+00 2.541655246871408758e-01
9.420566033467249412e+00 2.356502328945285496e-01
9.671642335271435797e+00 2.235938641410262773e-01
9.923426157758477473e+00 2.103910914263072141e-01
1.017396902749181820e+01 1.968780083876689735e-01
1.042533700753922155e+01 1.825140185462720277e-01
1.067702948358784276e+01 1.706476252440251307e-01
1.092969337256462303e+01 1.595577840848226847e-01
1.118211872033766419e+01 1.503266400171063000e-01
1.143346516925797296e+01 1.427505801505981053e-01
1.168350508557724687e+01 1.346387691215159554e-01
1.193379937775929100e+01 1.289460904700603650e-01
1.218553055762879112e+01 1.199504089884187163e-01
1.243711650801278878e+01 1.136948379944706100e-01
1.268867268647359303e+01 1.066507550056672721e-01
1.294075027177769144e+01 1.021296688000349479e-01
1.319267287020158363e+01 9.646341434083978428e-02
1.344470571782862756e+01 9.305371384251735767e-02
1.369480150283709641e+01 8.772644236027557496e-02
1.394591277066507828e+01 8.515888038159172280e-02
1.419764645764527167e+01 8.002636608002042240e-02
1.444766774168416212e+01 7.666367266777225631e-02
1.469906835825429070e+01 7.339338926592788026e-02
1.495059118111036511e+01 7.021159683011324315e-02
1.520261612590052991e+01 6.715673565114727017e-02
1.545415944503929495e+01 6.402406367854941716e-02
1.570456072545780124e+01 6.148278342827055709e-02
1.595705800128773966e+01 5.850571940575120117e-02
1.620829297830731619e+01 5.672968826657001640e-02
1.645966591028190962e+01 5.426742627103805366e-02
1.671125708846596325e+01 5.152305252452610285e-02
1.696160259490052624e+01 4.990143890926141551e-02
1.721370276108077135e+01 4.846685701161424636e-02
1.746543424102250341e+01 4.644222621705001303e-02
1.771598473288305442e+01 4.476361033250172289e-02
1.796653767411944003e+01 4.320806006556688478e-02
1.821765658501893270e+01 4.122221038419378314e-02
1.847053788120423334e+01 4.027402926699644170e-02
1.872257696809484173e+01 3.892640592769089358e-02
1.897394097105746269e+01 3.746732365993587360e-02
1.922542454726159988e+01 3.588278623182949989e-02
1.947607703355479103e+01 3.448011693326186178e-02
1.972678839839982601e+01 3.352286616481321702e-02
1.997802698857814363e+01 3.254438560725936985e-02
2.022863620534168660e+01 3.123288406328082051e-02
2.047969598507238231e+01 3.032916576104559975e-02
2.073250439107362553e+01 2.932252141849945454e-02
2.098435855211640089e+01 2.837857688247577559e-02
2.123502923393334640e+01 2.767875423665660389e-02
2.148629411178690773e+01 2.677418541787614931e-02
2.173831825513516591e+01 2.585786432223357439e-02
2.198972260956887226e+01 2.504847858511032727e-02
2.223974971000711420e+01 2.435113102409734373e-02
2.249141870643862973e+01 2.361965857561537305e-02
2.274404614890906373e+01 2.297246192666014750e-02
2.299521835768831579e+01 2.223127843137968560e-02
2.324620084136223852e+01 2.165206446163761220e-02
2.349757798664387209e+01 2.108315919981922429e-02
2.374870488118759937e+01 2.035111719556842100e-02
2.399988781917473091e+01 1.988509450450489865e-02
2.425071646049711305e+01 1.942611093736978933e-02
2.450187830577813841e+01 1.887083174902890598e-02
2.475391093216606109e+01 1.835352300431360856e-02
2.500524226975159792e+01 1.772280225875039195e-02
2.525610980153284402e+01 1.727991424398540171e-02
2.550801425092822328e+01 1.687556398314723344e-02
2.575943113325822864e+01 1.649936674457915670e-02
2.601074166866445125e+01 1.593131272489629532e-02
2.626234447079615464e+01 1.558156836973215859e-02
2.651347712943701751e+01 1.523018577712672260e-02
2.676474177984877656e+01 1.479847588439087841e-02
2.701628079430242479e+01 1.446752223290290532e-02
2.726734205837282232e+01 1.403584749554373685e-02
2.751837013544679422e+01 1.371064158451583588e-02
2.776937726815812724e+01 1.343763746476311048e-02
2.802070160973895341e+01 1.303183637443833948e-02
2.827249982643487058e+01 1.273351550185491086e-02
2.852407603869968966e+01 1.244413116207274822e-02
2.877567300468570721e+01 1.219304110018440759e-02
2.902733523039245256e+01 1.184435345203488366e-02
2.927861073083739996e+01 1.165046386338667271e-02
2.953003196193969160e+01 1.133920620531416422e-02
2.978106336846375157e+01 1.106485494882113695e-02
3.003148440777084716e+01 1.086787934552981873e-02
3.028303386126418673e+01 1.058089618310221330e-02
3.053456493440382857e+01 1.037083677276823615e-02
3.078585183944906944e+01 1.011963197233699784e-02
3.103757946070165730e+01 9.895054880228314198e-03
3.128931656795834826e+01 9.696392345021608364e-03
3.154125974608096428e+01 9.449166213380074189e-03
3.179158626791808828e+01 9.306185394746523468e-03
3.204196438636942190e+01 9.153087838209717636e-03
3.229344668057169798e+01 8.918901963084835752e-03
3.254489998018084407e+01 8.722489952256924292e-03
3.279660140319880668e+01 8.520858465514294725e-03
3.304772754686901237e+01 8.318692366748306130e-03
3.329949953441923327e+01 8.224007446511841582e-03
3.355173249539067371e+01 8.040328298473531712e-03
3.380235474142784824e+01 7.896598895412401675e-03
3.405292218889088218e+01 7.695052921616711734e-03
3.430455901572810262e+01 7.538634233368710427e-03
3.455605119154291316e+01 7.403192298039873442e-03
3.480708698418615654e+01 7.283086560729313923e-03
3.505823042281740243e+01 7.084478617959573225e-03
3.530983122122644602e+01 7.002601750833775153e-03
3.556111974160763367e+01 6.863130053394010839e-03
3.581195885960364933e+01 6.704213154097331782e-03
3.606348577968052638e+01 6.604459660667512909e-03
3.631495136683125935e+01 6.493578598168073084e-03
3.656646781331610185e+01 6.382312163045330070e-03
3.681800948534306173e+01 6.239328064574073233e-03
3.706942350460822411e+01 6.130201355641782569e-03
3.732119977997001570e+01 6.028345372137126727e-03
3.757249197135423202e+01 5.880526751756852584e-03
3.782324055213251057e+01 5.806396411477834571e-03
3.807430609684078604e+01 5.687050114400655533e-03
3.832526519371521090e+01 5.612120153310580332e-03
3.857704530181875668e+01 5.474909009375479585e-03
3.882896255048217427e+01 5.418918385670053184e-03
3.907976684424035341e+01 5.310382649705595523e-03
3.933085588900704010e+01 5.243708508809886287e-03
3.958184533965361140e+01 5.130245620847491764e-03
3.983320492881626507e+01 5.050946614967523687e-03
4.008506787586624398e+01 4.965454475538179369e-03
4.033569471078550350e+01 4.904482572520638475e-03
4.058701345074587863e+01 4.810246306826988089e-03
4.083916815834436420e+01 4.707143732029644805e-03
4.108978611092747713e+01 4.642633293056953013e-03
4.134119394692694271e+01 4.594768575320090989e-03
4.159372926482761557e+01 4.462165666451541231e-03
4.184480996230068683e+01 4.456253076798121979e-03
4.209495048714620680e+01 4.385055082343684504e-03
4.234568601474854432e+01 4.270217580403097742e-03
4.259794184898333214e+01 4.236500146386719401e-03
4.284922176444433717e+01 4.152138292032639920e-03
4.309982534096671003e+01 4.062637130921330220e-03
4.335153475414617930e+01 3.953476611853294631e-03
4.360374984514007224e+01 3.938749220125875063e-03
4.385432838732079830e+01 3.849556038378628038e-03
4.410529766549178277e+01 3.812215934928908905e-03
4.435675536456894008e+01 3.769985098823138044e-03
4.460756668584335927e+01 3.710050656161375561e-03
4.485812369927145937e+01 3.635604843217220185e-03
4.510933196139897206e+01 3.575877020530524204e-03
4.536097672816924131e+01 3.528245462471649684e-03
4.561261869099184452e+01 3.495731741376432652e-03
4.586346064304911607e+01 3.449070015264843903e-03
4.611435299895526185e+01 3.371901584218444953e-03
4.636610302009028572e+01 3.320377223506256695e-03
4.661726081402038346e+01 3.274279866892125090e-03
4.686748045926628237e+01 3.243597133392402566e-03
4.712001000143001761e+01 3.184614698417578219e-03
4.737334269293729960e+01 3.166768495237789940e-03
4.762357272554871912e+01 3.125221480372900387e-03
4.787295862859781437e+01 3.039329363180313416e-03
4.812686710231834297e+01 2.996767511923144941e-03
4.837988354528783930e+01 2.930633390482367123e-03
4.862698975964909209e+01 2.913939235398007015e-03
4.887931961662670233e+01 2.864947145173582857e-03
4.913512531690142282e+01 2.766145580404053179e-03
4.938486646957150583e+01 2.825879990683929747e-03
4.963073103205424985e+01 2.811281191430551208e-03
4.988316058859187763e+01 2.689037247424442504e-03
5.013927392651110893e+01 2.664247790823773884e-03
5.038898445289544270e+01 2.672617869587165691e-03
5.063791314200675941e+01 2.621372899536931773e-03
5.089234515763529032e+01 2.542630295382569683e-03
5.114529266359630810e+01 2.541262467253451937e-03
5.138952878242714206e+01 2.521062873339513684e-03
5.163945178601188246e+01 2.427723986214917577e-03
5.190206698624180603e+01 2.403689012001793308e-03
5.215590084722179398e+01 2.394808372399229515e-03
5.238680673191466042e+01 2.452278067025355762e-03
5.263532591009818873e+01 2.465776366030522550e-03
5.290823119436031874e+01 2.307457908924441092e-03
5.316882575050344428e+01 2.337543744633551520e-03
5.338513341050097694e+01 2.301754141118802447e-03
5.363212510227822349e+01 2.354374931552786956e-03
5.391615723351310407e+01 2.313264251380475669e-03
5.419187693011466678e+01 2.154365426682275982e-03
5.439722241285236493e+01 2.208046898123615376e-03
5.462806064877949552e+01 2.189160908941249848e-03
5.491241494336609463e+01 2.201921749816783229e-03
5.519421446932921782e+01 2.177609780266880676e-03
5.543046826972861396e+01 1.934881739960611505e-03
5.561137265256709128e+01 3.849112550836232983e-03
