3.559856489878782115e-01 5.673813421007716897e+02
6.031648866026231293e-01 2.286864953211003240e+02
8.579160745827347778e-01 9.133880033914775254e+01
1.113464310595710716e+00 5.629082099000365957e+01
1.374039914321364408e+00 3.073696715002627755e+01
1.619154704570298309e+00 1.972612337743900923e+01
1.870686673430271840e+00 1.459144201281722886e+01
2.123290040706380832e+00 1.037344939653287490e+01
2.378144976376236119e+00 8.255694334122816613e+00
2.630489925835516996e+00 5.849296636584518261e+00
2.878653162679494670e+00 4.999283528903402996e+00
3.131144366275339319e+00 4.122734536243895853e+00
3.388159578333816313e+00 3.413507224159638032e+00
3.638741848210948149e+00 2.903034651242415887e+00
3.888315910732085268e+00 2.300867169871529505e+00
4.139052155837465996e+00 1.954202476634739005e+00
4.390305777018236988e+00 1.698794120909305594e+00
4.642172339120373081e+00 1.450370866885211774e+00
4.894678666149941293e+00 1.304339077617653775e+00
5.147269052361176378e+00 1.127155848385165360e+00
5.398003206656323272e+00 1.014752050586338994e+00
5.647798235368590269e+00 9.054803678275776813e-01
5.900534302989873581e+00 8.078500337881995286e-01
6.151460297009074374e+00 7.109537163402690485e-01
6.402630176204441526e+00 6.368438386919144101e-01
6.655964674748322096e+00 5.832589811722415085e-01
6.908782583105771202e+00 5.257656878600581729e-01
7.159060853508338873e+00 4.790277354864692638e-01
7.409414762591408632e+00 4.394469013585741712e-01
7.659227149364629561e+00 4.094515866678014038e-01
7.911559474606142395e+00 3.710114648454517772e-01
8.163750941790897997e+00 3.409922882042705772e-01
8.415757210439384295e+00 3.156368367908002903e-01
8.667638839289207198e+00 2.982781477089171407e-01
8.918801124864609520e+00 2.737326168657100434e-01
9.170480108345369530e+00 2.538066818605874131e-01
9.420566033467249412e+00 2.351274872530076387e-01
9.671642335271435797e+00 2.183725211701391944e-01
9.923426157758477473e+00 2.065267857154005349e-01
1.017396902749181820e+01 1.939352440199473282e-01
1.042533700753922155e+01 1.791023685899967577e-01
1.067702948358784276e+01 1.722043751206658868e-01
1.092969337256462303e+01 1.618225410161785172e-01
1.118211872033766419e+01 1.507112455883165836e-01
1.143346516925797296e+01 1.449037175532198463e-01
1.168350508557724687e+01 1.335661621055730663e-01
1.193379937775929100e+01 1.263720938610767008e-01
1.218553055762879112e+01 1.213465308750851929e-01
1.243711650801278878e+01 1.144227857518295977e-01
1.268867268647359303e+01 1.076706215208701189e-01
1.294075027177769144e+01 1.040416898163861320e-01
1.319267287020158363e+01 9.781134711473589427e-02
1.344470571782862756e+01 9.410524239587896023e-02
1.369480150283709641e+01 8.839196990799905174e-02
1.394591277066507828e+01 8.411104017504754393e-02
1.419764645764527167e+01 8.042028586650076805e-02
1.444766774168416212e+01 7.723802539188386052e-02
1.469906835825429070e+01 7.364721918980537962e-02
1.495059118111036511e+01 7.015666000993980855e-02
1.520261612590052991e+01 6.716303683866488294e-02
1.545415944503929495e+01 6.410294352495678194e-02
1.570456072545780124e+01 6.158469720318265200e-02
1.595705800128773966e+01 5.886976532191105782e-02
1.620829297830731619e+01 5.656379170435115594e-02
1.645966591028190962e+01 5.443294511068811486e-02
1.671125708846596325e+01 5.218510548564472135e-02
1.696160259490052624e+01 5.055349588305513286e-02
1.721370276108077135e+01 4.801542673346023693e-02
1.746543424102250341e+01 4.659464910643148355e-02
1.771598473288305442e+01 4.491472371038936207e-02
1.796653767411944003e+01 4.260339537003698940e-02
1.821765658501893270e+01 4.143191069712343771e-02
1.847053788120423334e+01 3.979050669133055856e-02
1.872257696809484173e+01 3.857642424723680546e-02
1.897394097105746269e+01 3.692932970363196898e-02
1.922542454726159988e+01 3.603999059208976008e-02
1.947607703355479103e+01 3.471961805132052492e-02
1.972678839839982601e+01 3.358166008341803566e-02
1.997802698857814363e+01 3.245547118977827605e-02
2.022863620534168660e+01 3.153358272366814374e-02
2.047969598507238231e+01 3.046774617111576086e-02
2.073250439107362553e+01 2.942415082435749160e-02
2.098435855211640089e+01 2.847486236204601479e-02
2.123502923393334640e+01 2.745152663266193366e-02
2.148629411178690773e+01 2.650678171102653635e-02
2.173831825513516591e+01 2.594778161360148869e-02
2.198972260956887226e+01 2.523015178328535599e-02
2.223974971000711420e+01 2.452894447442299786e-02
2.249141870643862973e+01 2.355569478571266709e-02
2.274404614890906373e+01 2.285797497140928600e-02
2.299521835768831579e+01 2.213611610202218666e-02
2.324620084136223852e+01 2.155825346226114547e-02
2.349757798664387209e+01 2.108383944217619155e-02
2.374870488118759937e+01 2.052322499352972687e-02
2.399988781917473091e+01 1.979857126138053619e-02
2.425071646049711305e+01 1.942287793122896705e-02
2.450187830577813841e+01 1.883611790863836885e-02
2.475391093216606109e+01 1.825107148974415908e-02
2.500524226975159792e+01 1.767914627599889363e-02
2.525610980153284402e+01 1.724653351751160787e-02
2.550801425092822328e+01 1.689794493440308076e-02
2.575943113325822864e+01 1.635691374280983518e-02
2.601074166866445125e+01 1.602485440274585560e-02
2.626234447079615464e+01 1.563930515145236372e-02
2.651347712943701751e+01 1.520922127974971144e-02
2.676474177984877656e+01 1.478756379454386830e-02
2.701628079430242479e+01 1.450445626167152363e-02
2.726734205837282232e+01 1.409832811825623144e-02
2.751837013544679422e+01 1.373109282243097432e-02
2.776937726815812724e+01 1.353195996534048082e-02
2.802070160973895341e+01 1.306307966335273213e-02
2.827249982643487058e+01 1.268041232948083005e-02
2.852407603869968966e+01 1.245351969031884692e-02
2.877567300468570721e+01 1.219733822331598057e-02
2.902733523039245256e+01 1.183308737941094098e-02
2.927861073083739996e+01 1.152886599033223040e-02
2.953003196193969160e+01 1.137025035366309028e-02
2.978106336846375157e+01 1.102156761437760035e-02
3.003148440777084716e+01 1.082952109649686599e-02
3.028303386126418673e+01 1.057162328621133636e-02
3.053456493440382857e+01 1.038417351643829319e-02
3.078585183944906944e+01 1.013489881881779464e-02
3.103757946070165730e+01 9.913707819021393142e-03
3.128931656795834826e+01 9.700338719759803163e-03
3.154125974608096428e+01 9.492051561510972749e-03
3.179158626791808828e+01 9.283513150355084467e-03
3.204196438636942190e+01 9.143139272741620735e-03
3.229344668057169798e+01 8.921805348669063773e-03
3.254489998018084407e+01 8.716727740549622128e-03
3.279660140319880668e+01 8.523990184338426854e-03
3.304772754686901237e+01 8.397118154510198329e-03
3.329949953441923327e+01 8.171690386497881126e-03
3.355173249539067371e+01 8.069887477034106207e-03
3.380235474142784824e+01 7.884784258349760572e-03
3.405292218889088218e+01 7.707753522539508538e-03
3.430455901572810262e+01 7.553108091890549207e-03
3.455605119154291316e+01 7.400948069170992794e-03
3.480708698418615654e+01 7.270879147503036752e-03
3.505823042281740243e+01 7.131020958976752241e-03
3.530983122122644602e+01 6.996134545333590124e-03
3.556111974160763367e+01 6.839523053360939929e-03
3.581195885960364933e+01 6.783876394467588250e-03
3.606348577968052638e+01 6.594307892847774653e-03
3.631495136683125935e+01 6.475151077753822648e-03
3.656646781331610185e+01 6.355245171421316196e-03
3.681800948534306173e+01 6.255982804369639681e-03
3.706942350460822411e+01 6.127055069684662729e-03
3.732119977997001570e+01 6.025144080275276516e-03
3.757249197135423202e+01 5.897077066897693683e-03
3.782324055213251057e+01 5.808487389662117875e-03
3.807430609684078604e+01 5.692560140066697978e-03
3.832526519371521090e+01 5.630651371640561613e-03
3.857704530181875668e+01 5.493666142012134171e-03
3.882896255048217427e+01 5.373903382681624423e-03
3.907976684424035341e+01 5.320490853844197371e-03
3.933085588900704010e+01 5.228562485132395160e-03
3.958184533965361140e+01 5.091407144053826210e-03
3.983320492881626507e+01 5.036264579037779895e-03
4.008506787586624398e+01 4.963693663124205645e-03
4.033569471078550350e+01 4.879001847093511653e-03
4.058701345074587863e+01 4.774881828148521030e-03
4.083916815834436420e+01 4.708636926651514620e-03
4.108978611092747713e+01 4.617052247510271788e-03
4.134119394692694271e+01 4.543854176602152121e-03
4.159372926482761557e+01 4.472313771000929229e-03
4.184480996230068683e+01 4.394798179952486179e-03
4.209495048714620680e+01 4.330345995066072276e-03
4.234568601474854432e+01 4.238936806571208700e-03
4.259794184898333214e+01 4.220758895947701247e-03
4.284922176444433717e+01 4.118180866418749177e-03
4.309982534096671003e+01 4.047412889480445260e-03
4.335153475414617930e+01 4.002310238691629204e-03
4.360374984514007224e+01 3.934308451847223775e-03
4.385432838732079830e+01 3.916833928149750406e-03
4.410529766549178277e+01 3.836620371130279507e-03
4.435675536456894008e+01 3.740130566232546024e-03
4.460756668584335927e+01 3.724834660275767439e-03
4.485812369927145937e+01 3.619142661582538424e-03
4.510933196139897206e+01 3.626376142381618813e-03
4.536097672816924131e+01 3.539179524694760666e-03
4.561261869099184452e+01 3.463321237037313496e-03
4.586346064304911607e+01 3.436293924852381731e-03
4.611435299895526185e+01 3.343055097618162410e-03
4.636610302009028572e+01 3.334635959121147377e-03
4.661726081402038346e+01 3.322827122648662913e-03
4.686748045926628237e+01 3.234741746011376550e-03
4.712001000143001761e+01 3.203486620265059981e-03
4.737334269293729960e+01 3.139011355626843656e-03
4.762357272554871912e+01 3.071694015072605737e-03
4.787295862859781437e+01 3.042205766385296020e-03
4.812686710231834297e+01 2.981584587627151162e-03
4.837988354528783930e+01 2.977669232456106943e-03
4.862698975964909209e+01 2.932385914123725092e-03
4.887931961662670233e+01 2.887596704042418635e-03
4.913512531690142282e+01 2.807218574099712427e-03
4.938486646957150583e+01 2.769323526170513160e-03
4.963073103205424985e+01 2.745983104446514823e-03
4.988316058859187763e+01 2.697457845363566368e-03
5.013927392651110893e+01 2.660531573628339974e-03
5.038898445289544270e+01 2.666695553473203209e-03
5.063791314200675941e+01 2.649807541747397927e-03
5.089234515763529032e+01 2.564161767170444924e-03
5.114529266359630810e+01 2.561054466270109003e-03
5.138952878242714206e+01 2.524751037180802699e-03
5.163945178601188246e+01 2.477660458696635815e-03
5.190206698624180603e+01 2.461786373351769301e-03
5.215590084722179398e+01 2.494697546073336436e-03
5.238680673191466042e+01 2.392048491248047800e-03
5.263532591009818873e+01 2.337166694310349561e-03
5.290823119436031874e+01 2.323682044095223657e-03
5.316882575050344428e+01 2.229746672655455540e-03
5.338513341050097694e+01 2.201447134295534801e-03
5.363212510227822349e+01 2.245047492914511306e-03
5.391615723351310407e+01 2.177824646824940476e-03
5.419187693011466678e+01 2.156751599968631788e-03
5.439722241285236493e+01 2.071204481909676327e-03
5.462806064877949552e+01 2.251670991699313267e-03
5.491241494336609463e+01 2.351524737245028283e-03
5.519421446932921782e+01 2.181676144899737189e-03
5.543046826972861396e+01 1.237150410042096643e-03
5.561137265256709128e+01 9.499661737411956974e-04
