3.559856489878782115e-01 4.789991872236799395e+02
6.031648866026231293e-01 1.902441907940079489e+02
8.579160745827347778e-01 8.828724881032451322e+01
1.113464310595710716e+00 3.735818990387053873e+01
1.374039914321364408e+00 2.820611494258825047e+01
1.619154704570298309e+00 1.745939035937973216e+01
1.870686673430271840e+00 1.588033255807989086e+01
2.123290040706380832e+00 1.010004011091695020e+01
2.378144976376236119e+00 7.556707833941961105e+00
2.630489925835516996e+00 6.207159212116930114e+00
2.878653162679494670e+00 5.025458760317472517e+00
3.131144366275339319e+00 4.070771305144692320e+00
3.388159578333816313e+00 3.393788182716050983e+00
3.638741848210948149e+00 2.746464249084214604e+00
3.888315910732085268e+00 2.214933211569011462e+00
4.139052155837465996e+00 1.937058053641390609e+00
4.390305777018236988e+00 1.649113276502278236e+00
4.642172339120373081e+00 1.452500725238716317e+00
4.894678666149941293e+00 1.271167944402068706e+00
5.147269052361176378e+00 1.117512215649569818e+00
5.398003206656323272e+00 1.004149741485792946e+00
5.647798235368590269e+00 9.038007136103655137e-01
5.900534302989873581e+00 7.950009795468713225e-01
6.151460297009074374e+00 7.168732542310354283e-01
6.402630176204441526e+00 6.576192925936572564e-01
6.655964674748322096e+00 5.763507068154627433e-01
6.908782583105771202e+00 5.306502385107296771e-01
7.159060853508338873e+00 4.874770365224688762e-01
7.409414762591408632e+00 4.378101558997787857e-01
7.659227149364629561e+00 4.208490619905316810e-01
7.911559474606142395e+00 3.768430950717838734e-01
8.163750941790897997e+00 3.408299677385463466e-01
8.415757210439384295e+00 3.138465164958313403e-01
8.667638839289207198e+00 2.960415406896040880e-01
8.918801124864609520e+00 2.723062386632242315e-01
9.170480108345369530e+00 2.550646277624337155e-01
9.420566033467249412e+00 2.355648563229233716e-01
9.671642335271435797e+00 2.199551241460105666e-01
9.923426157758477473e+00 2.080576611115700081e-01
1.017396902749181820e+01 1.943527067705265454e-01
1.042533700753922155e+01 1.799981441456363906e-01
1.067702948358784276e+01 1.705134101831200510e-01
1.092969337256462303e+01 1.593463557029620725e-01
1.118211872033766419e+01 1.524254067175127292e-01
1.143346516925797296e+01 1.443209995205118890e-01
1.168350508557724687e+01 1.332897081858589183e-01
1.193379937775929100e+01 1.287872634194705268e-01
1.218553055762879112e+01 1.210290676652305275e-01
1.243711650801278878e+01 1.121466904379841006e-01
1.268867268647359303e+01 1.084095677270751762e-01
1.294075027177769144e+01 1.030954116352749694e-01
1.319267287020158363e+01 9.740117548875135145e-02
1.344470571782862756e+01 9.272193611827984905e-02
1.369480150283709641e+01 8.847412567700257968e-02
1.394591277066507828e+01 8.467864045242357030e-02
1.419764645764527167e+01 8.044819922900169062e-02
1.444766774168416212e+01 7.672504782549875724e-02
1.469906835825429070e+01 7.407550693813198806e-02
1.495059118111036511e+01 7.109049013056778499e-02
1.520261612590052991e+01 6.666459837029399538e-02
1.545415944503929495e+01 6.479316607980097065e-02
1.570456072545780124e+01 6.174338323156289970e-02
1.595705800128773966e+01 5.885933743474815877e-02
1.620829297830731619e+01 5.661833029263971945e-02
1.645966591028190962e+01 5.428086531746514898e-02
1.671125708846596325e+01 5.249204204508711030e-02
1.696160259490052624e+01 4.962747859556161656e-02
1.721370276108077135e+01 4.874112323764345084e-02
1.746543424102250341e+01 4.623788829880481205e-02
1.771598473288305442e+01 4.474303918113890083e-02
1.796653767411944003e+01 4.297719897529487382e-02
1.821765658501893270e+01 4.193872029501725940e-02
1.847053788120423334e+01 3.977976890074750443e-02
1.872257696809484173e+01 3.873802593152004398e-02
1.897394097105746269e+01 3.746762206262741618e-02
1.922542454726159988e+01 3.585660009422041161e-02
1.947607703355479103e+01 3.463748051593696503e-02
1.972678839839982601e+01 3.362388116393622006e-02
1.997802698857814363e+01 3.241059310269493038e-02
2.022863620534168660e+01 3.125551216946757804e-02
2.047969598507238231e+01 3.035074886703054489e-02
2.073250439107362553e+01 2.954621957873887483e-02
2.098435855211640089e+01 2.882731871730619469e-02
2.123502923393334640e+01 2.755238224996597873e-02
2.148629411178690773e+01 2.675476446062997199e-02
2.173831825513516591e+01 2.592592909521908989e-02
2.198972260956887226e+01 2.476475395959675321e-02
2.223974971000711420e+01 2.448450987824060676e-02
2.249141870643862973e+01 2.354382758245075410e-02
2.274404614890906373e+01 2.296285153890972527e-02
2.299521835768831579e+01 2.223291236714954391e-02
2.324620084136223852e+01 2.160864622057359977e-02
2.349757798664387209e+01 2.107430768805724011e-02
2.374870488118759937e+01 2.045363982121709695e-02
2.399988781917473091e+01 1.979469781918421004e-02
2.425071646049711305e+01 1.911691757699808536e-02
2.450187830577813841e+01 1.865741168468011343e-02
2.475391093216606109e+01 1.829197793608119613e-02
2.500524226975159792e+01 1.767500857020941341e-02
2.525610980153284402e+01 1.728483009721190275e-02
2.550801425092822328e+01 1.680866949988069070e-02
2.575943113325822864e+01 1.644556484213698794e-02
2.601074166866445125e+01 1.601603118981689139e-02
2.626234447079615464e+01 1.547931476118906934e-02
2.651347712943701751e+01 1.521555614266795892e-02
2.676474177984877656e+01 1.480807177305919556e-02
2.701628079430242479e+01 1.431165267735620347e-02
2.726734205837282232e+01 1.406577500210324898e-02
2.751837013544679422e+01 1.369835886304471631e-02
2.776937726815812724e+01 1.350769587236023452e-02
2.802070160973895341e+01 1.306493922261657559e-02
2.827249982643487058e+01 1.276847046505597515e-02
2.852407603869968966e+01 1.239268083264942477e-02
2.877567300468570721e+01 1.211880665283230837e-02
2.902733523039245256e+01 1.191212558609616896e-02
2.927861073083739996e+01 1.155726098782431169e-02
2.953003196193969160e+01 1.137221914351042341e-02
2.978106336846375157e+01 1.109912648391297649e-02
3.003148440777084716e+01 1.089773828342961021e-02
3.028303386126418673e+01 1.057351172137737001e-02
3.053456493440382857e+01 1.037165462267822767e-02
3.078585183944906944e+01 1.007895595664121124e-02
3.103757946070165730e+01 9.953661777743099889e-03
3.128931656795834826e+01 9.693131770683089191e-03
3.154125974608096428e+01 9.476262261334699594e-03
3.179158626791808828e+01 9.307936168384736003e-03
3.204196438636942190e+01 9.075140254202959667e-03
3.229344668057169798e+01 8.916883869294950707e-03
3.254489998018084407e+01 8.728132775292551937e-03
3.279660140319880668e+01 8.538621533343221728e-03
3.304772754686901237e+01 8.376118428662352247e-03
3.329949953441923327e+01 8.221485592090033850e-03
3.355173249539067371e+01 8.031554970194750703e-03
3.380235474142784824e+01 7.877498912284456450e-03
3.405292218889088218e+01 7.696139788078483826e-03
3.430455901572810262e+01 7.569093867831953697e-03
3.455605119154291316e+01 7.455701561208496683e-03
3.480708698418615654e+01 7.303003143766220034e-03
3.505823042281740243e+01 7.152426151986582964e-03
3.530983122122644602e+01 6.952567066904825205e-03
3.556111974160763367e+01 6.836402617421685063e-03
3.581195885960364933e+01 6.732610467182939887e-03
3.606348577968052638e+01 6.590209713770475534e-03
3.631495136683125935e+01 6.480546491006460540e-03
3.656646781331610185e+01 6.333792433419461326e-03
3.681800948534306173e+01 6.208810453210389727e-03
3.706942350460822411e+01 6.121250175134329737e-03
3.732119977997001570e+01 6.047393071342130853e-03
3.757249197135423202e+01 5.927081359084801666e-03
3.782324055213251057e+01 5.802861187969100658e-03
3.807430609684078604e+01 5.678035988060769167e-03
3.832526519371521090e+01 5.605747622802134851e-03
3.857704530181875668e+01 5.497510859736935880e-03
3.882896255048217427e+01 5.442305619989154346e-03
3.907976684424035341e+01 5.306822427212570976e-03
3.933085588900704010e+01 5.216895121151782222e-03
3.958184533965361140e+01 5.118198103930540407e-03
3.983320492881626507e+01 5.020987706094608323e-03
4.008506787586624398e+01 4.966777750426583198e-03
4.033569471078550350e+01 4.877637470919377050e-03
4.058701345074587863e+01 4.750211033251301729e-03
4.083916815834436420e+01 4.700109412543888865e-03
4.108978611092747713e+01 4.646560364045487432e-03
4.134119394692694271e+01 4.558028162484594782e-03
4.159372926482761557e+01 4.510042014988362678e-03
4.184480996230068683e+01 4.434726752378657585e-03
4.209495048714620680e+01 4.350054775774937245e-03
4.234568601474854432e+01 4.252985572065036760e-03
4.259794184898333214e+01 4.156557774016119387e-03
4.284922176444433717e+01 4.137505199168647375e-03
4.309982534096671003e+01 4.073330909998650225e-03
4.335153475414617930e+01 3.996474105874367293e-03
4.360374984514007224e+01 3.957511832147314092e-03
4.385432838732079830e+01 3.898987183424484828e-03
4.410529766549178277e+01 3.778782170217772664e-03
4.435675536456894008e+01 3.748788948823553006e-03
4.460756668584335927e+01 3.696010573343293422e-03
4.485812369927145937e+01 3.634231138593966952e-03
4.510933196139897206e+01 3.603291972257471800e-03
4.536097672816924131e+01 3.571886512067621623e-03
4.561261869099184452e+01 3.485446324810474207e-03
4.586346064304911607e+01 3.486345879068038483e-03
4.611435299895526185e+01 3.406075593736704495e-03
4.636610302009028572e+01 3.316620543245351205e-03
4.661726081402038346e+01 3.265325899515174931e-03
4.686748045926628237e+01 3.235869196911972997e-03
4.712001000143001761e+01 3.197073643845802556e-03
4.737334269293729960e+01 3.162457327594039164e-03
4.762357272554871912e+01 3.090329302417438480e-03
4.787295862859781437e+01 3.038299528547975300e-03
4.812686710231834297e+01 3.077822815306615646e-03
4.837988354528783930e+01 2.967973966688563885e-03
4.862698975964909209e+01 2.904566902921273258e-03
4.887931961662670233e+01 2.871479049461386941e-03
4.913512531690142282e+01 2.886687625920664451e-03
4.938486646957150583e+01 2.739148163283329409e-03
4.963073103205424985e+01 2.713894320188886371e-03
4.988316058859187763e+01 2.742477264480352225e-03
5.013927392651110893e+01 2.720755034160415864e-03
5.038898445289544270e+01 2.731755963490397916e-03
5.063791314200675941e+01 2.585686627067865315e-03
5.089234515763529032e+01 2.608707796191681201e-03
5.114529266359630810e+01 2.579600458646537885e-03
5.138952878242714206e+01 2.566357804362707530e-03
5.163945178601188246e+01 2.512220140205952221e-03
5.190206698624180603e+01 2.506434014406257096e-03
5.215590084722179398e+01 2.399872647675919783e-03
5.238680673191466042e+01 2.384009129402185449e-03
5.263532591009818873e+01 2.333132331453747176e-03
5.290823119436031874e+01 2.390447714793408462e-03
5.316882575050344428e+01 2.210812458554396211e-03
5.338513341050097694e+01 2.291176059396022192e-03
5.363212510227822349e+01 2.205657875142745788e-03
5.391615723351310407e+01 2.192524529178831779e-03
5.419187693011466678e+01 2.189266860674053770e-03
5.439722241285236493e+01 2.239314225423885349e-03
5.462806064877949552e+01 2.110206308399890582e-03
5.491241494336609463e+01 2.405767785312961857e-03
5.519421446932921782e+01 2.113300111906794409e-03
5.543046826972861396e+01 1.894360427235760105e-03
5.561137265256709128e+01 2.889856304396036697e-03
