3.559856489878782115e-01 5.928011657373155003e+02
6.031648866026231293e-01 1.916650286032688371e+02
8.579160745827347778e-01 8.719115779824322487e+01
1.113464310595710716e+00 4.776787664460049143e+01
1.374039914321364408e+00 2.928995458271412744e+01
1.619154704570298309e+00 1.885104086628955500e+01
1.870686673430271840e+00 1.370079005283029616e+01
2.123290040706380832e+00 1.062831216728465300e+01
2.378144976376236119e+00 7.692694265923941010e+00
2.630489925835516996e+00 6.073047416475049864e+00
2.878653162679494670e+00 4.881851392968484582e+00
3.131144366275339319e+00 3.916233308790967094e+00
3.388159578333816313e+00 3.294479794980840648e+00
3.638741848210948149e+00 2.650042859005184326e+00
3.888315910732085268e+00 2.300490601364951537e+00
4.139052155837465996e+00 1.949506381506326935e+00
4.390305777018236988e+00 1.707318724147318889e+00
4.642172339120373081e+00 1.446163582480133991e+00
4.894678666149941293e+00 1.297686824754811008e+00
5.147269052361176378e+00 1.103313184512458855e+00
5.398003206656323272e+00 9.974458561930990008e-01
5.647798235368590269e+00 9.124513534106873935e-01
5.900534302989873581e+00 8.231190095693851072e-01
6.151460297009074374e+00 7.101542062339802897e-01
6.402630176204441526e+00 6.661905179796212551e-01
6.655964674748322096e+00 5.793384430227417337e-01
6.908782583105771202e+00 5.456636598353786782e-01
7.159060853508338873e+00 4.853046177646642145e-01
7.409414762591408632e+00 4.418865175919848842e-01
7.659227149364629561e+00 4.051132431565852010e-01
7.911559474606142395e+00 3.759970533344412780e-01
8.163750941790897997e+00 3.497039704170875063e-01
8.415757210439384295e+00 3.191293293507183049e-01
8.667638839289207198e+00 2.971223519761004850e-01
8.918801124864609520e+00 2.703236101312586070e-01
9.170480108345369530e+00 2.547429596174432542e-01
9.420566033467249412e+00 2.383270697976068997e-01
9.671642335271435797e+00 2.209329067137905944e-01
9.923426157758477473e+00 2.075129245552271018e-01
1.017396902749181820e+01 1.925919991124764308e-01
1.042533700753922155e+01 1.836880196641648977e-01
1.067702948358784276e+01 1.693636500427802283e-01
1.092969337256462303e+01 1.626546594584760974e-01
1.118211872033766419e+01 1.507500087865927263e-01
1.143346516925797296e+01 1.413514968802577487e-01
1.168350508557724687e+01 1.351263243958785443e-01
1.193379937775929100e+01 1.263988911469504373e-01
1.218553055762879112e+01 1.211724968052685508e-01
1.243711650801278878e+01 1.145233354997032826e-01
1.268867268647359303e+01 1.083592051247060928e-01
1.294075027177769144e+01 1.036149569583294516e-01
1.319267287020158363e+01 9.647036081087370651e-02
1.344470571782862756e+01 9.328851905373274078e-02
1.369480150283709641e+01 8.839310023947198613e-02
1.394591277066507828e+01 8.444945970600001295e-02
1.419764645764527167e+01 8.031433749104720243e-02
1.444766774168416212e+01 7.672855896103797368e-02
1.469906835825429070e+01 7.379165499297386799e-02
1.495059118111036511e+01 7.012272460932922336e-02
1.520261612590052991e+01 6.760545555737516865e-02
1.545415944503929495e+01 6.486893416171003734e-02
1.570456072545780124e+01 6.191656382482502857e-02
1.595705800128773966e+01 5.885484807655044087e-02
1.620829297830731619e+01 5.707006031807915908e-02
1.645966591028190962e+01 5.445395716109873580e-02
1.671125708846596325e+01 5.251713242975924317e-02
1.696160259490052624e+01 4.994677040889548836e-02
1.721370276108077135e+01 4.822588280179581494e-02
1.746543424102250341e+01 4.648487047235538155e-02
1.771598473288305442e+01 4.471945284884579902e-02
1.796653767411944003e+01 4.346610258940053484e-02
1.821765658501893270e+01 4.177622291607960975e-02
1.847053788120423334e+01 3.986947446714853016e-02
1.872257696809484173e+01 3.846111173512933162e-02
1.897394097105746269e+01 3.710924611620034647e-02
1.922542454726159988e+01 3.573197793673077438e-02
1.947607703355479103e+01 3.469698009795767202e-02
1.972678839839982601e+01 3.341763097478344519e-02
1.997802698857814363e+01 3.238538296616992607e-02
2.022863620534168660e+01 3.127388382767256475e-02
2.047969598507238231e+01 3.026800605250839701e-02
2.073250439107362553e+01 2.973542228606243509e-02
2.098435855211640089e+01 2.849276105829980435e-02
2.123502923393334640e+01 2.749929549529621028e-02
2.148629411178690773e+01 2.672663139572641067e-02
2.173831825513516591e+01 2.580180271199099956e-02
2.198972260956887226e+01 2.499040745277656198e-02
2.223974971000711420e+01 2.440827692229916371e-02
2.249141870643862973e+01 2.366365723014709696e-02
2.274404614890906373e+01 2.265430140889577657e-02
2.299521835768831579e+01 2.244147497766684970e-02
2.324620084136223852e+01 2.163153035010700886e-02
2.349757798664387209e+01 2.112005467496413241e-02
2.374870488118759937e+01 2.033961032472592079e-02
2.399988781917473091e+01 1.995376981489615717e-02
2.425071646049711305e+01 1.931120347977249505e-02
2.450187830577813841e+01 1.873970315620488228e-02
2.475391093216606109e+01 1.824042042034047448e-02
2.500524226975159792e+01 1.778599051087886504e-02
2.525610980153284402e+01 1.729856695219245469e-02
2.550801425092822328e+01 1.693454180041848237e-02
2.575943113325822864e+01 1.639407954857250230e-02
2.601074166866445125e+01 1.597280432045009718e-02
2.626234447079615464e+01 1.554025600838870695e-02
2.651347712943701751e+01 1.500184504212439228e-02
2.676474177984877656e+01 1.478963333248787225e-02
2.701628079430242479e+01 1.451366803211007195e-02
2.726734205837282232e+01 1.420894519786773842e-02
2.751837013544679422e+01 1.358355578412472238e-02
2.776937726815812724e+01 1.339141023533511714e-02
2.802070160973895341e+01 1.305001563357275143e-02
2.827249982643487058e+01 1.272289230350013081e-02
2.852407603869968966e+01 1.242907924329296129e-02
2.877567300468570721e+01 1.220343539052342989e-02
2.902733523039245256e+01 1.189972225811309833e-02
2.927861073083739996e+01 1.161717244033282428e-02
2.953003196193969160e+01 1.132405965848010121e-02
2.978106336846375157e+01 1.106517451786541428e-02
3.003148440777084716e+01 1.087712530116807970e-02
3.028303386126418673e+01 1.057138052819460092e-02
3.053456493440382857e+01 1.038522245099778030e-02
3.078585183944906944e+01 1.010534674630646050e-02
3.103757946070165730e+01 9.909390881682867899e-03
3.128931656795834826e+01 9.716314973648132805e-03
3.154125974608096428e+01 9.441797116485236424e-03
3.179158626791808828e+01 9.327061821308780740e-03
3.204196438636942190e+01 9.072681174249806399e-03
3.229344668057169798e+01 8.918295388623683276e-03
3.254489998018084407e+01 8.707392278952086687e-03
3.279660140319880668e+01 8.557774014677395347e-03
3.304772754686901237e+01 8.372950368494469844e-03
3.329949953441923327e+01 8.227816972640456666e-03
3.355173249539067371e+01 8.045418828212603027e-03
3.380235474142784824e+01 7.831621201499225707e-03
3.405292218889088218e+01 7.700214169725902100e-03
3.430455901572810262e+01 7.547948665242506551e-03
3.455605119154291316e+01 7.404191495657774444e-03
3.480708698418615654e+01 7.298489820065576228e-03
3.505823042281740243e+01 7.087362736847866405e-03
3.530983122122644602e+01 6.977825228549308818e-03
3.556111974160763367e+01 6.873078474603313594e-03
3.581195885960364933e+01 6.740537217745598032e-03
3.606348577968052638e+01 6.585225809183684574e-03
3.631495136683125935e+01 6.481208576533733536e-03
3.656646781331610185e+01 6.369444546287156284e-03
3.681800948534306173e+01 6.236604963374997590e-03
3.706942350460822411e+01 6.131318528486692961e-03
3.732119977997001570e+01 5.979366026533410733e-03
3.757249197135423202e+01 5.927681713014902945e-03
3.782324055213251057e+01 5.793732108243526344e-03
3.807430609684078604e+01 5.685043931818521516e-03
3.832526519371521090e+01 5.571658051946063069e-03
3.857704530181875668e+01 5.512031312516152415e-03
3.882896255048217427e+01 5.376309413836201541e-03
3.907976684424035341e+01 5.308051950741940299e-03
3.933085588900704010e+01 5.212150143128186849e-03
3.958184533965361140e+01 5.178722515952410323e-03
3.983320492881626507e+01 5.015984277831187985e-03
4.008506787586624398e+01 4.967349807384700139e-03
4.033569471078550350e+01 4.856453582706575858e-03
4.058701345074587863e+01 4.770153597829109200e-03
4.083916815834436420e+01 4.711958588503139048e-03
4.108978611092747713e+01 4.638487380247918387e-03
4.134119394692694271e+01 4.594122273606384040e-03
4.159372926482761557e+01 4.485787975052897558e-03
4.184480996230068683e+01 4.444252574270592983e-03
4.209495048714620680e+01 4.314070287412408687e-03
4.234568601474854432e+01 4.297594751154815498e-03
4.259794184898333214e+01 4.182515642556668828e-03
4.284922176444433717e+01 4.110915982511845028e-03
4.309982534096671003e+01 4.045811626608998048e-03
4.335153475414617930e+01 4.021434174952135190e-03
4.360374984514007224e+01 3.971201525537147378e-03
4.385432838732079830e+01 3.859975001628030040e-03
4.410529766549178277e+01 3.798159843472250548e-03
4.435675536456894008e+01 3.806421853209014661e-03
4.460756668584335927e+01 3.688368968732064646e-03
4.485812369927145937e+01 3.613711729259694218e-03
4.510933196139897206e+01 3.552958943460915887e-03
4.536097672816924131e+01 3.530590320045776890e-03
4.561261869099184452e+01 3.498047725732797431e-03
4.586346064304911607e+01 3.402829979497053355e-03
4.611435299895526185e+01 3.411495297587365406e-03
4.636610302009028572e+01 3.324857832340230232e-03
4.661726081402038346e+01 3.266101592894392423e-03
4.686748045926628237e+01 3.272067804985791164e-03
4.712001000143001761e+01 3.186563181544715788e-03
4.737334269293729960e+01 3.148604118220764501e-03
4.762357272554871912e+01 3.067325286330704892e-03
4.787295862859781437e+01 3.006267031702934082e-03
4.812686710231834297e+01 2.961126737696196352e-03
4.837988354528783930e+01 2.958614517490897391e-03
4.862698975964909209e+01 2.906392119007814284e-03
4.887931961662670233e+01 2.844306405575449531e-03
4.913512531690142282e+01 2.753765773641820777e-03
4.938486646957150583e+01 2.807700845640271562e-03
4.963073103205424985e+01 2.776502288915366160e-03
4.988316058859187763e+01 2.791769652889204440e-03
5.013927392651110893e+01 2.737124812400440390e-03
5.038898445289544270e+01 2.644138230248129894e-03
5.063791314200675941e+01 2.580415293207906271e-03
5.089234515763529032e+01 2.620710704086741220e-03
5.114529266359630810e+01 2.576294266164879006e-03
5.138952878242714206e+01 2.593665936566763152e-03
5.163945178601188246e+01 2.538292278020095813e-03
5.190206698624180603e+01 2.391636047382601250e-03
5.215590084722179398e+01 2.388521760544453591e-03
5.238680673191466042e+01 2.437227684578337737e-03
5.263532591009818873e+01 2.257794149561368098e-03
5.290823119436031874e+01 2.287749174967142283e-03
5.316882575050344428e+01 2.232515327485384317e-03
5.338513341050097694e+01 2.304973615843224164e-03
5.363212510227822349e+01 2.299475674622221411e-03
5.391615723351310407e+01 2.465658299825776098e-03
5.419187693011466678e+01 2.041602234931200362e-03
5.439722241285236493e+01 2.511579791533795868e-03
5.462806064877949552e+01 2.128288726456537168e-03
5.491241494336609463e+01 2.199515022403809687e-03
5.519421446932921782e+01 2.371914876074002546e-03
5.543046826972861396e+01 1.849760516587287042e-03
5.561137265256709128e+01 3.128988727322451263e-04
