3.559856489878782115e-01 7.498995868443196287e+02
6.031648866026231293e-01 1.451502318273747960e+02
8.579160745827347778e-01 9.029767607230861870e+01
1.113464310595710716e+00 5.064023591769859678e+01
1.374039914321364408e+00 2.846775682881673220e+01
1.619154704570298309e+00 2.038335173704061631e+01
1.870686673430271840e+00 1.352343423836249947e+01
2.123290040706380832e+00 1.053493295222210513e+01
2.378144976376236119e+00 7.983844448674998873e+00
2.630489925835516996e+00 5.829648994940917817e+00
2.878653162679494670e+00 5.175783183469338411e+00
3.131144366275339319e+00 4.304350982020485716e+00
3.388159578333816313e+00 3.005747021740038605e+00
3.638741848210948149e+00 2.702767270846300640e+00
3.888315910732085268e+00 2.322537845085255181e+00
4.139052155837465996e+00 1.911612576908878980e+00
4.390305777018236988e+00 1.716820381673288765e+00
4.642172339120373081e+00 1.473316365259255800e+00
4.894678666149941293e+00 1.247168339280401161e+00
5.147269052361176378e+00 1.142353690591194848e+00
5.398003206656323272e+00 1.038134980217513936e+00
5.647798235368590269e+00 8.872866943684233343e-01
5.900534302989873581e+00 8.209429198390134630e-01
6.151460297009074374e+00 7.184130025702060163e-01
6.402630176204441526e+00 6.448379401727204474e-01
6.655964674748322096e+00 5.950444270241551648e-01
6.908782583105771202e+00 5.401181665554800615e-01
7.159060853508338873e+00 4.787340851056614000e-01
7.409414762591408632e+00 4.371675808766080640e-01
7.659227149364629561e+00 4.091523762044765311e-01
7.911559474606142395e+00 3.681317923903218992e-01
8.163750941790897997e+00 3.429162912913182870e-01
8.415757210439384295e+00 3.208248970413423162e-01
8.667638839289207198e+00 2.998554951368878063e-01
8.918801124864609520e+00 2.708280518342399135e-01
9.170480108345369530e+00 2.557251575243154607e-01
9.420566033467249412e+00 2.377382357877930175e-01
9.671642335271435797e+00 2.228843907285311676e-01
9.923426157758477473e+00 2.099524756234033007e-01
1.017396902749181820e+01 1.934073068496840186e-01
1.042533700753922155e+01 1.827051630888296974e-01
1.067702948358784276e+01 1.719900341291369650e-01
1.092969337256462303e+01 1.589370175415856790e-01
1.118211872033766419e+01 1.527303289275019627e-01
1.143346516925797296e+01 1.408731601443957426e-01
1.168350508557724687e+01 1.334932579076897607e-01
1.193379937775929100e+01 1.285084572465918507e-01
1.218553055762879112e+01 1.212629809459696006e-01
1.243711650801278878e+01 1.139031425224155819e-01
1.268867268647359303e+01 1.078179666119219032e-01
1.294075027177769144e+01 1.035170092129824165e-01
1.319267287020158363e+01 9.727510182281863538e-02
1.344470571782862756e+01 9.472036130645915264e-02
1.369480150283709641e+01 8.910473623616391170e-02
1.394591277066507828e+01 8.484799315326227442e-02
1.419764645764527167e+01 8.120613904746701306e-02
1.444766774168416212e+01 7.680513785847693786e-02
1.469906835825429070e+01 7.461831036260031802e-02
1.495059118111036511e+01 7.098022312039976855e-02
1.520261612590052991e+01 6.661472222355099837e-02
1.545415944503929495e+01 6.532088738729596722e-02
1.570456072545780124e+01 6.174917768119612266e-02
1.595705800128773966e+01 5.849783616182685497e-02
1.620829297830731619e+01 5.689788734084268162e-02
1.645966591028190962e+01 5.457411511671867582e-02
1.671125708846596325e+01 5.254970277226631709e-02
1.696160259490052624e+01 4.988880589969346691e-02
1.721370276108077135e+01 4.828639273971731954e-02
1.746543424102250341e+01 4.681887825744268650e-02
1.771598473288305442e+01 4.454113352762380934e-02
1.796653767411944003e+01 4.333860350149792984e-02
1.821765658501893270e+01 4.170372407109378121e-02
1.847053788120423334e+01 4.001658383253255125e-02
1.872257696809484173e+01 3.842577280085666958e-02
1.897394097105746269e+01 3.740863350133487308e-02
1.922542454726159988e+01 3.599603923589970306e-02
1.947607703355479103e+01 3.453847801259789241e-02
1.972678839839982601e+01 3.338073592353035107e-02
1.997802698857814363e+01 3.221528396102592978e-02
2.022863620534168660e+01 3.125509306815481281e-02
2.047969598507238231e+01 3.012478331559162448e-02
2.073250439107362553e+01 2.938524748669947562e-02
2.098435855211640089e+01 2.839542818648269074e-02
2.123502923393334640e+01 2.753626168153109136e-02
2.148629411178690773e+01 2.669609815947744658e-02
2.173831825513516591e+01 2.592091981236609860e-02
2.198972260956887226e+01 2.502110370603257555e-02
2.223974971000711420e+01 2.427535531950774511e-02
2.249141870643862973e+01 2.358805041899798491e-02
2.274404614890906373e+01 2.293096547099818250e-02
2.299521835768831579e+01 2.240635750186486738e-02
2.324620084136223852e+01 2.174268579402842752e-02
2.349757798664387209e+01 2.091874498187903594e-02
2.374870488118759937e+01 2.042873769648241924e-02
2.399988781917473091e+01 1.982228337439744664e-02
2.425071646049711305e+01 1.932752139665497651e-02
2.450187830577813841e+01 1.875538882788821068e-02
2.475391093216606109e+01 1.834671050662900829e-02
2.500524226975159792e+01 1.773332246353996958e-02
2.525610980153284402e+01 1.727098464522372478e-02
2.550801425092822328e+01 1.686485885752138023e-02
2.575943113325822864e+01 1.646015281707409808e-02
2.601074166866445125e+01 1.593856221866946088e-02
2.626234447079615464e+01 1.568427116595197054e-02
2.651347712943701751e+01 1.520191291005806335e-02
2.676474177984877656e+01 1.478162970257734798e-02
2.701628079430242479e+01 1.442192807332550418e-02
2.726734205837282232e+01 1.405445086993277644e-02
2.751837013544679422e+01 1.379384170375212021e-02
2.776937726815812724e+01 1.347188015137218940e-02
2.802070160973895341e+01 1.307332914886110212e-02
2.827249982643487058e+01 1.273817740965852395e-02
2.852407603869968966e+01 1.249487821855616888e-02
2.877567300468570721e+01 1.217345632625023259e-02
2.902733523039245256e+01 1.186486453044120239e-02
2.927861073083739996e+01 1.157387146229448514e-02
2.953003196193969160e+01 1.137495680909553393e-02
2.978106336846375157e+01 1.108101437570901612e-02
3.003148440777084716e+01 1.085009517034396694e-02
3.028303386126418673e+01 1.058481674401470958e-02
3.053456493440382857e+01 1.037437930615731606e-02
3.078585183944906944e+01 1.016262459433029362e-02
3.103757946070165730e+01 9.922774466195181942e-03
3.128931656795834826e+01 9.661649006553620078e-03
3.154125974608096428e+01 9.525089225106860708e-03
3.179158626791808828e+01 9.285498666802609324e-03
3.204196438636942190e+01 9.094497875145038032e-03
3.229344668057169798e+01 8.941840370230829879e-03
3.254489998018084407e+01 8.694177943556920946e-03
3.279660140319880668e+01 8.585635168742626958e-03
3.304772754686901237e+01 8.375826024000729633e-03
3.329949953441923327e+01 8.178807315682837253e-03
3.355173249539067371e+01 8.025516519840673879e-03
3.380235474142784824e+01 7.846665170909703987e-03
3.405292218889088218e+01 7.701822644193882794e-03
3.430455901572810262e+01 7.570531528718736462e-03
3.455605119154291316e+01 7.420760687215372485e-03
3.480708698418615654e+01 7.243093442871848496e-03
3.505823042281740243e+01 7.094251854579219224e-03
3.530983122122644602e+01 7.022459637529740797e-03
3.556111974160763367e+01 6.907853563948043903e-03
3.581195885960364933e+01 6.747364807379432027e-03
3.606348577968052638e+01 6.576685811128298725e-03
3.631495136683125935e+01 6.480805224127640998e-03
3.656646781331610185e+01 6.334297683280997772e-03
3.681800948534306173e+01 6.256215238846737393e-03
3.706942350460822411e+01 6.123675632570163216e-03
3.732119977997001570e+01 5.993930569026204372e-03
3.757249197135423202e+01 5.923590577509046939e-03
3.782324055213251057e+01 5.846803335512965744e-03
3.807430609684078604e+01 5.708037632488244945e-03
3.832526519371521090e+01 5.647185659543054598e-03
3.857704530181875668e+01 5.538648423634753327e-03
3.882896255048217427e+01 5.430395899855511473e-03
3.907976684424035341e+01 5.290905626118271206e-03
3.933085588900704010e+01 5.216789219932761561e-03
3.958184533965361140e+01 5.113599802823840315e-03
3.983320492881626507e+01 5.042804068150662754e-03
4.008506787586624398e+01 4.942708100332014048e-03
4.033569471078550350e+01 4.898873425046257508e-03
4.058701345074587863e+01 4.777270761688005331e-03
4.083916815834436420e+01 4.730984661127117172e-03
4.108978611092747713e+01 4.662545627611396591e-03
4.134119394692694271e+01 4.557698961990998797e-03
4.159372926482761557e+01 4.474600417961888642e-03
4.184480996230068683e+01 4.392398940701382724e-03
4.209495048714620680e+01 4.320458567251258229e-03
4.234568601474854432e+01 4.267771121427645781e-03
4.259794184898333214e+01 4.189796630887590405e-03
4.284922176444433717e+01 4.089815179205982636e-03
4.309982534096671003e+01 4.083635531223116233e-03
4.335153475414617930e+01 4.003418987764646893e-03
4.360374984514007224e+01 3.938880787677251187e-03
4.385432838732079830e+01 3.885125787601988959e-03
4.410529766549178277e+01 3.845179641623576103e-03
4.435675536456894008e+01 3.769752445189442514e-03
4.460756668584335927e+01 3.720437316611742082e-03
4.485812369927145937e+01 3.647460591828766922e-03
4.510933196139897206e+01 3.602675455008693111e-03
4.536097672816924131e+01 3.550199410188942684e-03
4.561261869099184452e+01 3.480622424217176200e-03
4.586346064304911607e+01 3.441595420382745091e-03
4.611435299895526185e+01 3.371549760719864432e-03
4.636610302009028572e+01 3.338101370072759765e-03
4.661726081402038346e+01 3.303825351985665258e-03
4.686748045926628237e+01 3.245726616568061357e-03
4.712001000143001761e+01 3.169783878154003743e-03
4.737334269293729960e+01 3.157460528854421147e-03
4.762357272554871912e+01 3.083431848215282059e-03
4.787295862859781437e+01 3.063437529366986461e-03
4.812686710231834297e+01 2.981907832897568410e-03
4.837988354528783930e+01 2.965325993870971191e-03
4.862698975964909209e+01 2.852259120334208961e-03
4.887931961662670233e+01 2.876317846860340730e-03
4.913512531690142282e+01 2.828708121888241344e-03
4.938486646957150583e+01 2.796640957588720101e-03
4.963073103205424985e+01 2.747681532103695388e-03
4.988316058859187763e+01 2.722322118688385185e-03
5.013927392651110893e+01 2.668480834508426755e-03
5.038898445289544270e+01 2.588544559451937382e-03
5.063791314200675941e+01 2.592685505474729302e-03
5.089234515763529032e+01 2.621912425281308114e-03
5.114529266359630810e+01 2.546185659012749607e-03
5.138952878242714206e+01 2.476286970620276279e-03
5.163945178601188246e+01 2.436016332424360657e-03
5.190206698624180603e+01 2.448351171674903980e-03
5.215590084722179398e+01 2.454303323261739986e-03
5.238680673191466042e+01 2.408073079953129778e-03
5.263532591009818873e+01 2.261713448424890367e-03
5.290823119436031874e+01 2.346837763250609471e-03
5.316882575050344428e+01 2.339395120528589035e-03
5.338513341050097694e+01 2.281201264545026138e-03
5.363212510227822349e+01 2.217089651393099829e-03
5.391615723351310407e+01 2.169086619906057233e-03
5.419187693011466678e+01 2.190296628604705611e-03
5.439722241285236493e+01 2.003574561354214568e-03
5.462806064877949552e+01 2.186283430816687683e-03
5.491241494336609463e+01 2.261368802900134110e-03
5.519421446932921782e+01 1.427847593765699035e-03
5.543046826972861396e+01 2.887102959101278329e-03
5.561137265256709128e+01 2.728657383553860331e-03
