3.559856489878782115e-01 8.238364280259157795e+02
6.031648866026231293e-01 1.615355548194052062e+02
8.579160745827347778e-01 9.232867530192369543e+01
1.113464310595710716e+00 5.632511640412382548e+01
1.374039914321364408e+00 2.985251367746003126e+01
1.619154704570298309e+00 2.095650245852051796e+01
1.870686673430271840e+00 1.432979470493785534e+01
2.123290040706380832e+00 9.928559069223501510e+00
2.378144976376236119e+00 7.142799954936679185e+00
2.630489925835516996e+00 5.981850268506943458e+00
2.878653162679494670e+00 4.535302360251026954e+00
3.131144366275339319e+00 3.793622102106725791e+00
3.388159578333816313e+00 3.267592536854849516e+00
3.638741848210948149e+00 2.675134577425236859e+00
3.888315910732085268e+00 2.403602540831789369e+00
4.139052155837465996e+00 1.964084097983152200e+00
4.390305777018236988e+00 1.640407572302304828e+00
4.642172339120373081e+00 1.470947086512398139e+00
4.894678666149941293e+00 1.265318218890577162e+00
5.147269052361176378e+00 1.149342300694204511e+00
5.398003206656323272e+00 9.922777630609744826e-01
5.647798235368590269e+00 8.810846247280772481e-01
5.900534302989873581e+00 7.973545016209669933e-01
6.151460297009074374e+00 7.186445414092720307e-01
6.402630176204441526e+00 6.361286845557833081e-01
6.655964674748322096e+00 5.968848810651581349e-01
6.908782583105771202e+00 5.334665581714521654e-01
7.159060853508338873e+00 4.792349575175984810e-01
7.409414762591408632e+00 4.413456260476023574e-01
7.659227149364629561e+00 4.073240756786375427e-01
7.911559474606142395e+00 3.739830421214235256e-01
8.163750941790897997e+00 3.510002059081085424e-01
8.415757210439384295e+00 3.200946473904210388e-01
8.667638839289207198e+00 2.921514587431456311e-01
8.918801124864609520e+00 2.720545576921834519e-01
9.170480108345369530e+00 2.559652652436494868e-01
9.420566033467249412e+00 2.345053400909871966e-01
9.671642335271435797e+00 2.218210589619556417e-01
9.923426157758477473e+00 2.087305793986007074e-01
1.017396902749181820e+01 1.936420965566041652e-01
1.042533700753922155e+01 1.814100927524662787e-01
1.067702948358784276e+01 1.733276014748651173e-01
1.092969337256462303e+01 1.587328425770010432e-01
1.118211872033766419e+01 1.519364581495641076e-01
1.143346516925797296e+01 1.425505679113167612e-01
1.168350508557724687e+01 1.340698949432822806e-01
1.193379937775929100e+01 1.279387145605546117e-01
1.218553055762879112e+01 1.221789887350476500e-01
1.243711650801278878e+01 1.145126613860433934e-01
1.268867268647359303e+01 1.090625433462434485e-01
1.294075027177769144e+01 1.034306748449568270e-01
1.319267287020158363e+01 9.920841361230976763e-02
1.344470571782862756e+01 9.258253389859642801e-02
1.369480150283709641e+01 8.807088950350261403e-02
1.394591277066507828e+01 8.472731206734064602e-02
1.419764645764527167e+01 7.991825842818341130e-02
1.444766774168416212e+01 7.762965708062215253e-02
1.469906835825429070e+01 7.292467360050676473e-02
1.495059118111036511e+01 7.000657170759630454e-02
1.520261612590052991e+01 6.683167201700646043e-02
1.545415944503929495e+01 6.348486927200806818e-02
1.570456072545780124e+01 6.158133429424448441e-02
1.595705800128773966e+01 5.879871033555362364e-02
1.620829297830731619e+01 5.663093032462248461e-02
1.645966591028190962e+01 5.440871011625698223e-02
1.671125708846596325e+01 5.207976919591689180e-02
1.696160259490052624e+01 5.060592407018900396e-02
1.721370276108077135e+01 4.817218299945676824e-02
1.746543424102250341e+01 4.638316224173627544e-02
1.771598473288305442e+01 4.501756285624144288e-02
1.796653767411944003e+01 4.315383538104412831e-02
1.821765658501893270e+01 4.143118241683767938e-02
1.847053788120423334e+01 4.004553952649606008e-02
1.872257696809484173e+01 3.877279433405640685e-02
1.897394097105746269e+01 3.704259414505386289e-02
1.922542454726159988e+01 3.579340665964529655e-02
1.947607703355479103e+01 3.480547229979500529e-02
1.972678839839982601e+01 3.370503554055614970e-02
1.997802698857814363e+01 3.268557268433776308e-02
2.022863620534168660e+01 3.115764679513766816e-02
2.047969598507238231e+01 3.038796965966385905e-02
2.073250439107362553e+01 2.933743867316345594e-02
2.098435855211640089e+01 2.838310051523515801e-02
2.123502923393334640e+01 2.766710290405963862e-02
2.148629411178690773e+01 2.678063174435642985e-02
2.173831825513516591e+01 2.582361197124594110e-02
2.198972260956887226e+01 2.507460874380974813e-02
2.223974971000711420e+01 2.435461854828863126e-02
2.249141870643862973e+01 2.354905883415403522e-02
2.274404614890906373e+01 2.300133059281123799e-02
2.299521835768831579e+01 2.224534868779455554e-02
2.324620084136223852e+01 2.163975644667068612e-02
2.349757798664387209e+01 2.107112767807789097e-02
2.374870488118759937e+01 2.036580249604739989e-02
2.399988781917473091e+01 1.981150926367515955e-02
2.425071646049711305e+01 1.937287275161107825e-02
2.450187830577813841e+01 1.882147175144426032e-02
2.475391093216606109e+01 1.822935632042133047e-02
2.500524226975159792e+01 1.776490474125573538e-02
2.525610980153284402e+01 1.732947609928099306e-02
2.550801425092822328e+01 1.680215515772638668e-02
2.575943113325822864e+01 1.639795976457168389e-02
2.601074166866445125e+01 1.595861141536458749e-02
2.626234447079615464e+01 1.559884816456037077e-02
2.651347712943701751e+01 1.531421004722889785e-02
2.676474177984877656e+01 1.484429106505967544e-02
2.701628079430242479e+01 1.444293797933128218e-02
2.726734205837282232e+01 1.416475508695371269e-02
2.751837013544679422e+01 1.371216304967498405e-02
2.776937726815812724e+01 1.338124185624053886e-02
2.802070160973895341e+01 1.304116553380750033e-02
2.827249982643487058e+01 1.268904745001109800e-02
2.852407603869968966e+01 1.246857042009275052e-02
2.877567300468570721e+01 1.219639952339650335e-02
2.902733523039245256e+01 1.198309009858440632e-02
2.927861073083739996e+01 1.153713096734131256e-02
2.953003196193969160e+01 1.138081782024641386e-02
2.978106336846375157e+01 1.107347498228865822e-02
3.003148440777084716e+01 1.085508321675008811e-02
3.028303386126418673e+01 1.060671939983020250e-02
3.053456493440382857e+01 1.037078381234393318e-02
3.078585183944906944e+01 1.017223101353984666e-02
3.103757946070165730e+01 9.923963772678023182e-03
3.128931656795834826e+01 9.681319331963521638e-03
3.154125974608096428e+01 9.512682497680053154e-03
3.179158626791808828e+01 9.278900277752183748e-03
3.204196438636942190e+01 9.070954166271596314e-03
3.229344668057169798e+01 8.904793611132787862e-03
3.254489998018084407e+01 8.754620610320496682e-03
3.279660140319880668e+01 8.538732745323861922e-03
3.304772754686901237e+01 8.348220392560883052e-03
3.329949953441923327e+01 8.193278055626305664e-03
3.355173249539067371e+01 8.024687161541782521e-03
3.380235474142784824e+01 7.872636941898930943e-03
3.405292218889088218e+01 7.720249404983355219e-03
3.430455901572810262e+01 7.562894785714207799e-03
3.455605119154291316e+01 7.424003611826174992e-03
3.480708698418615654e+01 7.291136037794658173e-03
3.505823042281740243e+01 7.069189666789225425e-03
3.530983122122644602e+01 7.014018517996220038e-03
3.556111974160763367e+01 6.862427607634836481e-03
3.581195885960364933e+01 6.771567136700557162e-03
3.606348577968052638e+01 6.592575482683836301e-03
3.631495136683125935e+01 6.453335448422730519e-03
3.656646781331610185e+01 6.378053001119293741e-03
3.681800948534306173e+01 6.268132974431266623e-03
3.706942350460822411e+01 6.130478621553540376e-03
3.732119977997001570e+01 6.001237821177261150e-03
3.757249197135423202e+01 5.900064687530895934e-03
3.782324055213251057e+01 5.763934512869444901e-03
3.807430609684078604e+01 5.703720573113331763e-03
3.832526519371521090e+01 5.587472176121021858e-03
3.857704530181875668e+01 5.549286263151601700e-03
3.882896255048217427e+01 5.415386826348768390e-03
3.907976684424035341e+01 5.308457985386742621e-03
3.933085588900704010e+01 5.254052433370814436e-03
3.958184533965361140e+01 5.145223553106880593e-03
3.983320492881626507e+01 5.021607059015859020e-03
4.008506787586624398e+01 4.960017264427218561e-03
4.033569471078550350e+01 4.851681362148055517e-03
4.058701345074587863e+01 4.784517768231102280e-03
4.083916815834436420e+01 4.718740852147454076e-03
4.108978611092747713e+01 4.612730755300173749e-03
4.134119394692694271e+01 4.574433239950941206e-03
4.159372926482761557e+01 4.496959616336572950e-03
4.184480996230068683e+01 4.409557763969116848e-03
4.209495048714620680e+01 4.366033089577344740e-03
4.234568601474854432e+01 4.246150993643880468e-03
4.259794184898333214e+01 4.198397437045694319e-03
4.284922176444433717e+01 4.093073855153240778e-03
4.309982534096671003e+01 4.079340319848122690e-03
4.335153475414617930e+01 4.038194822706272190e-03
4.360374984514007224e+01 3.933631324134339961e-03
4.385432838732079830e+01 3.888652672659945794e-03
4.410529766549178277e+01 3.836013432460453829e-03
4.435675536456894008e+01 3.786439656953585666e-03
4.460756668584335927e+01 3.710475462594888581e-03
4.485812369927145937e+01 3.632019163230277171e-03
4.510933196139897206e+01 3.592282264198194599e-03
4.536097672816924131e+01 3.557738502167168918e-03
4.561261869099184452e+01 3.442061897925394361e-03
4.586346064304911607e+01 3.453347432422373357e-03
4.611435299895526185e+01 3.359726865279490798e-03
4.636610302009028572e+01 3.328667094625903031e-03
4.661726081402038346e+01 3.309712314791404559e-03
4.686748045926628237e+01 3.235429484657099345e-03
4.712001000143001761e+01 3.235950815055161842e-03
4.737334269293729960e+01 3.200441402795188746e-03
4.762357272554871912e+01 3.129746125754730938e-03
4.787295862859781437e+01 3.032460407647828531e-03
4.812686710231834297e+01 2.974894932348446340e-03
4.837988354528783930e+01 2.956121614043535992e-03
4.862698975964909209e+01 2.875287975488207814e-03
4.887931961662670233e+01 2.902878574583425339e-03
4.913512531690142282e+01 2.846959939978766299e-03
4.938486646957150583e+01 2.742052977486285088e-03
4.963073103205424985e+01 2.761339451471517530e-03
4.988316058859187763e+01 2.681301639774200281e-03
5.013927392651110893e+01 2.636014267021983843e-03
5.038898445289544270e+01 2.618000684634181046e-03
5.063791314200675941e+01 2.552620634448923322e-03
5.089234515763529032e+01 2.578110042508480453e-03
5.114529266359630810e+01 2.479058697743740519e-03
5.138952878242714206e+01 2.531780741081189005e-03
5.163945178601188246e+01 2.450006669787666968e-03
5.190206698624180603e+01 2.488710336112666226e-03
5.215590084722179398e+01 2.433082309368859997e-03
5.238680673191466042e+01 2.292594320734103134e-03
5.263532591009818873e+01 2.387757321802011154e-03
5.290823119436031874e+01 2.290946202296226079e-03
5.316882575050344428e+01 2.212723467189045036e-03
5.338513341050097694e+01 2.331006115906993255e-03
5.363212510227822349e+01 2.260100183115424863e-03
5.391615723351310407e+01 2.186193847712381098e-03
5.419187693011466678e+01 2.075320066269852309e-03
5.439722241285236493e+01 2.459562835254307765e-03
5.462806064877949552e+01 2.053435164789876345e-03
5.491241494336609463e+01 2.397987808436916231e-03
5.519421446932921782e+01 1.972417275928803424e-03
5.543046826972861396e+01 1.543568996791623137e-03
5.561137265256709128e+01 1.032256091418479833e-03
