3.559856489878782115e-01 5.811281096222601263e+02
6.031648866026231293e-01 1.393492706476058629e+02
8.579160745827347778e-01 1.006163944413281968e+02
1.113464310595710716e+00 4.747238289156381086e+01
1.374039914321364408e+00 2.980819453848132738e+01
1.619154704570298309e+00 2.183116360525269073e+01
1.870686673430271840e+00 1.496560402810207435e+01
2.123290040706380832e+00 1.099712167046946476e+01
2.378144976376236119e+00 8.021681915039405197e+00
2.630489925835516996e+00 6.371031797991661527e+00
2.878653162679494670e+00 4.748840582971207702e+00
3.131144366275339319e+00 4.064837139793219478e+00
3.388159578333816313e+00 3.387367195582542401e+00
3.638741848210948149e+00 2.710654668450068971e+00
3.888315910732085268e+00 2.328087259743348625e+00
4.139052155837465996e+00 2.037937295180819675e+00
4.390305777018236988e+00 1.751534536213273263e+00
4.642172339120373081e+00 1.439455717117190892e+00
4.894678666149941293e+00 1.257968504519240582e+00
5.147269052361176378e+00 1.097238955232380908e+00
5.398003206656323272e+00 1.019917435727079491e+00
5.647798235368590269e+00 9.299674144506133722e-01
5.900534302989873581e+00 7.928814398631385263e-01
6.151460297009074374e+00 7.217714263234288330e-01
6.402630176204441526e+00 6.565323227709598530e-01
6.655964674748322096e+00 5.848395066735961878e-01
6.908782583105771202e+00 5.420440496969460842e-01
7.159060853508338873e+00 4.865638195539871425e-01
7.409414762591408632e+00 4.445330607276763435e-01
7.659227149364629561e+00 4.078084088207621360e-01
7.911559474606142395e+00 3.723592175347668065e-01
8.163750941790897997e+00 3.445079144969099838e-01
8.415757210439384295e+00 3.155142768477720017e-01
8.667638839289207198e+00 2.970819181856275137e-01
8.918801124864609520e+00 2.722052452158489899e-01
9.170480108345369530e+00 2.588536702492426622e-01
9.420566033467249412e+00 2.367809143263423233e-01
9.671642335271435797e+00 2.221800733388695770e-01
9.923426157758477473e+00 2.049625816235579601e-01
1.017396902749181820e+01 1.920050052351299497e-01
1.042533700753922155e+01 1.829081886545954050e-01
1.067702948358784276e+01 1.728607875786828951e-01
1.092969337256462303e+01 1.575930563719353805e-01
1.118211872033766419e+01 1.515421259099467011e-01
1.143346516925797296e+01 1.447558706569229969e-01
1.168350508557724687e+01 1.336068511511516732e-01
1.193379937775929100e+01 1.258450332603111288e-01
1.218553055762879112e+01 1.208124713725577531e-01
1.243711650801278878e+01 1.143628179233531772e-01
1.268867268647359303e+01 1.080893942313901346e-01
1.294075027177769144e+01 1.023926804567504706e-01
1.319267287020158363e+01 9.726683058718010866e-02
1.344470571782862756e+01 9.291019712644110751e-02
1.369480150283709641e+01 8.910454360138554686e-02
1.394591277066507828e+01 8.394400429077522596e-02
1.419764645764527167e+01 8.087594674560218133e-02
1.444766774168416212e+01 7.717688624880870985e-02
1.469906835825429070e+01 7.413783732315906705e-02
1.495059118111036511e+01 7.062863019262846653e-02
1.520261612590052991e+01 6.704720338776878896e-02
1.545415944503929495e+01 6.449144351723753998e-02
1.570456072545780124e+01 6.198591845315664511e-02
1.595705800128773966e+01 5.871953639633804845e-02
1.620829297830731619e+01 5.680405437409116048e-02
1.645966591028190962e+01 5.439356836269432227e-02
1.671125708846596325e+01 5.224053276628286280e-02
1.696160259490052624e+01 4.964745798550331685e-02
1.721370276108077135e+01 4.820821950390233313e-02
1.746543424102250341e+01 4.653981667911245845e-02
1.771598473288305442e+01 4.464986340057163633e-02
1.796653767411944003e+01 4.324677038147557717e-02
1.821765658501893270e+01 4.178904515656973323e-02
1.847053788120423334e+01 3.985832332999766914e-02
1.872257696809484173e+01 3.854461246086589299e-02
1.897394097105746269e+01 3.703297000058077687e-02
1.922542454726159988e+01 3.600407795587441673e-02
1.947607703355479103e+01 3.471210831995539398e-02
1.972678839839982601e+01 3.352169706052271492e-02
1.997802698857814363e+01 3.263698390436580582e-02
2.022863620534168660e+01 3.119804985835984701e-02
2.047969598507238231e+01 3.058589549937159799e-02
2.073250439107362553e+01 2.945508617732810544e-02
2.098435855211640089e+01 2.826413308751897849e-02
2.123502923393334640e+01 2.753320390973483175e-02
2.148629411178690773e+01 2.671863597458603440e-02
2.173831825513516591e+01 2.597549366864270251e-02
2.198972260956887226e+01 2.522760786811880165e-02
2.223974971000711420e+01 2.434335511580503972e-02
2.249141870643862973e+01 2.342541569552723454e-02
2.274404614890906373e+01 2.289650394275218742e-02
2.299521835768831579e+01 2.231335279267384480e-02
2.324620084136223852e+01 2.148842911003597325e-02
2.349757798664387209e+01 2.103321175640358517e-02
2.374870488118759937e+01 2.029743606359904126e-02
2.399988781917473091e+01 1.978688307449544617e-02
2.425071646049711305e+01 1.932383863377065344e-02
2.450187830577813841e+01 1.882273274583224146e-02
2.475391093216606109e+01 1.834980993642515434e-02
2.500524226975159792e+01 1.762243251894807933e-02
2.525610980153284402e+01 1.739005364387574346e-02
2.550801425092822328e+01 1.679376093630086109e-02
2.575943113325822864e+01 1.640237753266398854e-02
2.601074166866445125e+01 1.591404501470081168e-02
2.626234447079615464e+01 1.557010767187151819e-02
2.651347712943701751e+01 1.519783062599500134e-02
2.676474177984877656e+01 1.484795166976207899e-02
2.701628079430242479e+01 1.440951001817023132e-02
2.726734205837282232e+01 1.409831387940070103e-02
2.751837013544679422e+01 1.367569069941085638e-02
2.776937726815812724e+01 1.333417172502461036e-02
2.802070160973895341e+01 1.307964345807984159e-02
2.827249982643487058e+01 1.271139607088218187e-02
2.852407603869968966e+01 1.244128796593849812e-02
2.877567300468570721e+01 1.213769445566392595e-02
2.902733523039245256e+01 1.190986534760247496e-02
2.927861073083739996e+01 1.163268422466294007e-02
2.953003196193969160e+01 1.144576546484519196e-02
2.978106336846375157e+01 1.110304787552648595e-02
3.003148440777084716e+01 1.084180319696005125e-02
3.028303386126418673e+01 1.063633789540224459e-02
3.053456493440382857e+01 1.036650058510465815e-02
3.078585183944906944e+01 1.019714277283639836e-02
3.103757946070165730e+01 9.952421140791214982e-03
3.128931656795834826e+01 9.675004400052039308e-03
3.154125974608096428e+01 9.504000623320902133e-03
3.179158626791808828e+01 9.315236178801993353e-03
3.204196438636942190e+01 9.104330719538353267e-03
3.229344668057169798e+01 8.911960456356973065e-03
3.254489998018084407e+01 8.717549378833245807e-03
3.279660140319880668e+01 8.555486409379271101e-03
3.304772754686901237e+01 8.350329119493606067e-03
3.329949953441923327e+01 8.270908837841059111e-03
3.355173249539067371e+01 8.069426156997907065e-03
3.380235474142784824e+01 7.884015719146856074e-03
3.405292218889088218e+01 7.713902160253209919e-03
3.430455901572810262e+01 7.582981739989220864e-03
3.455605119154291316e+01 7.439412872331727100e-03
3.480708698418615654e+01 7.290453902834668695e-03
3.505823042281740243e+01 7.149017320984846040e-03
3.530983122122644602e+01 6.948617032188889389e-03
3.556111974160763367e+01 6.831023420181393455e-03
3.581195885960364933e+01 6.760481943610716082e-03
3.606348577968052638e+01 6.623480006938322479e-03
3.631495136683125935e+01 6.495688723700731616e-03
3.656646781331610185e+01 6.368438692195084808e-03
3.681800948534306173e+01 6.233287568052059933e-03
3.706942350460822411e+01 6.135569706583771099e-03
3.732119977997001570e+01 5.999388431287394283e-03
3.757249197135423202e+01 5.886101587806847821e-03
3.782324055213251057e+01 5.797023314566000958e-03
3.807430609684078604e+01 5.702900708123519354e-03
3.832526519371521090e+01 5.598481617357934509e-03
3.857704530181875668e+01 5.505940134449271994e-03
3.882896255048217427e+01 5.411306842636945738e-03
3.907976684424035341e+01 5.272865309375246619e-03
3.933085588900704010e+01 5.235602940205646635e-03
3.958184533965361140e+01 5.144756308631687376e-03
3.983320492881626507e+01 5.029731471563048985e-03
4.008506787586624398e+01 4.963778629755184052e-03
4.033569471078550350e+01 4.859258808716390710e-03
4.058701345074587863e+01 4.806675238698271922e-03
4.083916815834436420e+01 4.705192731760311602e-03
4.108978611092747713e+01 4.642176321431075794e-03
4.134119394692694271e+01 4.580532361572991172e-03
4.159372926482761557e+01 4.495223167275315575e-03
4.184480996230068683e+01 4.413197275204438878e-03
4.209495048714620680e+01 4.319248131545635853e-03
4.234568601474854432e+01 4.279047646940519617e-03
4.259794184898333214e+01 4.173344258711869474e-03
4.284922176444433717e+01 4.141817958363560280e-03
4.309982534096671003e+01 4.056290196505498227e-03
4.335153475414617930e+01 3.982116938942446317e-03
4.360374984514007224e+01 3.952274417969860523e-03
4.385432838732079830e+01 3.846307619998124219e-03
4.410529766549178277e+01 3.796411227200291970e-03
4.435675536456894008e+01 3.755627705925928921e-03
4.460756668584335927e+01 3.684524853567730171e-03
4.485812369927145937e+01 3.658958503809881749e-03
4.510933196139897206e+01 3.585053263361110201e-03
4.536097672816924131e+01 3.548931525294475847e-03
4.561261869099184452e+01 3.495674315860476059e-03
4.586346064304911607e+01 3.422771692902722845e-03
4.611435299895526185e+01 3.340727455331788699e-03
4.636610302009028572e+01 3.282436173238632762e-03
4.661726081402038346e+01 3.282588514840235026e-03
4.686748045926628237e+01 3.244750778856544601e-03
4.712001000143001761e+01 3.200529046108083198e-03
4.737334269293729960e+01 3.125454718367561783e-03
4.762357272554871912e+01 3.086264524847717391e-03
4.787295862859781437e+01 3.069677019556020254e-03
4.812686710231834297e+01 3.022177836617644976e-03
4.837988354528783930e+01 2.955915994522808656e-03
4.862698975964909209e+01 2.924959474949073539e-03
4.887931961662670233e+01 2.897707300829596710e-03
4.913512531690142282e+01 2.808272884844147717e-03
4.938486646957150583e+01 2.846986073595621919e-03
4.963073103205424985e+01 2.733549692260799514e-03
4.988316058859187763e+01 2.738870459312940132e-03
5.013927392651110893e+01 2.740051893653504787e-03
5.038898445289544270e+01 2.622885414703357305e-03
5.063791314200675941e+01 2.676830127383854601e-03
5.089234515763529032e+01 2.569063158168259642e-03
5.114529266359630810e+01 2.619473503340370452e-03
5.138952878242714206e+01 2.566949706972751835e-03
5.163945178601188246e+01 2.491503813738482360e-03
5.190206698624180603e+01 2.480447516985477205e-03
5.215590084722179398e+01 2.420883205597105722e-03
5.238680673191466042e+01 2.355867145592255903e-03
5.263532591009818873e+01 2.379834598236214415e-03
5.290823119436031874e+01 2.305211268690565175e-03
5.316882575050344428e+01 2.329552378939908023e-03
5.338513341050097694e+01 2.257723502150377811e-03
5.363212510227822349e+01 2.206378625616315422e-03
5.391615723351310407e+01 2.186434176184488560e-03
5.419187693011466678e+01 2.414678897567744918e-03
5.439722241285236493e+01 2.087091270594625819e-03
5.462806064877949552e+01 2.066679570035490684e-03
5.491241494336609463e+01 2.382954162609755150e-03
5.519421446932921782e+01 2.255296390573349220e-03
5.543046826972861396e+01 1.222895261680711923e-03
5.561137265256709128e+01 3.103153794809689840e-03
