3.559856489878782115e-01 6.856552575532882656e+02
6.031648866026231293e-01 1.616894738473577036e+02
8.579160745827347778e-01 9.061558963396160493e+01
1.113464310595710716e+00 4.826046204902912962e+01
1.374039914321364408e+00 3.414620741322046626e+01
1.619154704570298309e+00 1.828892904763582195e+01
1.870686673430271840e+00 1.538931140351830607e+01
2.123290040706380832e+00 1.068803032575864798e+01
2.378144976376236119e+00 8.372610097754350278e+00
2.630489925835516996e+00 6.169585597254076070e+00
2.878653162679494670e+00 4.853298483242815209e+00
3.131144366275339319e+00 3.928249762396230693e+00
3.388159578333816313e+00 3.073345756929873662e+00
3.638741848210948149e+00 2.713180602848738410e+00
3.888315910732085268e+00 2.385328910044891781e+00
4.139052155837465996e+00 1.944786077125497448e+00
4.390305777018236988e+00 1.802415166754011366e+00
4.642172339120373081e+00 1.476538575680006460e+00
4.894678666149941293e+00 1.327274223558938093e+00
5.147269052361176378e+00 1.142800195493224535e+00
5.398003206656323272e+00 9.948100015598817514e-01
5.647798235368590269e+00 8.988062916608793307e-01
5.900534302989873581e+00 7.755018138806185624e-01
6.151460297009074374e+00 7.192834470101515665e-01
6.402630176204441526e+00 6.453009333521404489e-01
6.655964674748322096e+00 5.918134623252976345e-01
6.908782583105771202e+00 5.405194252414217138e-01
7.159060853508338873e+00 4.913959837339614833e-01
7.409414762591408632e+00 4.484454046320657805e-01
7.659227149364629561e+00 4.063164688094955124e-01
7.911559474606142395e+00 3.771636455480834038e-01
8.163750941790897997e+00 3.467364548238110467e-01
8.415757210439384295e+00 3.191881047172623331e-01
8.667638839289207198e+00 2.983761954034910846e-01
8.918801124864609520e+00 2.720889885160787114e-01
9.170480108345369530e+00 2.549041859243393882e-01
9.420566033467249412e+00 2.378375179096543779e-01
9.671642335271435797e+00 2.235576356536296272e-01
9.923426157758477473e+00 2.080005530209844966e-01
1.017396902749181820e+01 1.895504575404302894e-01
1.042533700753922155e+01 1.853335373487050852e-01
1.067702948358784276e+01 1.730268294831801001e-01
1.092969337256462303e+01 1.613210277488821009e-01
1.118211872033766419e+01 1.509039296792550333e-01
1.143346516925797296e+01 1.415506347888824956e-01
1.168350508557724687e+01 1.351529934751969642e-01
1.193379937775929100e+01 1.274735425674663469e-01
1.218553055762879112e+01 1.203145614197601437e-01
1.243711650801278878e+01 1.137311957515409755e-01
1.268867268647359303e+01 1.071527392463731548e-01
1.294075027177769144e+01 1.040298981810998669e-01
1.319267287020158363e+01 9.815718868585075751e-02
1.344470571782862756e+01 9.303571021487619386e-02
1.369480150283709641e+01 8.836362123267302304e-02
1.394591277066507828e+01 8.379923581614302786e-02
1.419764645764527167e+01 8.009884516717605263e-02
1.444766774168416212e+01 7.672267193278131669e-02
1.469906835825429070e+01 7.330104924712994852e-02
1.495059118111036511e+01 7.090407976740993601e-02
1.520261612590052991e+01 6.707599527334819067e-02
1.545415944503929495e+01 6.410652657548254751e-02
1.570456072545780124e+01 6.175091188142348142e-02
1.595705800128773966e+01 5.941536967385294826e-02
1.620829297830731619e+01 5.674021822975947038e-02
1.645966591028190962e+01 5.464486008945775714e-02
1.671125708846596325e+01 5.240393931615028311e-02
1.696160259490052624e+01 5.042073124974088411e-02
1.721370276108077135e+01 4.780191695236166161e-02
1.746543424102250341e+01 4.635629778148633862e-02
1.771598473288305442e+01 4.453939748863874892e-02
1.796653767411944003e+01 4.313525015932798135e-02
1.821765658501893270e+01 4.122622985728592593e-02
1.847053788120423334e+01 3.979725933148648559e-02
1.872257696809484173e+01 3.919913839571825820e-02
1.897394097105746269e+01 3.713016882290014892e-02
1.922542454726159988e+01 3.614460100817483423e-02
1.947607703355479103e+01 3.463558310735644769e-02
1.972678839839982601e+01 3.375434823827864333e-02
1.997802698857814363e+01 3.239280650377432402e-02
2.022863620534168660e+01 3.123479675635120953e-02
2.047969598507238231e+01 3.040939545502007249e-02
2.073250439107362553e+01 2.956923345640759954e-02
2.098435855211640089e+01 2.840335235607985634e-02
2.123502923393334640e+01 2.748095850907066734e-02
2.148629411178690773e+01 2.653116607297490229e-02
2.173831825513516591e+01 2.570982879208576904e-02
2.198972260956887226e+01 2.516914730422494667e-02
2.223974971000711420e+01 2.437057781491696468e-02
2.249141870643862973e+01 2.362414709241897684e-02
2.274404614890906373e+01 2.306230015681713305e-02
2.299521835768831579e+01 2.218447798051725525e-02
2.324620084136223852e+01 2.159400268328363556e-02
2.349757798664387209e+01 2.099185551637972394e-02
2.374870488118759937e+01 2.042413492541612224e-02
2.399988781917473091e+01 1.976868415042627725e-02
2.425071646049711305e+01 1.937430871997155094e-02
2.450187830577813841e+01 1.881708345870623453e-02
2.475391093216606109e+01 1.835302796471961762e-02
2.500524226975159792e+01 1.779187556852829949e-02
2.525610980153284402e+01 1.727168311452301555e-02
2.550801425092822328e+01 1.682396998273153962e-02
2.575943113325822864e+01 1.625995968866168415e-02
2.601074166866445125e+01 1.593231812952819459e-02
2.626234447079615464e+01 1.561428392870199862e-02
2.651347712943701751e+01 1.517085564036497504e-02
2.676474177984877656e+01 1.483109516626107509e-02
2.701628079430242479e+01 1.441711241957998810e-02
2.726734205837282232e+01 1.416459596379003247e-02
2.751837013544679422e+01 1.377372519669696482e-02
2.776937726815812724e+01 1.344359686574260297e-02
2.802070160973895341e+01 1.311629591450102703e-02
2.827249982643487058e+01 1.276779443080917377e-02
2.852407603869968966e+01 1.247320870066814455e-02
2.877567300468570721e+01 1.215161297795585432e-02
2.902733523039245256e+01 1.187416747487299133e-02
2.927861073083739996e+01 1.161798104179194609e-02
2.953003196193969160e+01 1.132110231671068848e-02
2.978106336846375157e+01 1.109116540175358705e-02
3.003148440777084716e+01 1.080141075089629046e-02
3.028303386126418673e+01 1.057875938588091584e-02
3.053456493440382857e+01 1.038282788637740449e-02
3.078585183944906944e+01 1.013214849360451371e-02
3.103757946070165730e+01 9.912214268390234437e-03
3.128931656795834826e+01 9.660152428712279193e-03
3.154125974608096428e+01 9.545426961656718751e-03
3.179158626791808828e+01 9.283348922765524008e-03
3.204196438636942190e+01 9.076854031858302974e-03
3.229344668057169798e+01 8.915255533696753859e-03
3.254489998018084407e+01 8.729931179628861934e-03
3.279660140319880668e+01 8.514911626373224129e-03
3.304772754686901237e+01 8.392688245143499828e-03
3.329949953441923327e+01 8.204936021684941516e-03
3.355173249539067371e+01 8.086776271345956502e-03
3.380235474142784824e+01 7.899605127581600314e-03
3.405292218889088218e+01 7.685524251989712084e-03
3.430455901572810262e+01 7.560178513568975404e-03
3.455605119154291316e+01 7.438159316675314187e-03
3.480708698418615654e+01 7.294141048884451688e-03
3.505823042281740243e+01 7.147650320602633167e-03
3.530983122122644602e+01 7.001858252842330967e-03
3.556111974160763367e+01 6.850778000271550219e-03
3.581195885960364933e+01 6.719289549564798868e-03
3.606348577968052638e+01 6.569799864474388205e-03
3.631495136683125935e+01 6.499060929985166213e-03
3.656646781331610185e+01 6.346484477184473685e-03
3.681800948534306173e+01 6.265518541406557042e-03
3.706942350460822411e+01 6.173930291271023142e-03
3.732119977997001570e+01 6.013838618606499008e-03
3.757249197135423202e+01 5.907135565531143606e-03
3.782324055213251057e+01 5.777467090807898199e-03
3.807430609684078604e+01 5.685082310190119406e-03
3.832526519371521090e+01 5.579178672432632755e-03
3.857704530181875668e+01 5.490386972545305451e-03
3.882896255048217427e+01 5.392225348323677683e-03
3.907976684424035341e+01 5.340195527442770720e-03
3.933085588900704010e+01 5.211263628954367587e-03
3.958184533965361140e+01 5.136256530842645517e-03
3.983320492881626507e+01 4.989718593051548599e-03
4.008506787586624398e+01 4.938364314704439366e-03
4.033569471078550350e+01 4.875844494259738877e-03
4.058701345074587863e+01 4.817674423173882309e-03
4.083916815834436420e+01 4.728726257084044093e-03
4.108978611092747713e+01 4.650546888675401690e-03
4.134119394692694271e+01 4.561160710778252962e-03
4.159372926482761557e+01 4.473072733793995864e-03
4.184480996230068683e+01 4.418714362004609250e-03
4.209495048714620680e+01 4.361507789849210052e-03
4.234568601474854432e+01 4.257563496461612938e-03
4.259794184898333214e+01 4.232724830587548601e-03
4.284922176444433717e+01 4.131510962502992802e-03
4.309982534096671003e+01 4.082997526983378478e-03
4.335153475414617930e+01 3.996954139328517952e-03
4.360374984514007224e+01 3.939063011994996602e-03
4.385432838732079830e+01 3.899581905325819140e-03
4.410529766549178277e+01 3.813758747605656627e-03
4.435675536456894008e+01 3.748391909738804911e-03
4.460756668584335927e+01 3.735874368455117250e-03
4.485812369927145937e+01 3.632559657769765787e-03
4.510933196139897206e+01 3.598072629409862673e-03
4.536097672816924131e+01 3.562615449530593618e-03
4.561261869099184452e+01 3.474002205885954458e-03
4.586346064304911607e+01 3.432698817243018570e-03
4.611435299895526185e+01 3.359126699247376620e-03
4.636610302009028572e+01 3.298367200374156035e-03
4.661726081402038346e+01 3.266897236416892950e-03
4.686748045926628237e+01 3.272263929910637723e-03
4.712001000143001761e+01 3.201712195465490803e-03
4.737334269293729960e+01 3.157537882370221784e-03
4.762357272554871912e+01 3.134231589260000946e-03
4.787295862859781437e+01 3.078194470120089368e-03
4.812686710231834297e+01 3.047983747495633302e-03
4.837988354528783930e+01 2.926650042352547509e-03
4.862698975964909209e+01 2.933612192978322063e-03
4.887931961662670233e+01 2.854302356269391560e-03
4.913512531690142282e+01 2.794200857574259591e-03
4.938486646957150583e+01 2.838188242920335926e-03
4.963073103205424985e+01 2.758588824012721524e-03
4.988316058859187763e+01 2.734631730382902550e-03
5.013927392651110893e+01 2.659579216308147198e-03
5.038898445289544270e+01 2.698137516861947097e-03
5.063791314200675941e+01 2.602582126715530849e-03
5.089234515763529032e+01 2.591327565070531205e-03
5.114529266359630810e+01 2.511165933233089863e-03
5.138952878242714206e+01 2.430397577008770564e-03
5.163945178601188246e+01 2.509697840665926598e-03
5.190206698624180603e+01 2.398391885437313031e-03
5.215590084722179398e+01 2.468668688926165932e-03
5.238680673191466042e+01 2.360389237556526597e-03
5.263532591009818873e+01 2.277025547151846196e-03
5.290823119436031874e+01 2.289344946883409369e-03
5.316882575050344428e+01 2.240790927939939614e-03
5.338513341050097694e+01 2.256470237260499879e-03
5.363212510227822349e+01 2.159535287269483562e-03
5.391615723351310407e+01 2.188221881686649214e-03
5.419187693011466678e+01 1.934469308654801012e-03
5.439722241285236493e+01 2.170613916927858350e-03
5.462806064877949552e+01 2.341532571963625669e-03
5.491241494336609463e+01 1.972033790045681859e-03
5.519421446932921782e+01 1.909523245145643144e-03
5.543046826972861396e+01 1.787449330859446810e-03
5.561137265256709128e+01 1.926628518719491296e-03
