3.559856489878782115e-01 7.637611165569074956e+02
6.031648866026231293e-01 2.573590625788413604e+02
8.579160745827347778e-01 7.854809235082289831e+01
1.113464310595710716e+00 5.023406209654345389e+01
1.374039914321364408e+00 3.427370909728093551e+01
1.619154704570298309e+00 2.232400162317975401e+01
1.870686673430271840e+00 1.453204467278320777e+01
2.123290040706380832e+00 1.048685609107886130e+01
2.378144976376236119e+00 7.838438989593306871e+00
2.630489925835516996e+00 5.959618349855843711e+00
2.878653162679494670e+00 4.906166765033471933e+00
3.131144366275339319e+00 3.890564562557087935e+00
3.388159578333816313e+00 3.454608531055251230e+00
3.638741848210948149e+00 2.669895400324608925e+00
3.888315910732085268e+00 2.278114597773806871e+00
4.139052155837465996e+00 1.961776369512967966e+00
4.390305777018236988e+00 1.674737354936907785e+00
4.642172339120373081e+00 1.422917353855115419e+00
4.894678666149941293e+00 1.267711963885364446e+00
5.147269052361176378e+00 1.125823868927936067e+00
5.398003206656323272e+00 1.029958741202464667e+00
5.647798235368590269e+00 8.811658612954497150e-01
5.900534302989873581e+00 8.066624516498915876e-01
6.151460297009074374e+00 7.176131835246486457e-01
6.402630176204441526e+00 6.389922625525089606e-01
6.655964674748322096e+00 5.892319980522704448e-01
6.908782583105771202e+00 5.254166714866569388e-01
7.159060853508338873e+00 4.863867141019283524e-01
7.409414762591408632e+00 4.453989085629287414e-01
7.659227149364629561e+00 3.983038144697864658e-01
7.911559474606142395e+00 3.674901951955285018e-01
8.163750941790897997e+00 3.386968697666018491e-01
8.415757210439384295e+00 3.246860982890190095e-01
8.667638839289207198e+00 2.976057442349435145e-01
8.918801124864609520e+00 2.641110702543408850e-01
9.170480108345369530e+00 2.580073500091658034e-01
9.420566033467249412e+00 2.395169843129156539e-01
9.671642335271435797e+00 2.194265784507097306e-01
9.923426157758477473e+00 2.073928331962741345e-01
1.017396902749181820e+01 1.941850251929697346e-01
1.042533700753922155e+01 1.829367858481285580e-01
1.067702948358784276e+01 1.695867744271726540e-01
1.092969337256462303e+01 1.600113274136230335e-01
1.118211872033766419e+01 1.511890875904815801e-01
1.143346516925797296e+01 1.426183992832999181e-01
1.168350508557724687e+01 1.349550784505789969e-01
1.193379937775929100e+01 1.281282077914766560e-01
1.218553055762879112e+01 1.216268110043798867e-01
1.243711650801278878e+01 1.151156997360716638e-01
1.268867268647359303e+01 1.093903060187030735e-01
1.294075027177769144e+01 1.038648337043114878e-01
1.319267287020158363e+01 9.803979156734121680e-02
1.344470571782862756e+01 9.267384002428855072e-02
1.369480150283709641e+01 8.776104507975256153e-02
1.394591277066507828e+01 8.518353726546094851e-02
1.419764645764527167e+01 8.078140415593283719e-02
1.444766774168416212e+01 7.757458696995642167e-02
1.469906835825429070e+01 7.306292937372747820e-02
1.495059118111036511e+01 7.082766756368936989e-02
1.520261612590052991e+01 6.707606711071191496e-02
1.545415944503929495e+01 6.462310040953223034e-02
1.570456072545780124e+01 6.170349087221295437e-02
1.595705800128773966e+01 5.845293969795383598e-02
1.620829297830731619e+01 5.724364456859735301e-02
1.645966591028190962e+01 5.460402915912690447e-02
1.671125708846596325e+01 5.283197489056882384e-02
1.696160259490052624e+01 5.025809338025258310e-02
1.721370276108077135e+01 4.825883347809011709e-02
1.746543424102250341e+01 4.626016860012600179e-02
1.771598473288305442e+01 4.496998313672549707e-02
1.796653767411944003e+01 4.289144082798870827e-02
1.821765658501893270e+01 4.154460709525411438e-02
1.847053788120423334e+01 4.019494097745811290e-02
1.872257696809484173e+01 3.808098481414325109e-02
1.897394097105746269e+01 3.718631625953511266e-02
1.922542454726159988e+01 3.624024888851626325e-02
1.947607703355479103e+01 3.506748038129952477e-02
1.972678839839982601e+01 3.342371533198926215e-02
1.997802698857814363e+01 3.229595296600384913e-02
2.022863620534168660e+01 3.143450973218514521e-02
2.047969598507238231e+01 3.020299655604052197e-02
2.073250439107362553e+01 2.934896481645339270e-02
2.098435855211640089e+01 2.862413796513537875e-02
2.123502923393334640e+01 2.764890391561179370e-02
2.148629411178690773e+01 2.635293997274793312e-02
2.173831825513516591e+01 2.607565027367067523e-02
2.198972260956887226e+01 2.496926869796687459e-02
2.223974971000711420e+01 2.433999066184982726e-02
2.249141870643862973e+01 2.375702051219301045e-02
2.274404614890906373e+01 2.293680899602473441e-02
2.299521835768831579e+01 2.222346376863017225e-02
2.324620084136223852e+01 2.168827858695577052e-02
2.349757798664387209e+01 2.088447461142425160e-02
2.374870488118759937e+01 2.043118469478032509e-02
2.399988781917473091e+01 1.974991193533497461e-02
2.425071646049711305e+01 1.930842781789629883e-02
2.450187830577813841e+01 1.869540715097334563e-02
2.475391093216606109e+01 1.819071204546370696e-02
2.500524226975159792e+01 1.782681298782434406e-02
2.525610980153284402e+01 1.729816873933149105e-02
2.550801425092822328e+01 1.678841508605406763e-02
2.575943113325822864e+01 1.640575556999588139e-02
2.601074166866445125e+01 1.597460961447472530e-02
2.626234447079615464e+01 1.551288713168634537e-02
2.651347712943701751e+01 1.520483423204395390e-02
2.676474177984877656e+01 1.486723022149633380e-02
2.701628079430242479e+01 1.456648197900854355e-02
2.726734205837282232e+01 1.412571146258179144e-02
2.751837013544679422e+01 1.375555397396528365e-02
2.776937726815812724e+01 1.329659744703198636e-02
2.802070160973895341e+01 1.308556614130144437e-02
2.827249982643487058e+01 1.275203948833797049e-02
2.852407603869968966e+01 1.239598719382599586e-02
2.877567300468570721e+01 1.216061648720952702e-02
2.902733523039245256e+01 1.186021642504424267e-02
2.927861073083739996e+01 1.156877938172374762e-02
2.953003196193969160e+01 1.138041317537517340e-02
2.978106336846375157e+01 1.109090073282931535e-02
3.003148440777084716e+01 1.079723168616664002e-02
3.028303386126418673e+01 1.051120220837917750e-02
3.053456493440382857e+01 1.034873834196096964e-02
3.078585183944906944e+01 1.022442237600942883e-02
3.103757946070165730e+01 9.851573420754551613e-03
3.128931656795834826e+01 9.692796772181636392e-03
3.154125974608096428e+01 9.502743658956753006e-03
3.179158626791808828e+01 9.291864874821784831e-03
3.204196438636942190e+01 9.090296937015291193e-03
3.229344668057169798e+01 8.979355252505120608e-03
3.254489998018084407e+01 8.701226066640935231e-03
3.279660140319880668e+01 8.531793204073467515e-03
3.304772754686901237e+01 8.345851398763334469e-03
3.329949953441923327e+01 8.196907548874280899e-03
3.355173249539067371e+01 8.051546140885636194e-03
3.380235474142784824e+01 7.825101543530926101e-03
3.405292218889088218e+01 7.714621029693263972e-03
3.430455901572810262e+01 7.563899952060375645e-03
3.455605119154291316e+01 7.405851187293453070e-03
3.480708698418615654e+01 7.260607166966236495e-03
3.505823042281740243e+01 7.143991371366635069e-03
3.530983122122644602e+01 6.997156769048153320e-03
3.556111974160763367e+01 6.888629035034389732e-03
3.581195885960364933e+01 6.718349597487039207e-03
3.606348577968052638e+01 6.575230542685511596e-03
3.631495136683125935e+01 6.509382224529866243e-03
3.656646781331610185e+01 6.353028330677444775e-03
3.681800948534306173e+01 6.206538469609897135e-03
3.706942350460822411e+01 6.152021505615624594e-03
3.732119977997001570e+01 6.030887364896910831e-03
3.757249197135423202e+01 5.896581765828932085e-03
3.782324055213251057e+01 5.776583452199559113e-03
3.807430609684078604e+01 5.650741321352356107e-03
3.832526519371521090e+01 5.618753086385827947e-03
3.857704530181875668e+01 5.527342708381345095e-03
3.882896255048217427e+01 5.410935800613744101e-03
3.907976684424035341e+01 5.277037000891503932e-03
3.933085588900704010e+01 5.215795027901210489e-03
3.958184533965361140e+01 5.110164494788647926e-03
3.983320492881626507e+01 5.031924839808995034e-03
4.008506787586624398e+01 4.970986137417523695e-03
4.033569471078550350e+01 4.883186258602364646e-03
4.058701345074587863e+01 4.788807992137919523e-03
4.083916815834436420e+01 4.679525118550073755e-03
4.108978611092747713e+01 4.617706854949748217e-03
4.134119394692694271e+01 4.564879106821908943e-03
4.159372926482761557e+01 4.484661043239053860e-03
4.184480996230068683e+01 4.425393750885221744e-03
4.209495048714620680e+01 4.308363199183896756e-03
4.234568601474854432e+01 4.280709710645000041e-03
4.259794184898333214e+01 4.238436635172874306e-03
4.284922176444433717e+01 4.132290322354646717e-03
4.309982534096671003e+01 4.046902658891749979e-03
4.335153475414617930e+01 4.004224109839295449e-03
4.360374984514007224e+01 3.917279156689422795e-03
4.385432838732079830e+01 3.882995947885332921e-03
4.410529766549178277e+01 3.813701346025187306e-03
4.435675536456894008e+01 3.753224250953188235e-03
4.460756668584335927e+01 3.724770172416509966e-03
4.485812369927145937e+01 3.630226363049770654e-03
4.510933196139897206e+01 3.634854459902552536e-03
4.536097672816924131e+01 3.554614321392349577e-03
4.561261869099184452e+01 3.463720291733935613e-03
4.586346064304911607e+01 3.474708546009165795e-03
4.611435299895526185e+01 3.368270220483584980e-03
4.636610302009028572e+01 3.319047122875834824e-03
4.661726081402038346e+01 3.281438563098912787e-03
4.686748045926628237e+01 3.250564302737990116e-03
4.712001000143001761e+01 3.255215686853582362e-03
4.737334269293729960e+01 3.168048092155558056e-03
4.762357272554871912e+01 3.076567224396086018e-03
4.787295862859781437e+01 3.097189750991787179e-03
4.812686710231834297e+01 3.057875537742061212e-03
4.837988354528783930e+01 2.989372667976217864e-03
4.862698975964909209e+01 2.949849322563425670e-03
4.887931961662670233e+01 2.896095154173993890e-03
4.913512531690142282e+01 2.823995403769065642e-03
4.938486646957150583e+01 2.810705527679861759e-03
4.963073103205424985e+01 2.764709158758076307e-03
4.988316058859187763e+01 2.762982890867304170e-03
5.013927392651110893e+01 2.698515238266157960e-03
5.038898445289544270e+01 2.623365317126388416e-03
5.063791314200675941e+01 2.655065122685765482e-03
5.089234515763529032e+01 2.595038158745606102e-03
5.114529266359630810e+01 2.605133793800863944e-03
5.138952878242714206e+01 2.497615390615203716e-03
5.163945178601188246e+01 2.493370665630231450e-03
5.190206698624180603e+01 2.373065206601577583e-03
5.215590084722179398e+01 2.414949128283957677e-03
5.238680673191466042e+01 2.509494544837608324e-03
5.263532591009818873e+01 2.324501855876202460e-03
5.290823119436031874e+01 2.426733075065045254e-03
5.316882575050344428e+01 2.297077145349300104e-03
5.338513341050097694e+01 2.254356571242625579e-03
5.363212510227822349e+01 2.212311825258725731e-03
5.391615723351310407e+01 2.219080406802020466e-03
5.419187693011466678e+01 2.042061777197301271e-03
5.439722241285236493e+01 2.207042409471750549e-03
5.462806064877949552e+01 2.092442603967659652e-03
5.491241494336609463e+01 2.217857399246040036e-03
5.519421446932921782e+01 1.868217114401947692e-03
5.543046826972861396e+01 2.194050971786262478e-03
5.561137265256709128e+01 1.425870456234660383e-03
