3.559856489878782115e-01 8.051430759044785646e+02
6.031648866026231293e-01 1.640898700422355887e+02
8.579160745827347778e-01 1.009651952698596773e+02
1.113464310595710716e+00 4.975998402891434580e+01
1.374039914321364408e+00 3.120393768266805523e+01
1.619154704570298309e+00 2.021667112514752063e+01
1.870686673430271840e+00 1.391742679817828687e+01
2.123290040706380832e+00 9.945824136171658836e+00
2.378144976376236119e+00 7.629180052773346432e+00
2.630489925835516996e+00 6.295761839965325457e+00
2.878653162679494670e+00 4.713385945225152085e+00
3.131144366275339319e+00 3.831860527128983840e+00
3.388159578333816313e+00 3.201038270701467958e+00
3.638741848210948149e+00 2.781179379656685935e+00
3.888315910732085268e+00 2.433388990505843896e+00
4.139052155837465996e+00 2.001306507174448246e+00
4.390305777018236988e+00 1.711443915877334465e+00
4.642172339120373081e+00 1.495704235693538608e+00
4.894678666149941293e+00 1.237750334833572108e+00
5.147269052361176378e+00 1.094521711931930819e+00
5.398003206656323272e+00 1.013727054841260911e+00
5.647798235368590269e+00 9.247545247293408321e-01
5.900534302989873581e+00 7.666978784378744027e-01
6.151460297009074374e+00 7.074242162211682450e-01
6.402630176204441526e+00 6.449491635964172964e-01
6.655964674748322096e+00 5.999411870786993672e-01
6.908782583105771202e+00 5.369658688734222363e-01
7.159060853508338873e+00 4.820860435918799536e-01
7.409414762591408632e+00 4.384595906136857235e-01
7.659227149364629561e+00 4.025970386023127179e-01
7.911559474606142395e+00 3.815515537058145612e-01
8.163750941790897997e+00 3.394596079338905170e-01
8.415757210439384295e+00 3.246140031004912108e-01
8.667638839289207198e+00 2.950533344653428758e-01
8.918801124864609520e+00 2.741170587781973089e-01
9.170480108345369530e+00 2.553145266575375660e-01
9.420566033467249412e+00 2.377822023679995456e-01
9.671642335271435797e+00 2.256987258964532894e-01
9.923426157758477473e+00 2.049944394726980479e-01
1.017396902749181820e+01 1.940399601480662095e-01
1.042533700753922155e+01 1.794829220910257317e-01
1.067702948358784276e+01 1.695962401535696107e-01
1.092969337256462303e+01 1.631258536369714074e-01
1.118211872033766419e+01 1.506788636198337639e-01
1.143346516925797296e+01 1.416425580915875726e-01
1.168350508557724687e+01 1.342245591719765097e-01
1.193379937775929100e+01 1.278907362135908998e-01
1.218553055762879112e+01 1.209068920938234232e-01
1.243711650801278878e+01 1.139488503269750486e-01
1.268867268647359303e+01 1.083670903063043839e-01
1.294075027177769144e+01 1.034625672596085483e-01
1.319267287020158363e+01 9.720766318659671001e-02
1.344470571782862756e+01 9.159569447666017494e-02
1.369480150283709641e+01 8.971629933801178458e-02
1.394591277066507828e+01 8.452915706702358867e-02
1.419764645764527167e+01 8.062019037578717351e-02
1.444766774168416212e+01 7.574683217937208668e-02
1.469906835825429070e+01 7.465063166194321753e-02
1.495059118111036511e+01 6.974944609916199079e-02
1.520261612590052991e+01 6.712405849862079776e-02
1.545415944503929495e+01 6.437848652130719052e-02
1.570456072545780124e+01 6.128612412449351010e-02
1.595705800128773966e+01 5.915537744901810252e-02
1.620829297830731619e+01 5.651258229105469988e-02
1.645966591028190962e+01 5.473949743755839731e-02
1.671125708846596325e+01 5.213446968309093377e-02
1.696160259490052624e+01 4.948408088701850005e-02
1.721370276108077135e+01 4.832732065414401673e-02
1.746543424102250341e+01 4.663710897320238330e-02
1.771598473288305442e+01 4.451839082261602881e-02
1.796653767411944003e+01 4.284600044368255117e-02
1.821765658501893270e+01 4.124803972240553840e-02
1.847053788120423334e+01 3.983105981023423586e-02
1.872257696809484173e+01 3.890194861606269261e-02
1.897394097105746269e+01 3.730783167560046409e-02
1.922542454726159988e+01 3.610417155133663347e-02
1.947607703355479103e+01 3.506605219870263801e-02
1.972678839839982601e+01 3.370063821869814791e-02
1.997802698857814363e+01 3.254416928444617274e-02
2.022863620534168660e+01 3.120912293971130069e-02
2.047969598507238231e+01 3.022433981473917133e-02
2.073250439107362553e+01 2.943663291634143753e-02
2.098435855211640089e+01 2.841441291225259291e-02
2.123502923393334640e+01 2.752828108986096409e-02
2.148629411178690773e+01 2.657370795289210746e-02
2.173831825513516591e+01 2.591301477666355796e-02
2.198972260956887226e+01 2.505192527753966752e-02
2.223974971000711420e+01 2.407303109187363538e-02
2.249141870643862973e+01 2.351296924080735484e-02
2.274404614890906373e+01 2.297045172204397606e-02
2.299521835768831579e+01 2.198955039963554695e-02
2.324620084136223852e+01 2.146131291602345129e-02
2.349757798664387209e+01 2.115215313425438531e-02
2.374870488118759937e+01 2.041046901900128024e-02
2.399988781917473091e+01 1.991755422682643314e-02
2.425071646049711305e+01 1.929977836818065964e-02
2.450187830577813841e+01 1.890741257652825760e-02
2.475391093216606109e+01 1.813526336093831612e-02
2.500524226975159792e+01 1.762893659022004775e-02
2.525610980153284402e+01 1.731219858588677399e-02
2.550801425092822328e+01 1.677128385284967077e-02
2.575943113325822864e+01 1.646983677183625969e-02
2.601074166866445125e+01 1.592552575221849870e-02
2.626234447079615464e+01 1.559446677186959035e-02
2.651347712943701751e+01 1.526725848407465766e-02
2.676474177984877656e+01 1.467138634729275859e-02
2.701628079430242479e+01 1.433492311592981204e-02
2.726734205837282232e+01 1.411858184932347771e-02
2.751837013544679422e+01 1.384144794240678954e-02
2.776937726815812724e+01 1.340391581022309583e-02
2.802070160973895341e+01 1.307504238833303960e-02
2.827249982643487058e+01 1.282280262280761918e-02
2.852407603869968966e+01 1.245991935541126798e-02
2.877567300468570721e+01 1.218051519128394294e-02
2.902733523039245256e+01 1.190826074240166482e-02
2.927861073083739996e+01 1.158963056163188343e-02
2.953003196193969160e+01 1.141664020261545440e-02
2.978106336846375157e+01 1.117370583418158050e-02
3.003148440777084716e+01 1.090595290724257621e-02
3.028303386126418673e+01 1.059930997899861428e-02
3.053456493440382857e+01 1.032556723201503990e-02
3.078585183944906944e+01 1.015221207436557346e-02
3.103757946070165730e+01 9.920274159223299235e-03
3.128931656795834826e+01 9.684970105867178949e-03
3.154125974608096428e+01 9.478535960424640597e-03
3.179158626791808828e+01 9.376977851335902697e-03
3.204196438636942190e+01 9.080072972763810271e-03
3.229344668057169798e+01 8.923392556470580161e-03
3.254489998018084407e+01 8.718588864528939095e-03
3.279660140319880668e+01 8.547350054953502252e-03
3.304772754686901237e+01 8.388112697275957111e-03
3.329949953441923327e+01 8.221599529271612222e-03
3.355173249539067371e+01 8.051917197587762573e-03
3.380235474142784824e+01 7.878197929500540750e-03
3.405292218889088218e+01 7.692908325211650182e-03
3.430455901572810262e+01 7.582369497303067044e-03
3.455605119154291316e+01 7.422394780806013288e-03
3.480708698418615654e+01 7.274355133473907851e-03
3.505823042281740243e+01 7.108345090531199145e-03
3.530983122122644602e+01 6.997373720667348154e-03
3.556111974160763367e+01 6.888180393358310158e-03
3.581195885960364933e+01 6.744061240245866583e-03
3.606348577968052638e+01 6.590347824560791046e-03
3.631495136683125935e+01 6.454300358566551939e-03
3.656646781331610185e+01 6.331925051885433850e-03
3.681800948534306173e+01 6.218673688963498314e-03
3.706942350460822411e+01 6.121005162936041938e-03
3.732119977997001570e+01 6.001553280224091076e-03
3.757249197135423202e+01 5.891700821022165767e-03
3.782324055213251057e+01 5.786134690185552008e-03
3.807430609684078604e+01 5.691454306719516409e-03
3.832526519371521090e+01 5.597860668711777433e-03
3.857704530181875668e+01 5.496774272194233577e-03
3.882896255048217427e+01 5.367456781029403094e-03
3.907976684424035341e+01 5.317428675162080669e-03
3.933085588900704010e+01 5.224790065029388982e-03
3.958184533965361140e+01 5.152810737497155215e-03
3.983320492881626507e+01 5.048977681958538750e-03
4.008506787586624398e+01 4.954054971588224207e-03
4.033569471078550350e+01 4.858826029893897371e-03
4.058701345074587863e+01 4.756898325039800486e-03
4.083916815834436420e+01 4.742282695162635363e-03
4.108978611092747713e+01 4.655997149121331863e-03
4.134119394692694271e+01 4.560672974077867835e-03
4.159372926482761557e+01 4.485961195815029237e-03
4.184480996230068683e+01 4.427815453862551584e-03
4.209495048714620680e+01 4.346388066169812325e-03
4.234568601474854432e+01 4.255451082150657309e-03
4.259794184898333214e+01 4.231523633557883295e-03
4.284922176444433717e+01 4.116593651235115302e-03
4.309982534096671003e+01 4.076855170278794425e-03
4.335153475414617930e+01 3.994613596948215842e-03
4.360374984514007224e+01 3.932914975256617679e-03
4.385432838732079830e+01 3.897257534783656486e-03
4.410529766549178277e+01 3.816860255692909598e-03
4.435675536456894008e+01 3.738567563840179773e-03
4.460756668584335927e+01 3.704437484424292874e-03
4.485812369927145937e+01 3.677363882658326536e-03
4.510933196139897206e+01 3.597212921496891185e-03
4.536097672816924131e+01 3.548263396518211345e-03
4.561261869099184452e+01 3.486606303793085473e-03
4.586346064304911607e+01 3.440226157887116363e-03
4.611435299895526185e+01 3.351365865662039693e-03
4.636610302009028572e+01 3.321217072648183482e-03
4.661726081402038346e+01 3.300009716321160823e-03
4.686748045926628237e+01 3.271086618412878070e-03
4.712001000143001761e+01 3.161754614036206123e-03
4.737334269293729960e+01 3.131402310126153634e-03
4.762357272554871912e+01 3.092427330653620392e-03
4.787295862859781437e+01 3.090519569611969910e-03
4.812686710231834297e+01 3.006756026098094791e-03
4.837988354528783930e+01 2.939075256842314538e-03
4.862698975964909209e+01 2.934518898687646978e-03
4.887931961662670233e+01 2.891137313870684872e-03
4.913512531690142282e+01 2.849930098114944205e-03
4.938486646957150583e+01 2.811712372606542908e-03
4.963073103205424985e+01 2.781205827479014698e-03
4.988316058859187763e+01 2.698151464473713592e-03
5.013927392651110893e+01 2.701682864580956696e-03
5.038898445289544270e+01 2.742946768660977763e-03
5.063791314200675941e+01 2.597828762031650831e-03
5.089234515763529032e+01 2.558531235989715356e-03
5.114529266359630810e+01 2.512545950443782414e-03
5.138952878242714206e+01 2.518172126916053567e-03
5.163945178601188246e+01 2.546392371666173719e-03
5.190206698624180603e+01 2.422602437819389078e-03
5.215590084722179398e+01 2.392964756453839267e-03
5.238680673191466042e+01 2.360058966317726305e-03
5.263532591009818873e+01 2.374644233888064272e-03
5.290823119436031874e+01 2.278544147451358817e-03
5.316882575050344428e+01 2.324473555745117971e-03
5.338513341050097694e+01 2.286822861176384097e-03
5.363212510227822349e+01 2.282745538726845339e-03
5.391615723351310407e+01 2.165830667027936456e-03
5.419187693011466678e+01 2.281285472495580505e-03
5.439722241285236493e+01 2.178475718129190258e-03
5.462806064877949552e+01 2.078427762252364839e-03
5.491241494336609463e+01 2.271762239708884339e-03
5.519421446932921782e+01 2.301086795031437315e-03
5.543046826972861396e+01 1.563865445758227859e-03
5.561137265256709128e+01 1.280752371767772185e-03
