3.559856489878782115e-01 4.826221286718009083e+02
6.031648866026231293e-01 1.893732698984486547e+02
8.579160745827347778e-01 7.321135939661218117e+01
1.113464310595710716e+00 5.517029688313763103e+01
1.374039914321364408e+00 3.209815820635580508e+01
1.619154704570298309e+00 2.055499885128051929e+01
1.870686673430271840e+00 1.571143425122562576e+01
2.123290040706380832e+00 1.067735285058565253e+01
2.378144976376236119e+00 8.364467347791569196e+00
2.630489925835516996e+00 6.237800332826362926e+00
2.878653162679494670e+00 4.826957519757213433e+00
3.131144366275339319e+00 3.924675092625519834e+00
3.388159578333816313e+00 3.435766322786240501e+00
3.638741848210948149e+00 2.651048233541548615e+00
3.888315910732085268e+00 2.260217007003977763e+00
4.139052155837465996e+00 1.934364840920691275e+00
4.390305777018236988e+00 1.580956727509142068e+00
4.642172339120373081e+00 1.473317159449469393e+00
4.894678666149941293e+00 1.271770300279976507e+00
5.147269052361176378e+00 1.160508992248536764e+00
5.398003206656323272e+00 1.024834069410774928e+00
5.647798235368590269e+00 8.928581950929056488e-01
5.900534302989873581e+00 7.993273317256506250e-01
6.151460297009074374e+00 7.025293035203588055e-01
6.402630176204441526e+00 6.509830648367803674e-01
6.655964674748322096e+00 5.868438934801988305e-01
6.908782583105771202e+00 5.318338572817706833e-01
7.159060853508338873e+00 4.859673696208567373e-01
7.409414762591408632e+00 4.421564331814090143e-01
7.659227149364629561e+00 4.069517964094631624e-01
7.911559474606142395e+00 3.757120966874156753e-01
8.163750941790897997e+00 3.445525371446037655e-01
8.415757210439384295e+00 3.180407259830171918e-01
8.667638839289207198e+00 2.960252435178537533e-01
8.918801124864609520e+00 2.701945705921576235e-01
9.170480108345369530e+00 2.524486672220313532e-01
9.420566033467249412e+00 2.307374038111744963e-01
9.671642335271435797e+00 2.181363250323079261e-01
9.923426157758477473e+00 2.090203571348662193e-01
1.017396902749181820e+01 1.953148190663386019e-01
1.042533700753922155e+01 1.816864554356277250e-01
1.067702948358784276e+01 1.685809888836027060e-01
1.092969337256462303e+01 1.584108549833704582e-01
1.118211872033766419e+01 1.507041380230740302e-01
1.143346516925797296e+01 1.451355463914476840e-01
1.168350508557724687e+01 1.356854870919636524e-01
1.193379937775929100e+01 1.284602642810115658e-01
1.218553055762879112e+01 1.213732438509413092e-01
1.243711650801278878e+01 1.135436680680703830e-01
1.268867268647359303e+01 1.085708133434526990e-01
1.294075027177769144e+01 1.026211339061979116e-01
1.319267287020158363e+01 9.630709768712314434e-02
1.344470571782862756e+01 9.345557268930768102e-02
1.369480150283709641e+01 8.832318377109676932e-02
1.394591277066507828e+01 8.560127716120147223e-02
1.419764645764527167e+01 8.109941008038665244e-02
1.444766774168416212e+01 7.640556560959498034e-02
1.469906835825429070e+01 7.305569508281174740e-02
1.495059118111036511e+01 6.943528795180724245e-02
1.520261612590052991e+01 6.739657480651509158e-02
1.545415944503929495e+01 6.366746098551016864e-02
1.570456072545780124e+01 6.121110267251221593e-02
1.595705800128773966e+01 5.852210112686320048e-02
1.620829297830731619e+01 5.664072246629475726e-02
1.645966591028190962e+01 5.467578518146580524e-02
1.671125708846596325e+01 5.272801593490981237e-02
1.696160259490052624e+01 4.964100308217807289e-02
1.721370276108077135e+01 4.832101431597150137e-02
1.746543424102250341e+01 4.615304810154684245e-02
1.771598473288305442e+01 4.491109500660110665e-02
1.796653767411944003e+01 4.341528790160512075e-02
1.821765658501893270e+01 4.143467863423182934e-02
1.847053788120423334e+01 3.958803184075817411e-02
1.872257696809484173e+01 3.853041736338626289e-02
1.897394097105746269e+01 3.722007753436690214e-02
1.922542454726159988e+01 3.606935922272879597e-02
1.947607703355479103e+01 3.452156319394114603e-02
1.972678839839982601e+01 3.301902658325264750e-02
1.997802698857814363e+01 3.237907984514448029e-02
2.022863620534168660e+01 3.130217622100582575e-02
2.047969598507238231e+01 3.059295615291978201e-02
2.073250439107362553e+01 2.911874584290428947e-02
2.098435855211640089e+01 2.852168243969763553e-02
2.123502923393334640e+01 2.746454826105189720e-02
2.148629411178690773e+01 2.683691912408900024e-02
2.173831825513516591e+01 2.569248110952260938e-02
2.198972260956887226e+01 2.516566727165835821e-02
2.223974971000711420e+01 2.448921544556377852e-02
2.249141870643862973e+01 2.364263001071850376e-02
2.274404614890906373e+01 2.290620772489765714e-02
2.299521835768831579e+01 2.217427720716696332e-02
2.324620084136223852e+01 2.171338177463700767e-02
2.349757798664387209e+01 2.103921124674478990e-02
2.374870488118759937e+01 2.046013827062703391e-02
2.399988781917473091e+01 1.995100816974648000e-02
2.425071646049711305e+01 1.939909686163114599e-02
2.450187830577813841e+01 1.871506650260164675e-02
2.475391093216606109e+01 1.842640817376886564e-02
2.500524226975159792e+01 1.764698390217684168e-02
2.525610980153284402e+01 1.730002305457192455e-02
2.550801425092822328e+01 1.687607042131434448e-02
2.575943113325822864e+01 1.628930559875745726e-02
2.601074166866445125e+01 1.601728483147550619e-02
2.626234447079615464e+01 1.568912075077542184e-02
2.651347712943701751e+01 1.507807081790628334e-02
2.676474177984877656e+01 1.481077647837479930e-02
2.701628079430242479e+01 1.452416311370848152e-02
2.726734205837282232e+01 1.400471882496450056e-02
2.751837013544679422e+01 1.376568093704660586e-02
2.776937726815812724e+01 1.338025609465950949e-02
2.802070160973895341e+01 1.311077330770610457e-02
2.827249982643487058e+01 1.272383571678923145e-02
2.852407603869968966e+01 1.247460492543078954e-02
2.877567300468570721e+01 1.213074480710811358e-02
2.902733523039245256e+01 1.184513873405288950e-02
2.927861073083739996e+01 1.166600899895063430e-02
2.953003196193969160e+01 1.130285579743683586e-02
2.978106336846375157e+01 1.110132545597607330e-02
3.003148440777084716e+01 1.079098853502732935e-02
3.028303386126418673e+01 1.061042200813180382e-02
3.053456493440382857e+01 1.037028509620624948e-02
3.078585183944906944e+01 1.014129745915512588e-02
3.103757946070165730e+01 9.974925497506460445e-03
3.128931656795834826e+01 9.642944827929997645e-03
3.154125974608096428e+01 9.496495444218648607e-03
3.179158626791808828e+01 9.285181671557281996e-03
3.204196438636942190e+01 9.108058237700977430e-03
3.229344668057169798e+01 8.918041236510642483e-03
3.254489998018084407e+01 8.720351534138626876e-03
3.279660140319880668e+01 8.519287448862997505e-03
3.304772754686901237e+01 8.358638998971407164e-03
3.329949953441923327e+01 8.214813333596695036e-03
3.355173249539067371e+01 8.024600993709208457e-03
3.380235474142784824e+01 7.883392322745149533e-03
3.405292218889088218e+01 7.716226730609092831e-03
3.430455901572810262e+01 7.566187475461666825e-03
3.455605119154291316e+01 7.409740813280793134e-03
3.480708698418615654e+01 7.259107022528082584e-03
3.505823042281740243e+01 7.140656748165513483e-03
3.530983122122644602e+01 6.976249817139561216e-03
3.556111974160763367e+01 6.878985720223117044e-03
3.581195885960364933e+01 6.722635254901320780e-03
3.606348577968052638e+01 6.622452883212244686e-03
3.631495136683125935e+01 6.466556458645518306e-03
3.656646781331610185e+01 6.357791703328768279e-03
3.681800948534306173e+01 6.208562253713523216e-03
3.706942350460822411e+01 6.119081315835176761e-03
3.732119977997001570e+01 6.017003130719059643e-03
3.757249197135423202e+01 5.926401245733065384e-03
3.782324055213251057e+01 5.834103856319230140e-03
3.807430609684078604e+01 5.693618766927647373e-03
3.832526519371521090e+01 5.592925844762324655e-03
3.857704530181875668e+01 5.491020722599254840e-03
3.882896255048217427e+01 5.447507442308129229e-03
3.907976684424035341e+01 5.328543746096326902e-03
3.933085588900704010e+01 5.222832778150139979e-03
3.958184533965361140e+01 5.074425714363017120e-03
3.983320492881626507e+01 5.081091321951475281e-03
4.008506787586624398e+01 4.957581107767131123e-03
4.033569471078550350e+01 4.853681534615759095e-03
4.058701345074587863e+01 4.799648386472918880e-03
4.083916815834436420e+01 4.712865709620935907e-03
4.108978611092747713e+01 4.638015339887188379e-03
4.134119394692694271e+01 4.533110180910553816e-03
4.159372926482761557e+01 4.463558308002013933e-03
4.184480996230068683e+01 4.387944414681880373e-03
4.209495048714620680e+01 4.342038625945953377e-03
4.234568601474854432e+01 4.277309724635946706e-03
4.259794184898333214e+01 4.222551376961279634e-03
4.284922176444433717e+01 4.115235110314191883e-03
4.309982534096671003e+01 4.073367121699726298e-03
4.335153475414617930e+01 3.989535544422863345e-03
4.360374984514007224e+01 3.954131616958656524e-03
4.385432838732079830e+01 3.895435353195592174e-03
4.410529766549178277e+01 3.812455127971365459e-03
4.435675536456894008e+01 3.768499142850902789e-03
4.460756668584335927e+01 3.681874829004483027e-03
4.485812369927145937e+01 3.639809607542164507e-03
4.510933196139897206e+01 3.623396200972253244e-03
4.536097672816924131e+01 3.583684340123675493e-03
4.561261869099184452e+01 3.473753532924246396e-03
4.586346064304911607e+01 3.439568177983496917e-03
4.611435299895526185e+01 3.392957264563441298e-03
4.636610302009028572e+01 3.330438029010021183e-03
4.661726081402038346e+01 3.244905065669700332e-03
4.686748045926628237e+01 3.273483731513079052e-03
4.712001000143001761e+01 3.190774710304768950e-03
4.737334269293729960e+01 3.166684835965505491e-03
4.762357272554871912e+01 3.091990234924380052e-03
4.787295862859781437e+01 3.045116994438865510e-03
4.812686710231834297e+01 2.983694963670231563e-03
4.837988354528783930e+01 2.932665416281968196e-03
4.862698975964909209e+01 2.924477316110273787e-03
4.887931961662670233e+01 2.872557561660809416e-03
4.913512531690142282e+01 2.785836507037718537e-03
4.938486646957150583e+01 2.814414944451074964e-03
4.963073103205424985e+01 2.699644653289839068e-03
4.988316058859187763e+01 2.662252497173380524e-03
5.013927392651110893e+01 2.665208821854545430e-03
5.038898445289544270e+01 2.646737254721661433e-03
5.063791314200675941e+01 2.532509991517699170e-03
5.089234515763529032e+01 2.680175506251322032e-03
5.114529266359630810e+01 2.486106552068181180e-03
5.138952878242714206e+01 2.568801033228634151e-03
5.163945178601188246e+01 2.440635292287112509e-03
5.190206698624180603e+01 2.381083945763825312e-03
5.215590084722179398e+01 2.517269563645917196e-03
5.238680673191466042e+01 2.435677566435084842e-03
5.263532591009818873e+01 2.360549869177110474e-03
5.290823119436031874e+01 2.461694310927247005e-03
5.316882575050344428e+01 2.268782811866093888e-03
5.338513341050097694e+01 2.250726367817246915e-03
5.363212510227822349e+01 2.364938245674174169e-03
5.391615723351310407e+01 2.226135416101562240e-03
5.419187693011466678e+01 2.156935945109305502e-03
5.439722241285236493e+01 2.119174930410683538e-03
5.462806064877949552e+01 2.007506996162776447e-03
5.491241494336609463e+01 2.128286300034652138e-03
5.519421446932921782e+01 2.504168885077131569e-03
5.543046826972861396e+01 3.546488955580786358e-03
5.561137265256709128e+01 2.712912622582465665e-03
