3.559856489878782115e-01 7.956952857133843509e+02
6.031648866026231293e-01 2.151619871515744649e+02
8.579160745827347778e-01 8.597330624979305469e+01
1.113464310595710716e+00 4.741601958796417904e+01
1.374039914321364408e+00 3.377139321810493300e+01
1.619154704570298309e+00 1.977110028746625758e+01
1.870686673430271840e+00 1.439217047829950857e+01
2.123290040706380832e+00 1.162410784500795558e+01
2.378144976376236119e+00 8.087999244755083694e+00
2.630489925835516996e+00 6.035844552764060289e+00
2.878653162679494670e+00 4.976435229351976908e+00
3.131144366275339319e+00 4.015442559003094658e+00
3.388159578333816313e+00 3.302426503562108540e+00
3.638741848210948149e+00 2.806596634865913487e+00
3.888315910732085268e+00 2.312269820397404807e+00
4.139052155837465996e+00 1.928092927463731066e+00
4.390305777018236988e+00 1.703531797248087676e+00
4.642172339120373081e+00 1.514154756761834975e+00
4.894678666149941293e+00 1.306083824868772281e+00
5.147269052361176378e+00 1.128129695350616357e+00
5.398003206656323272e+00 1.013834426017789614e+00
5.647798235368590269e+00 8.723793269702280195e-01
5.900534302989873581e+00 8.084681723655358088e-01
6.151460297009074374e+00 7.017201587087186221e-01
6.402630176204441526e+00 6.452245516449685026e-01
6.655964674748322096e+00 5.979668496859310567e-01
6.908782583105771202e+00 5.300727157550227941e-01
7.159060853508338873e+00 4.946621997311107521e-01
7.409414762591408632e+00 4.455361159915754432e-01
7.659227149364629561e+00 4.120755438675240412e-01
7.911559474606142395e+00 3.740191881182599598e-01
8.163750941790897997e+00 3.492530347862932150e-01
8.415757210439384295e+00 3.168799039883278268e-01
8.667638839289207198e+00 2.977749834367393600e-01
8.918801124864609520e+00 2.698854515538245402e-01
9.170480108345369530e+00 2.531794717834193187e-01
9.420566033467249412e+00 2.346342912422102189e-01
9.671642335271435797e+00 2.235276151600315842e-01
9.923426157758477473e+00 2.081232003825203569e-01
1.017396902749181820e+01 1.918959326897312079e-01
1.042533700753922155e+01 1.775476714676420820e-01
1.067702948358784276e+01 1.710721315915055551e-01
1.092969337256462303e+01 1.597858672690980475e-01
1.118211872033766419e+01 1.517127636940408253e-01
1.143346516925797296e+01 1.431859802947773319e-01
1.168350508557724687e+01 1.371112819107687675e-01
1.193379937775929100e+01 1.262577773266893022e-01
1.218553055762879112e+01 1.201811219833797267e-01
1.243711650801278878e+01 1.142903713039249841e-01
1.268867268647359303e+01 1.082426599625352787e-01
1.294075027177769144e+01 1.022642823108302762e-01
1.319267287020158363e+01 9.886817440044055882e-02
1.344470571782862756e+01 9.234064700227100075e-02
1.369480150283709641e+01 8.864037672030766757e-02
1.394591277066507828e+01 8.394520223783068225e-02
1.419764645764527167e+01 8.081659290317663724e-02
1.444766774168416212e+01 7.669131382769174554e-02
1.469906835825429070e+01 7.338596442287037558e-02
1.495059118111036511e+01 7.043978298329205134e-02
1.520261612590052991e+01 6.714573501953523260e-02
1.545415944503929495e+01 6.344467223207950202e-02
1.570456072545780124e+01 6.187501763192634896e-02
1.595705800128773966e+01 5.924532367679771067e-02
1.620829297830731619e+01 5.600559268898201021e-02
1.645966591028190962e+01 5.430437071910396846e-02
1.671125708846596325e+01 5.173665555785192383e-02
1.696160259490052624e+01 5.013703582834765082e-02
1.721370276108077135e+01 4.817990479875305931e-02
1.746543424102250341e+01 4.667062600659389188e-02
1.771598473288305442e+01 4.417527183420821152e-02
1.796653767411944003e+01 4.337602874426891436e-02
1.821765658501893270e+01 4.173345836259632208e-02
1.847053788120423334e+01 4.016403625105847974e-02
1.872257696809484173e+01 3.855439430822597824e-02
1.897394097105746269e+01 3.709991073120796901e-02
1.922542454726159988e+01 3.598605211350578564e-02
1.947607703355479103e+01 3.486882689613537978e-02
1.972678839839982601e+01 3.334636271795939771e-02
1.997802698857814363e+01 3.250779651594903896e-02
2.022863620534168660e+01 3.158671596407578580e-02
2.047969598507238231e+01 3.050778932229764387e-02
2.073250439107362553e+01 2.944584152513822495e-02
2.098435855211640089e+01 2.842848042919290941e-02
2.123502923393334640e+01 2.748138982942571057e-02
2.148629411178690773e+01 2.678206483783495198e-02
2.173831825513516591e+01 2.600887253275688607e-02
2.198972260956887226e+01 2.526034776257848891e-02
2.223974971000711420e+01 2.440362791011700672e-02
2.249141870643862973e+01 2.347653926227630944e-02
2.274404614890906373e+01 2.300119367297301723e-02
2.299521835768831579e+01 2.219828212524310729e-02
2.324620084136223852e+01 2.175519151462326425e-02
2.349757798664387209e+01 2.106802908580967040e-02
2.374870488118759937e+01 2.038756366989169511e-02
2.399988781917473091e+01 1.990588559439192967e-02
2.425071646049711305e+01 1.925536080758004712e-02
2.450187830577813841e+01 1.860970013586812910e-02
2.475391093216606109e+01 1.830518276378589534e-02
2.500524226975159792e+01 1.774644293752343852e-02
2.525610980153284402e+01 1.725133052002189582e-02
2.550801425092822328e+01 1.687588178471644343e-02
2.575943113325822864e+01 1.642608043962188319e-02
2.601074166866445125e+01 1.592064414096547656e-02
2.626234447079615464e+01 1.567846933936752757e-02
2.651347712943701751e+01 1.520467947731068623e-02
2.676474177984877656e+01 1.470171561796630201e-02
2.701628079430242479e+01 1.443701698324219990e-02
2.726734205837282232e+01 1.410122786327259320e-02
2.751837013544679422e+01 1.370589552782813456e-02
2.776937726815812724e+01 1.337889304418965128e-02
2.802070160973895341e+01 1.309711040176316302e-02
2.827249982643487058e+01 1.275007871734400167e-02
2.852407603869968966e+01 1.241954790007102245e-02
2.877567300468570721e+01 1.217295239089215449e-02
2.902733523039245256e+01 1.194700479883232386e-02
2.927861073083739996e+01 1.166328885413156144e-02
2.953003196193969160e+01 1.136066141117507075e-02
2.978106336846375157e+01 1.106390700230692158e-02
3.003148440777084716e+01 1.081630638527140281e-02
3.028303386126418673e+01 1.057147891511006806e-02
3.053456493440382857e+01 1.036161287684904050e-02
3.078585183944906944e+01 1.011904304827843104e-02
3.103757946070165730e+01 9.864794722742490501e-03
3.128931656795834826e+01 9.760957838466298789e-03
3.154125974608096428e+01 9.493468231698186377e-03
3.179158626791808828e+01 9.295196245409729358e-03
3.204196438636942190e+01 9.119386079795456859e-03
3.229344668057169798e+01 8.894050083515089508e-03
3.254489998018084407e+01 8.719057855066150373e-03
3.279660140319880668e+01 8.525187759097377013e-03
3.304772754686901237e+01 8.373043361120182521e-03
3.329949953441923327e+01 8.161803677887118427e-03
3.355173249539067371e+01 8.006905781711063860e-03
3.380235474142784824e+01 7.883727240740242073e-03
3.405292218889088218e+01 7.710116274865723429e-03
3.430455901572810262e+01 7.602054188748043687e-03
3.455605119154291316e+01 7.442900714072910734e-03
3.480708698418615654e+01 7.300964069410897234e-03
3.505823042281740243e+01 7.168969836026664426e-03
3.530983122122644602e+01 7.007982755059200333e-03
3.556111974160763367e+01 6.876355738666701384e-03
3.581195885960364933e+01 6.701830965076462955e-03
3.606348577968052638e+01 6.590909331080400772e-03
3.631495136683125935e+01 6.497588489434473306e-03
3.656646781331610185e+01 6.358003304270509054e-03
3.681800948534306173e+01 6.272870996263420554e-03
3.706942350460822411e+01 6.100404384171084944e-03
3.732119977997001570e+01 6.033939553166647353e-03
3.757249197135423202e+01 5.924132242423290999e-03
3.782324055213251057e+01 5.783260042937208613e-03
3.807430609684078604e+01 5.705853211472091020e-03
3.832526519371521090e+01 5.595243588116451117e-03
3.857704530181875668e+01 5.488127172409261977e-03
3.882896255048217427e+01 5.412668866770488536e-03
3.907976684424035341e+01 5.369247561244170665e-03
3.933085588900704010e+01 5.221653930067496688e-03
3.958184533965361140e+01 5.151829461683028744e-03
3.983320492881626507e+01 5.031045445076614067e-03
4.008506787586624398e+01 4.951220018318052037e-03
4.033569471078550350e+01 4.832927825120177795e-03
4.058701345074587863e+01 4.791342168241523661e-03
4.083916815834436420e+01 4.736192125502884306e-03
4.108978611092747713e+01 4.629591491612352998e-03
4.134119394692694271e+01 4.583874659736576068e-03
4.159372926482761557e+01 4.480628617690184112e-03
4.184480996230068683e+01 4.410912399931523134e-03
4.209495048714620680e+01 4.329749985881571617e-03
4.234568601474854432e+01 4.241447406304205310e-03
4.259794184898333214e+01 4.173709443708296940e-03
4.284922176444433717e+01 4.147276541583933170e-03
4.309982534096671003e+01 4.077806634711136739e-03
4.335153475414617930e+01 4.023478044057487296e-03
4.360374984514007224e+01 3.949581849249780494e-03
4.385432838732079830e+01 3.860265489787981751e-03
4.410529766549178277e+01 3.794646322579875181e-03
4.435675536456894008e+01 3.732403478080206088e-03
4.460756668584335927e+01 3.697614757215309661e-03
4.485812369927145937e+01 3.679288564682986311e-03
4.510933196139897206e+01 3.581050037482286924e-03
4.536097672816924131e+01 3.551483556275623898e-03
4.561261869099184452e+01 3.496043140703593202e-03
4.586346064304911607e+01 3.407256024630704594e-03
4.611435299895526185e+01 3.419074442672666997e-03
4.636610302009028572e+01 3.310247862926513334e-03
4.661726081402038346e+01 3.302788968159117190e-03
4.686748045926628237e+01 3.237480916730089888e-03
4.712001000143001761e+01 3.202461730011125531e-03
4.737334269293729960e+01 3.150874547773381898e-03
4.762357272554871912e+01 3.041643403250104440e-03
4.787295862859781437e+01 3.043230293054850419e-03
4.812686710231834297e+01 3.014573664269900796e-03
4.837988354528783930e+01 2.989895327723211642e-03
4.862698975964909209e+01 2.954240090231824087e-03
4.887931961662670233e+01 2.879023604697881697e-03
4.913512531690142282e+01 2.865629004305883954e-03
4.938486646957150583e+01 2.818421626043047037e-03
4.963073103205424985e+01 2.777781832018609391e-03
4.988316058859187763e+01 2.698271818547146213e-03
5.013927392651110893e+01 2.714675214058147670e-03
5.038898445289544270e+01 2.695111949525491688e-03
5.063791314200675941e+01 2.623221485758286693e-03
5.089234515763529032e+01 2.571483341742830924e-03
5.114529266359630810e+01 2.550279473159351024e-03
5.138952878242714206e+01 2.569262216516838854e-03
5.163945178601188246e+01 2.501716896074045876e-03
5.190206698624180603e+01 2.440609701153047782e-03
5.215590084722179398e+01 2.433010020595377607e-03
5.238680673191466042e+01 2.392052029802658152e-03
5.263532591009818873e+01 2.329651432159151637e-03
5.290823119436031874e+01 2.323364543238446919e-03
5.316882575050344428e+01 2.347923881007243311e-03
5.338513341050097694e+01 2.314521642393309493e-03
5.363212510227822349e+01 2.384864340813412208e-03
5.391615723351310407e+01 2.337628034542930163e-03
5.419187693011466678e+01 2.397383757470104761e-03
5.439722241285236493e+01 2.197674057411107707e-03
5.462806064877949552e+01 2.071803193991748979e-03
5.491241494336609463e+01 2.091689959993035027e-03
5.519421446932921782e+01 2.117996538533028963e-03
5.543046826972861396e+01 2.699017745633330856e-03
5.561137265256709128e+01 1.960837987940155895e-03
