3.559856489878782115e-01 6.223244600938163558e+02
6.031648866026231293e-01 2.624037993592856424e+02
8.579160745827347778e-01 8.807444624845375358e+01
1.113464310595710716e+00 5.783735059860697447e+01
1.374039914321364408e+00 3.320300641339287040e+01
1.619154704570298309e+00 1.905468259188253199e+01
1.870686673430271840e+00 1.335827748094861711e+01
2.123290040706380832e+00 9.597524266459362963e+00
2.378144976376236119e+00 8.251130911387210887e+00
2.630489925835516996e+00 6.072923052543537814e+00
2.878653162679494670e+00 4.943957463646729167e+00
3.131144366275339319e+00 4.052996561375722173e+00
3.388159578333816313e+00 3.174111527958252577e+00
3.638741848210948149e+00 2.884615111118246311e+00
3.888315910732085268e+00 2.240474219296090919e+00
4.139052155837465996e+00 1.952001062508770701e+00
4.390305777018236988e+00 1.678861538759178540e+00
4.642172339120373081e+00 1.447970954937957799e+00
4.894678666149941293e+00 1.305894552526033037e+00
5.147269052361176378e+00 1.132705725356600635e+00
5.398003206656323272e+00 1.021776153018608913e+00
5.647798235368590269e+00 8.882356160901414555e-01
5.900534302989873581e+00 8.176580961122164037e-01
6.151460297009074374e+00 7.251325658893000847e-01
6.402630176204441526e+00 6.607811640513592266e-01
6.655964674748322096e+00 5.825876235834662742e-01
6.908782583105771202e+00 5.392691419784431117e-01
7.159060853508338873e+00 4.795618477436385252e-01
7.409414762591408632e+00 4.342455272197099370e-01
7.659227149364629561e+00 4.049704997277006058e-01
7.911559474606142395e+00 3.741281706217233771e-01
8.163750941790897997e+00 3.458691890105186073e-01
8.415757210439384295e+00 3.115236207204010177e-01
8.667638839289207198e+00 2.990226441565649873e-01
8.918801124864609520e+00 2.754552989791577700e-01
9.170480108345369530e+00 2.558893266127647004e-01
9.420566033467249412e+00 2.377545378990972846e-01
9.671642335271435797e+00 2.200006840987404622e-01
9.923426157758477473e+00 2.086104386130887278e-01
1.017396902749181820e+01 1.938959623650063080e-01
1.042533700753922155e+01 1.775779383734246430e-01
1.067702948358784276e+01 1.710581985315527964e-01
1.092969337256462303e+01 1.611129576691311682e-01
1.118211872033766419e+01 1.535735111853338553e-01
1.143346516925797296e+01 1.449807815402529565e-01
1.168350508557724687e+01 1.351050773864830301e-01
1.193379937775929100e+01 1.277610610776438727e-01
1.218553055762879112e+01 1.190495803492358506e-01
1.243711650801278878e+01 1.151185089804782485e-01
1.268867268647359303e+01 1.088382657117186597e-01
1.294075027177769144e+01 1.034102972335851217e-01
1.319267287020158363e+01 9.916893447473645873e-02
1.344470571782862756e+01 9.305919620313685137e-02
1.369480150283709641e+01 8.850045310592023762e-02
1.394591277066507828e+01 8.501481883461949052e-02
1.419764645764527167e+01 8.057138401363303504e-02
1.444766774168416212e+01 7.717830915782428192e-02
1.469906835825429070e+01 7.309241750396157367e-02
1.495059118111036511e+01 6.997925341946650835e-02
1.520261612590052991e+01 6.682063966291301726e-02
1.545415944503929495e+01 6.403929545402994861e-02
1.570456072545780124e+01 6.160088198803104903e-02
1.595705800128773966e+01 5.862588591640763291e-02
1.620829297830731619e+01 5.650224374775131286e-02
1.645966591028190962e+01 5.398825463948527664e-02
1.671125708846596325e+01 5.147839332698737197e-02
1.696160259490052624e+01 5.035414852065920460e-02
1.721370276108077135e+01 4.865891682625986259e-02
1.746543424102250341e+01 4.671771895830413579e-02
1.771598473288305442e+01 4.483997190785172365e-02
1.796653767411944003e+01 4.280961500644311218e-02
1.821765658501893270e+01 4.146556796219230678e-02
1.847053788120423334e+01 4.022206146229380386e-02
1.872257696809484173e+01 3.843369899047595351e-02
1.897394097105746269e+01 3.733438194262866244e-02
1.922542454726159988e+01 3.579014673345426445e-02
1.947607703355479103e+01 3.464594052069076141e-02
1.972678839839982601e+01 3.323605294126862758e-02
1.997802698857814363e+01 3.261414026964635365e-02
2.022863620534168660e+01 3.116204400355514909e-02
2.047969598507238231e+01 3.016771840520718687e-02
2.073250439107362553e+01 2.939640407476280803e-02
2.098435855211640089e+01 2.856035987782322427e-02
2.123502923393334640e+01 2.761049563009320904e-02
2.148629411178690773e+01 2.681751674020372428e-02
2.173831825513516591e+01 2.586457873503808166e-02
2.198972260956887226e+01 2.492673631341927112e-02
2.223974971000711420e+01 2.427179366075686573e-02
2.249141870643862973e+01 2.366332749081099737e-02
2.274404614890906373e+01 2.289747674902928992e-02
2.299521835768831579e+01 2.227373209205420201e-02
2.324620084136223852e+01 2.146889700073051008e-02
2.349757798664387209e+01 2.106105812957844922e-02
2.374870488118759937e+01 2.064128784384186566e-02
2.399988781917473091e+01 1.976691765461502034e-02
2.425071646049711305e+01 1.932640237542894435e-02
2.450187830577813841e+01 1.894475447991790171e-02
2.475391093216606109e+01 1.824556111846155002e-02
2.500524226975159792e+01 1.780320233315365805e-02
2.525610980153284402e+01 1.729082310676221049e-02
2.550801425092822328e+01 1.687844383235422366e-02
2.575943113325822864e+01 1.637729616075642505e-02
2.601074166866445125e+01 1.592357041556213479e-02
2.626234447079615464e+01 1.561940660891901825e-02
2.651347712943701751e+01 1.513761728368193810e-02
2.676474177984877656e+01 1.486214104445341549e-02
2.701628079430242479e+01 1.444201769575968394e-02
2.726734205837282232e+01 1.404684793835414384e-02
2.751837013544679422e+01 1.378650701532173860e-02
2.776937726815812724e+01 1.341506755012551039e-02
2.802070160973895341e+01 1.308637226007062886e-02
2.827249982643487058e+01 1.276455213779456414e-02
2.852407603869968966e+01 1.246379296272758647e-02
2.877567300468570721e+01 1.218196596147023796e-02
2.902733523039245256e+01 1.193947696309490339e-02
2.927861073083739996e+01 1.169944881479972713e-02
2.953003196193969160e+01 1.136643639746652036e-02
2.978106336846375157e+01 1.109983377343636696e-02
3.003148440777084716e+01 1.086725238225766908e-02
3.028303386126418673e+01 1.058868562035902502e-02
3.053456493440382857e+01 1.040959564694462526e-02
3.078585183944906944e+01 1.010119681707458139e-02
3.103757946070165730e+01 9.888485779310212526e-03
3.128931656795834826e+01 9.672165867270123701e-03
3.154125974608096428e+01 9.474423075411131379e-03
3.179158626791808828e+01 9.296830615522692562e-03
3.204196438636942190e+01 9.084157357642961075e-03
3.229344668057169798e+01 8.880560991441462798e-03
3.254489998018084407e+01 8.709394709837026474e-03
3.279660140319880668e+01 8.511684182046824060e-03
3.304772754686901237e+01 8.402768044896502878e-03
3.329949953441923327e+01 8.209997566643163075e-03
3.355173249539067371e+01 8.003207120681294848e-03
3.380235474142784824e+01 7.832579478802293924e-03
3.405292218889088218e+01 7.754022171783564107e-03
3.430455901572810262e+01 7.509522146778135031e-03
3.455605119154291316e+01 7.460992250560874624e-03
3.480708698418615654e+01 7.308124719165309813e-03
3.505823042281740243e+01 7.114639046907741439e-03
3.530983122122644602e+01 7.021000947403336669e-03
3.556111974160763367e+01 6.820978004094042056e-03
3.581195885960364933e+01 6.708642775955575739e-03
3.606348577968052638e+01 6.628161151684212535e-03
3.631495136683125935e+01 6.467833842819951072e-03
3.656646781331610185e+01 6.367600159647562701e-03
3.681800948534306173e+01 6.269269773273584111e-03
3.706942350460822411e+01 6.137532552352665573e-03
3.732119977997001570e+01 5.995850190348162197e-03
3.757249197135423202e+01 5.918482027402829221e-03
3.782324055213251057e+01 5.802723161498140464e-03
3.807430609684078604e+01 5.690329001836408676e-03
3.832526519371521090e+01 5.583722899453291526e-03
3.857704530181875668e+01 5.541049829366672709e-03
3.882896255048217427e+01 5.396391973655144739e-03
3.907976684424035341e+01 5.305771377674793274e-03
3.933085588900704010e+01 5.233098594473529694e-03
3.958184533965361140e+01 5.152898955656404212e-03
3.983320492881626507e+01 5.058795000258497696e-03
4.008506787586624398e+01 4.944976661768403330e-03
4.033569471078550350e+01 4.875167592562821423e-03
4.058701345074587863e+01 4.779813766560301290e-03
4.083916815834436420e+01 4.675942517743784249e-03
4.108978611092747713e+01 4.601382017181902817e-03
4.134119394692694271e+01 4.546308294086094659e-03
4.159372926482761557e+01 4.474672399439569813e-03
4.184480996230068683e+01 4.425999696080863861e-03
4.209495048714620680e+01 4.347735299897660666e-03
4.234568601474854432e+01 4.236137710586502896e-03
4.259794184898333214e+01 4.220367354329247409e-03
4.284922176444433717e+01 4.173442093517622763e-03
4.309982534096671003e+01 4.084506301899686574e-03
4.335153475414617930e+01 4.022027486976435806e-03
4.360374984514007224e+01 3.922932958289622636e-03
4.385432838732079830e+01 3.855580685820857948e-03
4.410529766549178277e+01 3.805644735201016340e-03
4.435675536456894008e+01 3.750066991412786752e-03
4.460756668584335927e+01 3.676541374431901033e-03
4.485812369927145937e+01 3.643209003238163327e-03
4.510933196139897206e+01 3.592256593734730486e-03
4.536097672816924131e+01 3.537899788648893318e-03
4.561261869099184452e+01 3.504263136493677121e-03
4.586346064304911607e+01 3.410465529992828381e-03
4.611435299895526185e+01 3.322284786731414825e-03
4.636610302009028572e+01 3.261994302544432046e-03
4.661726081402038346e+01 3.285284305362953100e-03
4.686748045926628237e+01 3.208102290167614331e-03
4.712001000143001761e+01 3.176287890735657402e-03
4.737334269293729960e+01 3.182859687257864022e-03
4.762357272554871912e+01 3.110900479509241551e-03
4.787295862859781437e+01 3.038660927121801959e-03
4.812686710231834297e+01 3.001499652105814580e-03
4.837988354528783930e+01 2.959434276254749047e-03
4.862698975964909209e+01 2.878170629895477565e-03
4.887931961662670233e+01 2.923055532387903218e-03
4.913512531690142282e+01 2.819633138829406947e-03
4.938486646957150583e+01 2.823774949659524011e-03
4.963073103205424985e+01 2.770628085370217646e-03
4.988316058859187763e+01 2.734403031525160788e-03
5.013927392651110893e+01 2.658469366357255406e-03
5.038898445289544270e+01 2.689345443949445885e-03
5.063791314200675941e+01 2.698992094043411831e-03
5.089234515763529032e+01 2.541502311677878555e-03
5.114529266359630810e+01 2.540032374688189556e-03
5.138952878242714206e+01 2.535392142862137078e-03
5.163945178601188246e+01 2.511201797352071319e-03
5.190206698624180603e+01 2.411631217723225751e-03
5.215590084722179398e+01 2.301759840075962363e-03
5.238680673191466042e+01 2.325632141079088736e-03
5.263532591009818873e+01 2.326788182417836685e-03
5.290823119436031874e+01 2.290293811933660165e-03
5.316882575050344428e+01 2.276882239908329785e-03
5.338513341050097694e+01 2.349939229099953959e-03
5.363212510227822349e+01 2.329492569185574822e-03
5.391615723351310407e+01 2.185578246448253818e-03
5.419187693011466678e+01 2.183993880386733959e-03
5.439722241285236493e+01 2.036615300479624122e-03
5.462806064877949552e+01 2.115952783937346832e-03
5.491241494336609463e+01 2.303419079443453244e-03
5.519421446932921782e+01 1.883019652391964551e-03
5.543046826972861396e+01 2.275269764445269575e-03
5.561137265256709128e+01 7.393196932009074834e-04
