3.559856489878782115e-01 7.106320392447941003e+02
6.031648866026231293e-01 1.860795543992968817e+02
8.579160745827347778e-01 7.760722694726329962e+01
1.113464310595710716e+00 5.239970675024758151e+01
1.374039914321364408e+00 2.761184512516953049e+01
1.619154704570298309e+00 2.067685839093220679e+01
1.870686673430271840e+00 1.463129015934083377e+01
2.123290040706380832e+00 1.044935318702965610e+01
2.378144976376236119e+00 8.018770786232552794e+00
2.630489925835516996e+00 6.468481637748108248e+00
2.878653162679494670e+00 4.924680437199630667e+00
3.131144366275339319e+00 3.817711250732993999e+00
3.388159578333816313e+00 3.339105906801191903e+00
3.638741848210948149e+00 2.889345952128522743e+00
3.888315910732085268e+00 2.279334726705595227e+00
4.139052155837465996e+00 1.930069317469899515e+00
4.390305777018236988e+00 1.705591537638625033e+00
4.642172339120373081e+00 1.519371250206056345e+00
4.894678666149941293e+00 1.316229296660287984e+00
5.147269052361176378e+00 1.151935294801905707e+00
5.398003206656323272e+00 1.007381432875861682e+00
5.647798235368590269e+00 8.891046978573899917e-01
5.900534302989873581e+00 8.017555348413144545e-01
6.151460297009074374e+00 7.409993329446044052e-01
6.402630176204441526e+00 6.333055029662681967e-01
6.655964674748322096e+00 5.856725528478378129e-01
6.908782583105771202e+00 5.228946730646110153e-01
7.159060853508338873e+00 4.851546994421242487e-01
7.409414762591408632e+00 4.462795115937172041e-01
7.659227149364629561e+00 4.027404043904582731e-01
7.911559474606142395e+00 3.777940985779862926e-01
8.163750941790897997e+00 3.457181490147860914e-01
8.415757210439384295e+00 3.157766071706374356e-01
8.667638839289207198e+00 2.949607586357766431e-01
8.918801124864609520e+00 2.760599174727194072e-01
9.170480108345369530e+00 2.506192464646581630e-01
9.420566033467249412e+00 2.373322527878888311e-01
9.671642335271435797e+00 2.237326240205801398e-01
9.923426157758477473e+00 2.115662244789014990e-01
1.017396902749181820e+01 1.879780934431255768e-01
1.042533700753922155e+01 1.825892465563350442e-01
1.067702948358784276e+01 1.714452068115700223e-01
1.092969337256462303e+01 1.618608837708477854e-01
1.118211872033766419e+01 1.524111747524626026e-01
1.143346516925797296e+01 1.430737496307905865e-01
1.168350508557724687e+01 1.331932487984228142e-01
1.193379937775929100e+01 1.270356911074944639e-01
1.218553055762879112e+01 1.205260893546218071e-01
1.243711650801278878e+01 1.140410577194331671e-01
1.268867268647359303e+01 1.078570406330949805e-01
1.294075027177769144e+01 1.020698522430332350e-01
1.319267287020158363e+01 9.694878749946815588e-02
1.344470571782862756e+01 9.311507904303752137e-02
1.369480150283709641e+01 8.851672705275932806e-02
1.394591277066507828e+01 8.525945997622683126e-02
1.419764645764527167e+01 8.133170544658063772e-02
1.444766774168416212e+01 7.656541688360624098e-02
1.469906835825429070e+01 7.296233624161022058e-02
1.495059118111036511e+01 7.010554413065236967e-02
1.520261612590052991e+01 6.798805138972414952e-02
1.545415944503929495e+01 6.376816485814372493e-02
1.570456072545780124e+01 6.246844740256829454e-02
1.595705800128773966e+01 5.966849274519192559e-02
1.620829297830731619e+01 5.652623130094000525e-02
1.645966591028190962e+01 5.455000997903643178e-02
1.671125708846596325e+01 5.241397427135581488e-02
1.696160259490052624e+01 5.041282529978979160e-02
1.721370276108077135e+01 4.783173933089990976e-02
1.746543424102250341e+01 4.602142720528763081e-02
1.771598473288305442e+01 4.476706002270881141e-02
1.796653767411944003e+01 4.345574029324831417e-02
1.821765658501893270e+01 4.174538590356179774e-02
1.847053788120423334e+01 3.987555305487265611e-02
1.872257696809484173e+01 3.823053927816248698e-02
1.897394097105746269e+01 3.744390579274840120e-02
1.922542454726159988e+01 3.596735212083020800e-02
1.947607703355479103e+01 3.483888658087449380e-02
1.972678839839982601e+01 3.360214156271329466e-02
1.997802698857814363e+01 3.262170618098550468e-02
2.022863620534168660e+01 3.134188885329866614e-02
2.047969598507238231e+01 3.039748546102748888e-02
2.073250439107362553e+01 2.933601879736744480e-02
2.098435855211640089e+01 2.836216348492141479e-02
2.123502923393334640e+01 2.747736258915804350e-02
2.148629411178690773e+01 2.671654193962262613e-02
2.173831825513516591e+01 2.580467137643292774e-02
2.198972260956887226e+01 2.513573231942275651e-02
2.223974971000711420e+01 2.424328818214168541e-02
2.249141870643862973e+01 2.349508544241651203e-02
2.274404614890906373e+01 2.276047306043912921e-02
2.299521835768831579e+01 2.236925540591391814e-02
2.324620084136223852e+01 2.180797971794441389e-02
2.349757798664387209e+01 2.094680077063744428e-02
2.374870488118759937e+01 2.042645307456280451e-02
2.399988781917473091e+01 1.989271220851851485e-02
2.425071646049711305e+01 1.924045601189917909e-02
2.450187830577813841e+01 1.897232459124407328e-02
2.475391093216606109e+01 1.829541284896504805e-02
2.500524226975159792e+01 1.771375804234028364e-02
2.525610980153284402e+01 1.721390373921865766e-02
2.550801425092822328e+01 1.671731714995368726e-02
2.575943113325822864e+01 1.645488620899085430e-02
2.601074166866445125e+01 1.590796625887016744e-02
2.626234447079615464e+01 1.557595274375115670e-02
2.651347712943701751e+01 1.519316631443655939e-02
2.676474177984877656e+01 1.481115313769492542e-02
2.701628079430242479e+01 1.437539917601733143e-02
2.726734205837282232e+01 1.403559167420387506e-02
2.751837013544679422e+01 1.376959288346965050e-02
2.776937726815812724e+01 1.331034643803088828e-02
2.802070160973895341e+01 1.313574486240383365e-02
2.827249982643487058e+01 1.279401990169912531e-02
2.852407603869968966e+01 1.245684609859042287e-02
2.877567300468570721e+01 1.222293261406686739e-02
2.902733523039245256e+01 1.188891335704976050e-02
2.927861073083739996e+01 1.154694987234229295e-02
2.953003196193969160e+01 1.139874265396099637e-02
2.978106336846375157e+01 1.114742978015496010e-02
3.003148440777084716e+01 1.085708211088646721e-02
3.028303386126418673e+01 1.054740020710722391e-02
3.053456493440382857e+01 1.042957758086211252e-02
3.078585183944906944e+01 1.012330952532688316e-02
3.103757946070165730e+01 9.892741034719307325e-03
3.128931656795834826e+01 9.767533505171380540e-03
3.154125974608096428e+01 9.522869353750509566e-03
3.179158626791808828e+01 9.294151713436863901e-03
3.204196438636942190e+01 9.115036432773854919e-03
3.229344668057169798e+01 8.930859228209096778e-03
3.254489998018084407e+01 8.765466068512268311e-03
3.279660140319880668e+01 8.543668928439562132e-03
3.304772754686901237e+01 8.368298830103183816e-03
3.329949953441923327e+01 8.175024566223846809e-03
3.355173249539067371e+01 8.001120711038013644e-03
3.380235474142784824e+01 7.889805366428682271e-03
3.405292218889088218e+01 7.685695836576808895e-03
3.430455901572810262e+01 7.590240364835919122e-03
3.455605119154291316e+01 7.428669948500216461e-03
3.480708698418615654e+01 7.292001928805191824e-03
3.505823042281740243e+01 7.118660243164389410e-03
3.530983122122644602e+01 7.008408833060967257e-03
3.556111974160763367e+01 6.859941764066842390e-03
3.581195885960364933e+01 6.717164021919707663e-03
3.606348577968052638e+01 6.565566116267919881e-03
3.631495136683125935e+01 6.529926253003909623e-03
3.656646781331610185e+01 6.355593263271856232e-03
3.681800948534306173e+01 6.240467812366461836e-03
3.706942350460822411e+01 6.125627097724573034e-03
3.732119977997001570e+01 5.977951208270514995e-03
3.757249197135423202e+01 5.929959399714771102e-03
3.782324055213251057e+01 5.813214098278973209e-03
3.807430609684078604e+01 5.722615903211722768e-03
3.832526519371521090e+01 5.586309677889840855e-03
3.857704530181875668e+01 5.489370592663077829e-03
3.882896255048217427e+01 5.410592093596608421e-03
3.907976684424035341e+01 5.289058359178568959e-03
3.933085588900704010e+01 5.192437633953235661e-03
3.958184533965361140e+01 5.092555206666335432e-03
3.983320492881626507e+01 5.028335695602452471e-03
4.008506787586624398e+01 4.961295303387106351e-03
4.033569471078550350e+01 4.880226022730591376e-03
4.058701345074587863e+01 4.781531882265039127e-03
4.083916815834436420e+01 4.664798292901331175e-03
4.108978611092747713e+01 4.627917779938655815e-03
4.134119394692694271e+01 4.564381151870112140e-03
4.159372926482761557e+01 4.443138938379608514e-03
4.184480996230068683e+01 4.386022357074827009e-03
4.209495048714620680e+01 4.340294243254363450e-03
4.234568601474854432e+01 4.263694559522831877e-03
4.259794184898333214e+01 4.210102774197210102e-03
4.284922176444433717e+01 4.153696514102905336e-03
4.309982534096671003e+01 4.082867083213037596e-03
4.335153475414617930e+01 4.018688746527125134e-03
4.360374984514007224e+01 3.934973297385852518e-03
4.385432838732079830e+01 3.833099177797972493e-03
4.410529766549178277e+01 3.831690569889191836e-03
4.435675536456894008e+01 3.791650867869564116e-03
4.460756668584335927e+01 3.704279620154287724e-03
4.485812369927145937e+01 3.625085770474000251e-03
4.510933196139897206e+01 3.600329004236650296e-03
4.536097672816924131e+01 3.555783979541122554e-03
4.561261869099184452e+01 3.474547854541743062e-03
4.586346064304911607e+01 3.448014654338353580e-03
4.611435299895526185e+01 3.335636535835542066e-03
4.636610302009028572e+01 3.331000532631722775e-03
4.661726081402038346e+01 3.330876629727293290e-03
4.686748045926628237e+01 3.262241499095441116e-03
4.712001000143001761e+01 3.170697803405847157e-03
4.737334269293729960e+01 3.174999311415119350e-03
4.762357272554871912e+01 3.103535986114379103e-03
4.787295862859781437e+01 2.985461744985764936e-03
4.812686710231834297e+01 3.073545477152632519e-03
4.837988354528783930e+01 2.966312153298545761e-03
4.862698975964909209e+01 2.910860001646532660e-03
4.887931961662670233e+01 2.890091926721717608e-03
4.913512531690142282e+01 2.836499570061539778e-03
4.938486646957150583e+01 2.796090453334054531e-03
4.963073103205424985e+01 2.709935571399251820e-03
4.988316058859187763e+01 2.706861551078970727e-03
5.013927392651110893e+01 2.693500641073265367e-03
5.038898445289544270e+01 2.664743168470614862e-03
5.063791314200675941e+01 2.623050501092798800e-03
5.089234515763529032e+01 2.629167414334931344e-03
5.114529266359630810e+01 2.544989902873319616e-03
5.138952878242714206e+01 2.425606970598617827e-03
5.163945178601188246e+01 2.427147157687424041e-03
5.190206698624180603e+01 2.421331461109835735e-03
5.215590084722179398e+01 2.396551974409702034e-03
5.238680673191466042e+01 2.357755804153648192e-03
5.263532591009818873e+01 2.274659372954406129e-03
5.290823119436031874e+01 2.284342580391353003e-03
5.316882575050344428e+01 2.253359664029770323e-03
5.338513341050097694e+01 2.275678741827028354e-03
5.363212510227822349e+01 2.183864374678353652e-03
5.391615723351310407e+01 2.034776644955614815e-03
5.419187693011466678e+01 2.199227344224210980e-03
5.439722241285236493e+01 2.427225486493238358e-03
5.462806064877949552e+01 2.333519050445514997e-03
5.491241494336609463e+01 2.194102677696164669e-03
5.519421446932921782e+01 2.405261861110728847e-03
5.543046826972861396e+01 1.979673001747958051e-03
5.561137265256709128e+01 1.062894860831521291e-03
