3.559856489878782115e-01 6.516944598769491677e+02
6.031648866026231293e-01 1.766747539408833063e+02
8.579160745827347778e-01 9.354182713800817339e+01
1.113464310595710716e+00 5.060891210740679469e+01
1.374039914321364408e+00 2.900844400651818233e+01
1.619154704570298309e+00 1.955937357593887072e+01
1.870686673430271840e+00 1.469199054479674160e+01
2.123290040706380832e+00 1.107871754962410904e+01
2.378144976376236119e+00 7.738405911329166997e+00
2.630489925835516996e+00 6.110499109451730249e+00
2.878653162679494670e+00 5.051265439738505947e+00
3.131144366275339319e+00 3.875934546709400408e+00
3.388159578333816313e+00 3.241136550356128243e+00
3.638741848210948149e+00 2.807600721221223505e+00
3.888315910732085268e+00 2.215692031074965929e+00
4.139052155837465996e+00 1.891284339357111932e+00
4.390305777018236988e+00 1.703966844319471985e+00
4.642172339120373081e+00 1.502435046203789870e+00
4.894678666149941293e+00 1.252486915586338068e+00
5.147269052361176378e+00 1.124497721612679024e+00
5.398003206656323272e+00 1.033919133036992788e+00
5.647798235368590269e+00 8.917650089742082953e-01
5.900534302989873581e+00 7.992823889833041706e-01
6.151460297009074374e+00 7.278934578973937919e-01
6.402630176204441526e+00 6.486692797182684878e-01
6.655964674748322096e+00 5.782233341219644718e-01
6.908782583105771202e+00 5.414691484908270569e-01
7.159060853508338873e+00 4.898319472964862142e-01
7.409414762591408632e+00 4.464144578762488935e-01
7.659227149364629561e+00 4.000168930865233841e-01
7.911559474606142395e+00 3.654459499677584211e-01
8.163750941790897997e+00 3.422324009492175856e-01
8.415757210439384295e+00 3.180025186371039370e-01
8.667638839289207198e+00 2.971836711706755674e-01
8.918801124864609520e+00 2.702468727467904896e-01
9.170480108345369530e+00 2.543462597400786285e-01
9.420566033467249412e+00 2.352382277643311204e-01
9.671642335271435797e+00 2.233399594342442007e-01
9.923426157758477473e+00 2.065624926298079145e-01
1.017396902749181820e+01 1.951200514378663431e-01
1.042533700753922155e+01 1.823669441675655478e-01
1.067702948358784276e+01 1.718861202488516371e-01
1.092969337256462303e+01 1.598361362770015226e-01
1.118211872033766419e+01 1.495137888648466196e-01
1.143346516925797296e+01 1.430074061215314551e-01
1.168350508557724687e+01 1.326655178292327208e-01
1.193379937775929100e+01 1.263780176656267296e-01
1.218553055762879112e+01 1.208948515342331970e-01
1.243711650801278878e+01 1.131758904826947881e-01
1.268867268647359303e+01 1.079195301544099150e-01
1.294075027177769144e+01 1.028648239881283094e-01
1.319267287020158363e+01 9.733789622868040115e-02
1.344470571782862756e+01 9.360590296051754522e-02
1.369480150283709641e+01 8.850123326353986908e-02
1.394591277066507828e+01 8.545117093439871803e-02
1.419764645764527167e+01 8.032372461367437433e-02
1.444766774168416212e+01 7.565877182392956313e-02
1.469906835825429070e+01 7.299440142181637392e-02
1.495059118111036511e+01 6.927361152140298906e-02
1.520261612590052991e+01 6.704589392620846633e-02
1.545415944503929495e+01 6.404204217188023962e-02
1.570456072545780124e+01 6.197057802847110580e-02
1.595705800128773966e+01 5.868679481415964294e-02
1.620829297830731619e+01 5.627644226259474053e-02
1.645966591028190962e+01 5.435897148661601036e-02
1.671125708846596325e+01 5.258980670685173275e-02
1.696160259490052624e+01 5.039755827222649337e-02
1.721370276108077135e+01 4.854585007766647892e-02
1.746543424102250341e+01 4.644916674846735760e-02
1.771598473288305442e+01 4.476312680313680042e-02
1.796653767411944003e+01 4.339344507337100643e-02
1.821765658501893270e+01 4.132820623940609145e-02
1.847053788120423334e+01 3.980172986510548128e-02
1.872257696809484173e+01 3.848606594839649314e-02
1.897394097105746269e+01 3.687084319237684399e-02
1.922542454726159988e+01 3.606530896129649805e-02
1.947607703355479103e+01 3.468625396745327744e-02
1.972678839839982601e+01 3.369211756889853304e-02
1.997802698857814363e+01 3.252094765985359681e-02
2.022863620534168660e+01 3.133859957156013426e-02
2.047969598507238231e+01 3.023573373034132636e-02
2.073250439107362553e+01 2.944185591955681205e-02
2.098435855211640089e+01 2.843274441444376341e-02
2.123502923393334640e+01 2.736428657941733858e-02
2.148629411178690773e+01 2.679229346438817896e-02
2.173831825513516591e+01 2.582501564115772738e-02
2.198972260956887226e+01 2.504093709297114737e-02
2.223974971000711420e+01 2.430943500372844193e-02
2.249141870643862973e+01 2.340990018079639606e-02
2.274404614890906373e+01 2.290202052884573666e-02
2.299521835768831579e+01 2.229192032394809383e-02
2.324620084136223852e+01 2.177530330237150910e-02
2.349757798664387209e+01 2.098615829505307701e-02
2.374870488118759937e+01 2.041409302341582951e-02
2.399988781917473091e+01 1.988080188507784091e-02
2.425071646049711305e+01 1.928391577994559639e-02
2.450187830577813841e+01 1.867951939321165628e-02
2.475391093216606109e+01 1.825743226417105708e-02
2.500524226975159792e+01 1.784916832059304376e-02
2.525610980153284402e+01 1.728995634136883466e-02
2.550801425092822328e+01 1.685076770233264257e-02
2.575943113325822864e+01 1.649702968992445770e-02
2.601074166866445125e+01 1.612837313698876548e-02
2.626234447079615464e+01 1.547238834274252024e-02
2.651347712943701751e+01 1.513228765007627874e-02
2.676474177984877656e+01 1.478109885418490976e-02
2.701628079430242479e+01 1.436091702167285877e-02
2.726734205837282232e+01 1.410700098755957553e-02
2.751837013544679422e+01 1.368595746305939324e-02
2.776937726815812724e+01 1.331829807213674895e-02
2.802070160973895341e+01 1.308496320797558968e-02
2.827249982643487058e+01 1.272401165808512667e-02
2.852407603869968966e+01 1.248725858133462041e-02
2.877567300468570721e+01 1.215662874430249035e-02
2.902733523039245256e+01 1.195178669314364908e-02
2.927861073083739996e+01 1.154790685243860422e-02
2.953003196193969160e+01 1.134467428328446090e-02
2.978106336846375157e+01 1.104098276149778797e-02
3.003148440777084716e+01 1.082809602928389188e-02
3.028303386126418673e+01 1.057681441424226411e-02
3.053456493440382857e+01 1.039384439057824440e-02
3.078585183944906944e+01 1.014938775254292484e-02
3.103757946070165730e+01 9.933490104582094402e-03
3.128931656795834826e+01 9.731368634745244869e-03
3.154125974608096428e+01 9.522802869791770208e-03
3.179158626791808828e+01 9.296061866879480953e-03
3.204196438636942190e+01 9.083851881943664358e-03
3.229344668057169798e+01 8.911876924432014443e-03
3.254489998018084407e+01 8.733681591822301318e-03
3.279660140319880668e+01 8.555642183379749341e-03
3.304772754686901237e+01 8.311751949525823455e-03
3.329949953441923327e+01 8.158424278580461708e-03
3.355173249539067371e+01 8.011409593834123086e-03
3.380235474142784824e+01 7.870688773731426835e-03
3.405292218889088218e+01 7.723930537171712872e-03
3.430455901572810262e+01 7.533045836515074589e-03
3.455605119154291316e+01 7.418816938478971570e-03
3.480708698418615654e+01 7.274729407246651076e-03
3.505823042281740243e+01 7.126506175387146980e-03
3.530983122122644602e+01 7.013378672254710032e-03
3.556111974160763367e+01 6.868914796699876479e-03
3.581195885960364933e+01 6.764289049069081849e-03
3.606348577968052638e+01 6.605237029853707094e-03
3.631495136683125935e+01 6.470535231318504631e-03
3.656646781331610185e+01 6.380358231512780337e-03
3.681800948534306173e+01 6.216661356835830043e-03
3.706942350460822411e+01 6.110156687490433773e-03
3.732119977997001570e+01 6.035429611481447215e-03
3.757249197135423202e+01 5.898525967781793021e-03
3.782324055213251057e+01 5.809904554661334507e-03
3.807430609684078604e+01 5.706040399633723580e-03
3.832526519371521090e+01 5.584773981593292233e-03
3.857704530181875668e+01 5.496532126299006997e-03
3.882896255048217427e+01 5.422346696352792900e-03
3.907976684424035341e+01 5.297513099390935808e-03
3.933085588900704010e+01 5.252561495711926577e-03
3.958184533965361140e+01 5.148652461338379047e-03
3.983320492881626507e+01 5.022556934668547489e-03
4.008506787586624398e+01 4.940442894450474375e-03
4.033569471078550350e+01 4.850384671383193083e-03
4.058701345074587863e+01 4.775365832811391195e-03
4.083916815834436420e+01 4.761200626778058428e-03
4.108978611092747713e+01 4.622104595617322099e-03
4.134119394692694271e+01 4.550448362739580900e-03
4.159372926482761557e+01 4.501402828379528001e-03
4.184480996230068683e+01 4.391711726913546249e-03
4.209495048714620680e+01 4.321068020811293618e-03
4.234568601474854432e+01 4.264354891784008332e-03
4.259794184898333214e+01 4.216851396029607305e-03
4.284922176444433717e+01 4.118657919443014306e-03
4.309982534096671003e+01 4.066787947005816306e-03
4.335153475414617930e+01 4.009302342934135260e-03
4.360374984514007224e+01 3.954978543870140383e-03
4.385432838732079830e+01 3.883847027938939524e-03
4.410529766549178277e+01 3.808505935721082439e-03
4.435675536456894008e+01 3.747046871725643463e-03
4.460756668584335927e+01 3.728698775383136078e-03
4.485812369927145937e+01 3.657820076738370427e-03
4.510933196139897206e+01 3.560316287633767500e-03
4.536097672816924131e+01 3.545770887609916294e-03
4.561261869099184452e+01 3.467135976759671070e-03
4.586346064304911607e+01 3.418713921225793005e-03
4.611435299895526185e+01 3.408243537597705538e-03
4.636610302009028572e+01 3.323419347769600209e-03
4.661726081402038346e+01 3.295654658294049338e-03
4.686748045926628237e+01 3.220078063972151277e-03
4.712001000143001761e+01 3.214930041972425927e-03
4.737334269293729960e+01 3.091682015786528879e-03
4.762357272554871912e+01 3.053859073074682504e-03
4.787295862859781437e+01 3.036419010599542348e-03
4.812686710231834297e+01 3.038369184364304171e-03
4.837988354528783930e+01 3.023164286407757813e-03
4.862698975964909209e+01 2.883752059899894783e-03
4.887931961662670233e+01 2.897442694150577369e-03
4.913512531690142282e+01 2.883236160320791757e-03
4.938486646957150583e+01 2.793720144817442731e-03
4.963073103205424985e+01 2.763319259251073925e-03
4.988316058859187763e+01 2.742878875576402423e-03
5.013927392651110893e+01 2.638412543232795254e-03
5.038898445289544270e+01 2.705442894795858678e-03
5.063791314200675941e+01 2.694914591449667531e-03
5.089234515763529032e+01 2.580262218176113728e-03
5.114529266359630810e+01 2.586170997288135369e-03
5.138952878242714206e+01 2.496732502432878927e-03
5.163945178601188246e+01 2.470205127308155828e-03
5.190206698624180603e+01 2.481776631696887715e-03
5.215590084722179398e+01 2.429290297508016668e-03
5.238680673191466042e+01 2.471036435453142100e-03
5.263532591009818873e+01 2.407063601392926428e-03
5.290823119436031874e+01 2.437619100569199480e-03
5.316882575050344428e+01 2.241586695568946030e-03
5.338513341050097694e+01 2.271172981122801179e-03
5.363212510227822349e+01 2.243210527245743848e-03
5.391615723351310407e+01 2.259662370246189132e-03
5.419187693011466678e+01 2.074841746721270766e-03
5.439722241285236493e+01 2.409429381085504123e-03
5.462806064877949552e+01 1.952647711891500456e-03
5.491241494336609463e+01 1.956272566321705462e-03
5.519421446932921782e+01 1.920704482798622770e-03
5.543046826972861396e+01 1.949915806015118996e-03
5.561137265256709128e+01 1.026136943464567080e-03
