3.559856489878782115e-01 1.217537845013751166e+03
6.031648866026231293e-01 2.704670935401206862e+02
8.579160745827347778e-01 9.391665841032340722e+01
1.113464310595710716e+00 4.912753372128479157e+01
1.374039914321364408e+00 2.972574837806823922e+01
1.619154704570298309e+00 1.972504727966394000e+01
1.870686673430271840e+00 1.494026554943633833e+01
2.123290040706380832e+00 1.017838149259044300e+01
2.378144976376236119e+00 7.543127879282744530e+00
2.630489925835516996e+00 5.929196917778934761e+00
2.878653162679494670e+00 4.837040096941999323e+00
3.131144366275339319e+00 3.845665984247259583e+00
3.388159578333816313e+00 3.331856834179761861e+00
3.638741848210948149e+00 2.749253885085199745e+00
3.888315910732085268e+00 2.384934164807973378e+00
4.139052155837465996e+00 1.888606986185153991e+00
4.390305777018236988e+00 1.679686841709611800e+00
4.642172339120373081e+00 1.381565520432095129e+00
4.894678666149941293e+00 1.297787053864556617e+00
5.147269052361176378e+00 1.150025619479267736e+00
5.398003206656323272e+00 9.982162591511490879e-01
5.647798235368590269e+00 9.129965199921493690e-01
5.900534302989873581e+00 8.076055911508904783e-01
6.151460297009074374e+00 7.077103737432453023e-01
6.402630176204441526e+00 6.582461553512658492e-01
6.655964674748322096e+00 5.824022477759651650e-01
6.908782583105771202e+00 5.138046152843334102e-01
7.159060853508338873e+00 4.963190361070155543e-01
7.409414762591408632e+00 4.342990179725784161e-01
7.659227149364629561e+00 4.151386228768481068e-01
7.911559474606142395e+00 3.736788001608346566e-01
8.163750941790897997e+00 3.435977405246389282e-01
8.415757210439384295e+00 3.196411686665032170e-01
8.667638839289207198e+00 2.965335683677459699e-01
8.918801124864609520e+00 2.728059825338028932e-01
9.170480108345369530e+00 2.531115787219113678e-01
9.420566033467249412e+00 2.367383622683083277e-01
9.671642335271435797e+00 2.224869504593557645e-01
9.923426157758477473e+00 2.085099128402466140e-01
1.017396902749181820e+01 1.928301121799104734e-01
1.042533700753922155e+01 1.863807880826611474e-01
1.067702948358784276e+01 1.703303731443074343e-01
1.092969337256462303e+01 1.607877220755113412e-01
1.118211872033766419e+01 1.522932571695141679e-01
1.143346516925797296e+01 1.441190906779108438e-01
1.168350508557724687e+01 1.307478018207503812e-01
1.193379937775929100e+01 1.286593687755413218e-01
1.218553055762879112e+01 1.214345343751332962e-01
1.243711650801278878e+01 1.150587355762236336e-01
1.268867268647359303e+01 1.095247692488180713e-01
1.294075027177769144e+01 1.032821595181036972e-01
1.319267287020158363e+01 9.838954355447637745e-02
1.344470571782862756e+01 9.276308040695926960e-02
1.369480150283709641e+01 8.883169678295668725e-02
1.394591277066507828e+01 8.480559733944355305e-02
1.419764645764527167e+01 8.166674593974330987e-02
1.444766774168416212e+01 7.734601821766032281e-02
1.469906835825429070e+01 7.371193544471872638e-02
1.495059118111036511e+01 7.039477551332838645e-02
1.520261612590052991e+01 6.779419548178787502e-02
1.545415944503929495e+01 6.449919456067418344e-02
1.570456072545780124e+01 6.137386540511612781e-02
1.595705800128773966e+01 5.946641573138014558e-02
1.620829297830731619e+01 5.637317661546389913e-02
1.645966591028190962e+01 5.465340650560593372e-02
1.671125708846596325e+01 5.278062330996043799e-02
1.696160259490052624e+01 5.011102798181911455e-02
1.721370276108077135e+01 4.825963312324360599e-02
1.746543424102250341e+01 4.645874615134788777e-02
1.771598473288305442e+01 4.501018975963951008e-02
1.796653767411944003e+01 4.340006084927092167e-02
1.821765658501893270e+01 4.126190575572600411e-02
1.847053788120423334e+01 4.009839319305590760e-02
1.872257696809484173e+01 3.867221770872288078e-02
1.897394097105746269e+01 3.702576907679822060e-02
1.922542454726159988e+01 3.609634269951398494e-02
1.947607703355479103e+01 3.479327443519899393e-02
1.972678839839982601e+01 3.358525949779043313e-02
1.997802698857814363e+01 3.252312406517487986e-02
2.022863620534168660e+01 3.125759604285661963e-02
2.047969598507238231e+01 3.025431275106756426e-02
2.073250439107362553e+01 2.957046295134502234e-02
2.098435855211640089e+01 2.843006653145226451e-02
2.123502923393334640e+01 2.752313826884921280e-02
2.148629411178690773e+01 2.670743714313692993e-02
2.173831825513516591e+01 2.574115527687823035e-02
2.198972260956887226e+01 2.480095417090604284e-02
2.223974971000711420e+01 2.448533495106192115e-02
2.249141870643862973e+01 2.354792265931904965e-02
2.274404614890906373e+01 2.281394241644757806e-02
2.299521835768831579e+01 2.210365940242230154e-02
2.324620084136223852e+01 2.160408301423565047e-02
2.349757798664387209e+01 2.101275427104892443e-02
2.374870488118759937e+01 2.046586394270006118e-02
2.399988781917473091e+01 1.994413182191336065e-02
2.425071646049711305e+01 1.931442331335540483e-02
2.450187830577813841e+01 1.879397507729820005e-02
2.475391093216606109e+01 1.826672558509919581e-02
2.500524226975159792e+01 1.770353716218370232e-02
2.525610980153284402e+01 1.733210008366033172e-02
2.550801425092822328e+01 1.681151183867578974e-02
2.575943113325822864e+01 1.635443312103525976e-02
2.601074166866445125e+01 1.590120233731697266e-02
2.626234447079615464e+01 1.555064184519146762e-02
2.651347712943701751e+01 1.527814454201521441e-02
2.676474177984877656e+01 1.472500209723628245e-02
2.701628079430242479e+01 1.441897005072672981e-02
2.726734205837282232e+01 1.410883933876422303e-02
2.751837013544679422e+01 1.371525752962545440e-02
2.776937726815812724e+01 1.342076941567234630e-02
2.802070160973895341e+01 1.316469025187910237e-02
2.827249982643487058e+01 1.281132140912497053e-02
2.852407603869968966e+01 1.248721434548769223e-02
2.877567300468570721e+01 1.222127979999059616e-02
2.902733523039245256e+01 1.189854665564503422e-02
2.927861073083739996e+01 1.162077200877882979e-02
2.953003196193969160e+01 1.134303174973989164e-02
2.978106336846375157e+01 1.113939000292441320e-02
3.003148440777084716e+01 1.093685416836840188e-02
3.028303386126418673e+01 1.056816014411306875e-02
3.053456493440382857e+01 1.038461391169350455e-02
3.078585183944906944e+01 1.017141074902408460e-02
3.103757946070165730e+01 9.905390872060916563e-03
3.128931656795834826e+01 9.699839668592251038e-03
3.154125974608096428e+01 9.473750334583383101e-03
3.179158626791808828e+01 9.269886735661370114e-03
3.204196438636942190e+01 9.134363781570106755e-03
3.229344668057169798e+01 8.951250598037767750e-03
3.254489998018084407e+01 8.742120792770542714e-03
3.279660140319880668e+01 8.506353048964349420e-03
3.304772754686901237e+01 8.355446774976208954e-03
3.329949953441923327e+01 8.117691813359131578e-03
3.355173249539067371e+01 8.045331840143136667e-03
3.380235474142784824e+01 7.864250740748797083e-03
3.405292218889088218e+01 7.677648085268540083e-03
3.430455901572810262e+01 7.565765969417321060e-03
3.455605119154291316e+01 7.407669546951356140e-03
3.480708698418615654e+01 7.280092416454458752e-03
3.505823042281740243e+01 7.123706332762455226e-03
3.530983122122644602e+01 6.997304819205016520e-03
3.556111974160763367e+01 6.864794339398529698e-03
3.581195885960364933e+01 6.754639126735175088e-03
3.606348577968052638e+01 6.567770840938167744e-03
3.631495136683125935e+01 6.498363184734078785e-03
3.656646781331610185e+01 6.343163886025722162e-03
3.681800948534306173e+01 6.256688172769213699e-03
3.706942350460822411e+01 6.133170038763197801e-03
3.732119977997001570e+01 6.006393673581463671e-03
3.757249197135423202e+01 5.879549986896355843e-03
3.782324055213251057e+01 5.785559311035455218e-03
3.807430609684078604e+01 5.689523849265464527e-03
3.832526519371521090e+01 5.614708648251223906e-03
3.857704530181875668e+01 5.497381772561689070e-03
3.882896255048217427e+01 5.390791036847589895e-03
3.907976684424035341e+01 5.310937241895965881e-03
3.933085588900704010e+01 5.205951657591228326e-03
3.958184533965361140e+01 5.112920725464644052e-03
3.983320492881626507e+01 5.033339180742974796e-03
4.008506787586624398e+01 4.922880562327949100e-03
4.033569471078550350e+01 4.885143320571544781e-03
4.058701345074587863e+01 4.770730129255666002e-03
4.083916815834436420e+01 4.730196481866798947e-03
4.108978611092747713e+01 4.631688823791187300e-03
4.134119394692694271e+01 4.562626123145755927e-03
4.159372926482761557e+01 4.465458743272770863e-03
4.184480996230068683e+01 4.398388289928540848e-03
4.209495048714620680e+01 4.350946186935716539e-03
4.234568601474854432e+01 4.243966513504620827e-03
4.259794184898333214e+01 4.179605762604869310e-03
4.284922176444433717e+01 4.063551195105541414e-03
4.309982534096671003e+01 4.073649785270929378e-03
4.335153475414617930e+01 4.029810857566529063e-03
4.360374984514007224e+01 3.942128362747363869e-03
4.385432838732079830e+01 3.870677350195210389e-03
4.410529766549178277e+01 3.814727135843527361e-03
4.435675536456894008e+01 3.746239746046955716e-03
4.460756668584335927e+01 3.697659142919145978e-03
4.485812369927145937e+01 3.635011841118412825e-03
4.510933196139897206e+01 3.568680363134201384e-03
4.536097672816924131e+01 3.516308900900018755e-03
4.561261869099184452e+01 3.467461070176838973e-03
4.586346064304911607e+01 3.437579476116177802e-03
4.611435299895526185e+01 3.407681249642366319e-03
4.636610302009028572e+01 3.343018211711265390e-03
4.661726081402038346e+01 3.301946299626410102e-03
4.686748045926628237e+01 3.211195594963320819e-03
4.712001000143001761e+01 3.195897979066178885e-03
4.737334269293729960e+01 3.155225211377156013e-03
4.762357272554871912e+01 3.106605735559197883e-03
4.787295862859781437e+01 3.034848697637825259e-03
4.812686710231834297e+01 3.049336439381580745e-03
4.837988354528783930e+01 2.966304829847749448e-03
4.862698975964909209e+01 2.940455049071043908e-03
4.887931961662670233e+01 2.872398195435988538e-03
4.913512531690142282e+01 2.808734734587601482e-03
4.938486646957150583e+01 2.769347107700873521e-03
4.963073103205424985e+01 2.766878008528800455e-03
4.988316058859187763e+01 2.706572924572181807e-03
5.013927392651110893e+01 2.664521284034263981e-03
5.038898445289544270e+01 2.647186446250213154e-03
5.063791314200675941e+01 2.676541745065105261e-03
5.089234515763529032e+01 2.543429402154737725e-03
5.114529266359630810e+01 2.586080972442834306e-03
5.138952878242714206e+01 2.557676922416186448e-03
5.163945178601188246e+01 2.489370348189889979e-03
5.190206698624180603e+01 2.514823075592098785e-03
5.215590084722179398e+01 2.452799220787374793e-03
5.238680673191466042e+01 2.339618553410211226e-03
5.263532591009818873e+01 2.350711922162762070e-03
5.290823119436031874e+01 2.375576915061999601e-03
5.316882575050344428e+01 2.330834448489478572e-03
5.338513341050097694e+01 2.290834148232247496e-03
5.363212510227822349e+01 2.140201824332944348e-03
5.391615723351310407e+01 2.243171315248325241e-03
5.419187693011466678e+01 2.124083377559474271e-03
5.439722241285236493e+01 1.946363839487295650e-03
5.462806064877949552e+01 2.395795389582148268e-03
5.491241494336609463e+01 2.236266582452222512e-03
5.519421446932921782e+01 1.894833610309512193e-03
5.543046826972861396e+01 1.888246246235580428e-03
5.561137265256709128e+01 2.252027893526768829e-03
