3.559856489878782115e-01 7.163171232256696612e+02
6.031648866026231293e-01 2.093871415887128080e+02
8.579160745827347778e-01 8.382997386353881097e+01
1.113464310595710716e+00 5.570407956506278424e+01
1.374039914321364408e+00 2.955879339978448783e+01
1.619154704570298309e+00 1.904244238210291940e+01
1.870686673430271840e+00 1.301497600100581309e+01
2.123290040706380832e+00 1.111706354680737263e+01
2.378144976376236119e+00 7.976746250767001278e+00
2.630489925835516996e+00 6.315882257323524485e+00
2.878653162679494670e+00 4.672997215086347467e+00
3.131144366275339319e+00 3.856026057201550561e+00
3.388159578333816313e+00 3.332718781173397371e+00
3.638741848210948149e+00 2.836558887347175428e+00
3.888315910732085268e+00 2.428523861537230211e+00
4.139052155837465996e+00 1.930594579189257809e+00
4.390305777018236988e+00 1.680714868193814215e+00
4.642172339120373081e+00 1.510576875886333381e+00
4.894678666149941293e+00 1.331533950817520351e+00
5.147269052361176378e+00 1.112140401870985063e+00
5.398003206656323272e+00 9.946462924587219367e-01
5.647798235368590269e+00 8.991185188995408639e-01
5.900534302989873581e+00 8.106695009895825699e-01
6.151460297009074374e+00 7.100722085382455973e-01
6.402630176204441526e+00 6.495515056803029541e-01
6.655964674748322096e+00 5.637963570819658488e-01
6.908782583105771202e+00 5.275244442201643125e-01
7.159060853508338873e+00 5.041028290685458657e-01
7.409414762591408632e+00 4.353852097235333396e-01
7.659227149364629561e+00 4.040585442740054489e-01
7.911559474606142395e+00 3.738854402948587063e-01
8.163750941790897997e+00 3.489885430338713346e-01
8.415757210439384295e+00 3.213178763414954453e-01
8.667638839289207198e+00 2.935672659290843867e-01
8.918801124864609520e+00 2.776194701214401150e-01
9.170480108345369530e+00 2.530492239538091326e-01
9.420566033467249412e+00 2.363822992817515567e-01
9.671642335271435797e+00 2.245873032554841497e-01
9.923426157758477473e+00 2.071533885964102761e-01
1.017396902749181820e+01 1.929014040077342562e-01
1.042533700753922155e+01 1.794136801234506029e-01
1.067702948358784276e+01 1.693116299316984597e-01
1.092969337256462303e+01 1.604023927433201324e-01
1.118211872033766419e+01 1.524553905337612814e-01
1.143346516925797296e+01 1.426726816175775958e-01
1.168350508557724687e+01 1.352199118488204288e-01
1.193379937775929100e+01 1.277589221631208471e-01
1.218553055762879112e+01 1.214777956693590261e-01
1.243711650801278878e+01 1.137012132649642543e-01
1.268867268647359303e+01 1.091270634123435446e-01
1.294075027177769144e+01 1.022061604341283209e-01
1.319267287020158363e+01 9.746689235415451069e-02
1.344470571782862756e+01 9.293582490216387160e-02
1.369480150283709641e+01 8.795419570757184724e-02
1.394591277066507828e+01 8.311770500941503825e-02
1.419764645764527167e+01 8.079501701200308972e-02
1.444766774168416212e+01 7.653280555793538775e-02
1.469906835825429070e+01 7.284661903712531805e-02
1.495059118111036511e+01 6.972225611975896298e-02
1.520261612590052991e+01 6.696001186090362600e-02
1.545415944503929495e+01 6.488257519860023137e-02
1.570456072545780124e+01 6.183124713503815317e-02
1.595705800128773966e+01 5.968081336272600124e-02
1.620829297830731619e+01 5.663659086760182426e-02
1.645966591028190962e+01 5.479593707045637974e-02
1.671125708846596325e+01 5.223906065152589262e-02
1.696160259490052624e+01 5.004080339840989711e-02
1.721370276108077135e+01 4.830157636397466175e-02
1.746543424102250341e+01 4.646315956297037558e-02
1.771598473288305442e+01 4.478931637501294000e-02
1.796653767411944003e+01 4.268640309876762379e-02
1.821765658501893270e+01 4.153412839584312566e-02
1.847053788120423334e+01 3.989685536815319039e-02
1.872257696809484173e+01 3.877609900285580030e-02
1.897394097105746269e+01 3.735637271073156962e-02
1.922542454726159988e+01 3.607686029383837950e-02
1.947607703355479103e+01 3.471589827987232174e-02
1.972678839839982601e+01 3.363523701041242625e-02
1.997802698857814363e+01 3.275581403606826064e-02
2.022863620534168660e+01 3.117978037648778261e-02
2.047969598507238231e+01 3.039256596491780177e-02
2.073250439107362553e+01 2.942503736757429156e-02
2.098435855211640089e+01 2.843406000409163387e-02
2.123502923393334640e+01 2.785941863313488864e-02
2.148629411178690773e+01 2.670393185825145621e-02
2.173831825513516591e+01 2.574366860269975896e-02
2.198972260956887226e+01 2.495227928691683486e-02
2.223974971000711420e+01 2.437567300454029223e-02
2.249141870643862973e+01 2.366744457483465486e-02
2.274404614890906373e+01 2.281566654597999913e-02
2.299521835768831579e+01 2.240227980094936650e-02
2.324620084136223852e+01 2.164889008115944077e-02
2.349757798664387209e+01 2.095899248845201415e-02
2.374870488118759937e+01 2.041182628829445178e-02
2.399988781917473091e+01 1.969993386886333131e-02
2.425071646049711305e+01 1.924286383133620368e-02
2.450187830577813841e+01 1.878260941529981409e-02
2.475391093216606109e+01 1.825880489501848294e-02
2.500524226975159792e+01 1.778056799304109092e-02
2.525610980153284402e+01 1.738213281360379697e-02
2.550801425092822328e+01 1.688829328170595584e-02
2.575943113325822864e+01 1.652247767255400970e-02
2.601074166866445125e+01 1.601800755621454048e-02
2.626234447079615464e+01 1.551114572273675982e-02
2.651347712943701751e+01 1.519668091773642912e-02
2.676474177984877656e+01 1.478324098890630017e-02
2.701628079430242479e+01 1.440854982689994401e-02
2.726734205837282232e+01 1.405345062592246001e-02
2.751837013544679422e+01 1.371310409395347027e-02
2.776937726815812724e+01 1.337805324201918333e-02
2.802070160973895341e+01 1.307608500960971872e-02
2.827249982643487058e+01 1.280384072479761985e-02
2.852407603869968966e+01 1.249938118431567942e-02
2.877567300468570721e+01 1.218069734534048092e-02
2.902733523039245256e+01 1.185170905018380523e-02
2.927861073083739996e+01 1.157604826675003203e-02
2.953003196193969160e+01 1.133724297845143184e-02
2.978106336846375157e+01 1.105408752243054217e-02
3.003148440777084716e+01 1.082671376167077329e-02
3.028303386126418673e+01 1.061975885978153587e-02
3.053456493440382857e+01 1.036755928687137750e-02
3.078585183944906944e+01 1.008769624322898746e-02
3.103757946070165730e+01 9.937472225978315199e-03
3.128931656795834826e+01 9.667673226893932353e-03
3.154125974608096428e+01 9.484043471835304495e-03
3.179158626791808828e+01 9.221176059075833834e-03
3.204196438636942190e+01 9.131936401553337676e-03
3.229344668057169798e+01 8.921022046460563501e-03
3.254489998018084407e+01 8.753196897984804117e-03
3.279660140319880668e+01 8.569312302255051653e-03
3.304772754686901237e+01 8.338660428018573184e-03
3.329949953441923327e+01 8.181785485511374606e-03
3.355173249539067371e+01 8.015920945107023188e-03
3.380235474142784824e+01 7.872693098761342906e-03
3.405292218889088218e+01 7.735365716300865099e-03
3.430455901572810262e+01 7.561125517046007709e-03
3.455605119154291316e+01 7.384030374837043109e-03
3.480708698418615654e+01 7.297514786249569528e-03
3.505823042281740243e+01 7.112347739081536190e-03
3.530983122122644602e+01 7.008100232001338026e-03
3.556111974160763367e+01 6.874283120492866682e-03
3.581195885960364933e+01 6.729751929464324912e-03
3.606348577968052638e+01 6.580118879130725067e-03
3.631495136683125935e+01 6.505102699915064728e-03
3.656646781331610185e+01 6.414297945555041611e-03
3.681800948534306173e+01 6.265763965374187422e-03
3.706942350460822411e+01 6.112322128672071156e-03
3.732119977997001570e+01 6.045202315824092960e-03
3.757249197135423202e+01 5.941600209355595366e-03
3.782324055213251057e+01 5.797235712508308839e-03
3.807430609684078604e+01 5.719679150650714208e-03
3.832526519371521090e+01 5.647790168465492179e-03
3.857704530181875668e+01 5.492956632683603652e-03
3.882896255048217427e+01 5.350831946559293957e-03
3.907976684424035341e+01 5.320056501471871063e-03
3.933085588900704010e+01 5.195924799939788223e-03
3.958184533965361140e+01 5.154884367421047782e-03
3.983320492881626507e+01 5.053585038671926967e-03
4.008506787586624398e+01 4.963103224047194818e-03
4.033569471078550350e+01 4.884444939413323979e-03
4.058701345074587863e+01 4.810628101983986313e-03
4.083916815834436420e+01 4.715313447111109044e-03
4.108978611092747713e+01 4.645640594577773660e-03
4.134119394692694271e+01 4.576530134576054822e-03
4.159372926482761557e+01 4.489118739760260268e-03
4.184480996230068683e+01 4.398050429628109700e-03
4.209495048714620680e+01 4.343498132561234015e-03
4.234568601474854432e+01 4.303203602667053651e-03
4.259794184898333214e+01 4.207567361945175818e-03
4.284922176444433717e+01 4.108318526777030542e-03
4.309982534096671003e+01 4.082073543681210594e-03
4.335153475414617930e+01 3.999932971765127881e-03
4.360374984514007224e+01 3.922341397935161580e-03
4.385432838732079830e+01 3.877925359049919519e-03
4.410529766549178277e+01 3.817035980204390184e-03
4.435675536456894008e+01 3.775706999142413971e-03
4.460756668584335927e+01 3.696927095928381583e-03
4.485812369927145937e+01 3.630817170067221315e-03
4.510933196139897206e+01 3.570532140617416975e-03
4.536097672816924131e+01 3.561017316963497204e-03
4.561261869099184452e+01 3.496703777480483950e-03
4.586346064304911607e+01 3.471570353082276735e-03
4.611435299895526185e+01 3.381124928347546948e-03
4.636610302009028572e+01 3.331946671077947678e-03
4.661726081402038346e+01 3.254165230664000756e-03
4.686748045926628237e+01 3.223628635872935553e-03
4.712001000143001761e+01 3.145739300527804292e-03
4.737334269293729960e+01 3.153954776972086108e-03
4.762357272554871912e+01 3.102479358103969655e-03
4.787295862859781437e+01 3.042614037243989052e-03
4.812686710231834297e+01 2.990824184961140587e-03
4.837988354528783930e+01 3.013053228049512346e-03
4.862698975964909209e+01 2.947414087943496432e-03
4.887931961662670233e+01 2.899276178929071756e-03
4.913512531690142282e+01 2.805263948077290400e-03
4.938486646957150583e+01 2.765776971445834970e-03
4.963073103205424985e+01 2.752162045279109293e-03
4.988316058859187763e+01 2.748314858103223859e-03
5.013927392651110893e+01 2.673562257227198730e-03
5.038898445289544270e+01 2.627418017121895336e-03
5.063791314200675941e+01 2.555677725403893760e-03
5.089234515763529032e+01 2.637727911684846407e-03
5.114529266359630810e+01 2.536948641370994750e-03
5.138952878242714206e+01 2.527922879280948987e-03
5.163945178601188246e+01 2.482052158359742636e-03
5.190206698624180603e+01 2.492403276677851442e-03
5.215590084722179398e+01 2.424439788427162554e-03
5.238680673191466042e+01 2.356009106595897962e-03
5.263532591009818873e+01 2.455641362914925269e-03
5.290823119436031874e+01 2.321800013359090909e-03
5.316882575050344428e+01 2.339077045574550814e-03
5.338513341050097694e+01 2.298090652396978482e-03
5.363212510227822349e+01 2.148482766451853977e-03
5.391615723351310407e+01 2.148326982030278158e-03
5.419187693011466678e+01 2.120016500269445402e-03
5.439722241285236493e+01 2.131024686186019056e-03
5.462806064877949552e+01 1.927316869254397944e-03
5.491241494336609463e+01 2.065204380557001014e-03
5.519421446932921782e+01 2.220555004212235086e-03
5.543046826972861396e+01 3.551007194727769621e-03
5.561137265256709128e+01 1.849941341907661166e-03
