3.559856489878782115e-01 9.094875043984415015e+02
6.031648866026231293e-01 1.532643314108481434e+02
8.579160745827347778e-01 9.613356760641113397e+01
1.113464310595710716e+00 6.004247048202974923e+01
1.374039914321364408e+00 2.864595723227018098e+01
1.619154704570298309e+00 1.993044531295138100e+01
1.870686673430271840e+00 1.315708378144190327e+01
2.123290040706380832e+00 1.009689840560917773e+01
2.378144976376236119e+00 7.447306901132208168e+00
2.630489925835516996e+00 5.783761743755930773e+00
2.878653162679494670e+00 4.605247393644650522e+00
3.131144366275339319e+00 3.965535336253008580e+00
3.388159578333816313e+00 3.279522050183526272e+00
3.638741848210948149e+00 2.686291191746535745e+00
3.888315910732085268e+00 2.369543809395019629e+00
4.139052155837465996e+00 1.941132719064007972e+00
4.390305777018236988e+00 1.650469181468701585e+00
4.642172339120373081e+00 1.557742736241307435e+00
4.894678666149941293e+00 1.279358358387788774e+00
5.147269052361176378e+00 1.141861331850823502e+00
5.398003206656323272e+00 9.933774320837112093e-01
5.647798235368590269e+00 8.964497931948809395e-01
5.900534302989873581e+00 7.880459492699670720e-01
6.151460297009074374e+00 7.203554013985656868e-01
6.402630176204441526e+00 6.340049237649141300e-01
6.655964674748322096e+00 5.754872983716838863e-01
6.908782583105771202e+00 5.203054790222589876e-01
7.159060853508338873e+00 4.865171095149591340e-01
7.409414762591408632e+00 4.434430693654261013e-01
7.659227149364629561e+00 4.112946634427264714e-01
7.911559474606142395e+00 3.741341014823200695e-01
8.163750941790897997e+00 3.528822841438312707e-01
8.415757210439384295e+00 3.256646612273221830e-01
8.667638839289207198e+00 2.972766761728010687e-01
8.918801124864609520e+00 2.748235684216898678e-01
9.170480108345369530e+00 2.547024535375082555e-01
9.420566033467249412e+00 2.381572137588760796e-01
9.671642335271435797e+00 2.186796452840826521e-01
9.923426157758477473e+00 2.103615561554025293e-01
1.017396902749181820e+01 1.929610313788006348e-01
1.042533700753922155e+01 1.838526727315154263e-01
1.067702948358784276e+01 1.724640024784704628e-01
1.092969337256462303e+01 1.617039363019719678e-01
1.118211872033766419e+01 1.502617589364673434e-01
1.143346516925797296e+01 1.406491919102516586e-01
1.168350508557724687e+01 1.354087724124196646e-01
1.193379937775929100e+01 1.272566848885087198e-01
1.218553055762879112e+01 1.188932256186959191e-01
1.243711650801278878e+01 1.140993024640983289e-01
1.268867268647359303e+01 1.083723913413828233e-01
1.294075027177769144e+01 1.029978659260981644e-01
1.319267287020158363e+01 9.874994355928409795e-02
1.344470571782862756e+01 9.297629179219682460e-02
1.369480150283709641e+01 8.786744922443318062e-02
1.394591277066507828e+01 8.378335632190117566e-02
1.419764645764527167e+01 8.004561715570614189e-02
1.444766774168416212e+01 7.667561191841208712e-02
1.469906835825429070e+01 7.481250874338384038e-02
1.495059118111036511e+01 7.028783642628876061e-02
1.520261612590052991e+01 6.715754672702711758e-02
1.545415944503929495e+01 6.471280413633274942e-02
1.570456072545780124e+01 6.129041000252854338e-02
1.595705800128773966e+01 5.925853819465869837e-02
1.620829297830731619e+01 5.665673416514702132e-02
1.645966591028190962e+01 5.406550751738498778e-02
1.671125708846596325e+01 5.231434442142331165e-02
1.696160259490052624e+01 5.049602513531048498e-02
1.721370276108077135e+01 4.845859454868726296e-02
1.746543424102250341e+01 4.636687860547824419e-02
1.771598473288305442e+01 4.486693747406050176e-02
1.796653767411944003e+01 4.307060162555337302e-02
1.821765658501893270e+01 4.127545280690091134e-02
1.847053788120423334e+01 4.021199595041132641e-02
1.872257696809484173e+01 3.861964835628026171e-02
1.897394097105746269e+01 3.724082085624700472e-02
1.922542454726159988e+01 3.583522183522171167e-02
1.947607703355479103e+01 3.455248542888629537e-02
1.972678839839982601e+01 3.370919385232472310e-02
1.997802698857814363e+01 3.250069823417170434e-02
2.022863620534168660e+01 3.155203666474862972e-02
2.047969598507238231e+01 3.036622030574654893e-02
2.073250439107362553e+01 2.945774831844005792e-02
2.098435855211640089e+01 2.828554180758455217e-02
2.123502923393334640e+01 2.741446555870895654e-02
2.148629411178690773e+01 2.658249068650693145e-02
2.173831825513516591e+01 2.603010004656495027e-02
2.198972260956887226e+01 2.494256410859026912e-02
2.223974971000711420e+01 2.432143773488307237e-02
2.249141870643862973e+01 2.356074806651745068e-02
2.274404614890906373e+01 2.300771880483810927e-02
2.299521835768831579e+01 2.215918574994641885e-02
2.324620084136223852e+01 2.152530008029749156e-02
2.349757798664387209e+01 2.120695338506739872e-02
2.374870488118759937e+01 2.036086414771827099e-02
2.399988781917473091e+01 1.985852484740736196e-02
2.425071646049711305e+01 1.930781335160644541e-02
2.450187830577813841e+01 1.891104744924313255e-02
2.475391093216606109e+01 1.818670039007373035e-02
2.500524226975159792e+01 1.774778170558670432e-02
2.525610980153284402e+01 1.728153041744108498e-02
2.550801425092822328e+01 1.688403203459041060e-02
2.575943113325822864e+01 1.637417770368339645e-02
2.601074166866445125e+01 1.599800522281814158e-02
2.626234447079615464e+01 1.548022271719476546e-02
2.651347712943701751e+01 1.522011409202564565e-02
2.676474177984877656e+01 1.472554647486296227e-02
2.701628079430242479e+01 1.450455506682367217e-02
2.726734205837282232e+01 1.416092994768414388e-02
2.751837013544679422e+01 1.365922135960059500e-02
2.776937726815812724e+01 1.332943833176624716e-02
2.802070160973895341e+01 1.304171876256900869e-02
2.827249982643487058e+01 1.282190483949337788e-02
2.852407603869968966e+01 1.244888806928858178e-02
2.877567300468570721e+01 1.203231420922474919e-02
2.902733523039245256e+01 1.190542878584755458e-02
2.927861073083739996e+01 1.155217144311908653e-02
2.953003196193969160e+01 1.131817081285865084e-02
2.978106336846375157e+01 1.106912982960332054e-02
3.003148440777084716e+01 1.084458560820710654e-02
3.028303386126418673e+01 1.060035797783370759e-02
3.053456493440382857e+01 1.042848891602640021e-02
3.078585183944906944e+01 1.013155799023284821e-02
3.103757946070165730e+01 9.916619418943208031e-03
3.128931656795834826e+01 9.688964635537460762e-03
3.154125974608096428e+01 9.536150846160535918e-03
3.179158626791808828e+01 9.348186044893723803e-03
3.204196438636942190e+01 9.158489279593598834e-03
3.229344668057169798e+01 8.884936133287927099e-03
3.254489998018084407e+01 8.743855295352086568e-03
3.279660140319880668e+01 8.548929629168488392e-03
3.304772754686901237e+01 8.387485010634070093e-03
3.329949953441923327e+01 8.224322890106777403e-03
3.355173249539067371e+01 8.030576087885588771e-03
3.380235474142784824e+01 7.863098430215750834e-03
3.405292218889088218e+01 7.716890044803875574e-03
3.430455901572810262e+01 7.587222434718132388e-03
3.455605119154291316e+01 7.421389463697193080e-03
3.480708698418615654e+01 7.241686141005625361e-03
3.505823042281740243e+01 7.102630033894439740e-03
3.530983122122644602e+01 7.001519300316796056e-03
3.556111974160763367e+01 6.884113855831370914e-03
3.581195885960364933e+01 6.733128081137979698e-03
3.606348577968052638e+01 6.584310161364415222e-03
3.631495136683125935e+01 6.475333212537853420e-03
3.656646781331610185e+01 6.328155699849123336e-03
3.681800948534306173e+01 6.244261304184204817e-03
3.706942350460822411e+01 6.153468952271565033e-03
3.732119977997001570e+01 6.033681920905560082e-03
3.757249197135423202e+01 5.938001905498467917e-03
3.782324055213251057e+01 5.784996781966981333e-03
3.807430609684078604e+01 5.709980468885938673e-03
3.832526519371521090e+01 5.575493178185775972e-03
3.857704530181875668e+01 5.521005433183855809e-03
3.882896255048217427e+01 5.433376588269474110e-03
3.907976684424035341e+01 5.315640444769161553e-03
3.933085588900704010e+01 5.180801597349353645e-03
3.958184533965361140e+01 5.102394584974905868e-03
3.983320492881626507e+01 5.009853640917522923e-03
4.008506787586624398e+01 4.958966742987885173e-03
4.033569471078550350e+01 4.843012859034669625e-03
4.058701345074587863e+01 4.789330479183263010e-03
4.083916815834436420e+01 4.681065120117873860e-03
4.108978611092747713e+01 4.652330468344348206e-03
4.134119394692694271e+01 4.539101136443494770e-03
4.159372926482761557e+01 4.506973798852577026e-03
4.184480996230068683e+01 4.413089168581125002e-03
4.209495048714620680e+01 4.350665939540070831e-03
4.234568601474854432e+01 4.255557789077286240e-03
4.259794184898333214e+01 4.224298713049679660e-03
4.284922176444433717e+01 4.131699109287494814e-03
4.309982534096671003e+01 4.084318951306990624e-03
4.335153475414617930e+01 4.011044247985628627e-03
4.360374984514007224e+01 3.914718143588385296e-03
4.385432838732079830e+01 3.845432540691795780e-03
4.410529766549178277e+01 3.852233831593608691e-03
4.435675536456894008e+01 3.770104195107953915e-03
4.460756668584335927e+01 3.718288383356698965e-03
4.485812369927145937e+01 3.611659439689774743e-03
4.510933196139897206e+01 3.577413543363907895e-03
4.536097672816924131e+01 3.519223513846173653e-03
4.561261869099184452e+01 3.436601926921989750e-03
4.586346064304911607e+01 3.453523943705531264e-03
4.611435299895526185e+01 3.404186431549252080e-03
4.636610302009028572e+01 3.283073354285240969e-03
4.661726081402038346e+01 3.292716655903800676e-03
4.686748045926628237e+01 3.271322479734940260e-03
4.712001000143001761e+01 3.189948320856781424e-03
4.737334269293729960e+01 3.159602211953080591e-03
4.762357272554871912e+01 3.086279346561983904e-03
4.787295862859781437e+01 3.076188493420715844e-03
4.812686710231834297e+01 3.066488131282796726e-03
4.837988354528783930e+01 3.004953661481333561e-03
4.862698975964909209e+01 2.856700617555552914e-03
4.887931961662670233e+01 2.866914850178177345e-03
4.913512531690142282e+01 2.854455356238674510e-03
4.938486646957150583e+01 2.798287025970284080e-03
4.963073103205424985e+01 2.787864028575703576e-03
4.988316058859187763e+01 2.697203864876414857e-03
5.013927392651110893e+01 2.654183591064968734e-03
5.038898445289544270e+01 2.666563624812418650e-03
5.063791314200675941e+01 2.574533883758383691e-03
5.089234515763529032e+01 2.575185324223415711e-03
5.114529266359630810e+01 2.461798663133892267e-03
5.138952878242714206e+01 2.466627723628821676e-03
5.163945178601188246e+01 2.462793308012632774e-03
5.190206698624180603e+01 2.368285194991186313e-03
5.215590084722179398e+01 2.383862413053110859e-03
5.238680673191466042e+01 2.388400211313374943e-03
5.263532591009818873e+01 2.273578261576431146e-03
5.290823119436031874e+01 2.467283836942759257e-03
5.316882575050344428e+01 2.380649702773043625e-03
5.338513341050097694e+01 2.152954442885981253e-03
5.363212510227822349e+01 2.144081863617927110e-03
5.391615723351310407e+01 2.277593913017116403e-03
5.419187693011466678e+01 2.067759704596941299e-03
5.439722241285236493e+01 2.246530344581806719e-03
5.462806064877949552e+01 1.890500334666793880e-03
5.491241494336609463e+01 2.303196430523730791e-03
5.519421446932921782e+01 2.100453874572591820e-03
5.543046826972861396e+01 2.688069383889307024e-03
5.561137265256709128e+01 2.006973273772456965e-03
