3.559856489878782115e-01 9.518469970385092438e+02
6.031648866026231293e-01 2.360295782352517335e+02
8.579160745827347778e-01 1.072925129444228816e+02
1.113464310595710716e+00 5.208549694923910067e+01
1.374039914321364408e+00 2.969412255074450258e+01
1.619154704570298309e+00 2.137275357376392293e+01
1.870686673430271840e+00 1.356153782094814630e+01
2.123290040706380832e+00 1.026600742699834612e+01
2.378144976376236119e+00 7.707160751317080560e+00
2.630489925835516996e+00 6.322263689716542068e+00
2.878653162679494670e+00 5.038597363175531640e+00
3.131144366275339319e+00 4.164420872505325555e+00
3.388159578333816313e+00 3.250963428107222608e+00
3.638741848210948149e+00 2.717672438565896798e+00
3.888315910732085268e+00 2.121457686153959799e+00
4.139052155837465996e+00 2.020157934490329765e+00
4.390305777018236988e+00 1.670140368195747849e+00
4.642172339120373081e+00 1.463734236270939570e+00
4.894678666149941293e+00 1.309608740243786373e+00
5.147269052361176378e+00 1.138750141297493856e+00
5.398003206656323272e+00 1.020336710358839438e+00
5.647798235368590269e+00 9.024949948376295161e-01
5.900534302989873581e+00 7.981639966919059637e-01
6.151460297009074374e+00 7.158297870620872194e-01
6.402630176204441526e+00 6.577681122429442917e-01
6.655964674748322096e+00 5.878710081556416389e-01
6.908782583105771202e+00 5.285372282229118257e-01
7.159060853508338873e+00 4.957554114273715618e-01
7.409414762591408632e+00 4.410045004992178552e-01
7.659227149364629561e+00 4.016489245714709999e-01
7.911559474606142395e+00 3.721626870241422913e-01
8.163750941790897997e+00 3.369976552179124174e-01
8.415757210439384295e+00 3.167055875929629116e-01
8.667638839289207198e+00 2.978785070142119795e-01
8.918801124864609520e+00 2.740456140767115190e-01
9.170480108345369530e+00 2.537637523276967122e-01
9.420566033467249412e+00 2.344251714014567167e-01
9.671642335271435797e+00 2.216019531414828991e-01
9.923426157758477473e+00 2.057468166339608273e-01
1.017396902749181820e+01 1.927182475490948621e-01
1.042533700753922155e+01 1.796985541138665099e-01
1.067702948358784276e+01 1.719907964081582585e-01
1.092969337256462303e+01 1.621661070182449926e-01
1.118211872033766419e+01 1.511299315909463148e-01
1.143346516925797296e+01 1.427625893228030574e-01
1.168350508557724687e+01 1.338773728366312865e-01
1.193379937775929100e+01 1.279728999396338163e-01
1.218553055762879112e+01 1.214082084421013868e-01
1.243711650801278878e+01 1.155148866666213386e-01
1.268867268647359303e+01 1.078248708746733786e-01
1.294075027177769144e+01 1.027836376234353838e-01
1.319267287020158363e+01 9.783216726512848627e-02
1.344470571782862756e+01 9.208952026781716538e-02
1.369480150283709641e+01 8.851624225803342294e-02
1.394591277066507828e+01 8.405066636996531837e-02
1.419764645764527167e+01 8.069416908758872409e-02
1.444766774168416212e+01 7.721778299912326893e-02
1.469906835825429070e+01 7.345256179511168437e-02
1.495059118111036511e+01 6.981788948771606995e-02
1.520261612590052991e+01 6.690864349980608916e-02
1.545415944503929495e+01 6.393858108496371095e-02
1.570456072545780124e+01 6.139517296172421895e-02
1.595705800128773966e+01 5.925559893890498114e-02
1.620829297830731619e+01 5.734353557367349169e-02
1.645966591028190962e+01 5.472664300978038326e-02
1.671125708846596325e+01 5.229458719444692039e-02
1.696160259490052624e+01 4.999955766773629684e-02
1.721370276108077135e+01 4.805178967843561771e-02
1.746543424102250341e+01 4.680093515774987750e-02
1.771598473288305442e+01 4.459236460805442864e-02
1.796653767411944003e+01 4.354132662998350112e-02
1.821765658501893270e+01 4.170988016657133091e-02
1.847053788120423334e+01 4.009316423875802088e-02
1.872257696809484173e+01 3.860086796415098526e-02
1.897394097105746269e+01 3.696379220502582497e-02
1.922542454726159988e+01 3.578391948092751046e-02
1.947607703355479103e+01 3.471533341754141910e-02
1.972678839839982601e+01 3.350265771238258861e-02
1.997802698857814363e+01 3.240883244144873027e-02
2.022863620534168660e+01 3.131747302054378734e-02
2.047969598507238231e+01 3.009439530049041328e-02
2.073250439107362553e+01 2.924273296682731310e-02
2.098435855211640089e+01 2.854545491231122445e-02
2.123502923393334640e+01 2.763614030322028570e-02
2.148629411178690773e+01 2.666998782858960582e-02
2.173831825513516591e+01 2.606506461497783839e-02
2.198972260956887226e+01 2.524207912968088816e-02
2.223974971000711420e+01 2.445509189811841469e-02
2.249141870643862973e+01 2.375851729656024147e-02
2.274404614890906373e+01 2.279323850309370250e-02
2.299521835768831579e+01 2.245996689139081320e-02
2.324620084136223852e+01 2.158571157543710123e-02
2.349757798664387209e+01 2.104627034079355891e-02
2.374870488118759937e+01 2.040121950954702432e-02
2.399988781917473091e+01 1.990975211444440812e-02
2.425071646049711305e+01 1.929603204756799237e-02
2.450187830577813841e+01 1.863261184892132938e-02
2.475391093216606109e+01 1.826417857791229338e-02
2.500524226975159792e+01 1.771162677775963909e-02
2.525610980153284402e+01 1.734541092251531275e-02
2.550801425092822328e+01 1.693164042573767902e-02
2.575943113325822864e+01 1.639300747731861629e-02
2.601074166866445125e+01 1.594994530585595524e-02
2.626234447079615464e+01 1.564042327239081182e-02
2.651347712943701751e+01 1.516708578324722778e-02
2.676474177984877656e+01 1.475906544928221216e-02
2.701628079430242479e+01 1.444903592723162031e-02
2.726734205837282232e+01 1.407599003915117192e-02
2.751837013544679422e+01 1.369614484468663698e-02
2.776937726815812724e+01 1.336029003357431730e-02
2.802070160973895341e+01 1.313628254581455414e-02
2.827249982643487058e+01 1.275601337565149436e-02
2.852407603869968966e+01 1.240343422268847841e-02
2.877567300468570721e+01 1.229429320567210562e-02
2.902733523039245256e+01 1.181258261679508231e-02
2.927861073083739996e+01 1.160813394386802158e-02
2.953003196193969160e+01 1.139271553935290379e-02
2.978106336846375157e+01 1.107642128045914151e-02
3.003148440777084716e+01 1.083828692261931681e-02
3.028303386126418673e+01 1.063623850353958081e-02
3.053456493440382857e+01 1.036735253497725849e-02
3.078585183944906944e+01 1.013324300785005405e-02
3.103757946070165730e+01 9.877798751586570891e-03
3.128931656795834826e+01 9.707331754633466425e-03
3.154125974608096428e+01 9.498451053683045625e-03
3.179158626791808828e+01 9.267750215845122971e-03
3.204196438636942190e+01 9.113431863724957838e-03
3.229344668057169798e+01 8.923001965989649231e-03
3.254489998018084407e+01 8.748137985557086910e-03
3.279660140319880668e+01 8.544464646058912843e-03
3.304772754686901237e+01 8.377886494969186484e-03
3.329949953441923327e+01 8.193969196562954013e-03
3.355173249539067371e+01 8.032572444415353452e-03
3.380235474142784824e+01 7.860486180065502301e-03
3.405292218889088218e+01 7.714873815282266740e-03
3.430455901572810262e+01 7.568383808314113267e-03
3.455605119154291316e+01 7.479457503593823879e-03
3.480708698418615654e+01 7.245670674162693614e-03
3.505823042281740243e+01 7.137818332824261841e-03
3.530983122122644602e+01 7.003865751845772016e-03
3.556111974160763367e+01 6.865256793237442014e-03
3.581195885960364933e+01 6.752889156203594097e-03
3.606348577968052638e+01 6.616961481443812965e-03
3.631495136683125935e+01 6.478077393901027735e-03
3.656646781331610185e+01 6.354658839813409794e-03
3.681800948534306173e+01 6.253775984634372780e-03
3.706942350460822411e+01 6.121299025091899229e-03
3.732119977997001570e+01 6.013699258357466451e-03
3.757249197135423202e+01 5.928604842544001226e-03
3.782324055213251057e+01 5.791405226533461598e-03
3.807430609684078604e+01 5.725146406422924363e-03
3.832526519371521090e+01 5.605463458430916257e-03
3.857704530181875668e+01 5.482202106359873421e-03
3.882896255048217427e+01 5.439891791147789292e-03
3.907976684424035341e+01 5.293589820370121247e-03
3.933085588900704010e+01 5.210209127515307709e-03
3.958184533965361140e+01 5.116932459882148239e-03
3.983320492881626507e+01 5.032485187721168207e-03
4.008506787586624398e+01 4.970078781000927294e-03
4.033569471078550350e+01 4.899434212051270894e-03
4.058701345074587863e+01 4.794208843812291197e-03
4.083916815834436420e+01 4.689670291201768378e-03
4.108978611092747713e+01 4.651040191529542608e-03
4.134119394692694271e+01 4.588102677056916760e-03
4.159372926482761557e+01 4.457499120263490322e-03
4.184480996230068683e+01 4.392035286341343728e-03
4.209495048714620680e+01 4.326555867121755633e-03
4.234568601474854432e+01 4.249671237770884583e-03
4.259794184898333214e+01 4.213905672335069991e-03
4.284922176444433717e+01 4.103212156268663986e-03
4.309982534096671003e+01 4.066604783795717271e-03
4.335153475414617930e+01 4.015313718989737060e-03
4.360374984514007224e+01 3.937147453368029099e-03
4.385432838732079830e+01 3.879251938371935503e-03
4.410529766549178277e+01 3.828701390641208943e-03
4.435675536456894008e+01 3.733338762478027872e-03
4.460756668584335927e+01 3.687954089124171383e-03
4.485812369927145937e+01 3.629643732829951341e-03
4.510933196139897206e+01 3.596056149511924795e-03
4.536097672816924131e+01 3.561524193329132157e-03
4.561261869099184452e+01 3.466914313344565766e-03
4.586346064304911607e+01 3.404225239338983400e-03
4.611435299895526185e+01 3.354276726309250809e-03
4.636610302009028572e+01 3.356309852209139223e-03
4.661726081402038346e+01 3.321651768323126159e-03
4.686748045926628237e+01 3.227511793333636813e-03
4.712001000143001761e+01 3.167415796033424321e-03
4.737334269293729960e+01 3.155648130536222069e-03
4.762357272554871912e+01 3.138398839448425844e-03
4.787295862859781437e+01 3.108775832599367742e-03
4.812686710231834297e+01 3.049417014998496381e-03
4.837988354528783930e+01 2.960210680490194153e-03
4.862698975964909209e+01 2.923867791205814106e-03
4.887931961662670233e+01 2.860180237163300644e-03
4.913512531690142282e+01 2.881281964395923656e-03
4.938486646957150583e+01 2.807140733346683362e-03
4.963073103205424985e+01 2.759582245801893603e-03
4.988316058859187763e+01 2.680431938136781413e-03
5.013927392651110893e+01 2.686967297116238905e-03
5.038898445289544270e+01 2.633918657852623354e-03
5.063791314200675941e+01 2.633716902728394562e-03
5.089234515763529032e+01 2.592054507880976310e-03
5.114529266359630810e+01 2.542964349079964576e-03
5.138952878242714206e+01 2.560347389793592079e-03
5.163945178601188246e+01 2.406479275176040804e-03
5.190206698624180603e+01 2.436137935180166924e-03
5.215590084722179398e+01 2.457920893930526547e-03
5.238680673191466042e+01 2.242074903643672193e-03
5.263532591009818873e+01 2.380262186585001966e-03
5.290823119436031874e+01 2.355369952714782451e-03
5.316882575050344428e+01 2.284534097729583931e-03
5.338513341050097694e+01 2.189411020912024330e-03
5.363212510227822349e+01 2.193264291543553946e-03
5.391615723351310407e+01 2.015155703987883858e-03
5.419187693011466678e+01 2.075928110110271917e-03
5.439722241285236493e+01 2.037469064507217362e-03
5.462806064877949552e+01 2.066828350930288456e-03
5.491241494336609463e+01 2.076558078921505665e-03
5.519421446932921782e+01 2.147873597630921109e-03
5.543046826972861396e+01 1.965336349091529374e-03
5.561137265256709128e+01 9.090784360265108085e-04
