3.559856489878782115e-01 6.909326802434762840e+02
6.031648866026231293e-01 2.027072929226666815e+02
8.579160745827347778e-01 7.608449003728357241e+01
1.113464310595710716e+00 4.742541143906643697e+01
1.374039914321364408e+00 2.784580349226379425e+01
1.619154704570298309e+00 2.091249446171980964e+01
1.870686673430271840e+00 1.353458530945342453e+01
2.123290040706380832e+00 1.002119339472081627e+01
2.378144976376236119e+00 7.482498351741716291e+00
2.630489925835516996e+00 5.970318404323624151e+00
2.878653162679494670e+00 5.052789035152414954e+00
3.131144366275339319e+00 4.095673428473094901e+00
3.388159578333816313e+00 3.201415646924564928e+00
3.638741848210948149e+00 2.713121217316026623e+00
3.888315910732085268e+00 2.329049190919956214e+00
4.139052155837465996e+00 1.943438334768314624e+00
4.390305777018236988e+00 1.670637555383417405e+00
4.642172339120373081e+00 1.467315715622428574e+00
4.894678666149941293e+00 1.296753572756370376e+00
5.147269052361176378e+00 1.152752303259990230e+00
5.398003206656323272e+00 1.000538325613958168e+00
5.647798235368590269e+00 8.652662523263648930e-01
5.900534302989873581e+00 7.909000773084685632e-01
6.151460297009074374e+00 7.208095024945004869e-01
6.402630176204441526e+00 6.745065585728716728e-01
6.655964674748322096e+00 5.953450317516814083e-01
6.908782583105771202e+00 5.375998741304790496e-01
7.159060853508338873e+00 4.795149563278736093e-01
7.409414762591408632e+00 4.447831341145668804e-01
7.659227149364629561e+00 4.085245581194341113e-01
7.911559474606142395e+00 3.757565335652963134e-01
8.163750941790897997e+00 3.419109811157297063e-01
8.415757210439384295e+00 3.199241411054166151e-01
8.667638839289207198e+00 2.970158081840325037e-01
8.918801124864609520e+00 2.753758932899100786e-01
9.170480108345369530e+00 2.568152006725549219e-01
9.420566033467249412e+00 2.356864728821288502e-01
9.671642335271435797e+00 2.234349663463996438e-01
9.923426157758477473e+00 2.051599295287256930e-01
1.017396902749181820e+01 1.964029512427964419e-01
1.042533700753922155e+01 1.840010498578355524e-01
1.067702948358784276e+01 1.692594343239751109e-01
1.092969337256462303e+01 1.611927930494835848e-01
1.118211872033766419e+01 1.496702937125390653e-01
1.143346516925797296e+01 1.414445388271783899e-01
1.168350508557724687e+01 1.343575962555649261e-01
1.193379937775929100e+01 1.295046654890206483e-01
1.218553055762879112e+01 1.217108272221055915e-01
1.243711650801278878e+01 1.144226303437284459e-01
1.268867268647359303e+01 1.080236196144501448e-01
1.294075027177769144e+01 1.019648539780677043e-01
1.319267287020158363e+01 9.832778147316395545e-02
1.344470571782862756e+01 9.253729260660609190e-02
1.369480150283709641e+01 8.891054207285035982e-02
1.394591277066507828e+01 8.466701531030090822e-02
1.419764645764527167e+01 8.025497026303705927e-02
1.444766774168416212e+01 7.666034353818895752e-02
1.469906835825429070e+01 7.302611378916158691e-02
1.495059118111036511e+01 6.978157036236996846e-02
1.520261612590052991e+01 6.740694026676773143e-02
1.545415944503929495e+01 6.428203972880501549e-02
1.570456072545780124e+01 6.151983165246436430e-02
1.595705800128773966e+01 5.917007488940651677e-02
1.620829297830731619e+01 5.678341501237801209e-02
1.645966591028190962e+01 5.443724181354984981e-02
1.671125708846596325e+01 5.270558778508813852e-02
1.696160259490052624e+01 5.050115200825338463e-02
1.721370276108077135e+01 4.827037747752163654e-02
1.746543424102250341e+01 4.660761881176905819e-02
1.771598473288305442e+01 4.468593400149909606e-02
1.796653767411944003e+01 4.302899628460617881e-02
1.821765658501893270e+01 4.145893005164810047e-02
1.847053788120423334e+01 3.979679288866265485e-02
1.872257696809484173e+01 3.844194690041154161e-02
1.897394097105746269e+01 3.706656849195929387e-02
1.922542454726159988e+01 3.612949396109261385e-02
1.947607703355479103e+01 3.464936932277602744e-02
1.972678839839982601e+01 3.340391733024340032e-02
1.997802698857814363e+01 3.212582202235664958e-02
2.022863620534168660e+01 3.136470839605976640e-02
2.047969598507238231e+01 3.039964928171640102e-02
2.073250439107362553e+01 2.943141495725836929e-02
2.098435855211640089e+01 2.856539753321293146e-02
2.123502923393334640e+01 2.780833584035665926e-02
2.148629411178690773e+01 2.675980203656217957e-02
2.173831825513516591e+01 2.588047955396777580e-02
2.198972260956887226e+01 2.523290484044444712e-02
2.223974971000711420e+01 2.436797996592419621e-02
2.249141870643862973e+01 2.356674200212906592e-02
2.274404614890906373e+01 2.285085858127097400e-02
2.299521835768831579e+01 2.230753109015879213e-02
2.324620084136223852e+01 2.148826934922407755e-02
2.349757798664387209e+01 2.091009562117789392e-02
2.374870488118759937e+01 2.017341476179869766e-02
2.399988781917473091e+01 1.980725891829365759e-02
2.425071646049711305e+01 1.930805332857590817e-02
2.450187830577813841e+01 1.878270610083141237e-02
2.475391093216606109e+01 1.818096203670131056e-02
2.500524226975159792e+01 1.779994158798460166e-02
2.525610980153284402e+01 1.729380220844242352e-02
2.550801425092822328e+01 1.681735251602427261e-02
2.575943113325822864e+01 1.636500037200257218e-02
2.601074166866445125e+01 1.607824097921108433e-02
2.626234447079615464e+01 1.549654953123146515e-02
2.651347712943701751e+01 1.524653570228104611e-02
2.676474177984877656e+01 1.480458464495293912e-02
2.701628079430242479e+01 1.433975848988435116e-02
2.726734205837282232e+01 1.400241354974656599e-02
2.751837013544679422e+01 1.370823253849948360e-02
2.776937726815812724e+01 1.341103310587737213e-02
2.802070160973895341e+01 1.298454739604315566e-02
2.827249982643487058e+01 1.278223292368187332e-02
2.852407603869968966e+01 1.241213866896654847e-02
2.877567300468570721e+01 1.216517180462684325e-02
2.902733523039245256e+01 1.188563413884253898e-02
2.927861073083739996e+01 1.162126377652699348e-02
2.953003196193969160e+01 1.139922833656914145e-02
2.978106336846375157e+01 1.108481064811475333e-02
3.003148440777084716e+01 1.080564259245065870e-02
3.028303386126418673e+01 1.061546474567518807e-02
3.053456493440382857e+01 1.030321247059532049e-02
3.078585183944906944e+01 1.011509982187754238e-02
3.103757946070165730e+01 9.877164747541045467e-03
3.128931656795834826e+01 9.697768697107778460e-03
3.154125974608096428e+01 9.505913279451591591e-03
3.179158626791808828e+01 9.312310975611538463e-03
3.204196438636942190e+01 9.079235473581470650e-03
3.229344668057169798e+01 8.897563789372080548e-03
3.254489998018084407e+01 8.725131766168067043e-03
3.279660140319880668e+01 8.558121113501728980e-03
3.304772754686901237e+01 8.353199335156690983e-03
3.329949953441923327e+01 8.235463960778423992e-03
3.355173249539067371e+01 8.094319834015149470e-03
3.380235474142784824e+01 7.887922046287408270e-03
3.405292218889088218e+01 7.731903305188917580e-03
3.430455901572810262e+01 7.558891939779120717e-03
3.455605119154291316e+01 7.401345763507671295e-03
3.480708698418615654e+01 7.252307523480583905e-03
3.505823042281740243e+01 7.120604499140862319e-03
3.530983122122644602e+01 6.972826847948685770e-03
3.556111974160763367e+01 6.816446480026117256e-03
3.581195885960364933e+01 6.729536194369348245e-03
3.606348577968052638e+01 6.632534725026783227e-03
3.631495136683125935e+01 6.474753170563929926e-03
3.656646781331610185e+01 6.389261692388448904e-03
3.681800948534306173e+01 6.234303356887253324e-03
3.706942350460822411e+01 6.160853524654105740e-03
3.732119977997001570e+01 6.017778268181600727e-03
3.757249197135423202e+01 5.907203691997164191e-03
3.782324055213251057e+01 5.834725879499482598e-03
3.807430609684078604e+01 5.706404414566501777e-03
3.832526519371521090e+01 5.595982734385501409e-03
3.857704530181875668e+01 5.488231437659168988e-03
3.882896255048217427e+01 5.419181854340130236e-03
3.907976684424035341e+01 5.308674838520471145e-03
3.933085588900704010e+01 5.233636007795507139e-03
3.958184533965361140e+01 5.136348555339771346e-03
3.983320492881626507e+01 5.006866442522083654e-03
4.008506787586624398e+01 4.954367125539047359e-03
4.033569471078550350e+01 4.853859136593250030e-03
4.058701345074587863e+01 4.819501133158058705e-03
4.083916815834436420e+01 4.711104906464233348e-03
4.108978611092747713e+01 4.618789444417293645e-03
4.134119394692694271e+01 4.578459493090072246e-03
4.159372926482761557e+01 4.506131973604669133e-03
4.184480996230068683e+01 4.389431370115661271e-03
4.209495048714620680e+01 4.333250655226658817e-03
4.234568601474854432e+01 4.311087485170441054e-03
4.259794184898333214e+01 4.180986243654050312e-03
4.284922176444433717e+01 4.120933531222765664e-03
4.309982534096671003e+01 4.055242941009974504e-03
4.335153475414617930e+01 4.025848115276980076e-03
4.360374984514007224e+01 3.930424397173352437e-03
4.385432838732079830e+01 3.846393797825435525e-03
4.410529766549178277e+01 3.846676595120172154e-03
4.435675536456894008e+01 3.772189556636010733e-03
4.460756668584335927e+01 3.694362531345636406e-03
4.485812369927145937e+01 3.640586519296698000e-03
4.510933196139897206e+01 3.601991620372708633e-03
4.536097672816924131e+01 3.569321035320318584e-03
4.561261869099184452e+01 3.486538373512296576e-03
4.586346064304911607e+01 3.440657045704467731e-03
4.611435299895526185e+01 3.388146106274967425e-03
4.636610302009028572e+01 3.333697482312802593e-03
4.661726081402038346e+01 3.310703652932046881e-03
4.686748045926628237e+01 3.277636896189304629e-03
4.712001000143001761e+01 3.176628084821206833e-03
4.737334269293729960e+01 3.118588447383528924e-03
4.762357272554871912e+01 3.086084923361849877e-03
4.787295862859781437e+01 3.052690822033705693e-03
4.812686710231834297e+01 3.033726103370101585e-03
4.837988354528783930e+01 3.008135655878503307e-03
4.862698975964909209e+01 2.877360911644675362e-03
4.887931961662670233e+01 2.880170367372725162e-03
4.913512531690142282e+01 2.869048816664268673e-03
4.938486646957150583e+01 2.880046960816036363e-03
4.963073103205424985e+01 2.765441296571258863e-03
4.988316058859187763e+01 2.724672648327017537e-03
5.013927392651110893e+01 2.749169743881524613e-03
5.038898445289544270e+01 2.651658740707419325e-03
5.063791314200675941e+01 2.649902329288579897e-03
5.089234515763529032e+01 2.644792325161715672e-03
5.114529266359630810e+01 2.490008621009359539e-03
5.138952878242714206e+01 2.526166103149438038e-03
5.163945178601188246e+01 2.470615847173429722e-03
5.190206698624180603e+01 2.375373292249620839e-03
5.215590084722179398e+01 2.367395696873941368e-03
5.238680673191466042e+01 2.346971187753692581e-03
5.263532591009818873e+01 2.324116960151808957e-03
5.290823119436031874e+01 2.341004848066025219e-03
5.316882575050344428e+01 2.341138046187870355e-03
5.338513341050097694e+01 2.269107508265488533e-03
5.363212510227822349e+01 2.298377391337962788e-03
5.391615723351310407e+01 2.299485540160356098e-03
5.419187693011466678e+01 2.003047718266331816e-03
5.439722241285236493e+01 2.114086188471512966e-03
5.462806064877949552e+01 2.070736489048605970e-03
5.491241494336609463e+01 2.131892810484556887e-03
5.519421446932921782e+01 1.936503961109532898e-03
5.543046826972861396e+01 1.440107015768065388e-03
5.561137265256709128e+01 1.006628729489996918e-03
