3.559856489878782115e-01 8.565672075087303483e+02
6.031648866026231293e-01 2.275440509043394570e+02
8.579160745827347778e-01 7.796675272599549089e+01
1.113464310595710716e+00 5.715199531165820446e+01
1.374039914321364408e+00 3.142998162930363293e+01
1.619154704570298309e+00 1.980344852126876631e+01
1.870686673430271840e+00 1.316407492909565846e+01
2.123290040706380832e+00 1.023262747607070722e+01
2.378144976376236119e+00 8.309698887253338384e+00
2.630489925835516996e+00 6.158573514676574767e+00
2.878653162679494670e+00 5.004058112682653991e+00
3.131144366275339319e+00 4.079719015991896569e+00
3.388159578333816313e+00 3.255684666010106199e+00
3.638741848210948149e+00 2.744530170356439758e+00
3.888315910732085268e+00 2.269964997668251883e+00
4.139052155837465996e+00 2.010064984680012934e+00
4.390305777018236988e+00 1.657381375327594997e+00
4.642172339120373081e+00 1.438237272444754966e+00
4.894678666149941293e+00 1.284423058756567704e+00
5.147269052361176378e+00 1.126946949314388879e+00
5.398003206656323272e+00 9.962161465257877158e-01
5.647798235368590269e+00 8.993300559106739422e-01
5.900534302989873581e+00 8.278766709986814520e-01
6.151460297009074374e+00 7.284320844972755893e-01
6.402630176204441526e+00 6.610591331404556126e-01
6.655964674748322096e+00 5.898318744563419980e-01
6.908782583105771202e+00 5.262984254629127223e-01
7.159060853508338873e+00 4.814371763132157533e-01
7.409414762591408632e+00 4.443817105910946030e-01
7.659227149364629561e+00 4.028577927694366179e-01
7.911559474606142395e+00 3.723512620177789612e-01
8.163750941790897997e+00 3.358965099972132107e-01
8.415757210439384295e+00 3.261883418171960258e-01
8.667638839289207198e+00 3.001748885896098340e-01
8.918801124864609520e+00 2.743528580749309831e-01
9.170480108345369530e+00 2.578236495332207334e-01
9.420566033467249412e+00 2.367252214804086985e-01
9.671642335271435797e+00 2.250162329156517316e-01
9.923426157758477473e+00 2.071399924032989726e-01
1.017396902749181820e+01 1.952198692819870074e-01
1.042533700753922155e+01 1.805562271423545584e-01
1.067702948358784276e+01 1.681825312618600576e-01
1.092969337256462303e+01 1.591325000979691429e-01
1.118211872033766419e+01 1.517716230549003287e-01
1.143346516925797296e+01 1.431221961985493785e-01
1.168350508557724687e+01 1.322765928720211204e-01
1.193379937775929100e+01 1.266432903881445915e-01
1.218553055762879112e+01 1.206667731577549946e-01
1.243711650801278878e+01 1.144459626772596911e-01
1.268867268647359303e+01 1.087745933370671825e-01
1.294075027177769144e+01 1.028504555847888219e-01
1.319267287020158363e+01 9.722555898672902153e-02
1.344470571782862756e+01 9.289838866300645370e-02
1.369480150283709641e+01 8.764343893039705513e-02
1.394591277066507828e+01 8.415167756433472590e-02
1.419764645764527167e+01 8.080839139867371235e-02
1.444766774168416212e+01 7.663238601899421965e-02
1.469906835825429070e+01 7.319591437542058432e-02
1.495059118111036511e+01 7.043430265485181585e-02
1.520261612590052991e+01 6.841989527176595143e-02
1.545415944503929495e+01 6.450706312659711117e-02
1.570456072545780124e+01 6.176174773582874394e-02
1.595705800128773966e+01 5.878884157678526678e-02
1.620829297830731619e+01 5.676319467435328447e-02
1.645966591028190962e+01 5.405278822743790623e-02
1.671125708846596325e+01 5.167295293601033984e-02
1.696160259490052624e+01 5.059945628023605063e-02
1.721370276108077135e+01 4.810638676281456250e-02
1.746543424102250341e+01 4.646691376318887873e-02
1.771598473288305442e+01 4.470398168786317988e-02
1.796653767411944003e+01 4.324054816419328762e-02
1.821765658501893270e+01 4.111836004973689479e-02
1.847053788120423334e+01 3.997767221471792282e-02
1.872257696809484173e+01 3.862178539839799390e-02
1.897394097105746269e+01 3.742116326102298135e-02
1.922542454726159988e+01 3.561549424822556265e-02
1.947607703355479103e+01 3.489601877165469240e-02
1.972678839839982601e+01 3.359900174496820852e-02
1.997802698857814363e+01 3.276898625892929462e-02
2.022863620534168660e+01 3.150483909082487516e-02
2.047969598507238231e+01 3.024986764343215798e-02
2.073250439107362553e+01 2.951584382636296758e-02
2.098435855211640089e+01 2.831079762321616483e-02
2.123502923393334640e+01 2.741985584765502942e-02
2.148629411178690773e+01 2.680331611145590764e-02
2.173831825513516591e+01 2.589173439297522139e-02
2.198972260956887226e+01 2.496665368120670747e-02
2.223974971000711420e+01 2.447265464438315441e-02
2.249141870643862973e+01 2.355069460136280379e-02
2.274404614890906373e+01 2.304711738734178603e-02
2.299521835768831579e+01 2.216500337700452739e-02
2.324620084136223852e+01 2.173349394586918115e-02
2.349757798664387209e+01 2.087041150797666958e-02
2.374870488118759937e+01 2.052647492024763445e-02
2.399988781917473091e+01 1.980267106827034163e-02
2.425071646049711305e+01 1.931661829603494376e-02
2.450187830577813841e+01 1.864550518719162650e-02
2.475391093216606109e+01 1.830663246015669030e-02
2.500524226975159792e+01 1.765767423703018882e-02
2.525610980153284402e+01 1.730555988641953313e-02
2.550801425092822328e+01 1.671649359733992993e-02
2.575943113325822864e+01 1.648824221059066314e-02
2.601074166866445125e+01 1.589965719428069330e-02
2.626234447079615464e+01 1.551226134766827379e-02
2.651347712943701751e+01 1.519245035967265421e-02
2.676474177984877656e+01 1.473682327998301379e-02
2.701628079430242479e+01 1.446010817676900498e-02
2.726734205837282232e+01 1.404717649377046872e-02
2.751837013544679422e+01 1.375092818127077177e-02
2.776937726815812724e+01 1.335919283718196154e-02
2.802070160973895341e+01 1.310021156926885477e-02
2.827249982643487058e+01 1.276683251853752768e-02
2.852407603869968966e+01 1.245330815949667949e-02
2.877567300468570721e+01 1.215446065235079205e-02
2.902733523039245256e+01 1.184765042453444009e-02
2.927861073083739996e+01 1.166229434399788933e-02
2.953003196193969160e+01 1.139845860201295705e-02
2.978106336846375157e+01 1.115414047891369678e-02
3.003148440777084716e+01 1.085966609720674138e-02
3.028303386126418673e+01 1.058785680837050387e-02
3.053456493440382857e+01 1.035597296347164076e-02
3.078585183944906944e+01 1.009703275376913449e-02
3.103757946070165730e+01 9.886912814078465533e-03
3.128931656795834826e+01 9.636880393344227427e-03
3.154125974608096428e+01 9.464656182426761308e-03
3.179158626791808828e+01 9.334839974590192560e-03
3.204196438636942190e+01 9.125329982014882338e-03
3.229344668057169798e+01 8.920955894313013779e-03
3.254489998018084407e+01 8.763406543354246639e-03
3.279660140319880668e+01 8.548147689068426314e-03
3.304772754686901237e+01 8.403211804329574139e-03
3.329949953441923327e+01 8.193522997451000225e-03
3.355173249539067371e+01 7.975050492029671367e-03
3.380235474142784824e+01 7.883173278897667377e-03
3.405292218889088218e+01 7.742264396558911146e-03
3.430455901572810262e+01 7.551055330045607257e-03
3.455605119154291316e+01 7.397819226824919013e-03
3.480708698418615654e+01 7.266875312466265432e-03
3.505823042281740243e+01 7.154269271839409049e-03
3.530983122122644602e+01 7.003228866068540899e-03
3.556111974160763367e+01 6.860829076439011083e-03
3.581195885960364933e+01 6.770179472906187601e-03
3.606348577968052638e+01 6.585812581516319389e-03
3.631495136683125935e+01 6.489739230069621785e-03
3.656646781331610185e+01 6.379279231580475135e-03
3.681800948534306173e+01 6.222034065601846423e-03
3.706942350460822411e+01 6.137519053442895209e-03
3.732119977997001570e+01 6.006803749028356496e-03
3.757249197135423202e+01 5.937115878291782806e-03
3.782324055213251057e+01 5.814886886301681365e-03
3.807430609684078604e+01 5.691340859199939088e-03
3.832526519371521090e+01 5.604176840912916333e-03
3.857704530181875668e+01 5.544842748347648953e-03
3.882896255048217427e+01 5.428775891840579085e-03
3.907976684424035341e+01 5.315930063070828902e-03
3.933085588900704010e+01 5.230438929446495043e-03
3.958184533965361140e+01 5.113045533253335675e-03
3.983320492881626507e+01 5.049998340229159936e-03
4.008506787586624398e+01 4.946460381469036660e-03
4.033569471078550350e+01 4.851191743631065936e-03
4.058701345074587863e+01 4.817547188279942133e-03
4.083916815834436420e+01 4.702426491813190869e-03
4.108978611092747713e+01 4.642099097949783926e-03
4.134119394692694271e+01 4.536678475015724389e-03
4.159372926482761557e+01 4.501346808517265111e-03
4.184480996230068683e+01 4.432127355155030500e-03
4.209495048714620680e+01 4.318014548351983839e-03
4.234568601474854432e+01 4.271624893688784341e-03
4.259794184898333214e+01 4.202485980307949995e-03
4.284922176444433717e+01 4.135271338858532639e-03
4.309982534096671003e+01 4.063442528187041422e-03
4.335153475414617930e+01 4.019712927854962939e-03
4.360374984514007224e+01 3.970622604769179220e-03
4.385432838732079830e+01 3.913144478020096940e-03
4.410529766549178277e+01 3.860423029484188074e-03
4.435675536456894008e+01 3.759458557496550470e-03
4.460756668584335927e+01 3.699207659984690092e-03
4.485812369927145937e+01 3.645417345727789901e-03
4.510933196139897206e+01 3.555608711503273432e-03
4.536097672816924131e+01 3.537734997432017466e-03
4.561261869099184452e+01 3.443416462791909320e-03
4.586346064304911607e+01 3.417681348243499680e-03
4.611435299895526185e+01 3.371770115892526540e-03
4.636610302009028572e+01 3.356610336906992644e-03
4.661726081402038346e+01 3.307217616509014295e-03
4.686748045926628237e+01 3.202453781031368990e-03
4.712001000143001761e+01 3.180202973032252457e-03
4.737334269293729960e+01 3.157702176721234079e-03
4.762357272554871912e+01 3.137691471742555787e-03
4.787295862859781437e+01 3.037988535179633395e-03
4.812686710231834297e+01 3.021899993512424439e-03
4.837988354528783930e+01 2.943551170592615101e-03
4.862698975964909209e+01 2.945312871924336828e-03
4.887931961662670233e+01 2.899509671720611626e-03
4.913512531690142282e+01 2.816251871025075067e-03
4.938486646957150583e+01 2.773008444955430991e-03
4.963073103205424985e+01 2.744971981657892690e-03
4.988316058859187763e+01 2.750679050543521423e-03
5.013927392651110893e+01 2.714557384039517022e-03
5.038898445289544270e+01 2.599044122224171763e-03
5.063791314200675941e+01 2.594619718690543107e-03
5.089234515763529032e+01 2.561229019471709771e-03
5.114529266359630810e+01 2.553821880630537632e-03
5.138952878242714206e+01 2.531088908003622726e-03
5.163945178601188246e+01 2.443116738653851577e-03
5.190206698624180603e+01 2.463944787808724102e-03
5.215590084722179398e+01 2.397551647284276027e-03
5.238680673191466042e+01 2.400955956271249008e-03
5.263532591009818873e+01 2.396632564577273923e-03
5.290823119436031874e+01 2.195432915240188524e-03
5.316882575050344428e+01 2.318447281202500043e-03
5.338513341050097694e+01 2.429511698657057205e-03
5.363212510227822349e+01 2.278323931573995962e-03
5.391615723351310407e+01 2.121391615942952707e-03
5.419187693011466678e+01 2.229724569048632636e-03
5.439722241285236493e+01 2.276259954460284774e-03
5.462806064877949552e+01 2.186105342267021835e-03
5.491241494336609463e+01 1.978352392210285578e-03
5.519421446932921782e+01 1.889422604957535215e-03
5.543046826972861396e+01 2.041686932624231770e-03
5.561137265256709128e+01 2.561654985325973171e-03
