3.559856489878782115e-01 5.673139880710621128e+02
6.031648866026231293e-01 1.916857865017887264e+02
8.579160745827347778e-01 7.413794593535206445e+01
1.113464310595710716e+00 5.319239886768214376e+01
1.374039914321364408e+00 3.283748507855333543e+01
1.619154704570298309e+00 2.022846839782472372e+01
1.870686673430271840e+00 1.424158040843893680e+01
2.123290040706380832e+00 1.098225821731833562e+01
2.378144976376236119e+00 7.568774785498630031e+00
2.630489925835516996e+00 5.689662102957316669e+00
2.878653162679494670e+00 4.962341225325177518e+00
3.131144366275339319e+00 4.017377579639489049e+00
3.388159578333816313e+00 3.350134041522176087e+00
3.638741848210948149e+00 2.655906223196169869e+00
3.888315910732085268e+00 2.527716392921083965e+00
4.139052155837465996e+00 2.028695401382404118e+00
4.390305777018236988e+00 1.655386521495397334e+00
4.642172339120373081e+00 1.483260887263048611e+00
4.894678666149941293e+00 1.249082627804122270e+00
5.147269052361176378e+00 1.118097244118826605e+00
5.398003206656323272e+00 1.002492684969202186e+00
5.647798235368590269e+00 8.761847895467679281e-01
5.900534302989873581e+00 7.857298299983990209e-01
6.151460297009074374e+00 7.190834370185942293e-01
6.402630176204441526e+00 6.612151347972086146e-01
6.655964674748322096e+00 5.869673462677250653e-01
6.908782583105771202e+00 5.373233501885152918e-01
7.159060853508338873e+00 4.801796669531713802e-01
7.409414762591408632e+00 4.394713718279599224e-01
7.659227149364629561e+00 4.079696431368864951e-01
7.911559474606142395e+00 3.723481611990134277e-01
8.163750941790897997e+00 3.472613072101759513e-01
8.415757210439384295e+00 3.154837722287791579e-01
8.667638839289207198e+00 2.967098893558536843e-01
8.918801124864609520e+00 2.733970796994889541e-01
9.170480108345369530e+00 2.587068518395288508e-01
9.420566033467249412e+00 2.351159287367732553e-01
9.671642335271435797e+00 2.182033774697639539e-01
9.923426157758477473e+00 2.115126723178846202e-01
1.017396902749181820e+01 1.955025565031571488e-01
1.042533700753922155e+01 1.841098428941579102e-01
1.067702948358784276e+01 1.708522891122405962e-01
1.092969337256462303e+01 1.603602187148459590e-01
1.118211872033766419e+01 1.505867389952784963e-01
1.143346516925797296e+01 1.422798773324895905e-01
1.168350508557724687e+01 1.333641035657324447e-01
1.193379937775929100e+01 1.286281635931866008e-01
1.218553055762879112e+01 1.213912820394553449e-01
1.243711650801278878e+01 1.141508380823543084e-01
1.268867268647359303e+01 1.090071901856582981e-01
1.294075027177769144e+01 1.038646868435367659e-01
1.319267287020158363e+01 9.804247508798098754e-02
1.344470571782862756e+01 9.333791725265856709e-02
1.369480150283709641e+01 8.727634182913088234e-02
1.394591277066507828e+01 8.400072310053720293e-02
1.419764645764527167e+01 8.091576097677968815e-02
1.444766774168416212e+01 7.589162526337699111e-02
1.469906835825429070e+01 7.302323144799785504e-02
1.495059118111036511e+01 7.001782802302000674e-02
1.520261612590052991e+01 6.680700788144720847e-02
1.545415944503929495e+01 6.377794406968441410e-02
1.570456072545780124e+01 6.170163411507629397e-02
1.595705800128773966e+01 5.910858936887138093e-02
1.620829297830731619e+01 5.707489505792618517e-02
1.645966591028190962e+01 5.443585174174424279e-02
1.671125708846596325e+01 5.229998379097067912e-02
1.696160259490052624e+01 4.977269815001295061e-02
1.721370276108077135e+01 4.824428634227868884e-02
1.746543424102250341e+01 4.627133535667886377e-02
1.771598473288305442e+01 4.448802205720014946e-02
1.796653767411944003e+01 4.328265686810878199e-02
1.821765658501893270e+01 4.134702496730154053e-02
1.847053788120423334e+01 3.972631462371951222e-02
1.872257696809484173e+01 3.848472824149544447e-02
1.897394097105746269e+01 3.704194696326816583e-02
1.922542454726159988e+01 3.573079606892804599e-02
1.947607703355479103e+01 3.490270896783704418e-02
1.972678839839982601e+01 3.358621751292820146e-02
1.997802698857814363e+01 3.248668590231141434e-02
2.022863620534168660e+01 3.147453867894235008e-02
2.047969598507238231e+01 3.021316816545387141e-02
2.073250439107362553e+01 2.941539987726515815e-02
2.098435855211640089e+01 2.832056944616748520e-02
2.123502923393334640e+01 2.764427084976409099e-02
2.148629411178690773e+01 2.677642791339826869e-02
2.173831825513516591e+01 2.584351277102233529e-02
2.198972260956887226e+01 2.504171425332551992e-02
2.223974971000711420e+01 2.439929071668821628e-02
2.249141870643862973e+01 2.352546379524759340e-02
2.274404614890906373e+01 2.295950859286490994e-02
2.299521835768831579e+01 2.216323248252600325e-02
2.324620084136223852e+01 2.172140705859082477e-02
2.349757798664387209e+01 2.087737120782886743e-02
2.374870488118759937e+01 2.045919117005951665e-02
2.399988781917473091e+01 1.977050064392674514e-02
2.425071646049711305e+01 1.934668407271465315e-02
2.450187830577813841e+01 1.873424084842983603e-02
2.475391093216606109e+01 1.826692116611468644e-02
2.500524226975159792e+01 1.770977380814121871e-02
2.525610980153284402e+01 1.724692829690142523e-02
2.550801425092822328e+01 1.687535629084664299e-02
2.575943113325822864e+01 1.635084480544217803e-02
2.601074166866445125e+01 1.591853953075672221e-02
2.626234447079615464e+01 1.557004083919804986e-02
2.651347712943701751e+01 1.516059197115390660e-02
2.676474177984877656e+01 1.478219975655888432e-02
2.701628079430242479e+01 1.438451603334101048e-02
2.726734205837282232e+01 1.402036326306172788e-02
2.751837013544679422e+01 1.377528289172325580e-02
2.776937726815812724e+01 1.335446213790522987e-02
2.802070160973895341e+01 1.311484989711267889e-02
2.827249982643487058e+01 1.273060876510787552e-02
2.852407603869968966e+01 1.239477113733869311e-02
2.877567300468570721e+01 1.222157078336960807e-02
2.902733523039245256e+01 1.191265299266499982e-02
2.927861073083739996e+01 1.162672219139919590e-02
2.953003196193969160e+01 1.144788401291263122e-02
2.978106336846375157e+01 1.105601134201590272e-02
3.003148440777084716e+01 1.081489757528907372e-02
3.028303386126418673e+01 1.058097231371378510e-02
3.053456493440382857e+01 1.036461613929660734e-02
3.078585183944906944e+01 1.012487057253833207e-02
3.103757946070165730e+01 9.966876435746009968e-03
3.128931656795834826e+01 9.714786948999677013e-03
3.154125974608096428e+01 9.471766059082479747e-03
3.179158626791808828e+01 9.278513576992754308e-03
3.204196438636942190e+01 9.132064576252594754e-03
3.229344668057169798e+01 8.849140440517764758e-03
3.254489998018084407e+01 8.720752630116016674e-03
3.279660140319880668e+01 8.516632886968796695e-03
3.304772754686901237e+01 8.337206926069224561e-03
3.329949953441923327e+01 8.208606071416600300e-03
3.355173249539067371e+01 8.019775683123330293e-03
3.380235474142784824e+01 7.851318661993450868e-03
3.405292218889088218e+01 7.713115165471766919e-03
3.430455901572810262e+01 7.576690904214117284e-03
3.455605119154291316e+01 7.404374852967148327e-03
3.480708698418615654e+01 7.292097998046163064e-03
3.505823042281740243e+01 7.106799035294189895e-03
3.530983122122644602e+01 6.981056925235762378e-03
3.556111974160763367e+01 6.833224578272905844e-03
3.581195885960364933e+01 6.748302539942902314e-03
3.606348577968052638e+01 6.591067832498385265e-03
3.631495136683125935e+01 6.489163563341278189e-03
3.656646781331610185e+01 6.351416447550671356e-03
3.681800948534306173e+01 6.284314058963024613e-03
3.706942350460822411e+01 6.153206199295911845e-03
3.732119977997001570e+01 5.979398018435992668e-03
3.757249197135423202e+01 5.871105286921948600e-03
3.782324055213251057e+01 5.832003346787561875e-03
3.807430609684078604e+01 5.722390736299117972e-03
3.832526519371521090e+01 5.566098009255482891e-03
3.857704530181875668e+01 5.532930576026951972e-03
3.882896255048217427e+01 5.401852604218336344e-03
3.907976684424035341e+01 5.320606539700202357e-03
3.933085588900704010e+01 5.231216066486652459e-03
3.958184533965361140e+01 5.147843446918270657e-03
3.983320492881626507e+01 5.078712965401934593e-03
4.008506787586624398e+01 4.960045093613587100e-03
4.033569471078550350e+01 4.837194976581933765e-03
4.058701345074587863e+01 4.814167176155356200e-03
4.083916815834436420e+01 4.717462909692955036e-03
4.108978611092747713e+01 4.664213924923684036e-03
4.134119394692694271e+01 4.565250953881380865e-03
4.159372926482761557e+01 4.500304761991406714e-03
4.184480996230068683e+01 4.404399101609122839e-03
4.209495048714620680e+01 4.327919125706467321e-03
4.234568601474854432e+01 4.250178158218307668e-03
4.259794184898333214e+01 4.193941217690678493e-03
4.284922176444433717e+01 4.120432137287991133e-03
4.309982534096671003e+01 4.050910714764806818e-03
4.335153475414617930e+01 3.996915429559796777e-03
4.360374984514007224e+01 3.933234175356977932e-03
4.385432838732079830e+01 3.872398239563542600e-03
4.410529766549178277e+01 3.797030646776291662e-03
4.435675536456894008e+01 3.766110599006162411e-03
4.460756668584335927e+01 3.709737036374211212e-03
4.485812369927145937e+01 3.658491665867161149e-03
4.510933196139897206e+01 3.576408466594818876e-03
4.536097672816924131e+01 3.524011788205055114e-03
4.561261869099184452e+01 3.495944875212510065e-03
4.586346064304911607e+01 3.461775710777222504e-03
4.611435299895526185e+01 3.337350777261149318e-03
4.636610302009028572e+01 3.377397268752340125e-03
4.661726081402038346e+01 3.270827541232341953e-03
4.686748045926628237e+01 3.201979538454499067e-03
4.712001000143001761e+01 3.213939347085718965e-03
4.737334269293729960e+01 3.136211272970933044e-03
4.762357272554871912e+01 3.069747429039909343e-03
4.787295862859781437e+01 3.033392705529297951e-03
4.812686710231834297e+01 2.952198674466558186e-03
4.837988354528783930e+01 2.945632341242863939e-03
4.862698975964909209e+01 2.882153894830849321e-03
4.887931961662670233e+01 2.858020475982674894e-03
4.913512531690142282e+01 2.805069649687806903e-03
4.938486646957150583e+01 2.748034591406593296e-03
4.963073103205424985e+01 2.762363459033181142e-03
4.988316058859187763e+01 2.708286658441246691e-03
5.013927392651110893e+01 2.755554254772555819e-03
5.038898445289544270e+01 2.634108300127453728e-03
5.063791314200675941e+01 2.617322545352436438e-03
5.089234515763529032e+01 2.671267059129029970e-03
5.114529266359630810e+01 2.579400039636568255e-03
5.138952878242714206e+01 2.457673761642954063e-03
5.163945178601188246e+01 2.449147038737234383e-03
5.190206698624180603e+01 2.410550304911775969e-03
5.215590084722179398e+01 2.439186351216127667e-03
5.238680673191466042e+01 2.336120864693203014e-03
5.263532591009818873e+01 2.294457275964754701e-03
5.290823119436031874e+01 2.304620590926713224e-03
5.316882575050344428e+01 2.256856119307114762e-03
5.338513341050097694e+01 2.352486605476424193e-03
5.363212510227822349e+01 2.137631809200804967e-03
5.391615723351310407e+01 2.116580136007512828e-03
5.419187693011466678e+01 2.033597817767193641e-03
5.439722241285236493e+01 1.836467363305459548e-03
5.462806064877949552e+01 1.977808256007087661e-03
5.491241494336609463e+01 1.943736252821683238e-03
5.519421446932921782e+01 2.039273355383862396e-03
5.543046826972861396e+01 2.782666697538694819e-03
5.561137265256709128e+01 7.013779808728397552e-04
