3.559856489878782115e-01 7.412514817040708976e+02
6.031648866026231293e-01 2.349921800827747802e+02
8.579160745827347778e-01 8.729745104783535226e+01
1.113464310595710716e+00 5.730815020514210545e+01
1.374039914321364408e+00 2.973376999116614883e+01
1.619154704570298309e+00 2.254368824919266245e+01
1.870686673430271840e+00 1.264157001582072226e+01
2.123290040706380832e+00 9.571503495973946229e+00
2.378144976376236119e+00 7.784125856747967198e+00
2.630489925835516996e+00 6.316842284048876266e+00
2.878653162679494670e+00 5.157304009545419454e+00
3.131144366275339319e+00 3.918567843472047674e+00
3.388159578333816313e+00 3.406410442380837456e+00
3.638741848210948149e+00 2.700992231633607243e+00
3.888315910732085268e+00 2.428696459406728181e+00
4.139052155837465996e+00 2.011459489869938277e+00
4.390305777018236988e+00 1.713462556816053528e+00
4.642172339120373081e+00 1.461276677670846125e+00
4.894678666149941293e+00 1.272434853646661645e+00
5.147269052361176378e+00 1.177528364447383513e+00
5.398003206656323272e+00 1.024250670095945726e+00
5.647798235368590269e+00 9.184659655487568131e-01
5.900534302989873581e+00 7.966278090890487329e-01
6.151460297009074374e+00 7.286071921645254079e-01
6.402630176204441526e+00 6.223560671031470592e-01
6.655964674748322096e+00 5.627579691090125458e-01
6.908782583105771202e+00 5.288325606716491878e-01
7.159060853508338873e+00 4.848652025704984769e-01
7.409414762591408632e+00 4.494420136629071472e-01
7.659227149364629561e+00 3.990189859988228505e-01
7.911559474606142395e+00 3.678061499924747402e-01
8.163750941790897997e+00 3.430337734542395767e-01
8.415757210439384295e+00 3.141883073584651465e-01
8.667638839289207198e+00 2.993798202408675668e-01
8.918801124864609520e+00 2.674797415829859859e-01
9.170480108345369530e+00 2.598885432927227623e-01
9.420566033467249412e+00 2.396992269374403350e-01
9.671642335271435797e+00 2.205247848439362834e-01
9.923426157758477473e+00 2.044865931380558388e-01
1.017396902749181820e+01 1.918639525940283308e-01
1.042533700753922155e+01 1.830309452258610248e-01
1.067702948358784276e+01 1.716741260787325862e-01
1.092969337256462303e+01 1.592061820451181053e-01
1.118211872033766419e+01 1.495545656484386088e-01
1.143346516925797296e+01 1.430892098694348524e-01
1.168350508557724687e+01 1.332861144847520829e-01
1.193379937775929100e+01 1.263383748465836953e-01
1.218553055762879112e+01 1.224999741521490965e-01
1.243711650801278878e+01 1.151702939596821740e-01
1.268867268647359303e+01 1.076847865361260093e-01
1.294075027177769144e+01 1.030082043432408861e-01
1.319267287020158363e+01 9.768126040887238626e-02
1.344470571782862756e+01 9.198859872048353870e-02
1.369480150283709641e+01 8.821705518761584208e-02
1.394591277066507828e+01 8.393874799350624361e-02
1.419764645764527167e+01 7.998952593199190608e-02
1.444766774168416212e+01 7.675977454861271365e-02
1.469906835825429070e+01 7.361619178003427078e-02
1.495059118111036511e+01 7.057786778127923821e-02
1.520261612590052991e+01 6.726298915772391251e-02
1.545415944503929495e+01 6.491566214608621155e-02
1.570456072545780124e+01 6.081651160457312438e-02
1.595705800128773966e+01 5.943076012159807797e-02
1.620829297830731619e+01 5.669288269838680672e-02
1.645966591028190962e+01 5.471593113180348023e-02
1.671125708846596325e+01 5.223075676446704146e-02
1.696160259490052624e+01 5.063823664029024757e-02
1.721370276108077135e+01 4.818391020782875067e-02
1.746543424102250341e+01 4.663481715056142646e-02
1.771598473288305442e+01 4.472357751183975161e-02
1.796653767411944003e+01 4.312052201358357317e-02
1.821765658501893270e+01 4.133830774545485531e-02
1.847053788120423334e+01 3.997386503430680471e-02
1.872257696809484173e+01 3.878482644898678666e-02
1.897394097105746269e+01 3.709829915031653130e-02
1.922542454726159988e+01 3.579668208363693399e-02
1.947607703355479103e+01 3.465944989664125619e-02
1.972678839839982601e+01 3.358677974387088566e-02
1.997802698857814363e+01 3.250753757436446179e-02
2.022863620534168660e+01 3.155821277606825348e-02
2.047969598507238231e+01 3.054953604829736477e-02
2.073250439107362553e+01 2.952647637655340593e-02
2.098435855211640089e+01 2.840852548294542021e-02
2.123502923393334640e+01 2.754151401700423440e-02
2.148629411178690773e+01 2.680218394949761967e-02
2.173831825513516591e+01 2.600091463700764105e-02
2.198972260956887226e+01 2.511336107230061412e-02
2.223974971000711420e+01 2.437221909232139758e-02
2.249141870643862973e+01 2.363789013089219113e-02
2.274404614890906373e+01 2.289497266661496416e-02
2.299521835768831579e+01 2.230505984261016081e-02
2.324620084136223852e+01 2.185451385841935892e-02
2.349757798664387209e+01 2.107407393231894646e-02
2.374870488118759937e+01 2.040689405118157815e-02
2.399988781917473091e+01 2.002181845801822430e-02
2.425071646049711305e+01 1.925724240661527004e-02
2.450187830577813841e+01 1.869782557260701514e-02
2.475391093216606109e+01 1.824707636062350771e-02
2.500524226975159792e+01 1.774456306250492624e-02
2.525610980153284402e+01 1.737846074316771322e-02
2.550801425092822328e+01 1.688023309454011328e-02
2.575943113325822864e+01 1.637098682231433525e-02
2.601074166866445125e+01 1.599899413753099256e-02
2.626234447079615464e+01 1.562648401364573683e-02
2.651347712943701751e+01 1.513514779681945747e-02
2.676474177984877656e+01 1.480624420112745462e-02
2.701628079430242479e+01 1.443739025794619178e-02
2.726734205837282232e+01 1.407415052390559133e-02
2.751837013544679422e+01 1.377495670716052424e-02
2.776937726815812724e+01 1.344035042414894188e-02
2.802070160973895341e+01 1.304328907578365150e-02
2.827249982643487058e+01 1.274438287888510039e-02
2.852407603869968966e+01 1.246661982579038569e-02
2.877567300468570721e+01 1.212528191561080410e-02
2.902733523039245256e+01 1.179809609182281595e-02
2.927861073083739996e+01 1.156755474610515581e-02
2.953003196193969160e+01 1.140204821667325716e-02
2.978106336846375157e+01 1.107639549747832693e-02
3.003148440777084716e+01 1.083322430921397454e-02
3.028303386126418673e+01 1.055748782071133825e-02
3.053456493440382857e+01 1.039780258631554932e-02
3.078585183944906944e+01 1.018589387860214211e-02
3.103757946070165730e+01 9.987499956397428644e-03
3.128931656795834826e+01 9.662457115303908078e-03
3.154125974608096428e+01 9.446133681141478944e-03
3.179158626791808828e+01 9.289427916600817223e-03
3.204196438636942190e+01 9.085861412603585610e-03
3.229344668057169798e+01 8.914170233260191450e-03
3.254489998018084407e+01 8.720613483125635307e-03
3.279660140319880668e+01 8.521732476986867283e-03
3.304772754686901237e+01 8.371321868473422662e-03
3.329949953441923327e+01 8.191395291442403817e-03
3.355173249539067371e+01 8.010090020227528945e-03
3.380235474142784824e+01 7.847281266517692686e-03
3.405292218889088218e+01 7.710328210876367383e-03
3.430455901572810262e+01 7.576423348861872215e-03
3.455605119154291316e+01 7.441524362865642624e-03
3.480708698418615654e+01 7.280846265252365751e-03
3.505823042281740243e+01 7.120906409630605241e-03
3.530983122122644602e+01 6.944099447284436503e-03
3.556111974160763367e+01 6.824940044673900690e-03
3.581195885960364933e+01 6.697812279299329360e-03
3.606348577968052638e+01 6.623488393298899816e-03
3.631495136683125935e+01 6.470986229378450014e-03
3.656646781331610185e+01 6.393316062833120234e-03
3.681800948534306173e+01 6.181030369205737715e-03
3.706942350460822411e+01 6.117662912765229992e-03
3.732119977997001570e+01 6.008814865300834800e-03
3.757249197135423202e+01 5.930853084702684790e-03
3.782324055213251057e+01 5.831492334980443309e-03
3.807430609684078604e+01 5.676731793200594581e-03
3.832526519371521090e+01 5.607216102717361463e-03
3.857704530181875668e+01 5.482884809529397011e-03
3.882896255048217427e+01 5.435583827363154458e-03
3.907976684424035341e+01 5.303487202678916143e-03
3.933085588900704010e+01 5.186585041714664342e-03
3.958184533965361140e+01 5.102157683334549929e-03
3.983320492881626507e+01 5.040996625345051628e-03
4.008506787586624398e+01 4.975512539670663703e-03
4.033569471078550350e+01 4.835642572706469293e-03
4.058701345074587863e+01 4.763235747484866750e-03
4.083916815834436420e+01 4.711119735839599046e-03
4.108978611092747713e+01 4.641594902842072559e-03
4.134119394692694271e+01 4.554127890584733392e-03
4.159372926482761557e+01 4.514187707999092747e-03
4.184480996230068683e+01 4.420695405972830533e-03
4.209495048714620680e+01 4.337973822109853460e-03
4.234568601474854432e+01 4.231803284619367264e-03
4.259794184898333214e+01 4.170883949715644898e-03
4.284922176444433717e+01 4.115202192608419761e-03
4.309982534096671003e+01 4.106098656412010550e-03
4.335153475414617930e+01 4.005510431414453960e-03
4.360374984514007224e+01 3.917042576755843525e-03
4.385432838732079830e+01 3.888468951600304591e-03
4.410529766549178277e+01 3.793590438488438597e-03
4.435675536456894008e+01 3.758793585962132405e-03
4.460756668584335927e+01 3.708480619213645312e-03
4.485812369927145937e+01 3.648560878308889505e-03
4.510933196139897206e+01 3.597434414976943048e-03
4.536097672816924131e+01 3.529381691841727842e-03
4.561261869099184452e+01 3.452609062704555670e-03
4.586346064304911607e+01 3.410540725466565826e-03
4.611435299895526185e+01 3.410592614667848355e-03
4.636610302009028572e+01 3.351578726645886280e-03
4.661726081402038346e+01 3.310146162439569096e-03
4.686748045926628237e+01 3.257479896002180627e-03
4.712001000143001761e+01 3.147152247337239514e-03
4.737334269293729960e+01 3.139962580567678616e-03
4.762357272554871912e+01 3.070400414914891112e-03
4.787295862859781437e+01 3.029192294386193370e-03
4.812686710231834297e+01 3.024960845199269228e-03
4.837988354528783930e+01 2.974741888298658519e-03
4.862698975964909209e+01 2.958924937562270371e-03
4.887931961662670233e+01 2.903031032938166445e-03
4.913512531690142282e+01 2.793470180568214181e-03
4.938486646957150583e+01 2.755114053127058656e-03
4.963073103205424985e+01 2.812758316115158193e-03
4.988316058859187763e+01 2.701806892411306917e-03
5.013927392651110893e+01 2.706389095420999678e-03
5.038898445289544270e+01 2.696904709363243460e-03
5.063791314200675941e+01 2.554113613483950489e-03
5.089234515763529032e+01 2.560949204335781666e-03
5.114529266359630810e+01 2.510821422588945494e-03
5.138952878242714206e+01 2.474064593378346236e-03
5.163945178601188246e+01 2.595945264067297219e-03
5.190206698624180603e+01 2.439682315260649926e-03
5.215590084722179398e+01 2.459395395444717840e-03
5.238680673191466042e+01 2.386411341310359924e-03
5.263532591009818873e+01 2.333764615534137440e-03
5.290823119436031874e+01 2.389705884402013644e-03
5.316882575050344428e+01 2.202778658857825790e-03
5.338513341050097694e+01 2.193886782386516177e-03
5.363212510227822349e+01 2.159823734288251681e-03
5.391615723351310407e+01 2.243221476343067091e-03
5.419187693011466678e+01 2.075879871098643397e-03
5.439722241285236493e+01 2.220041583346757906e-03
5.462806064877949552e+01 2.222330186728116701e-03
5.491241494336609463e+01 2.018572261498675306e-03
5.519421446932921782e+01 1.908543024873571477e-03
5.543046826972861396e+01 1.372731992577584659e-03
5.561137265256709128e+01 1.616838093538788259e-03
