3.559856489878782115e-01 8.332559664021894150e+02
6.031648866026231293e-01 1.482737015918795294e+02
8.579160745827347778e-01 9.882328232918069943e+01
1.113464310595710716e+00 4.823876274331049530e+01
1.374039914321364408e+00 3.004926874432556971e+01
1.619154704570298309e+00 1.882729615865171269e+01
1.870686673430271840e+00 1.337684770563332926e+01
2.123290040706380832e+00 1.038790630537604009e+01
2.378144976376236119e+00 8.213491680385873295e+00
2.630489925835516996e+00 6.126787299636974993e+00
2.878653162679494670e+00 4.624771483447181808e+00
3.131144366275339319e+00 4.005402113883454795e+00
3.388159578333816313e+00 3.402658000127361859e+00
3.638741848210948149e+00 2.814699408129438307e+00
3.888315910732085268e+00 2.310588083327557829e+00
4.139052155837465996e+00 1.835649416977335635e+00
4.390305777018236988e+00 1.791383338265114533e+00
4.642172339120373081e+00 1.474280356690873539e+00
4.894678666149941293e+00 1.297064443984290882e+00
5.147269052361176378e+00 1.126354367276221735e+00
5.398003206656323272e+00 1.014139456881012924e+00
5.647798235368590269e+00 8.731083498915150898e-01
5.900534302989873581e+00 7.739754150139332989e-01
6.151460297009074374e+00 7.414115297188026421e-01
6.402630176204441526e+00 6.517187862202379334e-01
6.655964674748322096e+00 5.872415523560962081e-01
6.908782583105771202e+00 5.207581997764699766e-01
7.159060853508338873e+00 4.927264083143143569e-01
7.409414762591408632e+00 4.501249692196699903e-01
7.659227149364629561e+00 4.040643059611198074e-01
7.911559474606142395e+00 3.766189870245887361e-01
8.163750941790897997e+00 3.442618723146644855e-01
8.415757210439384295e+00 3.191922605732717133e-01
8.667638839289207198e+00 2.940215996865369052e-01
8.918801124864609520e+00 2.747345694964364871e-01
9.170480108345369530e+00 2.507202435402329788e-01
9.420566033467249412e+00 2.395569770368886076e-01
9.671642335271435797e+00 2.199981532509783788e-01
9.923426157758477473e+00 2.047549749686453646e-01
1.017396902749181820e+01 1.945992675511838688e-01
1.042533700753922155e+01 1.845924103559382634e-01
1.067702948358784276e+01 1.697498962695175584e-01
1.092969337256462303e+01 1.611448620587612457e-01
1.118211872033766419e+01 1.498214241822549142e-01
1.143346516925797296e+01 1.431457762316817872e-01
1.168350508557724687e+01 1.355950387344043995e-01
1.193379937775929100e+01 1.277762328158482119e-01
1.218553055762879112e+01 1.195542532594991297e-01
1.243711650801278878e+01 1.150546330235965864e-01
1.268867268647359303e+01 1.097289524394830657e-01
1.294075027177769144e+01 1.019932420877513318e-01
1.319267287020158363e+01 9.807778558122215440e-02
1.344470571782862756e+01 9.253086394562838601e-02
1.369480150283709641e+01 8.942608196881761395e-02
1.394591277066507828e+01 8.319104957358358643e-02
1.419764645764527167e+01 8.063734582838051612e-02
1.444766774168416212e+01 7.735904416980426967e-02
1.469906835825429070e+01 7.371102685160579870e-02
1.495059118111036511e+01 7.036765417334284178e-02
1.520261612590052991e+01 6.750099469231467253e-02
1.545415944503929495e+01 6.419272009607314422e-02
1.570456072545780124e+01 6.194166662236437471e-02
1.595705800128773966e+01 5.926440660931346638e-02
1.620829297830731619e+01 5.618466522102925215e-02
1.645966591028190962e+01 5.464945542793436112e-02
1.671125708846596325e+01 5.163752591319614033e-02
1.696160259490052624e+01 5.016928657651350404e-02
1.721370276108077135e+01 4.824566138235803631e-02
1.746543424102250341e+01 4.624134401418087542e-02
1.771598473288305442e+01 4.471423110742041990e-02
1.796653767411944003e+01 4.276566497941731992e-02
1.821765658501893270e+01 4.153862731016876031e-02
1.847053788120423334e+01 3.997113758212515050e-02
1.872257696809484173e+01 3.837100355341603597e-02
1.897394097105746269e+01 3.713695756789232860e-02
1.922542454726159988e+01 3.597918274981350834e-02
1.947607703355479103e+01 3.496583568802911351e-02
1.972678839839982601e+01 3.369061302474935654e-02
1.997802698857814363e+01 3.276996569314358926e-02
2.022863620534168660e+01 3.140697758363817510e-02
2.047969598507238231e+01 3.020272086969332664e-02
2.073250439107362553e+01 2.929235023039620384e-02
2.098435855211640089e+01 2.840744588924748112e-02
2.123502923393334640e+01 2.772339633827046110e-02
2.148629411178690773e+01 2.670468230724431721e-02
2.173831825513516591e+01 2.577674533862781350e-02
2.198972260956887226e+01 2.521906946795071658e-02
2.223974971000711420e+01 2.442271966528599889e-02
2.249141870643862973e+01 2.356986588474956415e-02
2.274404614890906373e+01 2.304464101280813762e-02
2.299521835768831579e+01 2.209234088515841729e-02
2.324620084136223852e+01 2.157968433264508337e-02
2.349757798664387209e+01 2.096794687728479462e-02
2.374870488118759937e+01 2.041998490577675088e-02
2.399988781917473091e+01 1.977381488831526229e-02
2.425071646049711305e+01 1.902876897036435630e-02
2.450187830577813841e+01 1.865195823579864770e-02
2.475391093216606109e+01 1.812488285402568886e-02
2.500524226975159792e+01 1.761391650690772442e-02
2.525610980153284402e+01 1.726179121960013871e-02
2.550801425092822328e+01 1.685296856620140116e-02
2.575943113325822864e+01 1.642675369218574502e-02
2.601074166866445125e+01 1.596914733597978517e-02
2.626234447079615464e+01 1.560616204111135198e-02
2.651347712943701751e+01 1.524319907108782901e-02
2.676474177984877656e+01 1.476514582617491009e-02
2.701628079430242479e+01 1.446562542704734819e-02
2.726734205837282232e+01 1.399659715687173213e-02
2.751837013544679422e+01 1.368986664665031681e-02
2.776937726815812724e+01 1.350324451154875233e-02
2.802070160973895341e+01 1.308192428211557568e-02
2.827249982643487058e+01 1.281522783976142728e-02
2.852407603869968966e+01 1.250928103158756993e-02
2.877567300468570721e+01 1.215990993667296662e-02
2.902733523039245256e+01 1.188637663623941070e-02
2.927861073083739996e+01 1.161788299775967995e-02
2.953003196193969160e+01 1.132062214143535542e-02
2.978106336846375157e+01 1.117350393887892902e-02
3.003148440777084716e+01 1.083136840799656629e-02
3.028303386126418673e+01 1.056172252041059217e-02
3.053456493440382857e+01 1.041160244988422259e-02
3.078585183944906944e+01 1.016802293124209958e-02
3.103757946070165730e+01 9.908747719225303313e-03
3.128931656795834826e+01 9.680449167681097131e-03
3.154125974608096428e+01 9.509449636684897192e-03
3.179158626791808828e+01 9.341324719652717434e-03
3.204196438636942190e+01 9.090933132012438134e-03
3.229344668057169798e+01 8.894471509622090336e-03
3.254489998018084407e+01 8.675135694415657406e-03
3.279660140319880668e+01 8.551089521301697555e-03
3.304772754686901237e+01 8.340790143927521647e-03
3.329949953441923327e+01 8.187224571925128674e-03
3.355173249539067371e+01 8.033790034481147826e-03
3.380235474142784824e+01 7.839862316244112020e-03
3.405292218889088218e+01 7.701498926617822600e-03
3.430455901572810262e+01 7.535989262153787276e-03
3.455605119154291316e+01 7.391251994315634760e-03
3.480708698418615654e+01 7.260520824292265862e-03
3.505823042281740243e+01 7.148518340308701764e-03
3.530983122122644602e+01 7.003078580665782205e-03
3.556111974160763367e+01 6.855980708046991931e-03
3.581195885960364933e+01 6.707063933586222305e-03
3.606348577968052638e+01 6.601098960198132498e-03
3.631495136683125935e+01 6.469617188113263237e-03
3.656646781331610185e+01 6.379729255480201013e-03
3.681800948534306173e+01 6.219464452923289220e-03
3.706942350460822411e+01 6.130028814065756684e-03
3.732119977997001570e+01 6.044512996144794405e-03
3.757249197135423202e+01 5.897957115260786705e-03
3.782324055213251057e+01 5.811609129475749265e-03
3.807430609684078604e+01 5.688519583713446889e-03
3.832526519371521090e+01 5.565949716122172569e-03
3.857704530181875668e+01 5.492040444589575340e-03
3.882896255048217427e+01 5.387131972240057423e-03
3.907976684424035341e+01 5.327634555937407583e-03
3.933085588900704010e+01 5.201551519908772722e-03
3.958184533965361140e+01 5.098068590829155436e-03
3.983320492881626507e+01 5.021645800977640045e-03
4.008506787586624398e+01 4.944497354759636552e-03
4.033569471078550350e+01 4.864923025754685874e-03
4.058701345074587863e+01 4.808684544287528811e-03
4.083916815834436420e+01 4.699699118407453004e-03
4.108978611092747713e+01 4.611433334906938838e-03
4.134119394692694271e+01 4.564033176795276661e-03
4.159372926482761557e+01 4.481694562364507868e-03
4.184480996230068683e+01 4.387725023385509980e-03
4.209495048714620680e+01 4.358644447612587680e-03
4.234568601474854432e+01 4.262668563491322019e-03
4.259794184898333214e+01 4.213128356706389264e-03
4.284922176444433717e+01 4.174608245143415775e-03
4.309982534096671003e+01 4.072189091619599424e-03
4.335153475414617930e+01 4.009382127654937539e-03
4.360374984514007224e+01 3.949235260181178410e-03
4.385432838732079830e+01 3.875783618256511357e-03
4.410529766549178277e+01 3.838925065895270987e-03
4.435675536456894008e+01 3.775866314974309773e-03
4.460756668584335927e+01 3.703394397684875092e-03
4.485812369927145937e+01 3.632067187247222610e-03
4.510933196139897206e+01 3.593258770502390405e-03
4.536097672816924131e+01 3.545521636858618621e-03
4.561261869099184452e+01 3.508997018287372295e-03
4.586346064304911607e+01 3.440419177624916194e-03
4.611435299895526185e+01 3.390128513355991462e-03
4.636610302009028572e+01 3.305793523363284147e-03
4.661726081402038346e+01 3.267543826155920508e-03
4.686748045926628237e+01 3.245997918995434470e-03
4.712001000143001761e+01 3.180917812354944717e-03
4.737334269293729960e+01 3.116379239244738020e-03
4.762357272554871912e+01 3.113194442279643148e-03
4.787295862859781437e+01 3.012802905862620347e-03
4.812686710231834297e+01 3.052370996010505405e-03
4.837988354528783930e+01 2.933260124934416579e-03
4.862698975964909209e+01 2.876146609409583992e-03
4.887931961662670233e+01 2.890736645034893207e-03
4.913512531690142282e+01 2.905571890576038718e-03
4.938486646957150583e+01 2.791471221461121806e-03
4.963073103205424985e+01 2.828624578487062141e-03
4.988316058859187763e+01 2.697276159062788302e-03
5.013927392651110893e+01 2.652480730466058763e-03
5.038898445289544270e+01 2.677691365461356762e-03
5.063791314200675941e+01 2.569613087952712926e-03
5.089234515763529032e+01 2.606618614964549552e-03
5.114529266359630810e+01 2.605424169034939539e-03
5.138952878242714206e+01 2.377780802712767261e-03
5.163945178601188246e+01 2.511868614924064359e-03
5.190206698624180603e+01 2.435691280280904633e-03
5.215590084722179398e+01 2.399130777302387139e-03
5.238680673191466042e+01 2.266494559909241775e-03
5.263532591009818873e+01 2.349151766187172145e-03
5.290823119436031874e+01 2.236680135534109114e-03
5.316882575050344428e+01 2.315269283787064168e-03
5.338513341050097694e+01 2.292854128787421251e-03
5.363212510227822349e+01 2.240576234110583549e-03
5.391615723351310407e+01 2.357820572226680591e-03
5.419187693011466678e+01 2.134441133914239015e-03
5.439722241285236493e+01 1.926148265214398326e-03
5.462806064877949552e+01 2.439709692615020433e-03
5.491241494336609463e+01 2.065650006631824902e-03
5.519421446932921782e+01 1.907286049886742314e-03
5.543046826972861396e+01 1.170946587025719667e-03
5.561137265256709128e+01 4.542165733293106709e-03
