3.559856489878782115e-01 7.984171682540251140e+02
6.031648866026231293e-01 2.214913394593559133e+02
8.579160745827347778e-01 9.383847019231129138e+01
1.113464310595710716e+00 4.999238153783873173e+01
1.374039914321364408e+00 3.072681404331324373e+01
1.619154704570298309e+00 1.972626623067607099e+01
1.870686673430271840e+00 1.473410921760332570e+01
2.123290040706380832e+00 9.942068398607476709e+00
2.378144976376236119e+00 7.774627004694826482e+00
2.630489925835516996e+00 6.400813712808841593e+00
2.878653162679494670e+00 5.037717487566355956e+00
3.131144366275339319e+00 4.177560926247481099e+00
3.388159578333816313e+00 3.177326352463786030e+00
3.638741848210948149e+00 2.772084668831633625e+00
3.888315910732085268e+00 2.408165380875097128e+00
4.139052155837465996e+00 2.052109045599992410e+00
4.390305777018236988e+00 1.638757422240517680e+00
4.642172339120373081e+00 1.453412346913021791e+00
4.894678666149941293e+00 1.286769241753896509e+00
5.147269052361176378e+00 1.134059780849051569e+00
5.398003206656323272e+00 9.852830528748898198e-01
5.647798235368590269e+00 9.110653198611726733e-01
5.900534302989873581e+00 8.172511124279664418e-01
6.151460297009074374e+00 7.164020659166978611e-01
6.402630176204441526e+00 6.471539913742270222e-01
6.655964674748322096e+00 5.904735400110634469e-01
6.908782583105771202e+00 5.384110250920497442e-01
7.159060853508338873e+00 4.792756626963085576e-01
7.409414762591408632e+00 4.438195766995340907e-01
7.659227149364629561e+00 4.128895385697202158e-01
7.911559474606142395e+00 3.709361530232682669e-01
8.163750941790897997e+00 3.382395355321911601e-01
8.415757210439384295e+00 3.190092747635551729e-01
8.667638839289207198e+00 2.967735397680970610e-01
8.918801124864609520e+00 2.703623522439578264e-01
9.170480108345369530e+00 2.539586500672076919e-01
9.420566033467249412e+00 2.396169484885949386e-01
9.671642335271435797e+00 2.253710212019725267e-01
9.923426157758477473e+00 2.051414937971995089e-01
1.017396902749181820e+01 1.929862846632753592e-01
1.042533700753922155e+01 1.790352505455069243e-01
1.067702948358784276e+01 1.704012711105139799e-01
1.092969337256462303e+01 1.620456815343835066e-01
1.118211872033766419e+01 1.511734060797579049e-01
1.143346516925797296e+01 1.431494456228610823e-01
1.168350508557724687e+01 1.333624222961346251e-01
1.193379937775929100e+01 1.289821783938555899e-01
1.218553055762879112e+01 1.206553725619697176e-01
1.243711650801278878e+01 1.142216916059436288e-01
1.268867268647359303e+01 1.087606000877946871e-01
1.294075027177769144e+01 1.036811761362546463e-01
1.319267287020158363e+01 9.889414733295280591e-02
1.344470571782862756e+01 9.325487120105101224e-02
1.369480150283709641e+01 8.779313575083440291e-02
1.394591277066507828e+01 8.329777752811562408e-02
1.419764645764527167e+01 8.005500649403639313e-02
1.444766774168416212e+01 7.722000706598808328e-02
1.469906835825429070e+01 7.360577890230404763e-02
1.495059118111036511e+01 7.021270679342477006e-02
1.520261612590052991e+01 6.766366828863289162e-02
1.545415944503929495e+01 6.500469078738296824e-02
1.570456072545780124e+01 6.143963689485981705e-02
1.595705800128773966e+01 5.939716568237587979e-02
1.620829297830731619e+01 5.649330943310433562e-02
1.645966591028190962e+01 5.473541320065501009e-02
1.671125708846596325e+01 5.143616194757850979e-02
1.696160259490052624e+01 5.014108052635364576e-02
1.721370276108077135e+01 4.835240791646144842e-02
1.746543424102250341e+01 4.657973543408479994e-02
1.771598473288305442e+01 4.467448643726580626e-02
1.796653767411944003e+01 4.251477427441296975e-02
1.821765658501893270e+01 4.156346720972649289e-02
1.847053788120423334e+01 4.020539597748129523e-02
1.872257696809484173e+01 3.875589982280135820e-02
1.897394097105746269e+01 3.696900103958444123e-02
1.922542454726159988e+01 3.605958572729957290e-02
1.947607703355479103e+01 3.460913658265638709e-02
1.972678839839982601e+01 3.354105239932165389e-02
1.997802698857814363e+01 3.242780491574513702e-02
2.022863620534168660e+01 3.144907052962496452e-02
2.047969598507238231e+01 3.048056217174885396e-02
2.073250439107362553e+01 2.923342207855649660e-02
2.098435855211640089e+01 2.827109135860442560e-02
2.123502923393334640e+01 2.760927926670101937e-02
2.148629411178690773e+01 2.695281732390851503e-02
2.173831825513516591e+01 2.603924677761113721e-02
2.198972260956887226e+01 2.497269845408072939e-02
2.223974971000711420e+01 2.456223592776431153e-02
2.249141870643862973e+01 2.359164018665706533e-02
2.274404614890906373e+01 2.274794924953527087e-02
2.299521835768831579e+01 2.222429518612695568e-02
2.324620084136223852e+01 2.151650302984811983e-02
2.349757798664387209e+01 2.093922908555396339e-02
2.374870488118759937e+01 2.053998607337852167e-02
2.399988781917473091e+01 1.968420376310483014e-02
2.425071646049711305e+01 1.923536314258056726e-02
2.450187830577813841e+01 1.883417845445635105e-02
2.475391093216606109e+01 1.840536367317225502e-02
2.500524226975159792e+01 1.781755729031882923e-02
2.525610980153284402e+01 1.732635375784615656e-02
2.550801425092822328e+01 1.676593711839917747e-02
2.575943113325822864e+01 1.645860496881031490e-02
2.601074166866445125e+01 1.600874837266369824e-02
2.626234447079615464e+01 1.557707947050080560e-02
2.651347712943701751e+01 1.514152199710594102e-02
2.676474177984877656e+01 1.475584685217649211e-02
2.701628079430242479e+01 1.446461122158708423e-02
2.726734205837282232e+01 1.404457590591948711e-02
2.751837013544679422e+01 1.375154684710384705e-02
2.776937726815812724e+01 1.345584626232832273e-02
2.802070160973895341e+01 1.313652384142428853e-02
2.827249982643487058e+01 1.274931588945467549e-02
2.852407603869968966e+01 1.253062722274362814e-02
2.877567300468570721e+01 1.215381546931458556e-02
2.902733523039245256e+01 1.182686721949997161e-02
2.927861073083739996e+01 1.159283448222830394e-02
2.953003196193969160e+01 1.129696867392911662e-02
2.978106336846375157e+01 1.108668073487625860e-02
3.003148440777084716e+01 1.085773344682605147e-02
3.028303386126418673e+01 1.061486589535855750e-02
3.053456493440382857e+01 1.042984378238229724e-02
3.078585183944906944e+01 1.014975567435006526e-02
3.103757946070165730e+01 9.834683531262234171e-03
3.128931656795834826e+01 9.687847217640491865e-03
3.154125974608096428e+01 9.495217171469689382e-03
3.179158626791808828e+01 9.311282904708746005e-03
3.204196438636942190e+01 9.093283879917033949e-03
3.229344668057169798e+01 8.937622765917443285e-03
3.254489998018084407e+01 8.689136129631482713e-03
3.279660140319880668e+01 8.509929214457385288e-03
3.304772754686901237e+01 8.346696187725273497e-03
3.329949953441923327e+01 8.193787116790951161e-03
3.355173249539067371e+01 8.040439970279374127e-03
3.380235474142784824e+01 7.837098538316947249e-03
3.405292218889088218e+01 7.713073344914843192e-03
3.430455901572810262e+01 7.563123434343936406e-03
3.455605119154291316e+01 7.359725059704009219e-03
3.480708698418615654e+01 7.287117652168263911e-03
3.505823042281740243e+01 7.145151506736439027e-03
3.530983122122644602e+01 7.004725745461185676e-03
3.556111974160763367e+01 6.870417887280861821e-03
3.581195885960364933e+01 6.744629828759408571e-03
3.606348577968052638e+01 6.574229452657618863e-03
3.631495136683125935e+01 6.497816792176356639e-03
3.656646781331610185e+01 6.324825449769970465e-03
3.681800948534306173e+01 6.270929558730844317e-03
3.706942350460822411e+01 6.131601971650251122e-03
3.732119977997001570e+01 6.009897472285207626e-03
3.757249197135423202e+01 5.905019530678245337e-03
3.782324055213251057e+01 5.815178342731632845e-03
3.807430609684078604e+01 5.733284988823683474e-03
3.832526519371521090e+01 5.601875635151210356e-03
3.857704530181875668e+01 5.443299679083669039e-03
3.882896255048217427e+01 5.434239540093394917e-03
3.907976684424035341e+01 5.326660548582886137e-03
3.933085588900704010e+01 5.228445885707794401e-03
3.958184533965361140e+01 5.115837944933777741e-03
3.983320492881626507e+01 5.046445800087508496e-03
4.008506787586624398e+01 4.951642894175260767e-03
4.033569471078550350e+01 4.882460258166678932e-03
4.058701345074587863e+01 4.802800397113283527e-03
4.083916815834436420e+01 4.689512399789798336e-03
4.108978611092747713e+01 4.651031896146730522e-03
4.134119394692694271e+01 4.557088312144012832e-03
4.159372926482761557e+01 4.465116601642028608e-03
4.184480996230068683e+01 4.396819285794682786e-03
4.209495048714620680e+01 4.337717810622834097e-03
4.234568601474854432e+01 4.276327370823288648e-03
4.259794184898333214e+01 4.197334789312227171e-03
4.284922176444433717e+01 4.126547084970316748e-03
4.309982534096671003e+01 4.068780840302279288e-03
4.335153475414617930e+01 4.013315355762884368e-03
4.360374984514007224e+01 3.930597484450047002e-03
4.385432838732079830e+01 3.866500963614116163e-03
4.410529766549178277e+01 3.786705052308352980e-03
4.435675536456894008e+01 3.765494748463357137e-03
4.460756668584335927e+01 3.700026560461608903e-03
4.485812369927145937e+01 3.656600554994905369e-03
4.510933196139897206e+01 3.610945364331403108e-03
4.536097672816924131e+01 3.580196963700822167e-03
4.561261869099184452e+01 3.507914447717903981e-03
4.586346064304911607e+01 3.389473537091351046e-03
4.611435299895526185e+01 3.418726917360739425e-03
4.636610302009028572e+01 3.343926644878597674e-03
4.661726081402038346e+01 3.295219662967456380e-03
4.686748045926628237e+01 3.209746045139407703e-03
4.712001000143001761e+01 3.228883101221110587e-03
4.737334269293729960e+01 3.144616964479122687e-03
4.762357272554871912e+01 3.086499549230881621e-03
4.787295862859781437e+01 3.055538829293596038e-03
4.812686710231834297e+01 3.024466093308003211e-03
4.837988354528783930e+01 2.984728864034941979e-03
4.862698975964909209e+01 2.920633052295321455e-03
4.887931961662670233e+01 2.889778681205098371e-03
4.913512531690142282e+01 2.842481983085386969e-03
4.938486646957150583e+01 2.823180394255612319e-03
4.963073103205424985e+01 2.767509726405179091e-03
4.988316058859187763e+01 2.743402696114375598e-03
5.013927392651110893e+01 2.723227764743240461e-03
5.038898445289544270e+01 2.662176733864792325e-03
5.063791314200675941e+01 2.607311357898247240e-03
5.089234515763529032e+01 2.611441655902513228e-03
5.114529266359630810e+01 2.609147219367956554e-03
5.138952878242714206e+01 2.623104733505422434e-03
5.163945178601188246e+01 2.461967005201486612e-03
5.190206698624180603e+01 2.406162819049582815e-03
5.215590084722179398e+01 2.461509114199215368e-03
5.238680673191466042e+01 2.340266893696758225e-03
5.263532591009818873e+01 2.345478852044266972e-03
5.290823119436031874e+01 2.248365535817363134e-03
5.316882575050344428e+01 2.344421245025783262e-03
5.338513341050097694e+01 2.183576077618279866e-03
5.363212510227822349e+01 2.268458437704985644e-03
5.391615723351310407e+01 2.140172055568918472e-03
5.419187693011466678e+01 2.047378186969890396e-03
5.439722241285236493e+01 1.879101780958142764e-03
5.462806064877949552e+01 1.989642033489625803e-03
5.491241494336609463e+01 2.012799218745296628e-03
5.519421446932921782e+01 1.898422524421071325e-03
5.543046826972861396e+01 1.860178549992556581e-03
5.561137265256709128e+01 1.222307733277429396e-03
