3.559856489878782115e-01 6.920522825760219803e+02
6.031648866026231293e-01 1.681082210592269064e+02
8.579160745827347778e-01 8.780132406423683733e+01
1.113464310595710716e+00 4.524608289578335985e+01
1.374039914321364408e+00 2.998045595438344080e+01
1.619154704570298309e+00 2.250416013417281746e+01
1.870686673430271840e+00 1.365809112751966659e+01
2.123290040706380832e+00 1.034416559268838398e+01
2.378144976376236119e+00 7.849710314825339097e+00
2.630489925835516996e+00 6.359100992252221474e+00
2.878653162679494670e+00 4.793376867174406364e+00
3.131144366275339319e+00 4.102833179288333909e+00
3.388159578333816313e+00 3.219080849805718625e+00
3.638741848210948149e+00 2.820101318580644723e+00
3.888315910732085268e+00 2.283884603955406156e+00
4.139052155837465996e+00 1.954106920224934374e+00
4.390305777018236988e+00 1.653471854049604284e+00
4.642172339120373081e+00 1.469129969623891085e+00
4.894678666149941293e+00 1.265793920767458891e+00
5.147269052361176378e+00 1.149178364774581906e+00
5.398003206656323272e+00 9.990962539426017086e-01
5.647798235368590269e+00 8.783564163632533450e-01
5.900534302989873581e+00 8.039717971669833041e-01
6.151460297009074374e+00 7.299983808163601484e-01
6.402630176204441526e+00 6.486919274203070129e-01
6.655964674748322096e+00 5.816627149224776749e-01
6.908782583105771202e+00 5.412173180802897221e-01
7.159060853508338873e+00 4.929958309561477403e-01
7.409414762591408632e+00 4.431834152638181590e-01
7.659227149364629561e+00 4.013393859151655474e-01
7.911559474606142395e+00 3.824966873950866320e-01
8.163750941790897997e+00 3.505619851647124308e-01
8.415757210439384295e+00 3.142876673227633644e-01
8.667638839289207198e+00 2.966227187888578753e-01
8.918801124864609520e+00 2.727597601957030826e-01
9.170480108345369530e+00 2.512300556539553420e-01
9.420566033467249412e+00 2.379107137376011705e-01
9.671642335271435797e+00 2.239645856884421304e-01
9.923426157758477473e+00 2.076577313208141928e-01
1.017396902749181820e+01 1.931573084045732636e-01
1.042533700753922155e+01 1.799937682935359162e-01
1.067702948358784276e+01 1.709076066062366062e-01
1.092969337256462303e+01 1.616091401083755430e-01
1.118211872033766419e+01 1.522657100422604437e-01
1.143346516925797296e+01 1.408501816694480158e-01
1.168350508557724687e+01 1.356871363470919800e-01
1.193379937775929100e+01 1.276723968332150738e-01
1.218553055762879112e+01 1.195884664705402917e-01
1.243711650801278878e+01 1.155135128160096475e-01
1.268867268647359303e+01 1.065832951220496427e-01
1.294075027177769144e+01 1.026918326806223053e-01
1.319267287020158363e+01 9.809475022320707227e-02
1.344470571782862756e+01 9.225336441918480235e-02
1.369480150283709641e+01 8.890151603473295250e-02
1.394591277066507828e+01 8.382031502947594193e-02
1.419764645764527167e+01 8.020235731309914573e-02
1.444766774168416212e+01 7.547572087471018931e-02
1.469906835825429070e+01 7.436207040100129007e-02
1.495059118111036511e+01 7.060058482180832373e-02
1.520261612590052991e+01 6.686533547377629394e-02
1.545415944503929495e+01 6.409651818290798553e-02
1.570456072545780124e+01 6.194087167979166891e-02
1.595705800128773966e+01 5.877705309874114992e-02
1.620829297830731619e+01 5.716923990886892126e-02
1.645966591028190962e+01 5.411567059078085246e-02
1.671125708846596325e+01 5.195771354049951579e-02
1.696160259490052624e+01 5.036782579713026953e-02
1.721370276108077135e+01 4.849767220238041660e-02
1.746543424102250341e+01 4.610233688673261165e-02
1.771598473288305442e+01 4.465550952306801546e-02
1.796653767411944003e+01 4.289096216890082164e-02
1.821765658501893270e+01 4.115314831724548039e-02
1.847053788120423334e+01 4.017393505819260441e-02
1.872257696809484173e+01 3.846958772660030029e-02
1.897394097105746269e+01 3.704497501260971964e-02
1.922542454726159988e+01 3.580689921419544230e-02
1.947607703355479103e+01 3.486049591401101794e-02
1.972678839839982601e+01 3.333669061158743563e-02
1.997802698857814363e+01 3.246117046400555373e-02
2.022863620534168660e+01 3.153568705544296941e-02
2.047969598507238231e+01 3.014361930728970060e-02
2.073250439107362553e+01 2.944160807880026251e-02
2.098435855211640089e+01 2.831853396995588287e-02
2.123502923393334640e+01 2.751968005837200984e-02
2.148629411178690773e+01 2.681961534919500081e-02
2.173831825513516591e+01 2.593372552238610781e-02
2.198972260956887226e+01 2.519192130207261598e-02
2.223974971000711420e+01 2.434971618582233016e-02
2.249141870643862973e+01 2.356574041029996930e-02
2.274404614890906373e+01 2.285642982463954864e-02
2.299521835768831579e+01 2.219501263332821980e-02
2.324620084136223852e+01 2.163395739455475919e-02
2.349757798664387209e+01 2.088520486819098534e-02
2.374870488118759937e+01 2.034825458999268977e-02
2.399988781917473091e+01 1.979795403701071349e-02
2.425071646049711305e+01 1.930558479903356217e-02
2.450187830577813841e+01 1.870874524622526819e-02
2.475391093216606109e+01 1.822354594861465282e-02
2.500524226975159792e+01 1.782463447401580470e-02
2.525610980153284402e+01 1.725173570740885787e-02
2.550801425092822328e+01 1.695220275577181274e-02
2.575943113325822864e+01 1.635493583276551380e-02
2.601074166866445125e+01 1.606022033565258911e-02
2.626234447079615464e+01 1.562789457913286648e-02
2.651347712943701751e+01 1.510620567724105245e-02
2.676474177984877656e+01 1.471020188934077030e-02
2.701628079430242479e+01 1.436006108404361617e-02
2.726734205837282232e+01 1.405042761849534597e-02
2.751837013544679422e+01 1.377087918006039517e-02
2.776937726815812724e+01 1.345434098977286129e-02
2.802070160973895341e+01 1.312220924455897997e-02
2.827249982643487058e+01 1.275169795006895514e-02
2.852407603869968966e+01 1.243650801991027371e-02
2.877567300468570721e+01 1.222090002305615229e-02
2.902733523039245256e+01 1.185615393663836011e-02
2.927861073083739996e+01 1.162910557410870051e-02
2.953003196193969160e+01 1.126953731126944906e-02
2.978106336846375157e+01 1.114186549813921470e-02
3.003148440777084716e+01 1.087262267382244595e-02
3.028303386126418673e+01 1.055208434418239936e-02
3.053456493440382857e+01 1.038309849251964172e-02
3.078585183944906944e+01 1.011315400429594474e-02
3.103757946070165730e+01 9.867021810598947465e-03
3.128931656795834826e+01 9.706699156996064642e-03
3.154125974608096428e+01 9.515038570997731704e-03
3.179158626791808828e+01 9.270884424644888766e-03
3.204196438636942190e+01 9.052127188784481193e-03
3.229344668057169798e+01 8.898946237749689320e-03
3.254489998018084407e+01 8.752999367182748638e-03
3.279660140319880668e+01 8.577138476795000827e-03
3.304772754686901237e+01 8.364184127279740769e-03
3.329949953441923327e+01 8.261775489543614695e-03
3.355173249539067371e+01 8.044794121312192139e-03
3.380235474142784824e+01 7.839424462502162655e-03
3.405292218889088218e+01 7.735599037224762456e-03
3.430455901572810262e+01 7.542442992194671805e-03
3.455605119154291316e+01 7.414967135367886777e-03
3.480708698418615654e+01 7.314133640881862776e-03
3.505823042281740243e+01 7.104283861879018107e-03
3.530983122122644602e+01 6.991628304292605602e-03
3.556111974160763367e+01 6.878822709221073944e-03
3.581195885960364933e+01 6.719445715563645768e-03
3.606348577968052638e+01 6.642409497919102811e-03
3.631495136683125935e+01 6.476423392225073850e-03
3.656646781331610185e+01 6.364613650938542519e-03
3.681800948534306173e+01 6.239727071232634842e-03
3.706942350460822411e+01 6.168282569555761687e-03
3.732119977997001570e+01 6.043065321381488504e-03
3.757249197135423202e+01 5.924586013323815924e-03
3.782324055213251057e+01 5.795999029461413807e-03
3.807430609684078604e+01 5.688322841038519206e-03
3.832526519371521090e+01 5.560015929912082849e-03
3.857704530181875668e+01 5.500130479430054460e-03
3.882896255048217427e+01 5.402205866090623032e-03
3.907976684424035341e+01 5.311036173060927450e-03
3.933085588900704010e+01 5.220998035709160587e-03
3.958184533965361140e+01 5.124731524859075897e-03
3.983320492881626507e+01 5.018603060737806230e-03
4.008506787586624398e+01 4.943649062110565436e-03
4.033569471078550350e+01 4.844792784281927271e-03
4.058701345074587863e+01 4.804883977153663784e-03
4.083916815834436420e+01 4.696107031106687250e-03
4.108978611092747713e+01 4.630766433575858078e-03
4.134119394692694271e+01 4.565766886415272528e-03
4.159372926482761557e+01 4.503928691904172769e-03
4.184480996230068683e+01 4.378982577617067905e-03
4.209495048714620680e+01 4.353897553694165840e-03
4.234568601474854432e+01 4.282444341550457889e-03
4.259794184898333214e+01 4.224645613809620281e-03
4.284922176444433717e+01 4.157361809355604280e-03
4.309982534096671003e+01 4.091413376157974902e-03
4.335153475414617930e+01 4.014151469816975779e-03
4.360374984514007224e+01 3.963896144937326636e-03
4.385432838732079830e+01 3.858199881561950265e-03
4.410529766549178277e+01 3.817591098659730078e-03
4.435675536456894008e+01 3.727114733151911698e-03
4.460756668584335927e+01 3.723141043728556490e-03
4.485812369927145937e+01 3.652971663846360777e-03
4.510933196139897206e+01 3.575353605116821532e-03
4.536097672816924131e+01 3.565981096576649207e-03
4.561261869099184452e+01 3.479617635491163985e-03
4.586346064304911607e+01 3.418292790189163960e-03
4.611435299895526185e+01 3.384708561180616894e-03
4.636610302009028572e+01 3.323247913753011283e-03
4.661726081402038346e+01 3.262488112519697139e-03
4.686748045926628237e+01 3.215762314789134043e-03
4.712001000143001761e+01 3.197865501539512000e-03
4.737334269293729960e+01 3.114346517396026238e-03
4.762357272554871912e+01 3.113199372831062552e-03
4.787295862859781437e+01 3.068922630622092709e-03
4.812686710231834297e+01 2.981826175304519520e-03
4.837988354528783930e+01 2.954401801331973162e-03
4.862698975964909209e+01 2.887699630284329150e-03
4.887931961662670233e+01 2.867093999503298081e-03
4.913512531690142282e+01 2.867643026946033093e-03
4.938486646957150583e+01 2.786745700013983605e-03
4.963073103205424985e+01 2.815873392652678154e-03
4.988316058859187763e+01 2.704165079539035642e-03
5.013927392651110893e+01 2.683843670794474213e-03
5.038898445289544270e+01 2.625782842711950251e-03
5.063791314200675941e+01 2.595842508260909603e-03
5.089234515763529032e+01 2.577698660855672064e-03
5.114529266359630810e+01 2.607968364586734072e-03
5.138952878242714206e+01 2.530912755520897325e-03
5.163945178601188246e+01 2.422160290667163107e-03
5.190206698624180603e+01 2.463211254639110451e-03
5.215590084722179398e+01 2.285265057908747108e-03
5.238680673191466042e+01 2.327061621545064608e-03
5.263532591009818873e+01 2.432358105404080345e-03
5.290823119436031874e+01 2.313047195913069121e-03
5.316882575050344428e+01 2.317091864248269160e-03
5.338513341050097694e+01 2.152793568574478799e-03
5.363212510227822349e+01 2.234169501345069017e-03
5.391615723351310407e+01 2.097329151398415713e-03
5.419187693011466678e+01 1.982711504353911781e-03
5.439722241285236493e+01 2.102618810163351445e-03
5.462806064877949552e+01 2.042372228542012769e-03
5.491241494336609463e+01 2.209132821264951380e-03
5.519421446932921782e+01 1.856961195795064912e-03
5.543046826972861396e+01 2.755969046513325783e-03
5.561137265256709128e+01 3.203013086133598515e-04
