3.559856489878782115e-01 6.106615824948726186e+02
6.031648866026231293e-01 1.816071921604322483e+02
8.579160745827347778e-01 1.018127802976105869e+02
1.113464310595710716e+00 4.617837615495401593e+01
1.374039914321364408e+00 2.908587568533888046e+01
1.619154704570298309e+00 2.377824152791525947e+01
1.870686673430271840e+00 1.483037221222551416e+01
2.123290040706380832e+00 1.041302596017615656e+01
2.378144976376236119e+00 7.581177967369322701e+00
2.630489925835516996e+00 6.063710851467078555e+00
2.878653162679494670e+00 4.874461516094733327e+00
3.131144366275339319e+00 3.985715410576530005e+00
3.388159578333816313e+00 3.418087729369382100e+00
3.638741848210948149e+00 2.782578179514177297e+00
3.888315910732085268e+00 2.190408311181080148e+00
4.139052155837465996e+00 2.021477546766941025e+00
4.390305777018236988e+00 1.681355368025861940e+00
4.642172339120373081e+00 1.435061996452858146e+00
4.894678666149941293e+00 1.313459855457273395e+00
5.147269052361176378e+00 1.100692090290127823e+00
5.398003206656323272e+00 1.025442335287144902e+00
5.647798235368590269e+00 8.949803765086475904e-01
5.900534302989873581e+00 7.985061385533007705e-01
6.151460297009074374e+00 7.114272216348735967e-01
6.402630176204441526e+00 6.415377260593072561e-01
6.655964674748322096e+00 5.904813791589291760e-01
6.908782583105771202e+00 5.280265344049454024e-01
7.159060853508338873e+00 4.884795873827387225e-01
7.409414762591408632e+00 4.450985218202320182e-01
7.659227149364629561e+00 4.030965451380399966e-01
7.911559474606142395e+00 3.768228177615862151e-01
8.163750941790897997e+00 3.429122363638327786e-01
8.415757210439384295e+00 3.181697866144337361e-01
8.667638839289207198e+00 2.920925013691303418e-01
8.918801124864609520e+00 2.652021433497878666e-01
9.170480108345369530e+00 2.507072858739672894e-01
9.420566033467249412e+00 2.366818835957036904e-01
9.671642335271435797e+00 2.157989491989233399e-01
9.923426157758477473e+00 2.041399933513394216e-01
1.017396902749181820e+01 1.895689011843800786e-01
1.042533700753922155e+01 1.835876534611926847e-01
1.067702948358784276e+01 1.689114114753005047e-01
1.092969337256462303e+01 1.631545277712176112e-01
1.118211872033766419e+01 1.518186477014141778e-01
1.143346516925797296e+01 1.427538056226023699e-01
1.168350508557724687e+01 1.332118160295958087e-01
1.193379937775929100e+01 1.278509078909920993e-01
1.218553055762879112e+01 1.199365944587697241e-01
1.243711650801278878e+01 1.138467540737812950e-01
1.268867268647359303e+01 1.096363031623746320e-01
1.294075027177769144e+01 1.029617739219856470e-01
1.319267287020158363e+01 9.712294376498711856e-02
1.344470571782862756e+01 9.284686642367805109e-02
1.369480150283709641e+01 8.725643254212366029e-02
1.394591277066507828e+01 8.466203381233543268e-02
1.419764645764527167e+01 8.155478661856639666e-02
1.444766774168416212e+01 7.655955972883729532e-02
1.469906835825429070e+01 7.372695182853582219e-02
1.495059118111036511e+01 6.983087008047608735e-02
1.520261612590052991e+01 6.724936111145712880e-02
1.545415944503929495e+01 6.461425284700143823e-02
1.570456072545780124e+01 6.108322692569473356e-02
1.595705800128773966e+01 5.886377888997142149e-02
1.620829297830731619e+01 5.637993824128897935e-02
1.645966591028190962e+01 5.434287646113529491e-02
1.671125708846596325e+01 5.292142887126282530e-02
1.696160259490052624e+01 4.990684038218529822e-02
1.721370276108077135e+01 4.783449927406708407e-02
1.746543424102250341e+01 4.639082396581273304e-02
1.771598473288305442e+01 4.437740241142786035e-02
1.796653767411944003e+01 4.257966205211281829e-02
1.821765658501893270e+01 4.100142896523631397e-02
1.847053788120423334e+01 4.001025106463936692e-02
1.872257696809484173e+01 3.872505283223240391e-02
1.897394097105746269e+01 3.745398027849365652e-02
1.922542454726159988e+01 3.593962690098254087e-02
1.947607703355479103e+01 3.446600761878860358e-02
1.972678839839982601e+01 3.362578106434137293e-02
1.997802698857814363e+01 3.272328194604849638e-02
2.022863620534168660e+01 3.158510605250654246e-02
2.047969598507238231e+01 3.028313157719659740e-02
2.073250439107362553e+01 2.962981348661517661e-02
2.098435855211640089e+01 2.846880691941705913e-02
2.123502923393334640e+01 2.757402397505502589e-02
2.148629411178690773e+01 2.654522603159822913e-02
2.173831825513516591e+01 2.606625362003664806e-02
2.198972260956887226e+01 2.492138893436234709e-02
2.223974971000711420e+01 2.429054198193850156e-02
2.249141870643862973e+01 2.353333087246618077e-02
2.274404614890906373e+01 2.293679817176669591e-02
2.299521835768831579e+01 2.227244126639107286e-02
2.324620084136223852e+01 2.168684364065842640e-02
2.349757798664387209e+01 2.112466366023176695e-02
2.374870488118759937e+01 2.043061244970275844e-02
2.399988781917473091e+01 1.984368744876751842e-02
2.425071646049711305e+01 1.921082001004325787e-02
2.450187830577813841e+01 1.872572161525713069e-02
2.475391093216606109e+01 1.832915514890427755e-02
2.500524226975159792e+01 1.771646123864203254e-02
2.525610980153284402e+01 1.725492715232157526e-02
2.550801425092822328e+01 1.685706212710821189e-02
2.575943113325822864e+01 1.634277945630684126e-02
2.601074166866445125e+01 1.592942869981130508e-02
2.626234447079615464e+01 1.546853124267607432e-02
2.651347712943701751e+01 1.521597596875391180e-02
2.676474177984877656e+01 1.484411419741671172e-02
2.701628079430242479e+01 1.449319467565296157e-02
2.726734205837282232e+01 1.406132577394796773e-02
2.751837013544679422e+01 1.364958543635839787e-02
2.776937726815812724e+01 1.334550957495675948e-02
2.802070160973895341e+01 1.307803288594892518e-02
2.827249982643487058e+01 1.269405469902076811e-02
2.852407603869968966e+01 1.244176026350277825e-02
2.877567300468570721e+01 1.216612426576406218e-02
2.902733523039245256e+01 1.191243749007103725e-02
2.927861073083739996e+01 1.161846401464333885e-02
2.953003196193969160e+01 1.138972412151536238e-02
2.978106336846375157e+01 1.112379244537009537e-02
3.003148440777084716e+01 1.081133674145914533e-02
3.028303386126418673e+01 1.061808330277553419e-02
3.053456493440382857e+01 1.040633023921701261e-02
3.078585183944906944e+01 1.013663624043267299e-02
3.103757946070165730e+01 9.958287385253282095e-03
3.128931656795834826e+01 9.722409689484979092e-03
3.154125974608096428e+01 9.463650230805703209e-03
3.179158626791808828e+01 9.337912276355780569e-03
3.204196438636942190e+01 9.069047886470100669e-03
3.229344668057169798e+01 8.867062856779146102e-03
3.254489998018084407e+01 8.732860749473237219e-03
3.279660140319880668e+01 8.541882847977801466e-03
3.304772754686901237e+01 8.397962016483078926e-03
3.329949953441923327e+01 8.178097497084041087e-03
3.355173249539067371e+01 8.048432605905143228e-03
3.380235474142784824e+01 7.884386990601514184e-03
3.405292218889088218e+01 7.714163912359634466e-03
3.430455901572810262e+01 7.568082092715922027e-03
3.455605119154291316e+01 7.406128439479570461e-03
3.480708698418615654e+01 7.223427796278599627e-03
3.505823042281740243e+01 7.128563338415149289e-03
3.530983122122644602e+01 7.013056896530136738e-03
3.556111974160763367e+01 6.826231301775868496e-03
3.581195885960364933e+01 6.699281101233822179e-03
3.606348577968052638e+01 6.598467905124252679e-03
3.631495136683125935e+01 6.494891756413264522e-03
3.656646781331610185e+01 6.324866850061374758e-03
3.681800948534306173e+01 6.205268295733561666e-03
3.706942350460822411e+01 6.129292973867282550e-03
3.732119977997001570e+01 6.024116976192813583e-03
3.757249197135423202e+01 5.934682585439173853e-03
3.782324055213251057e+01 5.833439454794958796e-03
3.807430609684078604e+01 5.706537112309667016e-03
3.832526519371521090e+01 5.598382258238757472e-03
3.857704530181875668e+01 5.493985210030465083e-03
3.882896255048217427e+01 5.387137495322857558e-03
3.907976684424035341e+01 5.313794339461035826e-03
3.933085588900704010e+01 5.201491972723668034e-03
3.958184533965361140e+01 5.114218007954082074e-03
3.983320492881626507e+01 5.027190825291460129e-03
4.008506787586624398e+01 4.938380696745385372e-03
4.033569471078550350e+01 4.886396362395990269e-03
4.058701345074587863e+01 4.777687741559888228e-03
4.083916815834436420e+01 4.700675417938762236e-03
4.108978611092747713e+01 4.634937470215960351e-03
4.134119394692694271e+01 4.579346365875336736e-03
4.159372926482761557e+01 4.492507977199323814e-03
4.184480996230068683e+01 4.418698745245644259e-03
4.209495048714620680e+01 4.332276588590573338e-03
4.234568601474854432e+01 4.268631083788763415e-03
4.259794184898333214e+01 4.198362409307769723e-03
4.284922176444433717e+01 4.129159975950176011e-03
4.309982534096671003e+01 4.051164920619905289e-03
4.335153475414617930e+01 3.978072436666358486e-03
4.360374984514007224e+01 3.955094501559221383e-03
4.385432838732079830e+01 3.879290003934206775e-03
4.410529766549178277e+01 3.828531685252560459e-03
4.435675536456894008e+01 3.772794447014216328e-03
4.460756668584335927e+01 3.692716061953603239e-03
4.485812369927145937e+01 3.605383134559122290e-03
4.510933196139897206e+01 3.569656519366947497e-03
4.536097672816924131e+01 3.542794546191504936e-03
4.561261869099184452e+01 3.462368191329765355e-03
4.586346064304911607e+01 3.462297896354701865e-03
4.611435299895526185e+01 3.398514305673956681e-03
4.636610302009028572e+01 3.326889836347222355e-03
4.661726081402038346e+01 3.280484371111337151e-03
4.686748045926628237e+01 3.250493326208769330e-03
4.712001000143001761e+01 3.166064154596919152e-03
4.737334269293729960e+01 3.112520607885042347e-03
4.762357272554871912e+01 3.112477559986609812e-03
4.787295862859781437e+01 3.083672355262341656e-03
4.812686710231834297e+01 3.040883728965156768e-03
4.837988354528783930e+01 3.018181833620941362e-03
4.862698975964909209e+01 2.981281449641995634e-03
4.887931961662670233e+01 2.822597250865335056e-03
4.913512531690142282e+01 2.829859634912949579e-03
4.938486646957150583e+01 2.805255311350350438e-03
4.963073103205424985e+01 2.819527329055629590e-03
4.988316058859187763e+01 2.735131913856404199e-03
5.013927392651110893e+01 2.705519271164105906e-03
5.038898445289544270e+01 2.693450007426795734e-03
5.063791314200675941e+01 2.653694468664489874e-03
5.089234515763529032e+01 2.508134494287124223e-03
5.114529266359630810e+01 2.583307965424050997e-03
5.138952878242714206e+01 2.451681088883517559e-03
5.163945178601188246e+01 2.577245957255074396e-03
5.190206698624180603e+01 2.477526227910798167e-03
5.215590084722179398e+01 2.360432444689672653e-03
5.238680673191466042e+01 2.333842627961873507e-03
5.263532591009818873e+01 2.336163592264927681e-03
5.290823119436031874e+01 2.356868348048587157e-03
5.316882575050344428e+01 2.164387663606882808e-03
5.338513341050097694e+01 2.331193866879225154e-03
5.363212510227822349e+01 2.278161302522191661e-03
5.391615723351310407e+01 2.199907160975440520e-03
5.419187693011466678e+01 2.185076500620718697e-03
5.439722241285236493e+01 2.244388673508619907e-03
5.462806064877949552e+01 2.212454976550100316e-03
5.491241494336609463e+01 2.227943801485860777e-03
5.519421446932921782e+01 1.992277294164518028e-03
5.543046826972861396e+01 1.187242554753004629e-03
5.561137265256709128e+01 4.149778027186224426e-04
