3.559856489878782115e-01 6.334802163669002084e+02
6.031648866026231293e-01 2.006529797555584764e+02
8.579160745827347778e-01 1.017045030942222468e+02
1.113464310595710716e+00 5.048113379018391811e+01
1.374039914321364408e+00 3.494170606609613827e+01
1.619154704570298309e+00 1.890267790565721029e+01
1.870686673430271840e+00 1.296454222370495657e+01
2.123290040706380832e+00 1.079881878187385169e+01
2.378144976376236119e+00 8.183760629175901968e+00
2.630489925835516996e+00 5.985580156580387445e+00
2.878653162679494670e+00 4.859069471447403643e+00
3.131144366275339319e+00 3.862459728812228654e+00
3.388159578333816313e+00 3.500417944857732611e+00
3.638741848210948149e+00 2.844315823565692458e+00
3.888315910732085268e+00 2.288217508802104838e+00
4.139052155837465996e+00 1.930269207811857513e+00
4.390305777018236988e+00 1.648028926233349623e+00
4.642172339120373081e+00 1.409620519304523034e+00
4.894678666149941293e+00 1.240753702042733053e+00
5.147269052361176378e+00 1.115710007352872291e+00
5.398003206656323272e+00 1.008080576092212688e+00
5.647798235368590269e+00 8.891070698174888820e-01
5.900534302989873581e+00 8.020763950777047846e-01
6.151460297009074374e+00 6.996431788479944291e-01
6.402630176204441526e+00 6.428304985762531842e-01
6.655964674748322096e+00 5.811183879999285429e-01
6.908782583105771202e+00 5.224918647747024414e-01
7.159060853508338873e+00 4.755549898539228049e-01
7.409414762591408632e+00 4.567073210487768709e-01
7.659227149364629561e+00 4.065594944415688028e-01
7.911559474606142395e+00 3.761182757749230166e-01
8.163750941790897997e+00 3.528640414713846707e-01
8.415757210439384295e+00 3.180894867816343452e-01
8.667638839289207198e+00 2.911829414223666701e-01
8.918801124864609520e+00 2.789733953540594613e-01
9.170480108345369530e+00 2.568778132444707318e-01
9.420566033467249412e+00 2.364575269804365110e-01
9.671642335271435797e+00 2.197072716715834095e-01
9.923426157758477473e+00 2.047584255962583144e-01
1.017396902749181820e+01 1.935813468397264703e-01
1.042533700753922155e+01 1.819576347600638522e-01
1.067702948358784276e+01 1.704294925541391947e-01
1.092969337256462303e+01 1.611726758236900758e-01
1.118211872033766419e+01 1.498760928836602446e-01
1.143346516925797296e+01 1.403744640476954908e-01
1.168350508557724687e+01 1.357099082238051591e-01
1.193379937775929100e+01 1.287037797625375513e-01
1.218553055762879112e+01 1.201120456575586748e-01
1.243711650801278878e+01 1.134877055930103018e-01
1.268867268647359303e+01 1.078167951492270266e-01
1.294075027177769144e+01 1.029154463678873116e-01
1.319267287020158363e+01 9.760890801149019191e-02
1.344470571782862756e+01 9.228142320878647553e-02
1.369480150283709641e+01 9.022351313199486467e-02
1.394591277066507828e+01 8.407616799298912869e-02
1.419764645764527167e+01 8.062385884819676940e-02
1.444766774168416212e+01 7.693444517969873220e-02
1.469906835825429070e+01 7.274105890418884612e-02
1.495059118111036511e+01 6.966291376531284774e-02
1.520261612590052991e+01 6.678986845705674191e-02
1.545415944503929495e+01 6.425558077902977783e-02
1.570456072545780124e+01 6.161265750069976760e-02
1.595705800128773966e+01 5.863023911019282775e-02
1.620829297830731619e+01 5.624905375781235478e-02
1.645966591028190962e+01 5.424959166007411321e-02
1.671125708846596325e+01 5.203006484638256907e-02
1.696160259490052624e+01 5.021323923242979048e-02
1.721370276108077135e+01 4.814887171008634670e-02
1.746543424102250341e+01 4.657402763413535929e-02
1.771598473288305442e+01 4.468615099227230686e-02
1.796653767411944003e+01 4.326438230474100033e-02
1.821765658501893270e+01 4.147970528251625211e-02
1.847053788120423334e+01 3.968526791506930829e-02
1.872257696809484173e+01 3.858286389366809982e-02
1.897394097105746269e+01 3.676827963422164142e-02
1.922542454726159988e+01 3.590160501682265054e-02
1.947607703355479103e+01 3.469467935269446301e-02
1.972678839839982601e+01 3.371196632930588410e-02
1.997802698857814363e+01 3.244657554225408025e-02
2.022863620534168660e+01 3.174056409446757154e-02
2.047969598507238231e+01 3.051441574981770752e-02
2.073250439107362553e+01 2.934987904100260989e-02
2.098435855211640089e+01 2.836800728145301778e-02
2.123502923393334640e+01 2.760424332394093364e-02
2.148629411178690773e+01 2.656960666587399392e-02
2.173831825513516591e+01 2.584897584675187321e-02
2.198972260956887226e+01 2.514942476197327970e-02
2.223974971000711420e+01 2.412437752082984693e-02
2.249141870643862973e+01 2.352984859052682440e-02
2.274404614890906373e+01 2.282892450920103941e-02
2.299521835768831579e+01 2.217875086495858447e-02
2.324620084136223852e+01 2.159189573494791833e-02
2.349757798664387209e+01 2.089875762596654293e-02
2.374870488118759937e+01 2.028218779896640359e-02
2.399988781917473091e+01 1.980166500875463198e-02
2.425071646049711305e+01 1.927268537436718429e-02
2.450187830577813841e+01 1.869947716934685852e-02
2.475391093216606109e+01 1.840715883176980219e-02
2.500524226975159792e+01 1.774665699020826215e-02
2.525610980153284402e+01 1.730226349855406437e-02
2.550801425092822328e+01 1.685309065234275733e-02
2.575943113325822864e+01 1.630997284323491836e-02
2.601074166866445125e+01 1.599123266802726304e-02
2.626234447079615464e+01 1.558939534344843877e-02
2.651347712943701751e+01 1.516554013973172785e-02
2.676474177984877656e+01 1.475925479849500045e-02
2.701628079430242479e+01 1.453341696910420353e-02
2.726734205837282232e+01 1.406856971330126133e-02
2.751837013544679422e+01 1.373490348069967941e-02
2.776937726815812724e+01 1.340686559288621280e-02
2.802070160973895341e+01 1.312319204363175500e-02
2.827249982643487058e+01 1.269468535855122066e-02
2.852407603869968966e+01 1.246061654319301042e-02
2.877567300468570721e+01 1.211572722431715661e-02
2.902733523039245256e+01 1.188551669885675247e-02
2.927861073083739996e+01 1.160438614471036647e-02
2.953003196193969160e+01 1.132176553903250366e-02
2.978106336846375157e+01 1.111969646248731243e-02
3.003148440777084716e+01 1.086502175460241602e-02
3.028303386126418673e+01 1.059037956597049489e-02
3.053456493440382857e+01 1.035259480644386970e-02
3.078585183944906944e+01 1.009963321123716860e-02
3.103757946070165730e+01 9.913121872843029189e-03
3.128931656795834826e+01 9.738303573953086684e-03
3.154125974608096428e+01 9.506835233553119491e-03
3.179158626791808828e+01 9.327838023590748900e-03
3.204196438636942190e+01 9.098337420869054629e-03
3.229344668057169798e+01 8.951221338114602813e-03
3.254489998018084407e+01 8.711028250487012209e-03
3.279660140319880668e+01 8.561592223864319257e-03
3.304772754686901237e+01 8.390092733960937202e-03
3.329949953441923327e+01 8.190606584765385001e-03
3.355173249539067371e+01 8.019564222397234168e-03
3.380235474142784824e+01 7.850880320844300098e-03
3.405292218889088218e+01 7.730446547416441362e-03
3.430455901572810262e+01 7.590422004071415395e-03
3.455605119154291316e+01 7.424056913073353095e-03
3.480708698418615654e+01 7.297838772612821878e-03
3.505823042281740243e+01 7.124417637014806431e-03
3.530983122122644602e+01 7.018830054668086238e-03
3.556111974160763367e+01 6.857358504394058668e-03
3.581195885960364933e+01 6.730431294213387421e-03
3.606348577968052638e+01 6.584952042724017719e-03
3.631495136683125935e+01 6.460619677663920549e-03
3.656646781331610185e+01 6.333265484867558678e-03
3.681800948534306173e+01 6.247831918898228906e-03
3.706942350460822411e+01 6.130495373440891620e-03
3.732119977997001570e+01 6.019823215624529184e-03
3.757249197135423202e+01 5.941374127330456209e-03
3.782324055213251057e+01 5.842596800295083055e-03
3.807430609684078604e+01 5.727962748401137574e-03
3.832526519371521090e+01 5.582177289650880336e-03
3.857704530181875668e+01 5.467309073035074574e-03
3.882896255048217427e+01 5.403256126808309023e-03
3.907976684424035341e+01 5.296792878444469763e-03
3.933085588900704010e+01 5.238382100851633229e-03
3.958184533965361140e+01 5.138292823680808488e-03
3.983320492881626507e+01 5.046912754552491422e-03
4.008506787586624398e+01 4.979127591106211580e-03
4.033569471078550350e+01 4.856592369509370004e-03
4.058701345074587863e+01 4.803406197280411273e-03
4.083916815834436420e+01 4.689221786623529696e-03
4.108978611092747713e+01 4.637653672578904290e-03
4.134119394692694271e+01 4.574714600564775552e-03
4.159372926482761557e+01 4.503072773852432112e-03
4.184480996230068683e+01 4.425235315155654631e-03
4.209495048714620680e+01 4.351270060664612187e-03
4.234568601474854432e+01 4.253909953715637876e-03
4.259794184898333214e+01 4.219396401256795409e-03
4.284922176444433717e+01 4.112953876119870150e-03
4.309982534096671003e+01 4.071067482978040636e-03
4.335153475414617930e+01 4.000037460725004712e-03
4.360374984514007224e+01 3.948746263656018399e-03
4.385432838732079830e+01 3.878203004372356849e-03
4.410529766549178277e+01 3.842387076433848459e-03
4.435675536456894008e+01 3.751396635067443235e-03
4.460756668584335927e+01 3.685454491962644134e-03
4.485812369927145937e+01 3.645749577954316128e-03
4.510933196139897206e+01 3.569671529724578393e-03
4.536097672816924131e+01 3.535399475977523288e-03
4.561261869099184452e+01 3.484695640920654116e-03
4.586346064304911607e+01 3.455405268847053062e-03
4.611435299895526185e+01 3.371738605304868720e-03
4.636610302009028572e+01 3.337477533265437602e-03
4.661726081402038346e+01 3.269488950333633917e-03
4.686748045926628237e+01 3.267662102625749215e-03
4.712001000143001761e+01 3.146238655540820398e-03
4.737334269293729960e+01 3.118860295632774979e-03
4.762357272554871912e+01 3.062778472713065681e-03
4.787295862859781437e+01 3.044454376085889251e-03
4.812686710231834297e+01 3.012064128125393602e-03
4.837988354528783930e+01 2.979960118102328945e-03
4.862698975964909209e+01 2.879993777559741383e-03
4.887931961662670233e+01 2.880913628910196627e-03
4.913512531690142282e+01 2.924563669167544108e-03
4.938486646957150583e+01 2.792426205555989527e-03
4.963073103205424985e+01 2.788317333528959885e-03
4.988316058859187763e+01 2.713794981760542496e-03
5.013927392651110893e+01 2.777379193206995934e-03
5.038898445289544270e+01 2.620849875953408514e-03
5.063791314200675941e+01 2.551280400326402624e-03
5.089234515763529032e+01 2.619198460539734485e-03
5.114529266359630810e+01 2.524082428170010706e-03
5.138952878242714206e+01 2.515783280221594361e-03
5.163945178601188246e+01 2.452135929268429385e-03
5.190206698624180603e+01 2.434727010403205452e-03
5.215590084722179398e+01 2.395306694479264285e-03
5.238680673191466042e+01 2.368485035171182407e-03
5.263532591009818873e+01 2.277633488551613489e-03
5.290823119436031874e+01 2.407319183866902385e-03
5.316882575050344428e+01 2.396256866251649659e-03
5.338513341050097694e+01 2.340605430120488648e-03
5.363212510227822349e+01 2.204050092498377814e-03
5.391615723351310407e+01 2.215904945080287777e-03
5.419187693011466678e+01 2.143247859124295610e-03
5.439722241285236493e+01 2.035802715475573937e-03
5.462806064877949552e+01 2.107209650522536091e-03
5.491241494336609463e+01 2.199640290943074856e-03
5.519421446932921782e+01 2.268699954559842084e-03
5.543046826972861396e+01 2.272947514601152911e-03
5.561137265256709128e+01 3.991780239280360611e-03
