3.559856489878782115e-01 4.278872529755170717e+02
6.031648866026231293e-01 1.970422787211824414e+02
8.579160745827347778e-01 9.392271575699682273e+01
1.113464310595710716e+00 5.039194108147938778e+01
1.374039914321364408e+00 3.262027203845024559e+01
1.619154704570298309e+00 2.036296699314334546e+01
1.870686673430271840e+00 1.470772035773140018e+01
2.123290040706380832e+00 1.066747726285331410e+01
2.378144976376236119e+00 8.063957930157991782e+00
2.630489925835516996e+00 5.910851726109563664e+00
2.878653162679494670e+00 4.998516598590136972e+00
3.131144366275339319e+00 3.809764185240340773e+00
3.388159578333816313e+00 3.132853308584091501e+00
3.638741848210948149e+00 2.738732684176091503e+00
3.888315910732085268e+00 2.325174653907498890e+00
4.139052155837465996e+00 1.966465992775823235e+00
4.390305777018236988e+00 1.657831982526365433e+00
4.642172339120373081e+00 1.401047771340869996e+00
4.894678666149941293e+00 1.275117944766643419e+00
5.147269052361176378e+00 1.139409986221244564e+00
5.398003206656323272e+00 1.001056451124295199e+00
5.647798235368590269e+00 8.966353656236575320e-01
5.900534302989873581e+00 8.016115490170967472e-01
6.151460297009074374e+00 7.161220300826119933e-01
6.402630176204441526e+00 6.348034539580200697e-01
6.655964674748322096e+00 5.889745452470419584e-01
6.908782583105771202e+00 5.310646125445229737e-01
7.159060853508338873e+00 4.940319595545907272e-01
7.409414762591408632e+00 4.422716292617794309e-01
7.659227149364629561e+00 4.034436930372807262e-01
7.911559474606142395e+00 3.767154408327240689e-01
8.163750941790897997e+00 3.410775126783325839e-01
8.415757210439384295e+00 3.199674253964922555e-01
8.667638839289207198e+00 2.961550721086068649e-01
8.918801124864609520e+00 2.725630698237209160e-01
9.170480108345369530e+00 2.606422060301736288e-01
9.420566033467249412e+00 2.327812232048717400e-01
9.671642335271435797e+00 2.211420675060560559e-01
9.923426157758477473e+00 2.093101786114343610e-01
1.017396902749181820e+01 1.927302452855428061e-01
1.042533700753922155e+01 1.817213352709345087e-01
1.067702948358784276e+01 1.713731333485688513e-01
1.092969337256462303e+01 1.597779923182238160e-01
1.118211872033766419e+01 1.510597788886522963e-01
1.143346516925797296e+01 1.428595554324676720e-01
1.168350508557724687e+01 1.346340532894552966e-01
1.193379937775929100e+01 1.286030432510903709e-01
1.218553055762879112e+01 1.201672456986014464e-01
1.243711650801278878e+01 1.146519879193522579e-01
1.268867268647359303e+01 1.095616075039575615e-01
1.294075027177769144e+01 1.029868133840241284e-01
1.319267287020158363e+01 9.746916957007356608e-02
1.344470571782862756e+01 9.284860166867135722e-02
1.369480150283709641e+01 8.868421777391709282e-02
1.394591277066507828e+01 8.406384417530578246e-02
1.419764645764527167e+01 7.933816075208621754e-02
1.444766774168416212e+01 7.701203927380466385e-02
1.469906835825429070e+01 7.371105250832787892e-02
1.495059118111036511e+01 7.108414613310434782e-02
1.520261612590052991e+01 6.744872918148324403e-02
1.545415944503929495e+01 6.499297436963831498e-02
1.570456072545780124e+01 6.097528440390038301e-02
1.595705800128773966e+01 5.938916739353344854e-02
1.620829297830731619e+01 5.701443702554225001e-02
1.645966591028190962e+01 5.435262643487050183e-02
1.671125708846596325e+01 5.246971203442565151e-02
1.696160259490052624e+01 4.988850641190186591e-02
1.721370276108077135e+01 4.837065817298782933e-02
1.746543424102250341e+01 4.601648287118142999e-02
1.771598473288305442e+01 4.471718601283015265e-02
1.796653767411944003e+01 4.272270128132110711e-02
1.821765658501893270e+01 4.144459474555997613e-02
1.847053788120423334e+01 3.997197663311354010e-02
1.872257696809484173e+01 3.860705943703553189e-02
1.897394097105746269e+01 3.714178757406116221e-02
1.922542454726159988e+01 3.593912314356385862e-02
1.947607703355479103e+01 3.474005462586721160e-02
1.972678839839982601e+01 3.342155873369866137e-02
1.997802698857814363e+01 3.233210577436378130e-02
2.022863620534168660e+01 3.130713055863432182e-02
2.047969598507238231e+01 3.051510268406731896e-02
2.073250439107362553e+01 2.921823403675351608e-02
2.098435855211640089e+01 2.845037226405557063e-02
2.123502923393334640e+01 2.749677589014790438e-02
2.148629411178690773e+01 2.688103233830543837e-02
2.173831825513516591e+01 2.602038444326384287e-02
2.198972260956887226e+01 2.518539916523961086e-02
2.223974971000711420e+01 2.445482885070155224e-02
2.249141870643862973e+01 2.355246888760881285e-02
2.274404614890906373e+01 2.298527423486140461e-02
2.299521835768831579e+01 2.215148033013284931e-02
2.324620084136223852e+01 2.155208389108474037e-02
2.349757798664387209e+01 2.083994423557921152e-02
2.374870488118759937e+01 2.042285366189683718e-02
2.399988781917473091e+01 1.992843127786222274e-02
2.425071646049711305e+01 1.921504912556456016e-02
2.450187830577813841e+01 1.875762601593008658e-02
2.475391093216606109e+01 1.825700788552201206e-02
2.500524226975159792e+01 1.757399808400307573e-02
2.525610980153284402e+01 1.726692943645267986e-02
2.550801425092822328e+01 1.686276490954464330e-02
2.575943113325822864e+01 1.633355031230130511e-02
2.601074166866445125e+01 1.597836010181751670e-02
2.626234447079615464e+01 1.556140039109677256e-02
2.651347712943701751e+01 1.510052907425182139e-02
2.676474177984877656e+01 1.477835882258416410e-02
2.701628079430242479e+01 1.442189719555544980e-02
2.726734205837282232e+01 1.411969719684812337e-02
2.751837013544679422e+01 1.370794417584705188e-02
2.776937726815812724e+01 1.336836361540571366e-02
2.802070160973895341e+01 1.304899040564087148e-02
2.827249982643487058e+01 1.277061113308479434e-02
2.852407603869968966e+01 1.242559020651638410e-02
2.877567300468570721e+01 1.219603425165214500e-02
2.902733523039245256e+01 1.193949999291164625e-02
2.927861073083739996e+01 1.162908850361670139e-02
2.953003196193969160e+01 1.132025209028398628e-02
2.978106336846375157e+01 1.109972841431451987e-02
3.003148440777084716e+01 1.085889566108123004e-02
3.028303386126418673e+01 1.059919047797488502e-02
3.053456493440382857e+01 1.034555806508187514e-02
3.078585183944906944e+01 1.015550578553391266e-02
3.103757946070165730e+01 9.891164406566422054e-03
3.128931656795834826e+01 9.712313397294385087e-03
3.154125974608096428e+01 9.476200435944772196e-03
3.179158626791808828e+01 9.274737652402068044e-03
3.204196438636942190e+01 9.086713559478473701e-03
3.229344668057169798e+01 8.906435011251065056e-03
3.254489998018084407e+01 8.724503622775088216e-03
3.279660140319880668e+01 8.504865236529499453e-03
3.304772754686901237e+01 8.384202958278885384e-03
3.329949953441923327e+01 8.186402294817804459e-03
3.355173249539067371e+01 8.037622285313697490e-03
3.380235474142784824e+01 7.892590614467676069e-03
3.405292218889088218e+01 7.749416846020447565e-03
3.430455901572810262e+01 7.596392218110682715e-03
3.455605119154291316e+01 7.433658568633677577e-03
3.480708698418615654e+01 7.262195080862583925e-03
3.505823042281740243e+01 7.141508475625247925e-03
3.530983122122644602e+01 6.969431093745355986e-03
3.556111974160763367e+01 6.878679121087563110e-03
3.581195885960364933e+01 6.769763551070760027e-03
3.606348577968052638e+01 6.630775307130166128e-03
3.631495136683125935e+01 6.496046210578885170e-03
3.656646781331610185e+01 6.384525262570563651e-03
3.681800948534306173e+01 6.211903044325932204e-03
3.706942350460822411e+01 6.151291713645580701e-03
3.732119977997001570e+01 6.030779168127957737e-03
3.757249197135423202e+01 5.862439930398958936e-03
3.782324055213251057e+01 5.840446409835670614e-03
3.807430609684078604e+01 5.701506936774958234e-03
3.832526519371521090e+01 5.632696835634027656e-03
3.857704530181875668e+01 5.504652922176691415e-03
3.882896255048217427e+01 5.396497763708726567e-03
3.907976684424035341e+01 5.318907709564970471e-03
3.933085588900704010e+01 5.214297109866875696e-03
3.958184533965361140e+01 5.098055608916563647e-03
3.983320492881626507e+01 5.047782177091553885e-03
4.008506787586624398e+01 4.988990717765335453e-03
4.033569471078550350e+01 4.886150621811490881e-03
4.058701345074587863e+01 4.786685867209464554e-03
4.083916815834436420e+01 4.704284339881658825e-03
4.108978611092747713e+01 4.612255655246553197e-03
4.134119394692694271e+01 4.550905579979910506e-03
4.159372926482761557e+01 4.494945652650030564e-03
4.184480996230068683e+01 4.413255079067405877e-03
4.209495048714620680e+01 4.342877574423530639e-03
4.234568601474854432e+01 4.258013510137369576e-03
4.259794184898333214e+01 4.195460556351401395e-03
4.284922176444433717e+01 4.112010045987376378e-03
4.309982534096671003e+01 4.083859438658441615e-03
4.335153475414617930e+01 4.011262256709738350e-03
4.360374984514007224e+01 3.925172153669372575e-03
4.385432838732079830e+01 3.924611410675365834e-03
4.410529766549178277e+01 3.814627825172662093e-03
4.435675536456894008e+01 3.779431870853813737e-03
4.460756668584335927e+01 3.707226411803646836e-03
4.485812369927145937e+01 3.666541216268590433e-03
4.510933196139897206e+01 3.612359886929491538e-03
4.536097672816924131e+01 3.535173997780006148e-03
4.561261869099184452e+01 3.499752618919718498e-03
4.586346064304911607e+01 3.404352943487969855e-03
4.611435299895526185e+01 3.360328616660069462e-03
4.636610302009028572e+01 3.343911446262744398e-03
4.661726081402038346e+01 3.241689289443730124e-03
4.686748045926628237e+01 3.218561658064057664e-03
4.712001000143001761e+01 3.163062378188417553e-03
4.737334269293729960e+01 3.166044756787112814e-03
4.762357272554871912e+01 3.113072342264303852e-03
4.787295862859781437e+01 3.051431817838699823e-03
4.812686710231834297e+01 3.088847612739329795e-03
4.837988354528783930e+01 2.963679004802752693e-03
4.862698975964909209e+01 2.948600900505785397e-03
4.887931961662670233e+01 2.907623412491396313e-03
4.913512531690142282e+01 2.857079690814021654e-03
4.938486646957150583e+01 2.826390898297744588e-03
4.963073103205424985e+01 2.723622538313407934e-03
4.988316058859187763e+01 2.706731878218754210e-03
5.013927392651110893e+01 2.709903832180360697e-03
5.038898445289544270e+01 2.678839262093715354e-03
5.063791314200675941e+01 2.594267877170165423e-03
5.089234515763529032e+01 2.565254312864514129e-03
5.114529266359630810e+01 2.519928890649092944e-03
5.138952878242714206e+01 2.442736875581127173e-03
5.163945178601188246e+01 2.407546092546678645e-03
5.190206698624180603e+01 2.461496102552474408e-03
5.215590084722179398e+01 2.391740631043392726e-03
5.238680673191466042e+01 2.417087820278839266e-03
5.263532591009818873e+01 2.335517607619633056e-03
5.290823119436031874e+01 2.344243774315018982e-03
5.316882575050344428e+01 2.364210238762576386e-03
5.338513341050097694e+01 2.346026206499338650e-03
5.363212510227822349e+01 2.276035608084015470e-03
5.391615723351310407e+01 2.095376953975728630e-03
5.419187693011466678e+01 2.155582153981046301e-03
5.439722241285236493e+01 2.267969090493110289e-03
5.462806064877949552e+01 2.146463242067800196e-03
5.491241494336609463e+01 2.179294678290152366e-03
5.519421446932921782e+01 2.955676149310294560e-03
5.543046826972861396e+01 1.789203309215573563e-03
5.561137265256709128e+01 7.837923456045295389e-04
