3.559856489878782115e-01 9.589458642971445670e+02
6.031648866026231293e-01 1.451408391169712786e+02
8.579160745827347778e-01 9.785563771251290177e+01
1.113464310595710716e+00 4.749386983725354838e+01
1.374039914321364408e+00 3.319535904806363646e+01
1.619154704570298309e+00 1.911308721106311026e+01
1.870686673430271840e+00 1.493167972688539002e+01
2.123290040706380832e+00 9.785505247993704359e+00
2.378144976376236119e+00 7.981041336560675603e+00
2.630489925835516996e+00 5.996631174127235120e+00
2.878653162679494670e+00 4.815453299242009599e+00
3.131144366275339319e+00 3.757980556234155056e+00
3.388159578333816313e+00 3.198408701746012550e+00
3.638741848210948149e+00 2.808392999960645398e+00
3.888315910732085268e+00 2.238476770957756656e+00
4.139052155837465996e+00 2.019068197675154330e+00
4.390305777018236988e+00 1.643212585021313954e+00
4.642172339120373081e+00 1.491869238404534892e+00
4.894678666149941293e+00 1.240428314395610965e+00
5.147269052361176378e+00 1.107591311357647657e+00
5.398003206656323272e+00 9.981946289327063848e-01
5.647798235368590269e+00 8.650821854209073125e-01
5.900534302989873581e+00 7.952993061446514966e-01
6.151460297009074374e+00 7.171436727847786408e-01
6.402630176204441526e+00 6.444631640311898613e-01
6.655964674748322096e+00 5.919674475597124230e-01
6.908782583105771202e+00 5.391892708651077060e-01
7.159060853508338873e+00 4.815397314732546841e-01
7.409414762591408632e+00 4.422838432088391225e-01
7.659227149364629561e+00 4.069565921152469290e-01
7.911559474606142395e+00 3.770456273321565743e-01
8.163750941790897997e+00 3.435315608483966998e-01
8.415757210439384295e+00 3.166825730762032332e-01
8.667638839289207198e+00 2.983332066394134285e-01
8.918801124864609520e+00 2.678595476880895609e-01
9.170480108345369530e+00 2.548940145868497931e-01
9.420566033467249412e+00 2.349313669433708840e-01
9.671642335271435797e+00 2.218218311655059116e-01
9.923426157758477473e+00 2.081901826190265259e-01
1.017396902749181820e+01 1.925330119535087758e-01
1.042533700753922155e+01 1.820123800587726270e-01
1.067702948358784276e+01 1.722519502500255151e-01
1.092969337256462303e+01 1.642935183386908249e-01
1.118211872033766419e+01 1.503004633440091775e-01
1.143346516925797296e+01 1.423475108779236609e-01
1.168350508557724687e+01 1.364243123089549370e-01
1.193379937775929100e+01 1.292601042825777535e-01
1.218553055762879112e+01 1.213749328173106962e-01
1.243711650801278878e+01 1.139908426808215192e-01
1.268867268647359303e+01 1.100522810866733370e-01
1.294075027177769144e+01 1.024076365280829487e-01
1.319267287020158363e+01 9.657921304848994526e-02
1.344470571782862756e+01 9.267678690104931560e-02
1.369480150283709641e+01 8.911242031257815555e-02
1.394591277066507828e+01 8.441079976345154667e-02
1.419764645764527167e+01 8.031486860899324232e-02
1.444766774168416212e+01 7.676724714269407557e-02
1.469906835825429070e+01 7.333222169318420747e-02
1.495059118111036511e+01 7.035846063363107583e-02
1.520261612590052991e+01 6.713663284291668254e-02
1.545415944503929495e+01 6.438399987658130486e-02
1.570456072545780124e+01 6.230498510021365705e-02
1.595705800128773966e+01 5.929350103937604255e-02
1.620829297830731619e+01 5.662603251549729738e-02
1.645966591028190962e+01 5.450955574255045288e-02
1.671125708846596325e+01 5.269020725874879602e-02
1.696160259490052624e+01 5.004279216729241170e-02
1.721370276108077135e+01 4.806610857278007659e-02
1.746543424102250341e+01 4.666952462537624774e-02
1.771598473288305442e+01 4.462193592667602904e-02
1.796653767411944003e+01 4.315648374578098107e-02
1.821765658501893270e+01 4.132840921767341746e-02
1.847053788120423334e+01 3.998003140594155042e-02
1.872257696809484173e+01 3.862636334746445688e-02
1.897394097105746269e+01 3.719808956836394981e-02
1.922542454726159988e+01 3.584966740086190790e-02
1.947607703355479103e+01 3.483323848037780252e-02
1.972678839839982601e+01 3.361575677138616686e-02
1.997802698857814363e+01 3.222927173809872481e-02
2.022863620534168660e+01 3.132261460254990443e-02
2.047969598507238231e+01 3.054308113567180683e-02
2.073250439107362553e+01 2.940102579577650102e-02
2.098435855211640089e+01 2.829788315559749953e-02
2.123502923393334640e+01 2.765265989200803298e-02
2.148629411178690773e+01 2.674587321807592871e-02
2.173831825513516591e+01 2.578914167824962467e-02
2.198972260956887226e+01 2.520112848357499921e-02
2.223974971000711420e+01 2.445885370905293357e-02
2.249141870643862973e+01 2.360146521042748649e-02
2.274404614890906373e+01 2.291199793668165924e-02
2.299521835768831579e+01 2.224664256506873536e-02
2.324620084136223852e+01 2.167136163123201120e-02
2.349757798664387209e+01 2.099117225936341855e-02
2.374870488118759937e+01 2.040735529887943711e-02
2.399988781917473091e+01 1.988011513152426052e-02
2.425071646049711305e+01 1.922449610986455906e-02
2.450187830577813841e+01 1.878650789027101406e-02
2.475391093216606109e+01 1.827288442101750177e-02
2.500524226975159792e+01 1.766717806274878053e-02
2.525610980153284402e+01 1.732670180302078172e-02
2.550801425092822328e+01 1.675066921259870875e-02
2.575943113325822864e+01 1.653211316489638927e-02
2.601074166866445125e+01 1.594358392855924067e-02
2.626234447079615464e+01 1.557707863410170805e-02
2.651347712943701751e+01 1.533201695500231374e-02
2.676474177984877656e+01 1.483279995627313080e-02
2.701628079430242479e+01 1.436190896619203052e-02
2.726734205837282232e+01 1.399743579615174253e-02
2.751837013544679422e+01 1.366282693292362321e-02
2.776937726815812724e+01 1.344104911352901784e-02
2.802070160973895341e+01 1.318650444079008492e-02
2.827249982643487058e+01 1.275435395386981773e-02
2.852407603869968966e+01 1.242216898707067252e-02
2.877567300468570721e+01 1.217737446986258930e-02
2.902733523039245256e+01 1.180475159500195097e-02
2.927861073083739996e+01 1.151989273166356860e-02
2.953003196193969160e+01 1.135105763788147801e-02
2.978106336846375157e+01 1.107674972198678144e-02
3.003148440777084716e+01 1.088214142796106731e-02
3.028303386126418673e+01 1.062381323529280885e-02
3.053456493440382857e+01 1.030168715611194837e-02
3.078585183944906944e+01 1.011617470115217833e-02
3.103757946070165730e+01 9.897211471728303497e-03
3.128931656795834826e+01 9.719557191056426085e-03
3.154125974608096428e+01 9.518761148500318528e-03
3.179158626791808828e+01 9.262568245940409201e-03
3.204196438636942190e+01 9.134310320658541038e-03
3.229344668057169798e+01 8.898380242736272927e-03
3.254489998018084407e+01 8.759752469921939025e-03
3.279660140319880668e+01 8.556971588302429363e-03
3.304772754686901237e+01 8.372608613307321729e-03
3.329949953441923327e+01 8.222277773064144007e-03
3.355173249539067371e+01 8.044269206036763764e-03
3.380235474142784824e+01 7.828461241168760409e-03
3.405292218889088218e+01 7.722177723350655623e-03
3.430455901572810262e+01 7.548605052634386331e-03
3.455605119154291316e+01 7.438156562132769607e-03
3.480708698418615654e+01 7.260552981727669622e-03
3.505823042281740243e+01 7.135750016976867560e-03
3.530983122122644602e+01 7.021029060784314026e-03
3.556111974160763367e+01 6.895584980625481600e-03
3.581195885960364933e+01 6.717863320203507072e-03
3.606348577968052638e+01 6.588442279477566867e-03
3.631495136683125935e+01 6.446239789036490968e-03
3.656646781331610185e+01 6.390520679001034446e-03
3.681800948534306173e+01 6.265551868945579833e-03
3.706942350460822411e+01 6.106048124641876886e-03
3.732119977997001570e+01 6.016613876280762878e-03
3.757249197135423202e+01 5.917798427475575926e-03
3.782324055213251057e+01 5.800368299113148503e-03
3.807430609684078604e+01 5.724472771687695062e-03
3.832526519371521090e+01 5.610568945170956064e-03
3.857704530181875668e+01 5.490619108823772444e-03
3.882896255048217427e+01 5.420453588692648872e-03
3.907976684424035341e+01 5.275519622193358682e-03
3.933085588900704010e+01 5.211574552438540293e-03
3.958184533965361140e+01 5.156286877010427330e-03
3.983320492881626507e+01 5.051530901400591578e-03
4.008506787586624398e+01 4.962622534025708937e-03
4.033569471078550350e+01 4.860517358819217357e-03
4.058701345074587863e+01 4.797102586779670996e-03
4.083916815834436420e+01 4.679559974808959050e-03
4.108978611092747713e+01 4.604842905328296321e-03
4.134119394692694271e+01 4.553293472623153211e-03
4.159372926482761557e+01 4.485941767461257973e-03
4.184480996230068683e+01 4.414795478507816708e-03
4.209495048714620680e+01 4.327267346010966499e-03
4.234568601474854432e+01 4.293219373480334361e-03
4.259794184898333214e+01 4.199121413915875636e-03
4.284922176444433717e+01 4.146011613289710476e-03
4.309982534096671003e+01 4.086346492515644836e-03
4.335153475414617930e+01 4.029540223899923633e-03
4.360374984514007224e+01 3.941454216336255818e-03
4.385432838732079830e+01 3.887349593202730439e-03
4.410529766549178277e+01 3.836136203338414222e-03
4.435675536456894008e+01 3.743982287498738657e-03
4.460756668584335927e+01 3.704050934664586143e-03
4.485812369927145937e+01 3.661445380338734616e-03
4.510933196139897206e+01 3.559928778313749351e-03
4.536097672816924131e+01 3.546997035386796875e-03
4.561261869099184452e+01 3.477044092683096756e-03
4.586346064304911607e+01 3.472606450330193752e-03
4.611435299895526185e+01 3.398385291025725514e-03
4.636610302009028572e+01 3.318297397352698488e-03
4.661726081402038346e+01 3.314300723679111486e-03
4.686748045926628237e+01 3.232089195998968413e-03
4.712001000143001761e+01 3.138437404618777717e-03
4.737334269293729960e+01 3.176673929855364231e-03
4.762357272554871912e+01 3.067179540084000698e-03
4.787295862859781437e+01 2.983693607509120636e-03
4.812686710231834297e+01 3.006689225080835803e-03
4.837988354528783930e+01 2.965140301740091036e-03
4.862698975964909209e+01 2.926632006288911424e-03
4.887931961662670233e+01 2.859320884482151413e-03
4.913512531690142282e+01 2.875594865756731476e-03
4.938486646957150583e+01 2.833191336122664519e-03
4.963073103205424985e+01 2.825191007292770888e-03
4.988316058859187763e+01 2.713903806424905734e-03
5.013927392651110893e+01 2.721990413433604712e-03
5.038898445289544270e+01 2.684463766366330852e-03
5.063791314200675941e+01 2.657469956922045486e-03
5.089234515763529032e+01 2.527446645038059023e-03
5.114529266359630810e+01 2.536937924360937579e-03
5.138952878242714206e+01 2.518329116817572249e-03
5.163945178601188246e+01 2.443924811073615918e-03
5.190206698624180603e+01 2.451744266740389384e-03
5.215590084722179398e+01 2.416846316000890657e-03
5.238680673191466042e+01 2.313792506602314631e-03
5.263532591009818873e+01 2.357813280882109074e-03
5.290823119436031874e+01 2.340057465585100409e-03
5.316882575050344428e+01 2.323601560003100107e-03
5.338513341050097694e+01 2.332069348771298716e-03
5.363212510227822349e+01 2.227855756440302697e-03
5.391615723351310407e+01 2.217884559509229140e-03
5.419187693011466678e+01 2.182824348842701562e-03
5.439722241285236493e+01 2.250406262269759664e-03
5.462806064877949552e+01 1.906784332001671941e-03
5.491241494336609463e+01 2.094626565312628780e-03
5.519421446932921782e+01 2.702920427307192817e-03
5.543046826972861396e+01 1.742724362581530954e-03
5.561137265256709128e+01 3.043603158259509858e-03
