2.000000000000000164e-05 1.051047764039895611e+02
2.061866662774235133e-05 1.082318825393311954e+02
2.125647067529880287e-05 1.114520523571032697e+02
2.191400412681836395e-05 1.147680262938309710e+02
2.259187727849189364e-05 1.181826208668957747e+02
2.329071930500457280e-05 1.216988112990232054e+02
2.401117884351061283e-05 1.253196192297370857e+02
2.475392459567227039e-05 1.290481475913653071e+02
2.551964594832191468e-05 1.328875918563041694e+02
2.630905361332326207e-05 1.368412472882461941e+02
2.712288028722563277e-05 1.409125311177072035e+02
2.796188133132349548e-05 1.451049403416942027e+02
2.882683547275258009e-05 1.494220585143544042e+02
2.971854552727314422e-05 1.538675970254089407e+02
3.063783914441142644e-05 1.584454286204633604e+02
3.158556957565069906e-05 1.631594330398926616e+02
3.256261646638515940e-05 1.680136192858284119e+02
3.356988667237145377e-05 1.730122040837291877e+02
3.460831510143589496e-05 1.781595511170156954e+02
3.567886558121838823e-05 1.834599852854583162e+02
3.678253175375863497e-05 1.889180625893244780e+02
3.792033799775482812e-05 1.945385333101428955e+02
3.909334037935087132e-05 2.003261646518743930e+02
4.030262763233470976e-05 2.062859487476443974e+02
4.154932216865731660e-05 2.124230084763057391e+02
4.283458112021050203e-05 2.187426060179933529e+02
4.415959741283033473e-05 2.252501833747861610e+02
4.552560087352310644e-05 2.319513185838188178e+02
4.693385937194143964e-05 2.388517252521501177e+02
4.838567999717006821e-05 2.459573614202230374e+02
4.988241027091355013e-05 2.532743987880424186e+02
5.142543939821186304e-05 2.608089854834136645e+02
5.301619955684488017e-05 2.685676430179861427e+02
5.465616722662230639e-05 2.765570783025107175e+02
5.634686455979312004e-05 2.847840812547672158e+02
5.808986079384622199e-05 2.932556922612582753e+02
5.988677370801378348e-05 3.019792301854576522e+02
6.173927112482908953e-05 3.109621617098929960e+02
6.364907245813251153e-05 3.202121554103195535e+02
6.561795030896256297e-05 3.297372118743858778e+02
6.764773211081310600e-05 3.395454223650049812e+02
6.974030182578385502e-05 3.496452150814927222e+02
7.189760169319840493e-05 3.600453029774064930e+02
7.412163403231309224e-05 3.707545308002257798e+02
7.641446310078927413e-05 3.817820540420793236e+02
7.877821701065464166e-05 3.931373868717242885e+02
8.121508970353146894e-05 4.048302242167609961e+02
8.372734298696526555e-05 4.168704455508242290e+02
8.631730863374390808e-05 4.292685501744746830e+02
8.898739054615560304e-05 4.420351031666535278e+02
9.174006698719468038e-05 4.551809211439613705e+02
9.457789288078590850e-05 4.687172853941973472e+02
9.750350218316255829e-05 4.826558243756995239e+02
1.005196103275988486e-04 4.970083568707293580e+02
1.036290167447663740e-04 5.117871149307424616e+02
1.068346074610533700e-04 5.270047812368688938e+02
1.101393577772587576e-04 5.426743313956975499e+02
1.135463350301469900e-04 5.588092148848696752e+02
1.170587014394271886e-04 5.754230071844855274e+02
1.206797170427986190e-04 5.925297983274621174e+02
1.244127427217870817e-04 6.101445806508669421e+02
1.282612433211802725e-04 6.282818448409884695e+02
1.322287908649580714e-04 6.469571706092085606e+02
1.363190678717016472e-04 6.661867158314571498e+02
1.405358707725599423e-04 6.859863836119127427e+02
1.448831134349446261e-04 7.063731177138703288e+02
1.493648307952251245e-04 7.273642871019791301e+02
1.539851826037945631e-04 7.489776064242371376e+02
1.587484572859834719e-04 7.712313080918560217e+02
1.636590759224044848e-04 7.941442688407764763e+02
1.687215963524216135e-04 8.177359043795513571e+02
1.739407174045545768e-04 8.420261097569890580e+02
1.793212832577425651e-04 8.670352649350871843e+02
1.848682879375175038e-04 8.927843321122064708e+02
1.905868799512577144e-04 9.192950734603617775e+02
1.964823670668267431e-04 9.465897879415322222e+02
2.025602212390300921e-04 9.746912845762177540e+02
2.088260836884648860e-04 1.003623072019721803e+03
2.152857701374740395e-04 1.033409279051362773e+03
2.219452762080673536e-04 1.064074851758654177e+03
2.288107829868167673e-04 1.095645428485347111e+03
2.358886627618938029e-04 1.128147128800271730e+03
2.431854849375715002e-04 1.161606768706097228e+03
2.507080221316822146e-04 1.196052074893430472e+03
2.584632564616903263e-04 1.231511583384885625e+03
2.664583860252132757e-04 1.268014514378980039e+03
2.747008315810076768e-04 1.305590861031020040e+03
2.831982434366196798e-04 1.344271276502187220e+03
2.919585085490942599e-04 1.384087549592666619e+03
3.009897578453318867e-04 1.425072439007319417e+03
3.103003737688898151e-04 1.467258655460858563e+03
3.198989980602291814e-04 1.510680365929587651e+03
3.297945397776331339e-04 1.555373055283545455e+03
3.399961835662364457e-04 1.601372846788277457e+03
3.505133981828461209e-04 1.648716067974666430e+03
3.613559452844606777e-04 1.697440613800107712e+03
3.725338884886500359e-04 1.747585337919035283e+03
3.840576027142009619e-04 1.799189890537320707e+03
3.959377838107011453e-04 1.852295032539891508e+03
4.081854584859984981e-04 1.906942541810334205e+03
4.208119945407482517e-04 1.963175007357789127e+03
4.338291114195511533e-04 2.021035975730421114e+03
4.472488910884706687e-04 2.080570192568421135e+03
4.610837892490312457e-04 2.141823548083593323e+03
4.753466468990992012e-04 2.204842718812003113e+03
4.900507022513842263e-04 2.269675711933571620e+03
5.052096030206158165e-04 2.336371794098990449e+03
5.208374190908066689e-04 2.404980170171251302e+03
5.369486555743533578e-04 2.475552270990882334e+03
5.535582662751021210e-04 2.548140777486608840e+03
5.706816675678679212e-04 2.622798780486695705e+03
5.883347527072976769e-04 2.699580398246626373e+03
6.065339065793504646e-04 2.778541602334847539e+03
6.252960209090922860e-04 2.859739148417785600e+03
6.446385099389193279e-04 2.943230323169705116e+03
6.645793265917573217e-04 3.029073828403436437e+03
6.851369791342475654e-04 3.117330583349240896e+03
7.063305483553755605e-04 3.208061063655894941e+03
7.281797052764969486e-04 3.301326798280973890e+03
7.507047294091881472e-04 3.397192435697223573e+03
7.739265275778790375e-04 3.495721164322828372e+03
7.978666533247263980e-04 3.596978470016437313e+03
8.225473269147506655e-04 3.701031147065134974e+03
8.479914559597920374e-04 3.807945890101480472e+03
8.742226566804407305e-04 3.917791833477143882e+03
9.012652758256627095e-04 4.030636838372839065e+03
9.291444132704799238e-04 4.146550811082178370e+03
9.578859453126642009e-04 4.265606284265399154e+03
9.875165486900833005e-04 4.387872766727061389e+03
1.018063725340976342e-03 4.513422878698276691e+03
1.049555827930151713e-03 4.642329556844521903e+03
1.082022086164795760e-03 4.774664936145738466e+03
1.115492633924311311e-03 4.910502725122039010e+03
1.149998537229380072e-03 5.049916677359171445e+03
1.185571823076197540e-03 5.192982917720294608e+03
1.222245509162642229e-03 5.339771870525834856e+03
1.260053634533986030e-03 5.490345311625248542e+03
1.299031291176567203e-03 5.644795656849956686e+03
1.339214656588767760e-03 5.803198402950421951e+03
1.380641027359512602e-03 5.965616533077766690e+03
1.423348853785474455e-03 6.132124496788195756e+03
1.467377775559093687e-03 6.302794217361534720e+03
1.512768658560555536e-03 6.477694813706434616e+03
1.559563632787853505e-03 6.656895779049548764e+03
1.607806131460176764e-03 6.840466910613810796e+03
1.657540931330874715e-03 7.028472387107455688e+03
1.708814194247443557e-03 7.220977375854374259e+03
1.761673509997109272e-03 7.418045476935207262e+03
1.816167940477755611e-03 7.619735808586676285e+03
1.872348065235213957e-03 7.826103923082449001e+03
1.930266028409162535e-03 8.037205570680437631e+03
1.989975587131237456e-03 8.253091962350188624e+03
2.051532161420240898e-03 8.473810016685398296e+03
2.114992885620784174e-03 8.699405804431229626e+03
2.180416661433086812e-03 8.929915949011950943e+03
2.247864212583188491e-03 9.165374296179046723e+03
2.317398141184265261e-03 9.405812547045014071e+03
2.389082985841409646e-03 9.651256163077996462e+03
2.462985281553765546e-03 9.901723030588820620e+03
2.539173621469660060e-03 1.015722551610982373e+04
2.617718720552007598e-03 1.041777043853932446e+04
2.698693481213105226e-03 1.068335788476126618e+04
2.782173060979723205e-03 1.095397991258233924e+04
2.868234942251319392e-03 1.122961932511081432e+04
2.956959004216090908e-03 1.151025128695045896e+04
3.048427596991626961e-03 1.179584415277822154e+04
3.142725618059002708e-03 1.208635678105173065e+04
3.239940591061204501e-03 1.238173227361747922e+04
3.340162747039075383e-03 1.268191041160794521e+04
3.443485108180139361e-03 1.298681858491614184e+04
3.550003574158078212e-03 1.329635627954786651e+04
3.659817011142960357e-03 1.361047678633218129e+04
3.773027343564857965e-03 1.392904177496780540e+04
3.889739648716003789e-03 1.425186511359320139e+04
4.010062254279344977e-03 1.457885438405099558e+04
4.134106838873937567e-03 1.490985433114771877e+04
4.261988535710576134e-03 1.524468904950758406e+04
4.393826039453805656e-03 1.558317287758385828e+04
4.529741716389575588e-03 1.592509831404691431e+04
4.669861718000707478e-03 1.627024698642386647e+04
4.814316098055635568e-03 1.661837689795130427e+04
4.963238933319122533e-03 1.696922710988340987e+04
5.116768447996925852e-03 1.732252334181871265e+04
5.275047142029964768e-03 1.767797051793162609e+04
5.438221923357041895e-03 1.803524698957119108e+04
5.606444244268931829e-03 1.839400536305941205e+04
5.779870241980298098e-03 1.875388255857290278e+04
5.958660883550017176e-03 1.911450610740334741e+04
6.142982115284321976e-03 1.947543111507798312e+04
6.333005016761546202e-03 1.983623087329326154e+04
6.528905959621305807e-03 2.019647985024020818e+04
6.730866771265602011e-03 2.055565548975928323e+04
6.939074903623696638e-03 2.091324869678577306e+04
7.153723607137517197e-03 2.126872312767413678e+04
7.375012110128951331e-03 2.162150782748774509e+04
7.603145803715571915e-03 2.197101301601033265e+04
7.838336432446474031e-03 2.231660459455731689e+04
8.080802290835055468e-03 2.265763579883223429e+04
8.330768425971239732e-03 2.299342399502564876e+04
8.588466846401139609e-03 2.332323879600731379e+04
8.854136737468135468e-03 2.364636207491316600e+04
9.128024683315085278e-03 2.396200379735370370e+04
9.410384895753865983e-03 2.426934852056423188e+04
9.701479450214541694e-03 2.456758595166316809e+04
1.000157852899333580e-02 2.485585307001587717e+04
1.031096067202496268e-02 2.513325514706491958e+04
1.062991303541225251e-02 2.539887684456390707e+04
1.095873165795289463e-02 2.565177651724368116e+04
1.129772173591084457e-02 2.589097682304027694e+04
1.164719790628722211e-02 2.611550399928561455e+04
1.200748453885374170e-02 2.632435426973971335e+04
1.237891603721978998e-02 2.651649584368953583e+04
1.276183714921240962e-02 2.669089399235897508e+04
1.315660328685743126e-02 2.684648827136335240e+04
1.356358085625862867e-02 2.698223257054969508e+04
1.398314759768123222e-02 2.709708278849684211e+04
1.441569293615527908e-02 2.718997921940691595e+04
1.486161834292430706e-02 2.725989429839761578e+04
1.532133770807484439e-02 2.730582274577785574e+04
1.579527772469265651e-02 2.732677918053431495e+04
1.628387828490212436e-02 2.732181701905075170e+04
1.678759288815650022e-02 2.729006560319017444e+04
1.730688906215785416e-02 2.723068949996559604e+04
1.784224879679765716e-02 2.714293348852856434e+04
1.839416899152040985e-02 2.702614995454471500e+04
1.896316191652574340e-02 2.687978088410821510e+04
1.954975568823719492e-02 2.670338711345065531e+04
2.015449475947861738e-02 2.649666825336054171e+04
2.077794042481350203e-02 2.625948146550727324e+04
2.142067134151603644e-02 2.599185856870663702e+04
2.208328406665767754e-02 2.569401018279886193e+04
2.276639361080744217e-02 2.536635484839294804e+04
2.347063400886011814e-02 2.500953255177280516e+04
2.419665890852192719e-02 2.462441462626609064e+04
2.494514217700027903e-02 2.421212634353508111e+04
2.571677852646018364e-02 2.377404376498953206e+04
2.651228415882829481e-02 2.331181170955868947e+04
2.733239743054274862e-02 2.282734803532254227e+04
2.817787953786611913e-02 2.232283130450274984e+04
2.904951522339720149e-02 2.180069844039114832e+04
2.994811350443767756e-02 2.126363463880685231e+04
3.087450842388944627e-02 2.071456607615836401e+04
3.182955982437995351e-02 2.015660875514849249e+04
3.281415414633360311e-02 1.959305146321602660e+04
3.382920525073008361e-02 1.902733014550102598e+04
3.487565526731371823e-02 1.846294579155063184e+04
3.595447546904039643e-02 1.790345370934130187e+04
3.706666717357422897e-02 1.735235820952005452e+04
3.821326267267037557e-02 1.681308804307805985e+04
3.939532619030704924e-02 1.628890297976946385e+04
4.061395487045538905e-02 1.578282961131602497e+04
4.187027979540464129e-02 1.529758723419446687e+04
4.316546703558721276e-02 1.483549248332009847e+04
4.450071873187871896e-02 1.439840399979846734e+04
4.587727421137680756e-02 1.398764759897145450e+04
4.729641113769501859e-02 1.360391442540160824e+04
4.875944669683868193e-02 1.324722610607831484e+04
5.026773881976446395e-02 1.291685171382354565e+04
5.182268744275733696e-02 1.261126405552752476e+04
5.342573580679515349e-02 1.232809900302126698e+04
5.507837179710731862e-02 1.206415180645810688e+04
5.678212932417008724e-02 1.181538533243024904e+04
5.853858974742083554e-02 1.157700235640366554e+04
6.034938334301229862e-02 1.134355573509458554e+04
6.221619081696987130e-02 1.110911400688409958e+04
6.414074486515532192e-02 1.086753558214277837e+04
6.612483178148569063e-02 1.061278278280237464e+04
6.817029311589976881e-02 1.033931583198387307e+04
7.027902738361092860e-02 1.004253998468849750e+04
7.245299182723245746e-02 9.719275719412416947e+03
7.469420423341233128e-02 9.368172584409450792e+03
7.700474480566148194e-02 8.990075749938110675e+03
7.938675809511540338e-02 8.588204287640304756e+03
8.184245499102051069e-02 8.168156601636995219e+03
8.437411477279296856e-02 7.737638657995956237e+03
8.698408722555457662e-02 7.305997143064184456e+03
8.967479482110857214e-02 6.883482435581371647e+03
9.244873496638165988e-02 6.480414001125143841e+03
9.530848232141651832e-02 6.106243225206500028e+03
9.825669118906808774e-02 5.768684660223559149e+03
1.012960979786211579e-01 5.472956432136549665e+03
1.044295237456157460e-01 5.221209795641364508e+03
1.076598768102376980e-01 5.012171378430497498e+03
1.109901554567051946e-01 4.841014827959507784e+03
1.144234507161551034e-01 4.699541940679286199e+03
1.179629492356153858e-01 4.576714015765858676e+03
1.216119362357223621e-01 4.459674687984668708e+03
1.253737985599309157e-01 4.335303215262322738e+03
1.292520278180469551e-01 4.192209291561380269e+03
1.332502236269994811e-01 4.022875205850961265e+03
1.373720969518611723e-01 3.825400648695377640e+03
1.416214735502162869e-01 3.604277634888655029e+03
1.460022975230769737e-01 3.369743034847080708e+03
1.505186349756387765e-01 3.135714004727572046e+03
1.551746777912767217e-01 2.916778385767564941e+03
1.599747475222834392e-01 2.725017366835642406e+03
1.649232994009606212e-01 2.567451242466710482e+03
1.700249264747872857e-01 2.444613864344509238e+03
1.752843638695024409e-01 2.350415840236013082e+03
1.807064931840577648e-01 2.273383944485153279e+03
1.862963470215240613e-01 2.199278334767413980e+03
1.920591136601502436e-01 2.115114175369995792e+03
1.980001418689156523e-01 2.013053671472708402e+03
2.041249458720430510e-01 1.893220411340881128e+03
2.104392104670803065e-01 1.763890020121226371e+03
2.169487963013021770e-01 1.637435463343658967e+03
2.236597453113265410e-01 1.525839092981608701e+03
2.305782863310000264e-01 1.435594951297152193e+03
2.377108408727504341e-01 1.365706111834069588e+03
2.450640290877774963e-01 1.308492060417395805e+03
2.526446759106118489e-01 1.253079856267625246e+03
2.604598173937456296e-01 1.190830119969181396e+03
2.685167072382144138e-01 1.119433128934927709e+03
2.768228235261920855e-01 1.043832851710786372e+03
2.853858756618452563e-01 9.724365706860394312e+02
2.942138115268957410e-01 9.116897269284994536e+02
3.033148248575240347e-01 8.623185705846183282e+02
3.126973628494672530e-01 8.194701023707393688e+02
3.223701339983673919e-01 7.766950437466629182e+02
3.323421161826482506e-01 7.305651046062981777e+02
3.426225649964219633e-01 6.828384603062399947e+02
3.532210223401609506e-01 6.381104002765636096e+02
3.641473252771055269e-01 5.993571688069760057e+02
3.754116151636345267e-01 5.656241358007519011e+02
3.870243470620641224e-01 5.335635556669300286e+02
3.989962994446176747e-01 5.009809985360154769e+02
4.113385841975714108e-01 4.686825017286992647e+02
4.240626569348625030e-01 4.388420309414692611e+02
4.371803276307307251e-01 4.122030509509197032e+02
4.507037715812606260e-01 3.875116280289549877e+02
4.646455407050072428e-01 3.634382107574980409e+02
4.790185751931814728e-01 3.401381741952196194e+02
4.938362155202168924e-01 3.185091664814155479e+02
5.091122148258635516e-01 2.986597388582355279e+02
5.248607516803012185e-01 2.799191104666955425e+02
5.410964432441194294e-01 2.619738193252168799e+02
5.578343588353811278e-01 2.451135569171909481e+02
5.750900339163560471e-01 2.294621875077243089e+02
5.928794845129191637e-01 2.147490573377676242e+02
6.112192220799804732e-01 2.008253148029479291e+02
6.301262688267564860e-01 1.877772460544578053e+02
6.496181735161021820e-01 1.755839858205781070e+02
6.697130277525695785e-01 1.641172629911660295e+02
6.904294827743107099e-01 1.533499822537189345e+02
7.117867667644042218e-01 1.432728490342338716e+02
7.338047026976923792e-01 1.338263870869369896e+02
7.565037267396649279e-01 1.249681057157511646e+02
7.799049072144922379e-01 1.166745618682354717e+02
8.040299641597968838e-01 1.089067680227481674e+02
8.289012894863239111e-01 1.016313417072144176e+02
8.545419677612130505e-01 9.482320544008429408e+01
8.809757976341714425e-01 8.845145303605055176e+01
9.082273139264190887e-01 8.249091941390423699e+01
9.363218104029362721e-01 7.691693420869179931e+01
9.652853632491158464e-01 7.170522347475846914e+01
9.951448552736344988e-01 6.683358826975560874e+01
1.025928000859998690e+00 6.228070642854689964e+01
1.057663371689923526e+00 5.802642821154612562e+01
1.090380423262425458e+00 5.405201060204010588e+01
1.124109522233227354e+00 5.034026201053662675e+01
1.158881974599881737e+00 4.687490020573285676e+01
1.194730054758736504e+00 4.364024233131592467e+01
1.231687035460737212e+00 4.062177159138173721e+01
1.269787218693860131e+00 3.780515634343035458e+01
1.309065967520843143e+00 3.517747478448249154e+01
1.349559738901762618e+00 3.272666878771883603e+01
1.391306117531924569e+00 3.044146499547313667e+01
1.434343850726462977e+00 2.831120307016662352e+01
1.478712884384058235e+00 2.632572627899377338e+01
1.524454400063110393e+00 2.447544238147015960e+01
1.571610853204811420e+00 2.275138436811831255e+01
1.620226012538585669e+00 2.114537840069723984e+01
1.670345000706469074e+00 1.964977406602104537e+01
1.722014336144140012e+00 1.825712956704363421e+01
1.775281976257453431e+00 1.696055882591656783e+01
1.830197361934601252e+00 1.575363618528548848e+01
1.886811463435151826e+00 1.463044815345488914e+01
1.945176827698603006e+00 1.358538121596334847e+01
2.005347627116345066e+00 1.261312854084793855e+01
2.067379709812304345e+00 1.170874079311199445e+01
2.131330651478930083e+00 1.086767876732341520e+01
2.197259808816652615e+00 1.008564352765443317e+01
2.265228374626371721e+00 9.358574538894130157e+00
2.335299434606189717e+00 8.682737396598112056e+00
2.407538025905010315e+00 8.054645481382152639e+00
2.482011197487416165e+00 7.470996437572451576e+00
2.558788072365830057e+00 6.928718180471092225e+00
2.637939911757724687e+00 6.424987737736634230e+00
2.719540181227433795e+00 5.957117949896709952e+00
2.803664618873923153e+00 5.522618884773078385e+00
2.890391305627885377e+00 5.119183367775254290e+00
2.979800737723314885e+00 4.744632639681917397e+00
3.071975901410886500e+00 4.396955719802198459e+00
3.167002349982467546e+00 4.074272978270045087e+00
3.264968283178254271e+00 3.774822734518275880e+00
3.365964629050234080e+00 3.496973536698397389e+00
3.470085128357966120e+00 3.239201408167873719e+00
3.577426421574969595e+00 3.000091450346895172e+00
3.688088138586576914e+00 2.778319718246268888e+00
3.802172991162371840e+00 2.572655270885955137e+00
3.919786868289144355e+00 2.381952738408103620e+00
4.041038934452802600e+00 2.205150089509479550e+00
4.166041730960474254e+00 2.041252417360688742e+00
4.294911280396841669e+00 1.889335296527598462e+00
4.427767194311624799e+00 1.748542684816417836e+00
4.564732784238271890e+00 1.618075626253058452e+00
4.705935176146751608e+00 1.497190059498720416e+00
4.851505428436791334e+00 1.385196218550224012e+00
5.001578653581024270e+00 1.281451941700279429e+00
5.156294143530978147e+00 1.185360535182995001e+00
5.315795499002272884e+00 1.096368311719226440e+00
5.480230762759065399e+00 1.013959703506434940e+00
5.649752557021366250e+00 9.376560737795308631e-01
5.824518225122919723e+00 8.670130333699482827e-01
6.004689977550950353e+00 8.016177449042548586e-01
6.190435042503436236e+00 7.410871782455388246e-01
6.381925821103616947e+00 6.850650491830734268e-01
6.579340047415815462e+00 6.332207901145993079e-01
6.782860953411071314e+00 5.852480946952940410e-01
6.992677439035674070e+00 5.408621455704968328e-01
7.208984247540581869e+00 4.997988257423927605e-01
7.431982146234262565e+00 4.618134881563075722e-01
7.661878112826865816e+00 4.266788678083716646e-01
7.898885527538639373e+00 3.941839881347365404e-01
8.143224371150894925e+00 3.641336717006433132e-01
8.395121429183355133e+00 3.363464802303130496e-01
8.654810502387388027e+00 3.106543038130435974e-01
8.922532623750438319e+00 2.869015382696696870e-01
9.198536282213275683e+00 2.649437477787865980e-01
9.483077653307399046e+00 2.446470583144613742e-01
9.776420836926922320e+00 2.258875632081023266e-01
1.007883810245549938e+01 2.085504205377858300e-01
1.039061014147585915e+01 1.925292147749320115e-01
1.071202632829649204e+01 1.777252195687261671e-01
1.104338498853721084e+01 1.640471895822162018e-01
1.138499367602314649e+01 1.514105358778399246e-01
1.173716945824380353e+01 1.397369709458267384e-01
1.210023921064241215e+01 1.289539407096677859e-01
1.247453992000860268e+01 1.189943973795156568e-01
1.286041899725604942e+01 1.097961764041326532e-01
1.325823459987534747e+01 1.013017423293688241e-01
1.366835596436145828e+01 9.345790215849519855e-02
1.409116374892413326e+01 8.621533710466371125e-02
1.452705038679973271e+01 7.952849263816760828e-02
1.497642045049195936e+01 7.335525771925424654e-02
1.543969102727982623e+01 6.765654782181268478e-02
1.591729210634137104e+01 6.239633187950485715e-02
1.640966697785237471e+01 5.754122700465182788e-02
1.691727264443054324e+01 5.306034412556679541e-02
1.744058024530692563e+01 4.892512931473255722e-02
1.798007549361861379e+01 4.510919671473207632e-02
1.853625912722810298e+01 4.158816805825333446e-02
1.910964737348812648e+01 3.833948590397377731e-02
1.970077242838318909e+01 3.534228419806648147e-02
2.031018295049254618e+01 3.257728432691932990e-02
2.093844457023310923e+01 3.002666467182927082e-02
2.158614041485495250e+01 2.767397992451668676e-02
2.225387164967650122e+01 2.550401678704096800e-02
2.294225803606232006e+01 2.350271424065607240e-02
2.365193850666058495e+01 2.165708227852326112e-02
2.438357175843483660e+01 1.995512562954611727e-02
2.513783686404005380e+01 1.838576254237428431e-02
2.591543390211069209e+01 1.693876074901187051e-02
2.671708460704561716e+01 1.560466694506336578e-02
2.754353303889305238e+01 1.437474449502990602e-02
2.839554627395714093e+01 1.324092932892943601e-02
2.927391511676767522e+01 1.219578124803307947e-02
3.017945483407299179e+01 1.123242886309511711e-02
3.111300591153790407e+01 1.034452294253760014e-02
3.207543483384884553e+01 9.526202486754935944e-03
3.306763488895016678e+01 8.772059245443962483e-03
3.409052699715832802e+01 8.077111238476493427e-03
3.514506056592288985e+01 7.436743030021918978e-03
3.623221437102888842e+01 6.846705259460956865e-03
3.735299746505698693e+01 6.303075144917114764e-03
3.850845011394574868e+01 5.802232881837389618e-03
3.969964476252469865e+01 5.340839323758917248e-03
4.092768702991470775e+01 4.915808174922900627e-03
4.219371673571927772e+01 4.524301213893445160e-03
4.349890895795950740e+01 4.163694937293437211e-03
4.484447512373410660e+01 3.831567187839524449e-03
4.623166413361791172e+01 3.525688659814701486e-03
4.766176352084100643e+01 3.244000346593127818e-03
4.913610064632559471e+01 2.984605958716541468e-03
5.065604393068912970e+01 2.745754189002776093e-03
5.222300412435750161e+01 2.525830223365219292e-03
5.383843561696713209e+01 2.323347009431791198e-03
5.550383778727074713e+01 2.136932908456924077e-03
5.722075639480119236e+01 1.965321325519807198e-03
5.899078501458308210e+01 1.807346074523394656e-03
6.081556651622535981e+01 1.661934625815127044e-03
6.269679458876703393e+01 1.528093221591041639e-03
6.463621531269137677e+01 1.404909243342021422e-03
6.663562878056791305e+01 1.291542593225989289e-03
6.869689076782626103e+01 1.187214932495603758e-03
7.082191445521202411e+01 1.091212466614563436e-03
7.301267220452517392e+01 1.002877213948516564e-03
7.527119738928669790e+01 9.216010464191350029e-04
7.759958628203462183e+01 8.468244903352816367e-04
7.999999999999997158e+01 7.780327617833729349e-04
