2.000000000000000164e-05 1.141828255425759764e+01
2.061866662774235133e-05 1.175800622459398248e+01
2.125647067529880287e-05 1.210783512025120423e+01
2.191400412681836395e-05 1.246807274634627660e+01
2.259187727849189364e-05 1.283902862986162496e+01
2.329071930500457280e-05 1.322102027369160737e+01
2.401117884351061283e-05 1.361437644219035903e+01
2.475392459567227039e-05 1.401943520943517818e+01
2.551964594832191468e-05 1.443654439156644287e+01
2.630905361332326207e-05 1.486606319292499911e+01
2.712288028722563277e-05 1.530836119528059669e+01
2.796188133132349548e-05 1.576381568367562025e+01
2.882683547275258009e-05 1.623282002545991531e+01
2.971854552727314422e-05 1.671577840968232209e+01
3.063783914441142644e-05 1.721310452053065632e+01
3.158556957565069906e-05 1.772522524443155589e+01
3.256261646638515940e-05 1.825258003435672904e+01
3.356988667237145377e-05 1.879562391785003683e+01
3.460831510143589496e-05 1.935482402217938969e+01
3.567886558121838823e-05 1.993065651620955947e+01
3.678253175375863497e-05 2.052361786026751744e+01
3.792033799775482812e-05 2.113421960344318862e+01
3.909334037935087132e-05 2.176298593295415884e+01
4.030262763233470976e-05 2.241045496625241285e+01
4.154932216865731660e-05 2.307718308215141789e+01
4.283458112021050203e-05 2.376374336122822584e+01
4.415959741283033473e-05 2.447072786817913581e+01
4.552560087352310644e-05 2.519874458921788474e+01
4.693385937194143964e-05 2.594840919123193501e+01
4.838567999717006821e-05 2.672037359546479252e+01
4.988241027091355013e-05 2.751530312118766375e+01
5.142543939821186304e-05 2.833387097624506623e+01
5.301619955684488017e-05 2.917678228477492297e+01
5.465616722662230639e-05 3.004476707453157758e+01
5.634686455979312004e-05 3.093856707147948981e+01
5.808986079384622199e-05 3.185894402745360665e+01
5.988677370801378348e-05 3.280669517698457582e+01
6.173927112482908953e-05 3.378262819186899435e+01
6.364907245813251153e-05 3.478758294858705113e+01
6.561795030896256297e-05 3.582242538407832200e+01
6.764773211081310600e-05 3.688803515486186768e+01
6.974030182578385502e-05 3.798532955915604958e+01
7.189760169319840493e-05 3.911524921913947850e+01
7.412163403231309224e-05 4.027876319884921230e+01
7.641446310078927413e-05 4.147687245777127885e+01
7.877821701065464166e-05 4.271059499986200336e+01
8.121508970353146894e-05 4.398099207874749794e+01
8.372734298696526555e-05 4.528915366642140583e+01
8.631730863374390808e-05 4.663619421485824290e+01
8.898739054615560304e-05 4.802327544192775832e+01
9.174006698719468038e-05 4.945158233145802740e+01
9.457789288078590850e-05 5.092233145062370170e+01
9.750350218316255829e-05 5.243678082758123793e+01
1.005196103275988486e-04 5.399623113451475120e+01
1.036290167447663740e-04 5.560201663415839590e+01
1.068346074610533700e-04 5.725550912326767872e+01
1.101393577772587576e-04 5.895811880524529869e+01
1.135463350301469900e-04 6.071129481711005127e+01
1.170587014394271886e-04 6.251653682303741277e+01
1.206797170427986190e-04 6.437539087301873053e+01
1.244127427217870817e-04 6.628943873397064124e+01
1.282612433211802725e-04 6.826030057073950275e+01
1.322287908649580714e-04 7.028967038457176386e+01
1.363190678717016472e-04 7.237927605905836970e+01
1.405358707725599423e-04 7.453088745815843197e+01
1.448831134349446261e-04 7.674633393345409615e+01
1.493648307952251245e-04 7.902750015640359038e+01
1.539851826037945631e-04 8.137632152662615681e+01
1.587484572859834719e-04 8.379480192512698977e+01
1.636590759224044848e-04 8.628500005341622625e+01
1.687215963524216135e-04 8.884899025064488853e+01
1.739407174045545768e-04 9.148895672108828592e+01
1.793212832577425651e-04 9.420714189633493163e+01
1.848682879375175038e-04 9.700583714947184433e+01
1.905868799512577144e-04 9.988741877051177198e+01
1.964823670668267431e-04 1.028542904674164049e+02
2.025602212390300921e-04 1.059089480065969155e+02
2.088260836884648860e-04 1.090539721809624041e+02
2.152857701374740395e-04 1.122919917858702661e+02
2.219452762080673536e-04 1.156257370774301734e+02
2.288107829868167673e-04 1.190579926952871546e+02
2.358886627618938029e-04 1.225916170333907473e+02
2.431854849375715002e-04 1.262295682303259241e+02
2.507080221316822146e-04 1.299748652976646497e+02
2.584632564616903263e-04 1.338306176033823647e+02
2.664583860252132757e-04 1.378000251754274359e+02
2.747008315810076768e-04 1.418863759561353959e+02
2.831982434366196798e-04 1.460930507372420664e+02
2.919585085490942599e-04 1.504234842292459007e+02
3.009897578453318867e-04 1.548812432326360806e+02
3.103003737688898151e-04 1.594700083498729271e+02
3.198989980602291814e-04 1.641934652456370998e+02
3.297945397776331339e-04 1.690555019853780436e+02
3.399961835662364457e-04 1.740600571547246602e+02
3.505133981828461209e-04 1.792111368111775960e+02
3.613559452844606777e-04 1.845129471508548420e+02
3.725338884886500359e-04 1.899697064909214532e+02
3.840576027142009619e-04 1.955857462120534080e+02
3.959377838107011453e-04 2.013655455779436920e+02
4.081854584859984981e-04 2.073137035080055739e+02
4.208119945407482517e-04 2.134349137855271294e+02
4.338291114195511533e-04 2.197339323262019093e+02
4.472488910884706687e-04 2.262156518525491720e+02
4.610837892490312457e-04 2.328851368616249715e+02
4.753466468990992012e-04 2.397474953813734544e+02
4.900507022513842263e-04 2.468079376104040250e+02
5.052096030206158165e-04 2.540718632092896598e+02
5.208374190908066689e-04 2.615448079199158542e+02
5.369486555743533578e-04 2.692322509619098696e+02
5.535582662751021210e-04 2.771399251610170040e+02
5.706816675678679212e-04 2.852736782394161992e+02
5.883347527072976769e-04 2.936394166151263789e+02
6.065339065793504646e-04 3.022432156632589226e+02
6.252960209090922860e-04 3.110912357853213166e+02
6.446385099389193279e-04 3.201896994438621391e+02
6.645793265917573217e-04 3.295449772618559905e+02
6.851369791342475654e-04 3.391636414222809890e+02
7.063305483553755605e-04 3.490521739309379541e+02
7.281797052764969486e-04 3.592172440506998896e+02
7.507047294091881472e-04 3.696657034833304465e+02
7.739265275778790375e-04 3.804044442194727935e+02
7.978666533247263980e-04 3.914404151275193726e+02
8.225473269147506655e-04 4.027806961313746683e+02
8.479914559597920374e-04 4.144324109497547397e+02
8.742226566804407305e-04 4.264027210695937811e+02
9.012652758256627095e-04 4.386990337824829567e+02
9.291444132704799238e-04 4.513287143170077798e+02
9.578859453126642009e-04 4.642991110760250990e+02
9.875165486900833005e-04 4.776176961817942583e+02
1.018063725340976342e-03 4.912921506026574434e+02
1.049555827930151713e-03 5.053300120807191433e+02
1.082022086164795760e-03 5.197388570291165024e+02
1.115492633924311311e-03 5.345263531727417785e+02
1.149998537229380072e-03 5.497002129625416273e+02
1.185571823076197540e-03 5.652685338526016494e+02
1.222245509162642229e-03 5.812373545251134601e+02
1.260053634533986030e-03 5.976138583829541631e+02
1.299031291176567203e-03 6.144095058909174440e+02
1.339214656588767760e-03 6.316303097364584573e+02
1.380641027359512602e-03 6.492829756909964090e+02
1.423348853785474455e-03 6.673754923748539341e+02
1.467377775559093687e-03 6.859151828208105144e+02
1.512768658560555536e-03 7.049093441106504088e+02
1.559563632787853505e-03 7.243651872688067215e+02
1.607806131460176764e-03 7.442897091417160027e+02
1.657540931330874715e-03 7.646896671113373714e+02
1.708814194247443557e-03 7.855716766536174873e+02
1.761673509997109272e-03 8.069419673192127220e+02
1.816167940477755611e-03 8.288066994179457652e+02
1.872348065235213957e-03 8.511718053712943401e+02
1.930266028409162535e-03 8.740423643760885852e+02
1.989975587131237456e-03 8.974235358960119129e+02
2.051532161420240898e-03 9.213198757688315936e+02
2.114992885620784174e-03 9.457352632034335329e+02
2.180416661433086812e-03 9.706734244420173354e+02
2.247864212583188491e-03 9.961375597182066031e+02
2.317398141184265261e-03 1.022129986444541373e+03
2.389082985841409646e-03 1.048652428299361191e+03
2.462985281553765546e-03 1.075706312154825582e+03
2.539173621469660060e-03 1.103292010056656409e+03
2.617718720552007598e-03 1.131409296673348535e+03
2.698693481213105226e-03 1.160057255172711621e+03
2.782173060979723205e-03 1.189234101669388792e+03
2.868234942251319392e-03 1.218937367975277994e+03
2.956959004216090908e-03 1.249163193025281316e+03
3.048427596991626961e-03 1.279906894004591095e+03
3.142725618059002708e-03 1.311163153160518505e+03
3.239940591061204501e-03 1.342925095681607672e+03
3.340162747039075383e-03 1.375184413759453037e+03
3.443485108180139361e-03 1.407932026026697940e+03
3.550003574158078212e-03 1.441157279850831173e+03
3.659817011142960357e-03 1.474847313112496749e+03
3.773027343564857965e-03 1.508993984381080054e+03
3.889739648716003789e-03 1.543579136316974882e+03
4.010062254279344977e-03 1.578580034584524583e+03
4.134106838873937567e-03 1.613984095727231079e+03
4.261988535710576134e-03 1.649770869020189593e+03
4.393826039453805656e-03 1.685918045667747947e+03
4.529741716389575588e-03 1.722402628809422140e+03
4.669861718000707478e-03 1.759198868642208254e+03
4.814316098055635568e-03 1.796279335271197851e+03
4.963238933319122533e-03 1.833614612190377557e+03
5.116768447996925852e-03 1.871173118601031092e+03
5.275047142029964768e-03 1.908921042917064824e+03
5.438221923357041895e-03 1.946822304848389422e+03
5.606444244268931829e-03 1.984838719982775046e+03
5.779870241980298098e-03 2.022929596237316446e+03
5.958660883550017176e-03 2.061050715380627935e+03
6.142982115284321976e-03 2.099153951075383702e+03
6.333005016761546202e-03 2.137193420004980908e+03
6.528905959621305807e-03 2.175118639857917060e+03
6.730866771265602011e-03 2.212873392731342847e+03
6.939074903623696638e-03 2.250400975989887684e+03
7.153723607137517197e-03 2.287641642523024075e+03
7.375012110128951331e-03 2.324533296508175681e+03
7.603145803715571915e-03 2.361010481313608580e+03
7.838336432446474031e-03 2.397003315454809126e+03
8.080802290835055468e-03 2.432440827473633817e+03
8.330768425971239732e-03 2.467247983541098620e+03
8.588466846401139609e-03 2.501346427814641629e+03
8.854136737468135468e-03 2.534655572766624573e+03
9.128024683315085278e-03 2.567090062349834625e+03
9.410384895753865983e-03 2.598563364035148425e+03
9.701479450214541694e-03 2.628985668757510211e+03
1.000157852899333580e-02 2.658262748479591210e+03
1.031096067202496268e-02 2.686299244140871906e+03
1.062991303541225251e-02 2.712996439070504039e+03
1.095873165795289463e-02 2.738252308271758466e+03
1.129772173591084457e-02 2.761962826303924430e+03
1.164719790628722211e-02 2.784023263585219865e+03
1.200748453885374170e-02 2.804325935312592264e+03
1.237891603721978998e-02 2.822761052111851768e+03
1.276183714921240962e-02 2.839218167655430989e+03
1.315660328685743126e-02 2.853587039000507502e+03
1.356358085625862867e-02 2.865756362472699948e+03
1.398314759768123222e-02 2.875615509845215001e+03
1.441569293615527908e-02 2.883055176928020046e+03
1.486161834292430706e-02 2.887967726146701352e+03
1.532133770807484439e-02 2.890248967000025004e+03
1.579527772469265651e-02 2.889798475989319286e+03
1.628387828490212436e-02 2.886521128778176262e+03
1.678759288815650022e-02 2.880328269594773246e+03
1.730688906215785416e-02 2.871137382665646783e+03
1.784224879679765716e-02 2.858875466871395020e+03
1.839416899152040985e-02 2.843481114446892661e+03
1.896316191652574340e-02 2.824904883498972595e+03
1.954975568823719492e-02 2.803109066346385589e+03
2.015449475947861738e-02 2.778073891940854537e+03
2.077794042481350203e-02 2.749796736792260162e+03
2.142067134151603644e-02 2.718293024897124724e+03
2.208328406665767754e-02 2.683599948728855907e+03
2.276639361080744217e-02 2.645777566080419547e+03
2.347063400886011814e-02 2.604910439370258246e+03
2.419665890852192719e-02 2.561108576436843578e+03
2.494514217700027903e-02 2.514508534313130895e+03
2.571677852646018364e-02 2.465275736779282852e+03
2.651228415882829481e-02 2.413604621778345063e+03
2.733239743054274862e-02 2.359716564976782593e+03
2.817787953786611913e-02 2.303862247353605198e+03
2.904951522339720149e-02 2.246319051738238613e+03
2.994811350443767756e-02 2.187389445383179918e+03
3.087450842388944627e-02 2.127399710549292195e+03
3.182955982437995351e-02 2.066695550778788402e+03
3.281415414633360311e-02 2.005639177242517462e+03
3.382920525073008361e-02 1.944603292704854084e+03
3.487565526731371823e-02 1.883969105705509946e+03
3.595447546904039643e-02 1.824115647218103504e+03
3.706666717357422897e-02 1.765415832441397697e+03
3.821326267267037557e-02 1.708230743348359283e+03
3.939532619030704924e-02 1.652897167389477090e+03
4.061395487045538905e-02 1.599726516003145662e+03
4.187027979540464129e-02 1.548990402300194773e+03
4.316546703558721276e-02 1.500916349173191747e+03
4.450071873187871896e-02 1.455678710913812210e+03
4.587727421137680756e-02 1.413391096682259786e+03
4.729641113769501859e-02 1.374098430476178464e+03
4.875944669683868193e-02 1.337769990075800479e+03
5.026773881976446395e-02 1.304294319959332370e+03
5.182268744275733696e-02 1.273473009894661573e+03
5.342573580679515349e-02 1.245017733749595436e+03
5.507837179710731862e-02 1.218552009401212445e+03
5.678212932417008724e-02 1.193610138801369658e+03
5.853858974742083554e-02 1.169649876048137457e+03
6.034938334301229862e-02 1.146062461966121873e+03
6.221619081696987130e-02 1.122196929079585061e+03
6.414074486515532192e-02 1.097386999438205748e+03
6.612483178148569063e-02 1.070990365038214577e+03
6.817029311589976881e-02 1.042432787692737975e+03
7.027902738361092860e-02 1.011256579787438795e+03
7.245299182723245746e-02 9.771699642581149874e+02
7.469420423341233128e-02 9.400926545287136378e+02
7.700474480566148194e-02 9.001888532674557837e+02
7.938675809511540338e-02 8.578810173868578204e+02
8.184245499102051069e-02 8.138410779197522515e+02
8.437411477279296856e-02 7.689565918998374627e+02
8.698408722555457662e-02 7.242660102859869085e+02
8.967479482110857214e-02 6.808792080279986294e+02
9.244873496638165988e-02 6.398798131035348433e+02
9.530848232141651832e-02 6.022285269359944095e+02
9.825669118906808774e-02 5.686723920451460117e+02
1.012960979786211579e-01 5.396718762895936834e+02
1.044295237456157460e-01 5.153478623021396743e+02
1.076598768102376980e-01 4.954525155437088983e+02
1.109901554567051946e-01 4.793654182271718582e+02
1.144234507161551034e-01 4.661204944805612627e+02
1.179629492356153858e-01 4.544760245479041032e+02
1.216119362357223621e-01 4.430361170208582280e+02
1.253737985599309157e-01 4.304305594859339976e+02
1.292520278180469551e-01 4.155361934206364936e+02
1.332502236269994811e-01 3.977012863891933421e+02
1.373720969518611723e-01 3.769100478580014624e+02
1.416214735502162869e-01 3.538263503500483580e+02
1.460022975230769737e-01 3.296789055680072806e+02
1.505186349756387765e-01 3.060028885387152400e+02
1.551746777912767217e-01 2.843041975813127351e+02
1.599747475222834392e-01 2.657337409744100114e+02
1.649232994009606212e-01 2.508495884764879236e+02
1.700249264747872857e-01 2.395075347958627958e+02
1.752843638695024409e-01 2.308874164163869693e+02
1.807064931840577648e-01 2.236644399460630837e+02
1.862963470215240613e-01 2.163199878401862009e+02
1.920591136601502436e-01 2.075994895935006923e+02
1.980001418689156523e-01 1.968701713215720019e+02
2.041249458720430510e-01 1.844102777015420713e+02
2.104392104670803065e-01 1.712586645508438608e+02
2.169487963013021770e-01 1.587643502823026438e+02
2.236597453113265410e-01 1.480819432059360565e+02
2.305782863310000264e-01 1.396771256886865729e+02
2.377108408727504341e-01 1.332426236000313509e+02
2.450640290877774963e-01 1.278195145488267599e+02
2.526446759106118489e-01 1.222817937538236066e+02
2.604598173937456296e-01 1.158576106627441789e+02
2.685167072382144138e-01 1.085337453712594424e+02
2.768228235261920855e-01 1.009743698600065755e+02
2.853858756618452563e-01 9.407306679433334295e+01
2.942138115268957410e-01 8.835995579721901549e+01
3.033148248575240347e-01 8.373709702864962878e+01
3.126973628494672530e-01 7.959741460317353301e+01
3.223701339983673919e-01 7.530419315939208502e+01
3.323421161826482506e-01 7.064735024827257348e+01
3.426225649964219633e-01 6.592932882146583040e+01
3.532210223401609506e-01 6.163101409224967853e+01
3.641473252771055269e-01 5.796342248617542481e+01
3.754116151636345267e-01 5.472633846512628253e+01
3.870243470620641224e-01 5.156482818949904612e+01
3.989962994446176747e-01 4.833180810980866937e+01
4.113385841975714108e-01 4.518031298366990711e+01
4.240626569348625030e-01 4.232139313726943897e+01
4.371803276307307251e-01 3.976836665312423236e+01
4.507037715812606260e-01 3.736367654167601415e+01
4.646455407050072428e-01 3.500367944336411341e+01
4.790185751931814728e-01 3.274240176165774585e+01
4.938362155202168924e-01 3.066369609056554424e+01
5.091122148258635516e-01 2.874879622946134816e+01
5.248607516803012185e-01 2.692685070310633932e+01
5.410964432441194294e-01 2.518646032653898104e+01
5.578343588353811278e-01 2.356183394156109756e+01
5.750900339163560471e-01 2.205253969285513449e+01
5.928794845129191637e-01 2.062840785419923506e+01
6.112192220799804732e-01 1.928305919235609522e+01
6.301262688267564860e-01 1.802604743971681245e+01
6.496181735161021820e-01 1.684998480446339997e+01
6.697130277525695785e-01 1.574380835327851536e+01
6.904294827743107099e-01 1.470631611046166221e+01
7.117867667644042218e-01 1.373605724437567055e+01
7.338047026976923792e-01 1.282602963462034751e+01
7.565037267396649279e-01 1.197350639495967073e+01
7.799049072144922379e-01 1.117562811644541121e+01
8.040299641597968838e-01 1.042834874505374820e+01
8.289012894863239111e-01 9.728924804094974732e+00
8.545419677612130505e-01 9.074586185059418497e+00
8.809757976341714425e-01 8.462416618298316706e+00
9.082273139264190887e-01 7.889961513995332076e+00
9.363218104029362721e-01 7.354818491138511938e+00
9.652853632491158464e-01 6.854616178829551210e+00
9.951448552736344988e-01 6.387213985575729502e+00
1.025928000859998690e+00 5.950533268660664454e+00
1.057663371689923526e+00 5.542627867987632406e+00
1.090380423262425458e+00 5.161674992641699156e+00
1.124109522233227354e+00 4.806018526216782050e+00
1.158881974599881737e+00 4.474066369674885024e+00
1.194730054758736504e+00 4.164325710654777524e+00
1.231687035460737212e+00 3.875351192957286806e+00
1.269787218693860131e+00 3.605786015067586447e+00
1.309065967520843143e+00 3.354381312634530765e+00
1.349559738901762618e+00 3.119963603534627428e+00
1.391306117531924569e+00 2.901447983020382981e+00
1.434343850726462977e+00 2.697804911458692168e+00
1.478712884384058235e+00 2.508052234193062446e+00
1.524454400063110393e+00 2.331266799470488316e+00
1.571610853204811420e+00 2.166585477458894182e+00
1.620226012538585669e+00 2.013223759609950925e+00
1.670345000706469074e+00 1.870437429589768774e+00
1.722014336144140012e+00 1.737517784951523092e+00
1.775281976257453431e+00 1.613796730927976375e+00
1.830197361934601252e+00 1.498658226534159921e+00
1.886811463435151826e+00 1.391534024036671369e+00
1.945176827698603006e+00 1.291883696420859096e+00
2.005347627116345066e+00 1.199196664687263825e+00
2.067379709812304345e+00 1.113001750508175514e+00
2.131330651478930083e+00 1.032859461213950780e+00
2.197259808816652615e+00 9.583586050800089184e-01
2.265228374626371721e+00 8.891098277043407716e-01
2.335299434606189717e+00 8.247542700891464795e-01
2.407538025905010315e+00 7.649571128010772547e-01
2.482011197487416165e+00 7.094035104554664573e-01
2.558788072365830057e+00 6.577993350916289117e-01
2.637939911757724687e+00 6.098717054364816148e-01
2.719540181227433795e+00 5.653656252527465842e-01
2.803664618873923153e+00 5.240424668831010768e-01
2.890391305627885377e+00 4.856811709793750764e-01
2.979800737723314885e+00 4.500734890511479125e-01
3.071975901410886500e+00 4.170266645909305181e-01
3.167002349982467546e+00 3.863610983437177904e-01
3.264968283178254271e+00 3.579088919029587146e-01
3.365964629050234080e+00 3.315141871544018959e-01
3.470085128357966120e+00 3.070310321604098891e-01
3.577426421574969595e+00 2.843241812446005712e-01
3.688088138586576914e+00 2.632677156100505234e-01
3.802172991162371840e+00 2.437440025008999478e-01
3.919786868289144355e+00 2.256438760567625879e-01
4.041038934452802600e+00 2.088655432823515457e-01
4.166041730960474254e+00 1.933145520259987593e-01
4.294911280396841669e+00 1.789029307254372536e-01
4.427767194311624799e+00 1.655485165634791589e-01
4.564732784238271890e+00 1.531755284575408160e-01
4.705935176146751608e+00 1.417131025616926721e-01
4.851505428436791334e+00 1.310954083261271497e-01
5.001578653581024270e+00 1.212613425621654611e-01
5.156294143530978147e+00 1.121540939140134585e-01
5.315795499002272884e+00 1.037209295705031342e-01
5.480230762759065399e+00 9.591282043192352058e-02
5.649752557021366250e+00 8.868418740732236794e-02
5.824518225122919723e+00 8.199278435109930152e-02
6.004689977550950353e+00 7.579933279352317477e-02
6.190435042503436236e+00 7.006740824373232368e-02
6.381925821103616947e+00 6.476314202795213637e-02
6.579340047415815462e+00 5.985513430385854677e-02
6.782860953411071314e+00 5.531423223207786871e-02
6.992677439035674070e+00 5.111338936333749416e-02
7.208984247540581869e+00 4.722755127071695536e-02
7.431982146234262565e+00 4.363344183122660341e-02
7.661878112826865816e+00 4.030947370238328192e-02
7.898885527538639373e+00 3.723565844454049256e-02
8.143224371150894925e+00 3.439342724205236845e-02
8.395121429183355133e+00 3.176556688683396246e-02
8.654810502387388027e+00 2.933614070125321535e-02
8.922532623750438319e+00 2.709037619887116194e-02
9.198536282213275683e+00 2.501455582173221087e-02
9.483077653307399046e+00 2.309600391488279489e-02
9.776420836926922320e+00 2.132296355264940574e-02
1.007883810245549938e+01 1.968453987420348480e-02
1.039061014147585915e+01 1.817064405316116960e-02
1.071202632829649204e+01 1.677192912529938337e-02
1.104338498853721084e+01 1.547974041593165422e-02
1.138499367602314649e+01 1.428606249959257606e-02
1.173716945824380353e+01 1.318347280471231231e-02
1.210023921064241215e+01 1.216510840696786305e-02
1.247453992000860268e+01 1.122461325346052648e-02
1.286041899725604942e+01 1.035609645726531455e-02
1.325823459987534747e+01 9.554122243126532757e-03
1.366835596436145828e+01 8.813642967196213748e-03
1.409116374892413326e+01 8.129993968273178939e-03
1.452705038679973271e+01 7.498862091532298470e-03
1.497642045049195936e+01 6.916260562506506247e-03
1.543969102727982623e+01 6.378499274751247075e-03
1.591729210634137104e+01 5.882160538298933199e-03
1.640966697785237471e+01 5.424089309706893805e-03
1.691727264443054324e+01 5.001365877429716361e-03
1.744058024530692563e+01 4.611285614656287363e-03
1.798007549361861379e+01 4.251357575741610516e-03
1.853625912722810298e+01 3.919273441531694047e-03
1.910964737348812648e+01 3.612902079751390255e-03
1.970077242838318909e+01 3.330271194216318908e-03
2.031018295049254618e+01 3.069557824364010749e-03
2.093844457023310923e+01 2.829079055093855662e-03
2.158614041485495250e+01 2.607279521729640066e-03
2.225387164967650122e+01 2.402722218025111784e-03
2.294225803606232006e+01 2.214079562305121610e-03
2.365193850666058495e+01 2.040123686400617791e-03
2.438357175843483660e+01 1.879721231279177446e-03
2.513783686404005380e+01 1.731826914407972847e-03
2.591543390211069209e+01 1.595472867886662182e-03
2.671708460704561716e+01 1.469767452025001492e-03
2.754353303889305238e+01 1.353885833111587080e-03
2.839554627395714093e+01 1.247066627458888249e-03
2.927391511676767522e+01 1.148607215125862493e-03
3.017945483407299179e+01 1.057859306550573307e-03
3.111300591153790407e+01 9.742238493756120261e-04
3.207543483384884553e+01 8.971475716745227645e-04
3.306763488895016678e+01 8.261206152659092503e-04
3.409052699715832802e+01 7.606722591993413498e-04
3.514506056592288985e+01 7.003676827937717429e-04
3.623221437102888842e+01 6.448057011166748393e-04
3.735299746505698693e+01 5.936164862381001746e-04
3.850845011394574868e+01 5.464584867783255388e-04
3.969964476252469865e+01 5.030169364236999853e-04
4.092768702991470775e+01 4.630011463142352443e-04
4.219371673571927772e+01 4.261428109462424632e-04
4.349890895795950740e+01 3.921949314041536794e-04
4.484447512373410660e+01 3.609295919235593346e-04
4.623166413361791172e+01 3.321361097056218310e-04
4.766176352084100643e+01 3.056205222922878063e-04
4.913610064632559471e+01 2.812043001278465254e-04
5.065604393068912970e+01 2.587222995207299624e-04
5.222300412435750161e+01 2.380223522893703430e-04
5.383843561696713209e+01 2.189642989439882564e-04
5.550383778727074713e+01 2.014189724550909826e-04
5.722075639480119236e+01 1.852670750707896725e-04
5.899078501458308210e+01 1.703987993496812719e-04
6.081556651622535981e+01 1.567129491262873972e-04
6.269679458876703393e+01 1.441160984710981516e-04
6.463621531269137677e+01 1.325222203883186949e-04
6.663562878056791305e+01 1.218521455964461796e-04
6.869689076782626103e+01 1.120327808941634878e-04
7.082191445521202411e+01 1.029967298339301492e-04
7.301267220452517392e+01 9.468209587070578240e-05
7.527119738928669790e+01 8.703164587574279537e-05
7.759958628203462183e+01 7.999272649584251819e-05
7.999999999999997158e+01 7.351683081940652313e-05
