# discard: [7]
# discarded: [14, 15, 16]
# [ 0  1  2  3  4  5  6  8  9 10 11 12 13] 
0 4.69586e-02 4.42347e-02 
1 5.06765e-02 4.76452e-02 
2 4.83276e-02 4.57985e-02 
3 5.05716e-02 4.74536e-02 
4 4.64553e-02 4.38240e-02 
5 4.75698e-02 4.46065e-02 
6 4.91043e-02 4.63294e-02 
7 4.80653e-02 4.56754e-02 
8 5.02734e-02 4.74781e-02 
9 4.85346e-02 4.55277e-02 
10 5.07576e-02 4.71204e-02 
11 5.27955e-02 4.87709e-02 
12 4.63008e-02 4.34249e-02 
13 4.82599e-02 4.54679e-02 
14 4.79490e-02 4.49998e-02 
15 4.77664e-02 4.54312e-02 
16 4.81999e-02 4.53005e-02 
17 4.65516e-02 4.39604e-02 
18 1.44444e-01 1.44307e-01 
19 5.99018e-02 5.52120e-02 
20 5.00783e-02 4.72864e-02 
21 5.96054e-02 5.51585e-02 
22 4.97077e-02 4.65755e-02 
23 5.04317e-02 4.73989e-02 
24 4.79541e-02 4.51336e-02 
25 4.61662e-02 4.33704e-02 
26 4.66578e-02 4.37691e-02 
27 4.60762e-02 4.33230e-02 
28 4.60763e-02 4.32828e-02 
29 4.59349e-02 4.31795e-02 
30 4.58844e-02 4.32371e-02 
31 4.59246e-02 4.31833e-02 
32 4.59420e-02 4.32449e-02 
33 4.61720e-02 4.33201e-02 
34 4.63556e-02 4.36455e-02 
35 4.62531e-02 4.37108e-02 
36 4.62989e-02 4.34719e-02 
37 4.60407e-02 4.33618e-02 
38 4.67263e-02 4.35516e-02 
39 4.66861e-02 4.37803e-02 
40 4.61034e-02 4.35497e-02 
41 4.60033e-02 4.33798e-02 
42 4.62886e-02 4.35356e-02 
43 4.60227e-02 4.33949e-02 
44 4.58190e-02 4.30296e-02 
45 4.60884e-02 4.32605e-02 
46 4.66857e-02 4.37249e-02 
47 4.60315e-02 4.32330e-02 
48 4.66880e-02 4.40459e-02 
49 4.56359e-02 4.29523e-02 
50 4.56518e-02 4.29714e-02 
51 4.56742e-02 4.30181e-02 
52 4.57229e-02 4.30417e-02 
53 4.58435e-02 4.31353e-02 
54 4.58198e-02 4.30737e-02 
55 4.68408e-02 4.36811e-02 
56 4.57752e-02 4.31060e-02 
57 4.56769e-02 4.29272e-02 
58 4.56620e-02 4.29519e-02 
59 4.57127e-02 4.30298e-02 
60 4.55586e-02 4.29130e-02 
61 4.55797e-02 4.29564e-02 
62 4.59678e-02 4.32200e-02 
63 5.01958e-02 4.61368e-02 
64 4.56708e-02 4.29732e-02 
65 4.58023e-02 4.30449e-02 
66 4.57162e-02 4.30107e-02 
67 4.56707e-02 4.29883e-02 
68 4.56924e-02 4.30098e-02 
69 5.47181e-02 5.04381e-02 
70 4.58609e-02 4.31071e-02 
71 4.57262e-02 4.30127e-02 
72 4.55916e-02 4.28965e-02 
73 4.57805e-02 4.30247e-02 
74 4.58477e-02 4.31188e-02 
75 4.55500e-02 4.28511e-02 
76 4.55255e-02 4.29012e-02 
77 4.79595e-02 4.43071e-02 
78 4.59257e-02 4.31818e-02 
79 4.60681e-02 4.33461e-02 
80 4.57976e-02 4.31083e-02 
81 6.39086e-02 5.98332e-02 
82 4.57297e-02 4.30705e-02 
83 4.56709e-02 4.29770e-02 
84 4.56535e-02 4.28960e-02 
85 4.66738e-02 4.38215e-02 
86 4.72558e-02 4.43463e-02 
87 4.70406e-02 4.45008e-02 
88 5.45833e-02 5.05675e-02 
89 4.60449e-02 4.32640e-02 
90 4.57578e-02 4.29829e-02 
91 4.58355e-02 4.32004e-02 
92 4.57687e-02 4.31229e-02 
93 4.56283e-02 4.29899e-02 
94 4.56087e-02 4.29305e-02 
95 4.56899e-02 4.30234e-02 
96 4.58213e-02 4.31200e-02 
97 4.57697e-02 4.30442e-02 
98 4.64285e-02 4.34765e-02 
99 4.93769e-02 4.58732e-02 
