# discard: [11]
# discarded: [9, 12, 14, 8, 2, 16, 10, 6, 13]
# [ 0  1  3  4  5  7 15] 
0 4.77365e-02 4.54233e-02 
1 4.93662e-02 4.63926e-02 
2 4.64745e-02 4.41894e-02 
3 4.71084e-02 4.47484e-02 
4 4.76998e-02 4.54783e-02 
5 5.09116e-02 4.78027e-02 
6 4.62363e-02 4.45178e-02 
7 4.69455e-02 4.45508e-02 
8 5.29967e-02 4.97714e-02 
9 4.90425e-02 4.69363e-02 
10 4.86028e-02 4.59958e-02 
11 6.28922e-02 5.87284e-02 
12 4.97027e-02 4.65213e-02 
13 4.69063e-02 4.44222e-02 
14 4.53010e-02 4.32940e-02 
15 4.67394e-02 4.50266e-02 
16 4.63408e-02 4.46000e-02 
17 4.57709e-02 4.40236e-02 
18 4.71540e-02 4.47551e-02 
19 4.62828e-02 4.39976e-02 
20 5.02894e-02 4.77649e-02 
21 4.60098e-02 4.41916e-02 
22 5.06478e-02 4.78728e-02 
23 4.61101e-02 4.40779e-02 
24 4.66983e-02 4.43202e-02 
25 4.56271e-02 4.37622e-02 
26 4.53030e-02 4.36633e-02 
27 4.47977e-02 4.29207e-02 
28 4.47991e-02 4.29560e-02 
29 4.45005e-02 4.26754e-02 
30 4.51319e-02 4.31017e-02 
31 4.44669e-02 4.26140e-02 
32 4.46222e-02 4.26825e-02 
33 4.46061e-02 4.26030e-02 
34 4.46818e-02 4.27823e-02 
35 4.48330e-02 4.29243e-02 
36 4.49240e-02 4.28739e-02 
37 4.49233e-02 4.29746e-02 
38 4.45875e-02 4.27665e-02 
39 4.48903e-02 4.28557e-02 
40 6.41220e-02 6.08462e-02 
41 4.48116e-02 4.29570e-02 
42 4.45492e-02 4.27018e-02 
43 4.85506e-02 4.59336e-02 
44 4.51532e-02 4.31737e-02 
45 4.45320e-02 4.26449e-02 
46 4.44679e-02 4.26452e-02 
47 4.46624e-02 4.28121e-02 
48 4.46617e-02 4.27651e-02 
49 4.51912e-02 4.32131e-02 
50 4.47965e-02 4.27808e-02 
51 4.45343e-02 4.26456e-02 
52 4.45580e-02 4.25986e-02 
53 4.46969e-02 4.28114e-02 
54 4.50586e-02 4.30021e-02 
55 4.49108e-02 4.30663e-02 
56 4.45070e-02 4.27403e-02 
57 4.48312e-02 4.27622e-02 
58 4.49173e-02 4.28722e-02 
59 4.46884e-02 4.27397e-02 
60 4.75424e-02 4.49047e-02 
61 4.45511e-02 4.26670e-02 
62 4.45526e-02 4.26893e-02 
63 4.46823e-02 4.27433e-02 
64 4.45888e-02 4.26807e-02 
65 4.46174e-02 4.26647e-02 
66 4.48630e-02 4.28417e-02 
67 4.46143e-02 4.26721e-02 
68 4.45236e-02 4.25378e-02 
69 4.52705e-02 4.30545e-02 
70 4.43732e-02 4.24905e-02 
71 4.44205e-02 4.25372e-02 
72 4.51495e-02 4.30278e-02 
73 4.45366e-02 4.26191e-02 
74 4.44888e-02 4.25437e-02 
75 4.44131e-02 4.24749e-02 
76 4.44199e-02 4.25154e-02 
77 4.60154e-02 4.37615e-02 
78 4.43528e-02 4.24768e-02 
79 4.62313e-02 4.36474e-02 
80 4.46430e-02 4.26190e-02 
81 4.44738e-02 4.25426e-02 
82 4.44381e-02 4.24992e-02 
83 4.44839e-02 4.24768e-02 
84 4.46152e-02 4.26628e-02 
85 4.44865e-02 4.24906e-02 
86 4.81003e-02 4.53660e-02 
87 4.44102e-02 4.24623e-02 
88 4.48713e-02 4.28218e-02 
89 4.43339e-02 4.24807e-02 
90 4.46123e-02 4.26513e-02 
91 4.43604e-02 4.24400e-02 
92 4.43372e-02 4.23957e-02 
93 4.44909e-02 4.25761e-02 
94 4.44039e-02 4.25232e-02 
95 4.44966e-02 4.25197e-02 
96 4.80753e-02 4.54413e-02 
97 4.43940e-02 4.24323e-02 
98 4.46305e-02 4.26375e-02 
99 5.67894e-02 5.32796e-02 
