# discard: [1]
# discarded: [9, 12, 14, 8, 2, 16]
# [ 0  3  4  5  6  7 10 11 13 15] 
0 5.26841e-02 4.91263e-02 
1 5.29341e-02 5.00242e-02 
2 5.40841e-02 5.02776e-02 
3 5.36145e-02 5.01618e-02 
4 5.67624e-02 5.27196e-02 
5 1.45778e-01 1.45565e-01 
6 5.70416e-02 5.30965e-02 
7 5.55280e-02 5.20223e-02 
8 5.36071e-02 4.99870e-02 
9 5.37614e-02 5.05251e-02 
10 5.40258e-02 5.07660e-02 
11 5.49648e-02 5.17909e-02 
12 5.39396e-02 5.05238e-02 
13 5.78785e-02 5.42121e-02 
14 5.76946e-02 5.42278e-02 
15 5.37764e-02 5.01483e-02 
16 5.60299e-02 5.26394e-02 
17 7.94141e-02 7.50467e-02 
18 5.44071e-02 5.10758e-02 
19 5.34303e-02 5.04573e-02 
20 5.20085e-02 4.86036e-02 
21 5.33516e-02 5.01418e-02 
22 5.44222e-02 5.10982e-02 
23 5.34239e-02 5.05173e-02 
24 5.43532e-02 5.12231e-02 
25 5.18105e-02 4.83945e-02 
26 5.94038e-02 5.42931e-02 
27 5.31444e-02 4.92472e-02 
28 5.21883e-02 4.87282e-02 
29 5.22623e-02 4.87597e-02 
30 5.19770e-02 4.85996e-02 
31 5.19626e-02 4.85155e-02 
32 5.19714e-02 4.85954e-02 
33 5.19431e-02 4.87231e-02 
34 5.18307e-02 4.87154e-02 
35 5.17815e-02 4.86755e-02 
36 5.19094e-02 4.86668e-02 
37 5.21639e-02 4.89233e-02 
38 5.19511e-02 4.86576e-02 
39 5.21758e-02 4.90588e-02 
40 5.18493e-02 4.85252e-02 
41 5.18080e-02 4.85502e-02 
42 5.20387e-02 4.87164e-02 
43 5.23403e-02 4.88012e-02 
44 5.24335e-02 4.91232e-02 
45 5.19956e-02 4.86502e-02 
46 5.24418e-02 4.91200e-02 
47 5.34359e-02 4.97808e-02 
48 5.23927e-02 4.90842e-02 
49 5.22766e-02 4.89576e-02 
50 1.18450e-01 1.16624e-01 
51 5.19362e-02 4.86924e-02 
52 5.22356e-02 4.88828e-02 
53 5.16776e-02 4.84381e-02 
54 5.17012e-02 4.83596e-02 
55 5.17357e-02 4.84419e-02 
56 5.17397e-02 4.83873e-02 
57 5.16861e-02 4.83633e-02 
58 5.17456e-02 4.83823e-02 
59 5.20152e-02 4.86233e-02 
60 5.18082e-02 4.83735e-02 
61 5.17353e-02 4.83550e-02 
62 5.16608e-02 4.83325e-02 
63 5.17377e-02 4.82938e-02 
64 5.34512e-02 4.90575e-02 
65 5.20632e-02 4.85751e-02 
66 5.15818e-02 4.82056e-02 
67 5.16769e-02 4.84097e-02 
68 5.19597e-02 4.85042e-02 
69 5.16860e-02 4.83401e-02 
70 5.17690e-02 4.84308e-02 
71 5.54536e-02 5.09833e-02 
72 5.18069e-02 4.83715e-02 
73 5.74384e-02 5.33573e-02 
74 5.16859e-02 4.83691e-02 
75 5.15191e-02 4.81298e-02 
76 5.15036e-02 4.81743e-02 
77 5.16723e-02 4.82459e-02 
78 5.42481e-02 5.02443e-02 
79 5.15265e-02 4.81344e-02 
80 5.22941e-02 4.83733e-02 
81 5.15122e-02 4.82146e-02 
82 5.17354e-02 4.83207e-02 
83 5.15365e-02 4.81701e-02 
84 5.17434e-02 4.82817e-02 
85 5.16195e-02 4.82360e-02 
86 5.16457e-02 4.82552e-02 
87 5.16637e-02 4.82806e-02 
88 5.65494e-02 5.16170e-02 
89 5.15175e-02 4.81626e-02 
90 5.14795e-02 4.81430e-02 
91 5.14726e-02 4.82039e-02 
92 5.14483e-02 4.81701e-02 
93 5.14559e-02 4.81308e-02 
94 5.15016e-02 4.81429e-02 
95 5.14618e-02 4.81362e-02 
96 5.14611e-02 4.81621e-02 
97 5.29906e-02 4.99315e-02 
98 5.16046e-02 4.83125e-02 
99 5.14217e-02 4.81675e-02 
