# discard: [13]
# discarded: [9, 12, 14, 8, 2, 16, 10]
# [ 0  1  3  4  5  6  7 11 15] 
0 5.79161e-02 5.40091e-02 
1 4.46891e-02 4.31298e-02 
2 4.38625e-02 4.26327e-02 
3 4.17296e-02 4.06948e-02 
4 4.50292e-02 4.33226e-02 
5 4.47802e-02 4.34425e-02 
6 4.17580e-02 4.05340e-02 
7 4.37313e-02 4.26323e-02 
8 5.03031e-02 4.70693e-02 
9 4.18062e-02 4.08047e-02 
10 4.81177e-02 4.55424e-02 
11 4.29725e-02 4.14254e-02 
12 4.14580e-02 4.02515e-02 
13 4.31837e-02 4.17907e-02 
14 4.25462e-02 4.13159e-02 
15 4.23153e-02 4.11927e-02 
16 4.30459e-02 4.18599e-02 
17 4.19695e-02 4.05837e-02 
18 4.23931e-02 4.10699e-02 
19 4.27085e-02 4.12923e-02 
20 4.11604e-02 4.01987e-02 
21 4.40003e-02 4.22882e-02 
22 4.24027e-02 4.12005e-02 
23 4.17804e-02 4.07996e-02 
24 4.33959e-02 4.22941e-02 
25 4.11954e-02 4.02335e-02 
26 4.22888e-02 4.15886e-02 
27 4.08159e-02 3.98496e-02 
28 4.08153e-02 4.00633e-02 
29 4.08247e-02 3.98124e-02 
30 4.10592e-02 4.01014e-02 
31 4.11578e-02 4.03267e-02 
32 4.07336e-02 3.98816e-02 
33 4.10575e-02 4.01518e-02 
34 4.03147e-02 3.95333e-02 
35 4.03854e-02 3.94579e-02 
36 4.00219e-02 3.90905e-02 
37 3.99421e-02 3.91613e-02 
38 3.98418e-02 3.88834e-02 
39 3.98553e-02 3.88954e-02 
40 3.99077e-02 3.89449e-02 
41 3.98159e-02 3.89267e-02 
42 3.98861e-02 3.89859e-02 
43 4.03030e-02 3.90285e-02 
44 3.99853e-02 3.89296e-02 
45 3.99232e-02 3.89248e-02 
46 4.00490e-02 3.90984e-02 
47 4.59379e-02 4.31474e-02 
48 4.00423e-02 3.90079e-02 
49 4.35180e-02 4.17701e-02 
50 3.99329e-02 3.89945e-02 
51 3.99204e-02 3.88824e-02 
52 4.12664e-02 3.98400e-02 
53 3.99676e-02 3.90013e-02 
54 4.03687e-02 3.94932e-02 
55 4.01921e-02 3.93763e-02 
56 3.99446e-02 3.89777e-02 
57 4.31572e-02 4.14777e-02 
58 4.06009e-02 3.95772e-02 
59 4.00387e-02 3.89490e-02 
60 3.97653e-02 3.88259e-02 
61 3.98649e-02 3.89394e-02 
62 4.00118e-02 3.89630e-02 
63 4.00862e-02 3.92132e-02 
64 4.02257e-02 3.92605e-02 
65 3.97777e-02 3.87580e-02 
66 3.96709e-02 3.87051e-02 
67 3.97628e-02 3.87536e-02 
68 3.95882e-02 3.86830e-02 
69 4.03526e-02 3.91139e-02 
70 3.95675e-02 3.85640e-02 
71 3.95790e-02 3.85118e-02 
72 3.95566e-02 3.85471e-02 
73 3.96002e-02 3.85669e-02 
74 3.96986e-02 3.87002e-02 
75 4.04330e-02 3.91653e-02 
76 3.99994e-02 3.88720e-02 
77 4.01431e-02 3.89000e-02 
78 3.96042e-02 3.85556e-02 
79 3.98567e-02 3.87517e-02 
80 4.04240e-02 3.91945e-02 
81 3.97690e-02 3.87045e-02 
82 4.09111e-02 3.95008e-02 
83 3.99613e-02 3.88733e-02 
84 4.08591e-02 3.95871e-02 
85 3.96885e-02 3.87495e-02 
86 4.18595e-02 4.03676e-02 
87 3.95723e-02 3.86740e-02 
88 3.95752e-02 3.86668e-02 
89 3.97652e-02 3.88919e-02 
90 4.32441e-02 4.10248e-02 
91 3.97559e-02 3.87420e-02 
92 3.95590e-02 3.86024e-02 
93 3.95922e-02 3.85915e-02 
94 3.95103e-02 3.85243e-02 
95 3.94828e-02 3.84903e-02 
96 3.96841e-02 3.86970e-02 
97 4.07446e-02 3.94292e-02 
98 3.96803e-02 3.86273e-02 
99 3.98219e-02 3.87441e-02 
