# discard: [0]
# discarded: [9]
# [ 1  2  3  4  5  6  7  8 10 11 12 13 14 15 16] 
0 4.17056e-02 4.04962e-02 
1 4.29290e-02 4.16928e-02 
2 4.82959e-02 4.52164e-02 
3 4.16442e-02 4.01882e-02 
4 5.66473e-02 5.21152e-02 
5 4.15563e-02 4.03705e-02 
6 4.26126e-02 4.07757e-02 
7 4.24343e-02 4.13056e-02 
8 4.40434e-02 4.23412e-02 
9 4.28447e-02 4.11295e-02 
10 4.56127e-02 4.29631e-02 
11 5.52253e-02 5.17868e-02 
12 4.17104e-02 4.02469e-02 
13 4.29040e-02 4.15573e-02 
14 4.37364e-02 4.15189e-02 
15 4.55588e-02 4.37444e-02 
16 3.99508e-02 3.87800e-02 
17 4.05813e-02 3.93534e-02 
18 4.68752e-02 4.40650e-02 
19 4.65435e-02 4.48707e-02 
20 4.32947e-02 4.20238e-02 
21 5.17686e-02 4.83572e-02 
22 4.65955e-02 4.42273e-02 
23 4.79747e-02 4.50766e-02 
24 4.43981e-02 4.27159e-02 
25 4.03881e-02 3.90843e-02 
26 4.03914e-02 3.90326e-02 
27 4.02583e-02 3.89927e-02 
28 3.99751e-02 3.87399e-02 
29 4.04664e-02 3.94033e-02 
30 5.12601e-02 4.75988e-02 
31 4.00114e-02 3.86507e-02 
32 3.96201e-02 3.84190e-02 
33 3.95653e-02 3.82375e-02 
34 3.95123e-02 3.82986e-02 
35 3.96518e-02 3.84168e-02 
36 4.00753e-02 3.87564e-02 
37 3.97673e-02 3.84521e-02 
38 3.97402e-02 3.84834e-02 
39 4.03712e-02 3.92251e-02 
40 3.97086e-02 3.84045e-02 
41 3.96419e-02 3.83212e-02 
42 4.15878e-02 3.97737e-02 
43 3.95857e-02 3.82971e-02 
44 3.97947e-02 3.84766e-02 
45 3.96133e-02 3.82343e-02 
46 3.99127e-02 3.85389e-02 
47 4.03911e-02 3.90923e-02 
48 4.08207e-02 3.96497e-02 
49 4.34227e-02 4.11984e-02 
50 3.98458e-02 3.84895e-02 
51 3.97013e-02 3.83180e-02 
52 3.94209e-02 3.81338e-02 
53 3.95471e-02 3.81903e-02 
54 3.96689e-02 3.83459e-02 
55 4.00143e-02 3.85926e-02 
56 3.99865e-02 3.85807e-02 
57 3.97856e-02 3.84550e-02 
58 5.30727e-02 4.93809e-02 
59 4.04446e-02 3.89689e-02 
60 4.40044e-02 4.19369e-02 
61 3.95636e-02 3.83015e-02 
62 3.94734e-02 3.81716e-02 
63 3.98606e-02 3.87848e-02 
64 3.95199e-02 3.82385e-02 
65 3.99127e-02 3.85109e-02 
66 4.07690e-02 3.96955e-02 
67 3.98806e-02 3.84498e-02 
68 3.96091e-02 3.83219e-02 
69 3.96573e-02 3.84723e-02 
70 4.00546e-02 3.88652e-02 
71 3.96300e-02 3.81843e-02 
72 3.96127e-02 3.83168e-02 
73 3.97224e-02 3.82956e-02 
74 3.96129e-02 3.84881e-02 
75 3.94665e-02 3.81580e-02 
76 4.02515e-02 3.89803e-02 
77 3.99817e-02 3.86169e-02 
78 4.03075e-02 3.88272e-02 
79 3.96898e-02 3.83459e-02 
80 4.06957e-02 3.92723e-02 
81 3.94020e-02 3.82327e-02 
82 3.94648e-02 3.81704e-02 
83 3.98072e-02 3.84643e-02 
84 3.94660e-02 3.81786e-02 
85 4.29037e-02 4.05310e-02 
86 3.98121e-02 3.84018e-02 
87 4.15687e-02 3.99017e-02 
88 3.99054e-02 3.85474e-02 
89 5.39010e-02 5.01280e-02 
90 4.31532e-02 4.12001e-02 
91 3.95007e-02 3.82438e-02 
92 3.95344e-02 3.83350e-02 
93 3.95616e-02 3.82896e-02 
94 3.95615e-02 3.82326e-02 
95 3.98612e-02 3.84898e-02 
96 3.95123e-02 3.82373e-02 
97 3.97127e-02 3.83773e-02 
98 4.02297e-02 3.87596e-02 
99 3.97291e-02 3.85304e-02 
