# discard: [0]
# discarded: [9, 12, 14, 8, 2, 16, 10, 6, 13, 5, 3]
# [ 1  4  7 11 15] 
0 4.65021e-02 4.64103e-02 
1 4.78751e-02 4.73282e-02 
2 5.51289e-02 5.30894e-02 
3 4.89196e-02 4.80194e-02 
4 4.89923e-02 4.82077e-02 
5 5.25473e-02 5.11175e-02 
6 4.98864e-02 4.82309e-02 
7 4.80785e-02 4.72082e-02 
8 4.80674e-02 4.77500e-02 
9 6.50336e-02 6.15505e-02 
10 4.77915e-02 4.75494e-02 
11 4.77129e-02 4.77287e-02 
12 4.73410e-02 4.70707e-02 
13 4.65093e-02 4.57389e-02 
14 6.15465e-02 5.83259e-02 
15 4.78726e-02 4.71186e-02 
16 5.50028e-02 5.24977e-02 
17 4.81380e-02 4.75733e-02 
18 4.79911e-02 4.71179e-02 
19 5.27735e-02 5.05279e-02 
20 4.76889e-02 4.67955e-02 
21 7.00430e-02 6.63216e-02 
22 4.89358e-02 4.82458e-02 
23 4.67135e-02 4.63318e-02 
24 4.79320e-02 4.70884e-02 
25 4.64061e-02 4.56548e-02 
26 6.16579e-02 5.84966e-02 
27 1.48175e-01 1.48553e-01 
28 4.62117e-02 4.55010e-02 
29 4.56298e-02 4.51491e-02 
30 4.55613e-02 4.50762e-02 
31 4.56599e-02 4.51041e-02 
32 4.56030e-02 4.50876e-02 
33 4.56112e-02 4.50942e-02 
34 4.55405e-02 4.50309e-02 
35 4.55511e-02 4.50623e-02 
36 4.54121e-02 4.49690e-02 
37 4.54818e-02 4.50077e-02 
38 4.55216e-02 4.50397e-02 
39 4.54326e-02 4.50508e-02 
40 4.55263e-02 4.51355e-02 
41 4.55488e-02 4.52016e-02 
42 4.56332e-02 4.53670e-02 
43 4.71187e-02 4.63694e-02 
44 4.55088e-02 4.50300e-02 
45 4.55352e-02 4.50968e-02 
46 4.52828e-02 4.48949e-02 
47 6.50770e-02 6.23543e-02 
48 4.70974e-02 4.60997e-02 
49 4.52873e-02 4.49927e-02 
50 4.68379e-02 4.64860e-02 
51 4.51585e-02 4.48942e-02 
52 4.51897e-02 4.49677e-02 
53 4.52367e-02 4.50463e-02 
54 4.51957e-02 4.48810e-02 
55 4.53924e-02 4.53274e-02 
56 4.51945e-02 4.49548e-02 
57 4.59260e-02 4.59792e-02 
58 4.52971e-02 4.50851e-02 
59 4.53244e-02 4.50790e-02 
60 4.54209e-02 4.52155e-02 
61 4.53102e-02 4.49780e-02 
62 4.52701e-02 4.50492e-02 
63 4.62357e-02 4.56142e-02 
64 4.65169e-02 4.62399e-02 
65 4.57091e-02 4.55303e-02 
66 4.54654e-02 4.50301e-02 
67 4.68369e-02 4.65411e-02 
68 4.53008e-02 4.50050e-02 
69 4.71351e-02 4.62990e-02 
70 4.59056e-02 4.54851e-02 
71 4.53739e-02 4.49937e-02 
72 4.51954e-02 4.48748e-02 
73 4.53725e-02 4.52292e-02 
74 4.68928e-02 4.60490e-02 
75 4.79405e-02 4.68732e-02 
76 4.64487e-02 4.59520e-02 
77 4.69397e-02 4.61480e-02 
78 4.53353e-02 4.50999e-02 
79 4.52761e-02 4.49907e-02 
80 4.53588e-02 4.50311e-02 
81 4.65998e-02 4.61745e-02 
82 4.51821e-02 4.48956e-02 
83 4.52237e-02 4.48947e-02 
84 4.59566e-02 4.53059e-02 
85 4.52535e-02 4.49059e-02 
86 4.53020e-02 4.49252e-02 
87 4.52986e-02 4.49431e-02 
88 4.53592e-02 4.49591e-02 
89 4.52149e-02 4.48596e-02 
90 4.51840e-02 4.48673e-02 
91 4.51504e-02 4.48295e-02 
92 4.52538e-02 4.49133e-02 
93 4.52391e-02 4.48869e-02 
94 4.51954e-02 4.48787e-02 
95 4.82922e-02 4.67380e-02 
96 4.58171e-02 4.52485e-02 
97 4.52119e-02 4.48910e-02 
98 4.59558e-02 4.53419e-02 
99 4.52656e-02 4.49305e-02 
