# discard: [1]
# discarded: [14, 15, 16, 9, 10]
# [ 0  2  3  4  5  6  7  8 11 12 13] 
0 5.41124e-02 5.05905e-02 
1 5.45769e-02 5.09745e-02 
2 5.69708e-02 5.28740e-02 
3 5.60323e-02 5.23993e-02 
4 5.61590e-02 5.25827e-02 
5 5.81710e-02 5.40985e-02 
6 5.62925e-02 5.22278e-02 
7 5.65117e-02 5.23075e-02 
8 5.73321e-02 5.35035e-02 
9 5.76969e-02 5.37102e-02 
10 5.48850e-02 5.10958e-02 
11 5.68602e-02 5.32054e-02 
12 5.60623e-02 5.22175e-02 
13 5.55981e-02 5.16410e-02 
14 5.56939e-02 5.22674e-02 
15 5.56238e-02 5.18183e-02 
16 5.79860e-02 5.38510e-02 
17 5.64959e-02 5.21928e-02 
18 5.55230e-02 5.15799e-02 
19 5.70904e-02 5.30810e-02 
20 5.56205e-02 5.16417e-02 
21 5.86573e-02 5.39088e-02 
22 5.85033e-02 5.43456e-02 
23 5.66490e-02 5.26310e-02 
24 5.82973e-02 5.34515e-02 
25 5.44791e-02 5.08511e-02 
26 5.44029e-02 5.08980e-02 
27 5.43570e-02 5.07352e-02 
28 5.66845e-02 5.23069e-02 
29 5.41414e-02 5.05235e-02 
30 5.68233e-02 5.23782e-02 
31 5.41885e-02 5.05597e-02 
32 5.41103e-02 5.05925e-02 
33 6.36684e-02 5.90229e-02 
34 5.40143e-02 5.06098e-02 
35 5.44093e-02 5.09721e-02 
36 5.40245e-02 5.04357e-02 
37 9.26220e-02 8.95116e-02 
38 5.37633e-02 5.03075e-02 
39 5.39781e-02 5.05180e-02 
40 5.41922e-02 5.06236e-02 
41 5.38977e-02 5.03028e-02 
42 5.37974e-02 5.01813e-02 
43 5.38788e-02 5.03320e-02 
44 5.41684e-02 5.07339e-02 
45 5.37277e-02 5.01796e-02 
46 5.35857e-02 5.00224e-02 
47 5.36947e-02 5.00743e-02 
48 5.37673e-02 5.01680e-02 
49 5.38643e-02 5.02207e-02 
50 5.44934e-02 5.06035e-02 
51 5.37596e-02 5.01865e-02 
52 5.36659e-02 5.01441e-02 
53 5.38672e-02 5.02446e-02 
54 5.38837e-02 5.03174e-02 
55 5.37416e-02 5.01858e-02 
56 5.38408e-02 5.02926e-02 
57 5.38274e-02 5.01720e-02 
58 5.42516e-02 5.04853e-02 
59 5.39981e-02 5.03465e-02 
60 5.37558e-02 5.01910e-02 
61 5.36908e-02 5.01174e-02 
62 5.39375e-02 5.03595e-02 
63 5.38825e-02 5.02149e-02 
64 5.36509e-02 5.00314e-02 
65 5.77402e-02 5.30961e-02 
66 5.37715e-02 5.01312e-02 
67 5.43533e-02 5.05771e-02 
68 5.40338e-02 5.03992e-02 
69 5.37676e-02 5.02347e-02 
70 5.39261e-02 5.03749e-02 
71 5.37230e-02 5.00879e-02 
72 5.38734e-02 5.01697e-02 
73 5.35312e-02 5.00252e-02 
74 5.34240e-02 4.98986e-02 
75 5.48812e-02 5.10121e-02 
76 5.38344e-02 5.02606e-02 
77 5.38701e-02 5.02019e-02 
78 5.39292e-02 5.02113e-02 
79 5.38536e-02 5.02115e-02 
80 5.34970e-02 5.00420e-02 
81 5.34214e-02 4.98483e-02 
82 5.34467e-02 5.00283e-02 
83 5.34492e-02 4.99810e-02 
84 5.35151e-02 5.00574e-02 
85 5.35250e-02 5.00174e-02 
86 5.36075e-02 5.00795e-02 
87 5.35960e-02 5.01059e-02 
88 5.36424e-02 5.00353e-02 
89 5.44260e-02 5.06666e-02 
90 5.35173e-02 4.99940e-02 
91 5.35706e-02 5.01332e-02 
92 5.35314e-02 5.00678e-02 
93 5.35123e-02 4.99704e-02 
94 5.36105e-02 5.00968e-02 
95 5.36613e-02 5.02249e-02 
96 5.35466e-02 5.00337e-02 
97 5.47935e-02 5.13012e-02 
98 5.33868e-02 4.99456e-02 
99 5.33807e-02 4.99193e-02 
