# discard: [8]
# discarded: [9, 12, 14]
# [ 0  1  2  3  4  5  6  7 10 11 13 15 16] 
0 4.91314e-02 4.59689e-02 
1 4.19503e-02 4.03189e-02 
2 4.43401e-02 4.16366e-02 
3 4.56025e-02 4.35991e-02 
4 4.06785e-02 3.91570e-02 
5 3.99625e-02 3.85591e-02 
6 4.39278e-02 4.16465e-02 
7 4.47849e-02 4.32329e-02 
8 6.49933e-02 5.99638e-02 
9 4.28988e-02 4.14407e-02 
10 4.21879e-02 4.02847e-02 
11 4.50090e-02 4.32131e-02 
12 4.15964e-02 4.03136e-02 
13 3.88684e-02 3.76469e-02 
14 4.74201e-02 4.49659e-02 
15 4.06042e-02 3.94206e-02 
16 4.57586e-02 4.40952e-02 
17 4.22822e-02 4.05694e-02 
18 4.49003e-02 4.26751e-02 
19 4.29796e-02 4.16261e-02 
20 4.47591e-02 4.31430e-02 
21 4.25843e-02 4.10911e-02 
22 4.27111e-02 4.07074e-02 
23 4.16449e-02 4.04892e-02 
24 4.48461e-02 4.30529e-02 
25 3.95435e-02 3.83412e-02 
26 3.92437e-02 3.81076e-02 
27 3.92771e-02 3.81942e-02 
28 3.92718e-02 3.81580e-02 
29 4.18623e-02 3.96987e-02 
30 3.96861e-02 3.83235e-02 
31 3.92289e-02 3.80206e-02 
32 3.95842e-02 3.84919e-02 
33 3.91684e-02 3.78071e-02 
34 3.90287e-02 3.77537e-02 
35 3.95486e-02 3.80867e-02 
36 4.04137e-02 3.88698e-02 
37 3.92756e-02 3.78786e-02 
38 3.97373e-02 3.82371e-02 
39 3.92241e-02 3.78353e-02 
40 4.16014e-02 3.98260e-02 
41 3.91042e-02 3.77283e-02 
42 3.95592e-02 3.80946e-02 
43 4.02066e-02 3.86047e-02 
44 3.93677e-02 3.79839e-02 
45 3.92432e-02 3.78589e-02 
46 3.99550e-02 3.84643e-02 
47 4.13151e-02 3.93819e-02 
48 3.91793e-02 3.79463e-02 
49 3.98258e-02 3.85333e-02 
50 3.99263e-02 3.84105e-02 
51 3.92243e-02 3.79766e-02 
52 3.89957e-02 3.77249e-02 
53 3.93583e-02 3.80731e-02 
54 3.90386e-02 3.77667e-02 
55 4.04869e-02 3.88812e-02 
56 3.90682e-02 3.78037e-02 
57 3.91763e-02 3.78421e-02 
58 3.93947e-02 3.80306e-02 
59 3.88986e-02 3.76280e-02 
60 4.02030e-02 3.86021e-02 
61 3.87784e-02 3.75970e-02 
62 3.88374e-02 3.76306e-02 
63 4.98782e-02 4.61724e-02 
64 3.89274e-02 3.77499e-02 
65 3.89515e-02 3.76587e-02 
66 3.89387e-02 3.77356e-02 
67 3.88904e-02 3.77982e-02 
68 3.90714e-02 3.79636e-02 
69 3.88275e-02 3.77379e-02 
70 4.12243e-02 3.92924e-02 
71 3.90161e-02 3.78086e-02 
72 3.90167e-02 3.78266e-02 
73 3.95253e-02 3.83084e-02 
74 3.88200e-02 3.77110e-02 
75 4.02697e-02 3.89670e-02 
76 3.92545e-02 3.79635e-02 
77 3.98554e-02 3.83246e-02 
78 3.98108e-02 3.87236e-02 
79 7.53726e-02 7.18378e-02 
80 3.91041e-02 3.76998e-02 
81 3.88957e-02 3.76994e-02 
82 3.90396e-02 3.77853e-02 
83 3.88532e-02 3.77073e-02 
84 3.89454e-02 3.77479e-02 
85 3.87672e-02 3.75245e-02 
86 4.98731e-02 4.62978e-02 
87 3.90858e-02 3.80280e-02 
88 3.91547e-02 3.79311e-02 
89 3.90329e-02 3.76507e-02 
90 3.94401e-02 3.80973e-02 
91 3.87774e-02 3.75295e-02 
92 3.88581e-02 3.75867e-02 
93 3.89096e-02 3.76490e-02 
94 3.87313e-02 3.74986e-02 
95 3.87885e-02 3.75512e-02 
96 3.94909e-02 3.80297e-02 
97 3.89917e-02 3.77333e-02 
98 3.91084e-02 3.77733e-02 
99 4.05944e-02 3.89217e-02 
