# discard: [3]
# discarded: [14, 15, 16, 9, 10, 12]
# [ 0  1  2  4  5  6  7  8 11 13] 
0 4.82561e-02 4.64180e-02 
1 9.49286e-02 9.27445e-02 
2 5.36229e-02 5.00176e-02 
3 4.55909e-02 4.37397e-02 
4 4.57138e-02 4.40497e-02 
5 4.51550e-02 4.36962e-02 
6 4.61878e-02 4.40657e-02 
7 4.90798e-02 4.58719e-02 
8 4.54501e-02 4.27402e-02 
9 4.37413e-02 4.19851e-02 
10 4.61788e-02 4.46533e-02 
11 4.46373e-02 4.29121e-02 
12 4.59337e-02 4.42032e-02 
13 4.99138e-02 4.64270e-02 
14 4.47671e-02 4.35214e-02 
15 4.38626e-02 4.23535e-02 
16 4.35335e-02 4.20298e-02 
17 4.52808e-02 4.32944e-02 
18 4.55160e-02 4.36722e-02 
19 7.28561e-02 6.87622e-02 
20 4.48839e-02 4.28758e-02 
21 4.70368e-02 4.49661e-02 
22 5.24142e-02 4.86738e-02 
23 4.46198e-02 4.34349e-02 
24 4.68444e-02 4.43948e-02 
25 4.30902e-02 4.15821e-02 
26 4.31648e-02 4.16266e-02 
27 4.31067e-02 4.15723e-02 
28 4.30847e-02 4.15767e-02 
29 4.31535e-02 4.15697e-02 
30 4.30637e-02 4.15520e-02 
31 4.30138e-02 4.15373e-02 
32 4.30663e-02 4.14944e-02 
33 4.36158e-02 4.18018e-02 
34 4.32111e-02 4.15886e-02 
35 4.50948e-02 4.37495e-02 
36 4.72224e-02 4.43020e-02 
37 4.35602e-02 4.21659e-02 
38 4.28140e-02 4.15167e-02 
39 4.30220e-02 4.15868e-02 
40 4.30513e-02 4.16207e-02 
41 4.31799e-02 4.16670e-02 
42 4.33989e-02 4.20606e-02 
43 4.31075e-02 4.17177e-02 
44 4.28211e-02 4.14455e-02 
45 4.35869e-02 4.22348e-02 
46 4.33322e-02 4.18338e-02 
47 4.34126e-02 4.19050e-02 
48 4.27141e-02 4.12453e-02 
49 4.26177e-02 4.11110e-02 
50 4.25976e-02 4.11813e-02 
51 4.24939e-02 4.11115e-02 
52 4.25372e-02 4.11761e-02 
53 4.26013e-02 4.11776e-02 
54 4.25026e-02 4.11177e-02 
55 4.26262e-02 4.10366e-02 
56 4.24106e-02 4.09716e-02 
57 4.28562e-02 4.13111e-02 
58 4.25133e-02 4.10086e-02 
59 4.25438e-02 4.10301e-02 
60 4.25706e-02 4.10393e-02 
61 4.41479e-02 4.21439e-02 
62 6.41536e-02 6.04968e-02 
63 4.26657e-02 4.10587e-02 
64 4.27228e-02 4.12130e-02 
65 4.26976e-02 4.09830e-02 
66 4.23891e-02 4.09565e-02 
67 4.23231e-02 4.08892e-02 
68 4.24805e-02 4.10328e-02 
69 4.24671e-02 4.09744e-02 
70 4.24397e-02 4.10453e-02 
71 4.24567e-02 4.10728e-02 
72 4.25434e-02 4.10707e-02 
73 4.43615e-02 4.18461e-02 
74 4.26236e-02 4.12309e-02 
75 4.23343e-02 4.09685e-02 
76 4.28042e-02 4.11948e-02 
77 4.24206e-02 4.09274e-02 
78 4.31000e-02 4.12723e-02 
79 4.24504e-02 4.09931e-02 
80 4.26098e-02 4.10660e-02 
81 4.25605e-02 4.10431e-02 
82 4.25810e-02 4.11234e-02 
83 4.24587e-02 4.09190e-02 
84 4.79670e-02 4.45324e-02 
85 4.26425e-02 4.11400e-02 
86 4.29037e-02 4.11405e-02 
87 4.27555e-02 4.11095e-02 
88 4.27642e-02 4.11257e-02 
89 4.26387e-02 4.12036e-02 
90 4.26873e-02 4.12306e-02 
91 4.25336e-02 4.10745e-02 
92 4.27014e-02 4.10676e-02 
93 4.24523e-02 4.10987e-02 
94 4.25751e-02 4.10793e-02 
95 4.25913e-02 4.11467e-02 
96 4.27195e-02 4.10677e-02 
97 4.27761e-02 4.12138e-02 
98 4.28383e-02 4.12176e-02 
99 4.24819e-02 4.10428e-02 
