# discard: [11]
# discarded: [9, 12, 14]
# [ 0  1  2  3  4  5  6  7  8 10 13 15 16] 
0 4.68270e-02 4.38915e-02 
1 4.38289e-02 4.15908e-02 
2 4.52725e-02 4.31557e-02 
3 4.72305e-02 4.43377e-02 
4 5.09388e-02 4.79855e-02 
5 4.47793e-02 4.26470e-02 
6 4.72761e-02 4.47776e-02 
7 4.90360e-02 4.63959e-02 
8 4.39982e-02 4.21637e-02 
9 1.63759e-01 1.64494e-01 
10 4.62131e-02 4.37789e-02 
11 4.83456e-02 4.54927e-02 
12 4.38903e-02 4.17674e-02 
13 4.94072e-02 4.65908e-02 
14 5.81548e-02 5.37966e-02 
15 4.75417e-02 4.49300e-02 
16 5.43708e-02 4.97094e-02 
17 4.50749e-02 4.26444e-02 
18 4.54290e-02 4.30124e-02 
19 4.38150e-02 4.16912e-02 
20 4.51042e-02 4.29687e-02 
21 4.64731e-02 4.39158e-02 
22 4.67160e-02 4.43425e-02 
23 4.66773e-02 4.40997e-02 
24 4.61624e-02 4.42550e-02 
25 4.41298e-02 4.17299e-02 
26 4.39789e-02 4.16637e-02 
27 4.38112e-02 4.16515e-02 
28 4.39545e-02 4.16921e-02 
29 4.45110e-02 4.21322e-02 
30 5.04672e-02 4.68107e-02 
31 4.36723e-02 4.15142e-02 
32 4.35053e-02 4.12731e-02 
33 4.34570e-02 4.13030e-02 
34 4.38886e-02 4.17474e-02 
35 4.37365e-02 4.15317e-02 
36 4.35270e-02 4.14045e-02 
37 4.37334e-02 4.15023e-02 
38 4.36717e-02 4.14566e-02 
39 4.37281e-02 4.14598e-02 
40 4.47303e-02 4.22881e-02 
41 4.38098e-02 4.16431e-02 
42 4.33764e-02 4.12477e-02 
43 4.34694e-02 4.12741e-02 
44 4.37426e-02 4.14839e-02 
45 4.38556e-02 4.16178e-02 
46 4.97617e-02 4.58797e-02 
47 4.33123e-02 4.12792e-02 
48 4.34084e-02 4.14085e-02 
49 4.33641e-02 4.13646e-02 
50 4.34764e-02 4.12674e-02 
51 4.38565e-02 4.17580e-02 
52 4.35225e-02 4.15930e-02 
53 4.69645e-02 4.40641e-02 
54 4.35762e-02 4.14223e-02 
55 4.34639e-02 4.14898e-02 
56 4.38196e-02 4.17362e-02 
57 4.37188e-02 4.17481e-02 
58 4.36066e-02 4.16168e-02 
59 4.37771e-02 4.16232e-02 
60 4.31967e-02 4.12191e-02 
61 4.31689e-02 4.12415e-02 
62 4.33709e-02 4.14383e-02 
63 4.33170e-02 4.13918e-02 
64 4.34439e-02 4.15072e-02 
65 4.37376e-02 4.17612e-02 
66 4.32411e-02 4.11990e-02 
67 4.32505e-02 4.11741e-02 
68 4.34481e-02 4.13144e-02 
69 4.35177e-02 4.13705e-02 
70 4.32924e-02 4.11358e-02 
71 4.32610e-02 4.11553e-02 
72 4.39989e-02 4.17435e-02 
73 4.35602e-02 4.13215e-02 
74 4.31421e-02 4.11159e-02 
75 4.35437e-02 4.13057e-02 
76 4.31204e-02 4.10692e-02 
77 4.33402e-02 4.11958e-02 
78 4.32467e-02 4.11892e-02 
79 4.31046e-02 4.10255e-02 
80 4.31938e-02 4.11360e-02 
81 4.31655e-02 4.10379e-02 
82 4.31876e-02 4.10577e-02 
83 4.31748e-02 4.10509e-02 
84 4.33699e-02 4.12054e-02 
85 4.32160e-02 4.10608e-02 
86 4.31826e-02 4.10547e-02 
87 4.31736e-02 4.10718e-02 
88 4.32462e-02 4.11520e-02 
89 4.51090e-02 4.26164e-02 
90 4.30512e-02 4.09605e-02 
91 4.31379e-02 4.10867e-02 
92 4.31022e-02 4.10015e-02 
93 4.33508e-02 4.11571e-02 
94 4.43134e-02 4.19338e-02 
95 4.31847e-02 4.10840e-02 
96 4.32985e-02 4.10712e-02 
97 4.45569e-02 4.20965e-02 
98 4.41650e-02 4.18234e-02 
99 4.31557e-02 4.10806e-02 
