# discard: [13]
# discarded: [9, 12, 14, 8, 2, 16]
# [ 0  1  3  4  5  6  7 10 11 15] 
0 4.08741e-02 3.93317e-02 
1 4.49072e-02 4.32340e-02 
2 4.64630e-02 4.48708e-02 
3 4.24209e-02 4.07702e-02 
4 4.18849e-02 4.06059e-02 
5 4.04833e-02 3.94296e-02 
6 4.51935e-02 4.30545e-02 
7 4.45145e-02 4.27940e-02 
8 8.46991e-02 8.12495e-02 
9 4.10467e-02 3.97135e-02 
10 4.46650e-02 4.31413e-02 
11 4.79393e-02 4.50604e-02 
12 4.28825e-02 4.14838e-02 
13 4.59081e-02 4.33387e-02 
14 4.75377e-02 4.46827e-02 
15 4.39942e-02 4.23008e-02 
16 4.19341e-02 4.06051e-02 
17 4.60441e-02 4.38692e-02 
18 4.42079e-02 4.28761e-02 
19 4.19736e-02 4.02815e-02 
20 4.39273e-02 4.26651e-02 
21 4.57007e-02 4.35801e-02 
22 4.09674e-02 3.99380e-02 
23 5.05406e-02 4.72036e-02 
24 4.61550e-02 4.38868e-02 
25 5.89577e-02 5.50188e-02 
26 4.01051e-02 3.87639e-02 
27 4.03421e-02 3.90089e-02 
28 4.00408e-02 3.87212e-02 
29 3.99910e-02 3.86776e-02 
30 4.00936e-02 3.86520e-02 
31 4.00871e-02 3.86751e-02 
32 4.00036e-02 3.84918e-02 
33 4.04381e-02 3.90225e-02 
34 5.11472e-02 4.71092e-02 
35 4.14926e-02 3.97648e-02 
36 4.13673e-02 3.97082e-02 
37 3.97805e-02 3.85118e-02 
38 3.98307e-02 3.84719e-02 
39 4.01448e-02 3.89983e-02 
40 4.09925e-02 3.95517e-02 
41 3.96472e-02 3.84606e-02 
42 4.00341e-02 3.86396e-02 
43 3.97905e-02 3.84388e-02 
44 3.97554e-02 3.84127e-02 
45 4.04568e-02 3.90734e-02 
46 4.05419e-02 3.93658e-02 
47 4.01712e-02 3.87686e-02 
48 4.00087e-02 3.87991e-02 
49 4.09996e-02 3.94635e-02 
50 4.03969e-02 3.89020e-02 
51 3.94772e-02 3.82075e-02 
52 3.94850e-02 3.82128e-02 
53 4.09156e-02 3.92791e-02 
54 3.98925e-02 3.86322e-02 
55 3.98287e-02 3.85608e-02 
56 4.03212e-02 3.91123e-02 
57 3.93275e-02 3.80822e-02 
58 3.92865e-02 3.80932e-02 
59 3.92688e-02 3.80923e-02 
60 3.92874e-02 3.79873e-02 
61 3.93198e-02 3.80915e-02 
62 3.92451e-02 3.80461e-02 
63 3.93920e-02 3.81432e-02 
64 3.93531e-02 3.81870e-02 
65 3.93480e-02 3.80946e-02 
66 3.99369e-02 3.85203e-02 
67 4.07736e-02 3.91460e-02 
68 3.96193e-02 3.82589e-02 
69 3.93296e-02 3.81084e-02 
70 3.90697e-02 3.78917e-02 
71 3.91878e-02 3.79221e-02 
72 3.92728e-02 3.80446e-02 
73 3.93360e-02 3.80605e-02 
74 4.01119e-02 3.86611e-02 
75 4.25750e-02 4.02522e-02 
76 3.95050e-02 3.82091e-02 
77 3.95800e-02 3.83239e-02 
78 3.91317e-02 3.80298e-02 
79 3.92568e-02 3.80637e-02 
80 4.06451e-02 3.90980e-02 
81 3.90279e-02 3.79331e-02 
82 3.91427e-02 3.79877e-02 
83 3.90970e-02 3.79273e-02 
84 3.90092e-02 3.78882e-02 
85 3.91477e-02 3.79738e-02 
86 3.90931e-02 3.79598e-02 
87 3.90275e-02 3.79444e-02 
88 3.92481e-02 3.79707e-02 
89 3.91993e-02 3.80086e-02 
90 3.91997e-02 3.80586e-02 
91 3.90350e-02 3.78524e-02 
92 3.90295e-02 3.79232e-02 
93 3.93284e-02 3.81646e-02 
94 3.91213e-02 3.79533e-02 
95 3.92112e-02 3.80336e-02 
96 3.91567e-02 3.80402e-02 
97 3.91877e-02 3.80614e-02 
98 4.21380e-02 4.01096e-02 
99 3.92211e-02 3.80117e-02 
