# | offset in file | length |
0 375
375 530
905 1218
2123 449
2572 2479
5051 338
5389 785
6174 1147
7321 1122
8443 923
9366 800
10166 1591
11757 744
12501 738
13239 1832
15071 565
15636 455
16091 514
16605 1299
17904 1110
19014 601
19615 576
20191 829
21020 1907
22927 340
23267 1931
25198 577
25775 1593
27368 1790
29158 564
29722 556
30278 2515
32793 1600
34393 2627
37020 820
37840 812
38652 831
39483 665
40148 929
41077 644
41721 777
42498 2247
44745 512
45257 701
45958 1041
46999 759
47758 1202
48960 1598
50558 2016
52574 642
53216 955
54171 1703
55874 1632
57506 576
58082 1851
59933 1223
61156 2180
63336 1622
64958 723
65681 2353
68034 2196
70230 814
71044 588
71632 974
72606 1583
74189 618
74807 701
75508 689
76197 568
76765 1226
77991 1049
79040 1621
80661 642
81303 614
81917 1668
83585 450
84035 1974
86009 638
86647 900
87547 1334
88881 1175
90056 1349
91405 1796
93201 849
94050 1405
95455 1581
97036 426
97462 1183
98645 984
99629 1045
100674 606
101280 535
101815 1714
103529 1217
104746 753
105499 670
106169 2190
108359 644
109003 1578
110581 1551
112132 807
112939 643
113582 445
114027 641
114668 645
115313 1555
116868 1754
118622 1836
120458 1151
121609 898
122507 1320
123827 1593
125420 776
126196 946
127142 957
128099 1552
129651 532
130183 633
130816 662
131478 1312
132790 826
133616 1180
134796 1382
136178 602
136780 1347
138127 1158
139285 1139
140424 674
141098 739
141837 2603
144440 1521
145961 926
146887 467
147354 360
147714 1031
148745 432
149177 1112
150289 1299
151588 969
152557 1717
154274 1064
155338 1899
157237 566
157803 1064
158867 1174
160041 569
160610 1962
162572 917
163489 1792
165281 751
166032 956
166988 1663
168651 1426
170077 700
170777 1774
172551 840
173391 974
174365 761
175126 1369
176495 1504
177999 2323
180322 482
180804 850
181654 1245
182899 865
183764 1153
184917 892
185809 1278
187087 770
187857 1553
189410 1155
190565 988
191553 1918
193471 1652
195123 1228
196351 1979
198330 1128
199458 1095
200553 485
201038 515
201553 1048
202601 1945
204546 1193
205739 1112
206851 271
207122 931
208053 953
209006 1006
210012 542
210554 791
211345 1125
212470 413
212883 824
213707 1795
215502 1934
217436 1083
218519 967
219486 805
220291 1083
221374 2576
223950 935
224885 2220
227105 1311
228416 1498
229914 676
230590 1378
231968 1758
233726 2218
235944 831
236775 2057
238832 1241
240073 1128
241201 1414
242615 2586
245201 1827
247028 1146
248174 1660
249834 587
250421 1143
251564 2503
254067 2130
256197 1647
257844 915
258759 1596
260355 2222
262577 494
263071 657
263728 1094
264822 766
265588 550
266138 680
266818 2243
269061 1043
270104 522
270626 602
271228 576
271804 1568
273372 1483
274855 1798
276653 1091
277744 1431
279175 653
279828 960
280788 931
281719 702
282421 613
283034 861
283895 561
284456 903
285359 1712
287071 479
287550 2459
290009 2079
292088 674
292762 1343
294105 2039
296144 948
297092 655
297747 397
298144 1211
299355 1880
301235 1713
302948 777
303725 846
304571 717
305288 1842
307130 1465
308595 668
309263 995
310258 1903
312161 736
312897 679
313576 571
314147 919
315066 712
315778 1834
317612 1762
319374 968
320342 487
320829 830
321659 1401
323060 1075
324135 2428
326563 1672
328235 1010
329245 675
329920 1977
331897 1437
333334 672
334006 1422
335428 2007
337435 1526
338961 1659
340620 1194
341814 647
342461 758
343219 1390
344609 340
344949 1487
346436 1014
347450 1705
349155 1660
350815 452
351267 549
351816 571
352387 1073
353460 857
354317 1998
356315 1601
357916 539
358455 735
359190 410
359600 435
360035 710
360745 783
361528 1174
362702 542
363244 1388
364632 1897
366529 1286
367815 1396
369211 1098
370309 218
370527 1808
372335 745
373080 236
373316 1372
374688 875
375563 1087
376650 1092
377742 2234
379976 1107
381083 968
382051 1370
383421 601
384022 634
384656 739
385395 2362
387757 506
388263 993
389256 754
390010 1075
391085 244
391329 506
391835 1958
393793 782
394575 1093
395668 1155
396823 1649
398472 1289
399761 1809
401570 1024
402594 1410
404004 2141
406145 1710
407855 363
408218 658
408876 1919
410795 477
411272 1819
413091 1122
414213 1052
415265 2463
417728 1281
419009 926
419935 1496
421431 930
422361 1587
423948 1854
425802 1715
427517 860
428377 2235
430612 1598
432210 704
432914 1142
434056 2179
436235 592
436827 1408
438235 629
438864 1181
440045 1581
441626 1111
442737 2138
444875 1688
446563 629
447192 1174
448366 715
449081 992
450073 935
451008 950
451958 1621
453579 662
454241 852
455093 745
455838 1591
457429 1033
458462 1540
460002 302
460304 591
460895 1723
462618 1842
464460 837
465297 943
466240 1074
467314 1537
468851 1042
469893 697
470590 1699
472289 725
473014 1899
474913 997
475910 1129
477039 700
477739 853
478592 1306
479898 1695
481593 1254
482847 1271
484118 203
484321 1332
485653 1471
487124 483
487607 1794
489401 882
490283 494
490777 1320
492097 720
492817 1307
494124 1144
495268 2230
497498 1396
498894 1203
500097 1078
501175 921
502096 868
502964 969
503933 1880
505813 1471
507284 1562
508846 2139
510985 279
511264 1978
513242 2049
515291 1532
516823 1208
518031 1332
519363 514
519877 792
520669 1038
521707 1402
523109 1049
524158 1261
525419 843
526262 1207
527469 584
528053 463
528516 1343
529859 2158
532017 622
532639 1498
534137 966
535103 1575
536678 2019
538697 734
539431 1179
540610 609
541219 1835
543054 1522
544576 2071
546647 553
547200 1254
548454 1357
549811 1561
551372 1143
552515 2262
554777 902
555679 1640
557319 2599
559918 890
560808 2072
562880 1022
563902 664
564566 816
565382 2075
567457 1468
568925 806
569731 1498
571229 477
571706 844
572550 1463
574013 409
574422 1393
575815 344
576159 685
576844 824
577668 731
578399 1236
579635 1945
581580 1043
582623 722
583345 572
583917 960
584877 1205
586082 947
587029 1620
588649 1765
590414 1319
591733 1387
593120 1186
594306 1252
595558 1709
597267 577
597844 1232
599076 707
599783 1878
601661 1280
602941 916
603857 732
604589 1198
605787 2044
607831 1011
608842 1309
610151 546
610697 1974
612671 1104
613775 1369
615144 1005
616149 1365
617514 464
617978 2384
620362 1070
621432 615
622047 462
622509 1437
623946 1191
625137 751
625888 2274
628162 1483
629645 1208
630853 2245
633098 1749
634847 1489
636336 1279
637615 1107
638722 820
639542 339
639881 1468
641349 520
641869 368
642237 1227
643464 1496
644960 2193
647153 1111
648264 1638
649902 1487
651389 2176
653565 1233
654798 1494
656292 1469
657761 797
658558 781
659339 2496
661835 885
662720 1773
664493 1089
665582 2128
667710 674
668384 1518
669902 1375
671277 584
671861 197
672058 1083
673141 1748
674889 1792
676681 1438
678119 1810
679929 368
680297 359
680656 1662
682318 1520
683838 580
684418 1962
686380 538
686918 1555
688473 962
689435 1088
690523 535
691058 1823
692881 841
693722 1845
695567 1326
696893 813
697706 1893
699599 1027
700626 488
701114 933
702047 1106
703153 1680
704833 1488
706321 933
707254 2030
709284 796
710080 810
710890 630
711520 425
711945 367
712312 1198
713510 1021
714531 1564
716095 802
716897 1155
718052 1171
719223 1915
721138 1911
723049 1336
724385 542
724927 743
725670 1421
727091 1611
728702 1593
730295 2049
732344 783
733127 605
733732 774
734506 1966
736472 666
737138 951
738089 1556
739645 1214
740859 724
741583 2363
743946 366
744312 1433
745745 2421
748166 752
748918 648
749566 1727
751293 1662
752955 1447
754402 484
754886 1190
756076 979
757055 1255
758310 2336
760646 1127
761773 1130
762903 1649
764552 738
765290 1302
766592 1098
767690 1476
769166 524
769690 1817
771507 1142
772649 1452
774101 1282
775383 1710
777093 2056
779149 1661
780810 665
781475 1921
783396 716
784112 1724
785836 884
786720 459
787179 1987
789166 1128
790294 488
790782 1084
791866 731
792597 1788
794385 1505
795890 898
796788 564
797352 1059
798411 530
798941 771
799712 627
800339 491
800830 1559
802389 730
803119 1355
804474 999
805473 393
805866 1827
807693 1590
809283 535
809818 980
810798 2361
813159 1105
814264 1791
816055 2129
818184 736
818920 764
819684 2516
822200 1053
823253 850
824103 1843
825946 655
826601 1682
828283 742
829025 634
829659 949
830608 922
831530 2184
833714 997
834711 1236
835947 2084
838031 917
838948 648
839596 1016
840612 928
841540 417
841957 1276
843233 1111
844344 952
845296 605
845901 945
846846 2100
848946 2564
851510 879
852389 883
853272 2158
855430 395
855825 1202
857027 2107
859134 1142
860276 1280
861556 1386
862942 1597
864539 609
865148 2065
867213 1628
868841 2505
871346 1041
872387 625
873012 1097
874109 1630
875739 1033
876772 1811
878583 593
879176 1342
880518 526
881044 1391
882435 1835
884270 421
884691 745
885436 1037
886473 1848
888321 794
889115 2193
891308 2112
893420 1706
895126 1910
897036 2090
899126 1521
900647 1363
902010 903
902913 1378
904291 644
904935 709
905644 676
906320 1250
907570 1629
909199 2367
911566 1129
912695 1039
913734 337
914071 967
915038 481
915519 591
916110 1129
917239 1403
918642 627
919269 1443
920712 712
921424 969
922393 1653
924046 511
924557 374
924931 1047
925978 449
926427 828
927255 544
927799 1248
929047 754
929801 633
930434 375
930809 751
931560 2056
933616 1360
934976 1377
936353 1398
937751 1607
939358 1023
940381 1419
941800 2076
943876 1648
945524 1645
947169 1040
948209 1154
949363 1723
951086 467
951553 852
952405 775
953180 1607
954787 1444
956231 1642
957873 2288
960161 1250
961411 1130
962541 532
963073 426
963499 946
964445 1367
965812 1461
967273 736
968009 1279
969288 547
969835 1383
971218 803
972021 1511
973532 844
974376 360
974736 1378
976114 1145
977259 2041
979300 1198
980498 1026
981524 898
982422 480
982902 2599
985501 1321
986822 2159
988981 497
989478 1016
990494 1132
991626 2441
994067 2200
996267 651
996918 1007
997925 1233
999158 963
1000121 2503
1002624 849
1003473 984
1004457 1811
1006268 1161
1007429 1419
1008848 1121
1009969 932
1010901 930
1011831 1941
1013772 797
1014569 1466
1016035 1979
1018014 530
1018544 2016
1020560 1707
1022267 283
1022550 836
1023386 2121
1025507 752
1026259 1163
1027422 997
1028419 1725
1030144 2176
1032320 1509
1033829 588
1034417 1111
1035528 675
1036203 1219
1037422 1187
1038609 1257
1039866 971
1040837 2357
1043194 977
1044171 1136
1045307 1301
1046608 1296
1047904 744
1048648 1042
1049690 2008
1051698 2048
1053746 1303
1055049 1954
1057003 929
1057932 697
1058629 1776
1060405 1094
1061499 364
1061863 2323
1064186 402
1064588 702
1065290 1693
1066983 2006
1068989 455
1069444 408
1069852 1321
1071173 302
1071475 1163
1072638 668
1073306 342
1073648 707
1074355 1558
1075913 554
1076467 1693
1078160 1117
1079277 1191
1080468 1757
1082225 846
1083071 940
1084011 405
1084416 1108
1085524 1459
1086983 1780
1088763 1227
1089990 1079
1091069 1112
1092181 628
1092809 1401
1094210 730
1094940 1117
1096057 786
1096843 1677
1098520 1168
1099688 1675
1101363 924
1102287 1780
1104067 1284
1105351 570
1105921 1408
1107329 1837
1109166 1408
1110574 2159
1112733 452
1113185 684
1113869 1802
1115671 583
1116254 1339
1117593 1636
1119229 1245
1120474 508
1120982 737
1121719 764
1122483 1341
1123824 369
1124193 1215
1125408 1243
1126651 757
1127408 450
1127858 1688
1129546 1705
1131251 2430
1133681 1116
1134797 1032
1135829 559
1136388 1735
1138123 673
1138796 1572
1140368 1167
1141535 2042
1143577 854
1144431 1283
1145714 1524
1147238 482
1147720 866
1148586 975
1149561 942
1150503 1202
1151705 575
1152280 1047
1153327 856
1154183 1617
1155800 1127
1156927 1179
1158106 884
1158990 680
1159670 1296
1160966 778
1161744 495
1162239 627
1162866 1866
1164732 835
1165567 872
1166439 876
1167315 1773
1169088 2018
1171106 607
1171713 654
1172367 1433
1173800 1031
1174831 1377
1176208 1039
1177247 1031
1178278 838
1179116 615
1179731 1616
1181347 446
1181793 472
